    1.720824273683563       -0.2993676732036200        8.9047109923153391E-006 
   9.7872989892584502E-004   -1.132971678953297       -9.7311549145292861E-006 
  -1.3919220241507728E-003    1.062408817646720        1.7200187076523810E-002 
  -2.7339921339980824E-007   1.1903144611654775E-005   0.2054187996673888      
   5.6829493443521481E-007   4.7656589452383916E-005  -0.1791390811212412      
    2.901998161504926       -1.3886516226971356E-008  -2.5232078847495332E-006 
   -3.162727691085940        9.8982075360419012E-007   4.1131632089731513E-006 
    5.440259057701680        3.5406423962160869E-003  -5.6927526378946737E-007 
   -8.020585527704261       -3.1314625625123004E-003    6.713686246871742      
   3.8158458337389402E-006  -3.0819574500433791E-003   -9.734664057628637      
   0.8953849861247567       -8.0637030190586343E-008  -4.3576599093770058E-006 
    3.015157132601185        2.5558235885482085E-003    3.649472611031905      
    1.720604056101583       -0.2990670048682105        7.9523214633334520E-006 
  -7.0384847506255969E-004    1.132848784351453       -8.3016476245750856E-006 
   5.1583147691208048E-004   -1.062594496293344        1.7174393652673599E-002 
  -8.7761819490499052E-008   1.0101373589905392E-004  -0.2049821230538997      
   3.8024771187186503E-007  -7.9812064885714302E-005   0.1788456258333281      
    2.901959467337007        1.0359499970361587E-006   3.0306415900522981E-006 
   -3.162736501181075       -1.2771662410838104E-006  -3.3410259613786859E-006 
    5.439669604218490        3.0645213207176674E-003  -1.0718847741016097E-006 
   -8.018975097681059       -2.3584015018738372E-003    6.714143595034825      
  -5.3989704026042872E-006  -2.2320638077818061E-003   -9.735484170572041      
   0.8953978566883769        1.0047270524691285E-006   4.6237636337598531E-006 
    3.014325973649577        1.7217669402218752E-003    3.649860731513649     
