    1.721035958545073       -0.2940004517169565        9.9524894515702827E-006 
   6.7091648810064250E-004   -1.236017499734825       -1.0466616962994934E-005 
  -1.0772484966650930E-003    1.161286073305197        1.6851375637181688E-002 
  -4.0505543613544464E-009   1.1554931233258213E-004   0.2229936969330706      
   4.5917820410198384E-007  -3.5029240348656145E-005  -0.1939229211991083      
    2.885457143451200       -1.2504875908439362E-006  -1.6159971227694638E-006 
   -3.124259873596650        2.1733373036764286E-006   4.5757020607071001E-006 
    5.227322041912856        2.8820548065801722E-003   8.7189586690636570E-007 
   -7.667005235578190       -2.5478266322315800E-003    6.681977472988132      
   2.8427386956998332E-006  -2.5144891180478531E-003   -9.667891863739772      
   0.8785335853534995       -1.2867899416915873E-006  -4.3078473495677596E-006 
    2.869431609597237        2.0685985374735614E-003    3.620667198403104      
    1.720867146482895       -0.2937436328102445        9.4446318094966288E-006 
  -5.2900979149669109E-004    1.235945344452258       -9.3753393113046115E-006 
   3.3482833885180524E-004   -1.161596727022698        1.6828758758276260E-002 
   5.9913152544473438E-008   1.2304338039968602E-004  -0.2225382100145237      
   3.1625235368658167E-007  -8.9971756348978168E-005   0.1936251480189671      
    2.885359662200877       -1.1394418194549169E-007   1.8471670127175157E-006 
   -3.124147301076276       -3.3988293635295414E-007  -3.5127329961614027E-006 
    5.226712647338122        2.4190507872668440E-003   3.7726832278973571E-007 
   -7.665330530277975       -1.7848964988900161E-003    6.682472791218930      
  -4.0234717986108777E-006  -1.6569655856570969E-003   -9.668817019923161      
   0.8784992208453279       -1.1053150938978331E-007   4.1785571208055152E-006 
    2.868566385820543        1.2369426060701494E-003    3.621116114964551     
