    1.738028107509803       -0.3280500903807780        4.8246453637714969E-008 
   1.2558734442301822E-003  -0.7142317357930247       -1.0478303905172489E-007 
  -1.4957873131889433E-003   0.6656673098784859        1.9367747975205987E-002 
  -1.0602061912327353E-008  -3.0197277810883297E-004   0.1333418269949078      
   9.0497485401088837E-009   2.7307946046623894E-004  -0.1175384087630726      
    3.035142040189044       -4.0047298596913002E-008   2.4150369219456343E-008 
   -3.420510355809226        2.9952256839428204E-008  -8.9420158534973536E-008 
    6.334473153814200        2.5165819290606873E-003   4.9344081300515244E-008 
   -9.495202754652432       -2.1920532873048390E-003    6.931840980606819      
  -9.7333725016314051E-009  -2.1101392937766996E-003   -10.16793744879778      
   0.9995631951423314       -3.6512942660625472E-008   5.2439317358930478E-008 
    3.624967943700090        1.7644727020131854E-003    3.840753718329360      
    1.737696795714728       -0.3277004166910163       -3.1806699053861179E-008 
  -6.9778406199479971E-004   0.7141094387911245        1.8253575258006550E-009 
   5.8525544129050394E-004  -0.6655603774854368        1.9337957864061291E-002 
   2.8095957509283516E-009  -2.5336148438134650E-005  -0.1330859436517201      
  -3.9411781626453169E-009   5.0962021991711858E-006   0.1173474524756736      
    3.035255096620316       -2.3615851137703941E-009  -3.1173226406712551E-007 
   -3.420807805612391       -1.1022669130249769E-008   2.5787186321610278E-007 
    6.334411382677272        2.4484312614185774E-003   4.9502868234256938E-009 
   -9.494969496347277       -1.9550992885693651E-003    6.932220643737799      
   3.4585889854849616E-007  -1.8851819550826038E-003   -10.16856041524989      
   0.9996901752245999        6.9318381121992929E-009  -2.7201010968844237E-007 
    3.624851161054425        1.4977640317786287E-003    3.841029106005297     
