&CONTROL
  calculation = 'bands'
  prefix = 'graphene25.0zoom'
  outdir = './tmp'
  pseudo_dir = './'
  verbosity = 'high'
/
&SYSTEM
  ibrav = 0
  nat = 2
  ntyp = 1
  ecutwfc = 40.0
  nosym = .true.
  noinv = .true.
  nbnd = 8
/
&ELECTRONS
/
ATOMIC_SPECIES
  C  12.011 C.upf
CELL_PARAMETERS {bohr}
  5.782404  0.000000  0.000000
  2.891202  3.840913  0.000000
  0.000000  0.000000  28.346456
ATOMIC_POSITIONS {crystal}
  C  -0.000722  0.001444  0.000000
  C  0.334055  0.331889  0.000000
K_POINTS {tpiba}
1681
   -0.023607   -0.792738  0.000000  1.0
   -0.023607   -0.790738  0.000000  1.0
   -0.023607   -0.788738  0.000000  1.0
   -0.023607   -0.786738  0.000000  1.0
   -0.023607   -0.784738  0.000000  1.0
   -0.023607   -0.782738  0.000000  1.0
   -0.023607   -0.780738  0.000000  1.0
   -0.023607   -0.778738  0.000000  1.0
   -0.023607   -0.776738  0.000000  1.0
   -0.023607   -0.774738  0.000000  1.0
   -0.023607   -0.772738  0.000000  1.0
   -0.023607   -0.770738  0.000000  1.0
   -0.023607   -0.768738  0.000000  1.0
   -0.023607   -0.766738  0.000000  1.0
   -0.023607   -0.764738  0.000000  1.0
   -0.023607   -0.762738  0.000000  1.0
   -0.023607   -0.760738  0.000000  1.0
   -0.023607   -0.758738  0.000000  1.0
   -0.023607   -0.756738  0.000000  1.0
   -0.023607   -0.754738  0.000000  1.0
   -0.023607   -0.752738  0.000000  1.0
   -0.023607   -0.750738  0.000000  1.0
   -0.023607   -0.748738  0.000000  1.0
   -0.023607   -0.746738  0.000000  1.0
   -0.023607   -0.744738  0.000000  1.0
   -0.023607   -0.742738  0.000000  1.0
   -0.023607   -0.740738  0.000000  1.0
   -0.023607   -0.738738  0.000000  1.0
   -0.023607   -0.736738  0.000000  1.0
   -0.023607   -0.734738  0.000000  1.0
   -0.023607   -0.732738  0.000000  1.0
   -0.023607   -0.730738  0.000000  1.0
   -0.023607   -0.728738  0.000000  1.0
   -0.023607   -0.726738  0.000000  1.0
   -0.023607   -0.724738  0.000000  1.0
   -0.023607   -0.722738  0.000000  1.0
   -0.023607   -0.720738  0.000000  1.0
   -0.023607   -0.718738  0.000000  1.0
   -0.023607   -0.716738  0.000000  1.0
   -0.023607   -0.714738  0.000000  1.0
   -0.023607   -0.712738  0.000000  1.0
   -0.021607   -0.792738  0.000000  1.0
   -0.021607   -0.790738  0.000000  1.0
   -0.021607   -0.788738  0.000000  1.0
   -0.021607   -0.786738  0.000000  1.0
   -0.021607   -0.784738  0.000000  1.0
   -0.021607   -0.782738  0.000000  1.0
   -0.021607   -0.780738  0.000000  1.0
   -0.021607   -0.778738  0.000000  1.0
   -0.021607   -0.776738  0.000000  1.0
   -0.021607   -0.774738  0.000000  1.0
   -0.021607   -0.772738  0.000000  1.0
   -0.021607   -0.770738  0.000000  1.0
   -0.021607   -0.768738  0.000000  1.0
   -0.021607   -0.766738  0.000000  1.0
   -0.021607   -0.764738  0.000000  1.0
   -0.021607   -0.762738  0.000000  1.0
   -0.021607   -0.760738  0.000000  1.0
   -0.021607   -0.758738  0.000000  1.0
   -0.021607   -0.756738  0.000000  1.0
   -0.021607   -0.754738  0.000000  1.0
   -0.021607   -0.752738  0.000000  1.0
   -0.021607   -0.750738  0.000000  1.0
   -0.021607   -0.748738  0.000000  1.0
   -0.021607   -0.746738  0.000000  1.0
   -0.021607   -0.744738  0.000000  1.0
   -0.021607   -0.742738  0.000000  1.0
   -0.021607   -0.740738  0.000000  1.0
   -0.021607   -0.738738  0.000000  1.0
   -0.021607   -0.736738  0.000000  1.0
   -0.021607   -0.734738  0.000000  1.0
   -0.021607   -0.732738  0.000000  1.0
   -0.021607   -0.730738  0.000000  1.0
   -0.021607   -0.728738  0.000000  1.0
   -0.021607   -0.726738  0.000000  1.0
   -0.021607   -0.724738  0.000000  1.0
   -0.021607   -0.722738  0.000000  1.0
   -0.021607   -0.720738  0.000000  1.0
   -0.021607   -0.718738  0.000000  1.0
   -0.021607   -0.716738  0.000000  1.0
   -0.021607   -0.714738  0.000000  1.0
   -0.021607   -0.712738  0.000000  1.0
   -0.019607   -0.792738  0.000000  1.0
   -0.019607   -0.790738  0.000000  1.0
   -0.019607   -0.788738  0.000000  1.0
   -0.019607   -0.786738  0.000000  1.0
   -0.019607   -0.784738  0.000000  1.0
   -0.019607   -0.782738  0.000000  1.0
   -0.019607   -0.780738  0.000000  1.0
   -0.019607   -0.778738  0.000000  1.0
   -0.019607   -0.776738  0.000000  1.0
   -0.019607   -0.774738  0.000000  1.0
   -0.019607   -0.772738  0.000000  1.0
   -0.019607   -0.770738  0.000000  1.0
   -0.019607   -0.768738  0.000000  1.0
   -0.019607   -0.766738  0.000000  1.0
   -0.019607   -0.764738  0.000000  1.0
   -0.019607   -0.762738  0.000000  1.0
   -0.019607   -0.760738  0.000000  1.0
   -0.019607   -0.758738  0.000000  1.0
   -0.019607   -0.756738  0.000000  1.0
   -0.019607   -0.754738  0.000000  1.0
   -0.019607   -0.752738  0.000000  1.0
   -0.019607   -0.750738  0.000000  1.0
   -0.019607   -0.748738  0.000000  1.0
   -0.019607   -0.746738  0.000000  1.0
   -0.019607   -0.744738  0.000000  1.0
   -0.019607   -0.742738  0.000000  1.0
   -0.019607   -0.740738  0.000000  1.0
   -0.019607   -0.738738  0.000000  1.0
   -0.019607   -0.736738  0.000000  1.0
   -0.019607   -0.734738  0.000000  1.0
   -0.019607   -0.732738  0.000000  1.0
   -0.019607   -0.730738  0.000000  1.0
   -0.019607   -0.728738  0.000000  1.0
   -0.019607   -0.726738  0.000000  1.0
   -0.019607   -0.724738  0.000000  1.0
   -0.019607   -0.722738  0.000000  1.0
   -0.019607   -0.720738  0.000000  1.0
   -0.019607   -0.718738  0.000000  1.0
   -0.019607   -0.716738  0.000000  1.0
   -0.019607   -0.714738  0.000000  1.0
   -0.019607   -0.712738  0.000000  1.0
   -0.017607   -0.792738  0.000000  1.0
   -0.017607   -0.790738  0.000000  1.0
   -0.017607   -0.788738  0.000000  1.0
   -0.017607   -0.786738  0.000000  1.0
   -0.017607   -0.784738  0.000000  1.0
   -0.017607   -0.782738  0.000000  1.0
   -0.017607   -0.780738  0.000000  1.0
   -0.017607   -0.778738  0.000000  1.0
   -0.017607   -0.776738  0.000000  1.0
   -0.017607   -0.774738  0.000000  1.0
   -0.017607   -0.772738  0.000000  1.0
   -0.017607   -0.770738  0.000000  1.0
   -0.017607   -0.768738  0.000000  1.0
   -0.017607   -0.766738  0.000000  1.0
   -0.017607   -0.764738  0.000000  1.0
   -0.017607   -0.762738  0.000000  1.0
   -0.017607   -0.760738  0.000000  1.0
   -0.017607   -0.758738  0.000000  1.0
   -0.017607   -0.756738  0.000000  1.0
   -0.017607   -0.754738  0.000000  1.0
   -0.017607   -0.752738  0.000000  1.0
   -0.017607   -0.750738  0.000000  1.0
   -0.017607   -0.748738  0.000000  1.0
   -0.017607   -0.746738  0.000000  1.0
   -0.017607   -0.744738  0.000000  1.0
   -0.017607   -0.742738  0.000000  1.0
   -0.017607   -0.740738  0.000000  1.0
   -0.017607   -0.738738  0.000000  1.0
   -0.017607   -0.736738  0.000000  1.0
   -0.017607   -0.734738  0.000000  1.0
   -0.017607   -0.732738  0.000000  1.0
   -0.017607   -0.730738  0.000000  1.0
   -0.017607   -0.728738  0.000000  1.0
   -0.017607   -0.726738  0.000000  1.0
   -0.017607   -0.724738  0.000000  1.0
   -0.017607   -0.722738  0.000000  1.0
   -0.017607   -0.720738  0.000000  1.0
   -0.017607   -0.718738  0.000000  1.0
   -0.017607   -0.716738  0.000000  1.0
   -0.017607   -0.714738  0.000000  1.0
   -0.017607   -0.712738  0.000000  1.0
   -0.015607   -0.792738  0.000000  1.0
   -0.015607   -0.790738  0.000000  1.0
   -0.015607   -0.788738  0.000000  1.0
   -0.015607   -0.786738  0.000000  1.0
   -0.015607   -0.784738  0.000000  1.0
   -0.015607   -0.782738  0.000000  1.0
   -0.015607   -0.780738  0.000000  1.0
   -0.015607   -0.778738  0.000000  1.0
   -0.015607   -0.776738  0.000000  1.0
   -0.015607   -0.774738  0.000000  1.0
   -0.015607   -0.772738  0.000000  1.0
   -0.015607   -0.770738  0.000000  1.0
   -0.015607   -0.768738  0.000000  1.0
   -0.015607   -0.766738  0.000000  1.0
   -0.015607   -0.764738  0.000000  1.0
   -0.015607   -0.762738  0.000000  1.0
   -0.015607   -0.760738  0.000000  1.0
   -0.015607   -0.758738  0.000000  1.0
   -0.015607   -0.756738  0.000000  1.0
   -0.015607   -0.754738  0.000000  1.0
   -0.015607   -0.752738  0.000000  1.0
   -0.015607   -0.750738  0.000000  1.0
   -0.015607   -0.748738  0.000000  1.0
   -0.015607   -0.746738  0.000000  1.0
   -0.015607   -0.744738  0.000000  1.0
   -0.015607   -0.742738  0.000000  1.0
   -0.015607   -0.740738  0.000000  1.0
   -0.015607   -0.738738  0.000000  1.0
   -0.015607   -0.736738  0.000000  1.0
   -0.015607   -0.734738  0.000000  1.0
   -0.015607   -0.732738  0.000000  1.0
   -0.015607   -0.730738  0.000000  1.0
   -0.015607   -0.728738  0.000000  1.0
   -0.015607   -0.726738  0.000000  1.0
   -0.015607   -0.724738  0.000000  1.0
   -0.015607   -0.722738  0.000000  1.0
   -0.015607   -0.720738  0.000000  1.0
   -0.015607   -0.718738  0.000000  1.0
   -0.015607   -0.716738  0.000000  1.0
   -0.015607   -0.714738  0.000000  1.0
   -0.015607   -0.712738  0.000000  1.0
   -0.013607   -0.792738  0.000000  1.0
   -0.013607   -0.790738  0.000000  1.0
   -0.013607   -0.788738  0.000000  1.0
   -0.013607   -0.786738  0.000000  1.0
   -0.013607   -0.784738  0.000000  1.0
   -0.013607   -0.782738  0.000000  1.0
   -0.013607   -0.780738  0.000000  1.0
   -0.013607   -0.778738  0.000000  1.0
   -0.013607   -0.776738  0.000000  1.0
   -0.013607   -0.774738  0.000000  1.0
   -0.013607   -0.772738  0.000000  1.0
   -0.013607   -0.770738  0.000000  1.0
   -0.013607   -0.768738  0.000000  1.0
   -0.013607   -0.766738  0.000000  1.0
   -0.013607   -0.764738  0.000000  1.0
   -0.013607   -0.762738  0.000000  1.0
   -0.013607   -0.760738  0.000000  1.0
   -0.013607   -0.758738  0.000000  1.0
   -0.013607   -0.756738  0.000000  1.0
   -0.013607   -0.754738  0.000000  1.0
   -0.013607   -0.752738  0.000000  1.0
   -0.013607   -0.750738  0.000000  1.0
   -0.013607   -0.748738  0.000000  1.0
   -0.013607   -0.746738  0.000000  1.0
   -0.013607   -0.744738  0.000000  1.0
   -0.013607   -0.742738  0.000000  1.0
   -0.013607   -0.740738  0.000000  1.0
   -0.013607   -0.738738  0.000000  1.0
   -0.013607   -0.736738  0.000000  1.0
   -0.013607   -0.734738  0.000000  1.0
   -0.013607   -0.732738  0.000000  1.0
   -0.013607   -0.730738  0.000000  1.0
   -0.013607   -0.728738  0.000000  1.0
   -0.013607   -0.726738  0.000000  1.0
   -0.013607   -0.724738  0.000000  1.0
   -0.013607   -0.722738  0.000000  1.0
   -0.013607   -0.720738  0.000000  1.0
   -0.013607   -0.718738  0.000000  1.0
   -0.013607   -0.716738  0.000000  1.0
   -0.013607   -0.714738  0.000000  1.0
   -0.013607   -0.712738  0.000000  1.0
   -0.011607   -0.792738  0.000000  1.0
   -0.011607   -0.790738  0.000000  1.0
   -0.011607   -0.788738  0.000000  1.0
   -0.011607   -0.786738  0.000000  1.0
   -0.011607   -0.784738  0.000000  1.0
   -0.011607   -0.782738  0.000000  1.0
   -0.011607   -0.780738  0.000000  1.0
   -0.011607   -0.778738  0.000000  1.0
   -0.011607   -0.776738  0.000000  1.0
   -0.011607   -0.774738  0.000000  1.0
   -0.011607   -0.772738  0.000000  1.0
   -0.011607   -0.770738  0.000000  1.0
   -0.011607   -0.768738  0.000000  1.0
   -0.011607   -0.766738  0.000000  1.0
   -0.011607   -0.764738  0.000000  1.0
   -0.011607   -0.762738  0.000000  1.0
   -0.011607   -0.760738  0.000000  1.0
   -0.011607   -0.758738  0.000000  1.0
   -0.011607   -0.756738  0.000000  1.0
   -0.011607   -0.754738  0.000000  1.0
   -0.011607   -0.752738  0.000000  1.0
   -0.011607   -0.750738  0.000000  1.0
   -0.011607   -0.748738  0.000000  1.0
   -0.011607   -0.746738  0.000000  1.0
   -0.011607   -0.744738  0.000000  1.0
   -0.011607   -0.742738  0.000000  1.0
   -0.011607   -0.740738  0.000000  1.0
   -0.011607   -0.738738  0.000000  1.0
   -0.011607   -0.736738  0.000000  1.0
   -0.011607   -0.734738  0.000000  1.0
   -0.011607   -0.732738  0.000000  1.0
   -0.011607   -0.730738  0.000000  1.0
   -0.011607   -0.728738  0.000000  1.0
   -0.011607   -0.726738  0.000000  1.0
   -0.011607   -0.724738  0.000000  1.0
   -0.011607   -0.722738  0.000000  1.0
   -0.011607   -0.720738  0.000000  1.0
   -0.011607   -0.718738  0.000000  1.0
   -0.011607   -0.716738  0.000000  1.0
   -0.011607   -0.714738  0.000000  1.0
   -0.011607   -0.712738  0.000000  1.0
   -0.009607   -0.792738  0.000000  1.0
   -0.009607   -0.790738  0.000000  1.0
   -0.009607   -0.788738  0.000000  1.0
   -0.009607   -0.786738  0.000000  1.0
   -0.009607   -0.784738  0.000000  1.0
   -0.009607   -0.782738  0.000000  1.0
   -0.009607   -0.780738  0.000000  1.0
   -0.009607   -0.778738  0.000000  1.0
   -0.009607   -0.776738  0.000000  1.0
   -0.009607   -0.774738  0.000000  1.0
   -0.009607   -0.772738  0.000000  1.0
   -0.009607   -0.770738  0.000000  1.0
   -0.009607   -0.768738  0.000000  1.0
   -0.009607   -0.766738  0.000000  1.0
   -0.009607   -0.764738  0.000000  1.0
   -0.009607   -0.762738  0.000000  1.0
   -0.009607   -0.760738  0.000000  1.0
   -0.009607   -0.758738  0.000000  1.0
   -0.009607   -0.756738  0.000000  1.0
   -0.009607   -0.754738  0.000000  1.0
   -0.009607   -0.752738  0.000000  1.0
   -0.009607   -0.750738  0.000000  1.0
   -0.009607   -0.748738  0.000000  1.0
   -0.009607   -0.746738  0.000000  1.0
   -0.009607   -0.744738  0.000000  1.0
   -0.009607   -0.742738  0.000000  1.0
   -0.009607   -0.740738  0.000000  1.0
   -0.009607   -0.738738  0.000000  1.0
   -0.009607   -0.736738  0.000000  1.0
   -0.009607   -0.734738  0.000000  1.0
   -0.009607   -0.732738  0.000000  1.0
   -0.009607   -0.730738  0.000000  1.0
   -0.009607   -0.728738  0.000000  1.0
   -0.009607   -0.726738  0.000000  1.0
   -0.009607   -0.724738  0.000000  1.0
   -0.009607   -0.722738  0.000000  1.0
   -0.009607   -0.720738  0.000000  1.0
   -0.009607   -0.718738  0.000000  1.0
   -0.009607   -0.716738  0.000000  1.0
   -0.009607   -0.714738  0.000000  1.0
   -0.009607   -0.712738  0.000000  1.0
   -0.007607   -0.792738  0.000000  1.0
   -0.007607   -0.790738  0.000000  1.0
   -0.007607   -0.788738  0.000000  1.0
   -0.007607   -0.786738  0.000000  1.0
   -0.007607   -0.784738  0.000000  1.0
   -0.007607   -0.782738  0.000000  1.0
   -0.007607   -0.780738  0.000000  1.0
   -0.007607   -0.778738  0.000000  1.0
   -0.007607   -0.776738  0.000000  1.0
   -0.007607   -0.774738  0.000000  1.0
   -0.007607   -0.772738  0.000000  1.0
   -0.007607   -0.770738  0.000000  1.0
   -0.007607   -0.768738  0.000000  1.0
   -0.007607   -0.766738  0.000000  1.0
   -0.007607   -0.764738  0.000000  1.0
   -0.007607   -0.762738  0.000000  1.0
   -0.007607   -0.760738  0.000000  1.0
   -0.007607   -0.758738  0.000000  1.0
   -0.007607   -0.756738  0.000000  1.0
   -0.007607   -0.754738  0.000000  1.0
   -0.007607   -0.752738  0.000000  1.0
   -0.007607   -0.750738  0.000000  1.0
   -0.007607   -0.748738  0.000000  1.0
   -0.007607   -0.746738  0.000000  1.0
   -0.007607   -0.744738  0.000000  1.0
   -0.007607   -0.742738  0.000000  1.0
   -0.007607   -0.740738  0.000000  1.0
   -0.007607   -0.738738  0.000000  1.0
   -0.007607   -0.736738  0.000000  1.0
   -0.007607   -0.734738  0.000000  1.0
   -0.007607   -0.732738  0.000000  1.0
   -0.007607   -0.730738  0.000000  1.0
   -0.007607   -0.728738  0.000000  1.0
   -0.007607   -0.726738  0.000000  1.0
   -0.007607   -0.724738  0.000000  1.0
   -0.007607   -0.722738  0.000000  1.0
   -0.007607   -0.720738  0.000000  1.0
   -0.007607   -0.718738  0.000000  1.0
   -0.007607   -0.716738  0.000000  1.0
   -0.007607   -0.714738  0.000000  1.0
   -0.007607   -0.712738  0.000000  1.0
   -0.005607   -0.792738  0.000000  1.0
   -0.005607   -0.790738  0.000000  1.0
   -0.005607   -0.788738  0.000000  1.0
   -0.005607   -0.786738  0.000000  1.0
   -0.005607   -0.784738  0.000000  1.0
   -0.005607   -0.782738  0.000000  1.0
   -0.005607   -0.780738  0.000000  1.0
   -0.005607   -0.778738  0.000000  1.0
   -0.005607   -0.776738  0.000000  1.0
   -0.005607   -0.774738  0.000000  1.0
   -0.005607   -0.772738  0.000000  1.0
   -0.005607   -0.770738  0.000000  1.0
   -0.005607   -0.768738  0.000000  1.0
   -0.005607   -0.766738  0.000000  1.0
   -0.005607   -0.764738  0.000000  1.0
   -0.005607   -0.762738  0.000000  1.0
   -0.005607   -0.760738  0.000000  1.0
   -0.005607   -0.758738  0.000000  1.0
   -0.005607   -0.756738  0.000000  1.0
   -0.005607   -0.754738  0.000000  1.0
   -0.005607   -0.752738  0.000000  1.0
   -0.005607   -0.750738  0.000000  1.0
   -0.005607   -0.748738  0.000000  1.0
   -0.005607   -0.746738  0.000000  1.0
   -0.005607   -0.744738  0.000000  1.0
   -0.005607   -0.742738  0.000000  1.0
   -0.005607   -0.740738  0.000000  1.0
   -0.005607   -0.738738  0.000000  1.0
   -0.005607   -0.736738  0.000000  1.0
   -0.005607   -0.734738  0.000000  1.0
   -0.005607   -0.732738  0.000000  1.0
   -0.005607   -0.730738  0.000000  1.0
   -0.005607   -0.728738  0.000000  1.0
   -0.005607   -0.726738  0.000000  1.0
   -0.005607   -0.724738  0.000000  1.0
   -0.005607   -0.722738  0.000000  1.0
   -0.005607   -0.720738  0.000000  1.0
   -0.005607   -0.718738  0.000000  1.0
   -0.005607   -0.716738  0.000000  1.0
   -0.005607   -0.714738  0.000000  1.0
   -0.005607   -0.712738  0.000000  1.0
   -0.003607   -0.792738  0.000000  1.0
   -0.003607   -0.790738  0.000000  1.0
   -0.003607   -0.788738  0.000000  1.0
   -0.003607   -0.786738  0.000000  1.0
   -0.003607   -0.784738  0.000000  1.0
   -0.003607   -0.782738  0.000000  1.0
   -0.003607   -0.780738  0.000000  1.0
   -0.003607   -0.778738  0.000000  1.0
   -0.003607   -0.776738  0.000000  1.0
   -0.003607   -0.774738  0.000000  1.0
   -0.003607   -0.772738  0.000000  1.0
   -0.003607   -0.770738  0.000000  1.0
   -0.003607   -0.768738  0.000000  1.0
   -0.003607   -0.766738  0.000000  1.0
   -0.003607   -0.764738  0.000000  1.0
   -0.003607   -0.762738  0.000000  1.0
   -0.003607   -0.760738  0.000000  1.0
   -0.003607   -0.758738  0.000000  1.0
   -0.003607   -0.756738  0.000000  1.0
   -0.003607   -0.754738  0.000000  1.0
   -0.003607   -0.752738  0.000000  1.0
   -0.003607   -0.750738  0.000000  1.0
   -0.003607   -0.748738  0.000000  1.0
   -0.003607   -0.746738  0.000000  1.0
   -0.003607   -0.744738  0.000000  1.0
   -0.003607   -0.742738  0.000000  1.0
   -0.003607   -0.740738  0.000000  1.0
   -0.003607   -0.738738  0.000000  1.0
   -0.003607   -0.736738  0.000000  1.0
   -0.003607   -0.734738  0.000000  1.0
   -0.003607   -0.732738  0.000000  1.0
   -0.003607   -0.730738  0.000000  1.0
   -0.003607   -0.728738  0.000000  1.0
   -0.003607   -0.726738  0.000000  1.0
   -0.003607   -0.724738  0.000000  1.0
   -0.003607   -0.722738  0.000000  1.0
   -0.003607   -0.720738  0.000000  1.0
   -0.003607   -0.718738  0.000000  1.0
   -0.003607   -0.716738  0.000000  1.0
   -0.003607   -0.714738  0.000000  1.0
   -0.003607   -0.712738  0.000000  1.0
   -0.001607   -0.792738  0.000000  1.0
   -0.001607   -0.790738  0.000000  1.0
   -0.001607   -0.788738  0.000000  1.0
   -0.001607   -0.786738  0.000000  1.0
   -0.001607   -0.784738  0.000000  1.0
   -0.001607   -0.782738  0.000000  1.0
   -0.001607   -0.780738  0.000000  1.0
   -0.001607   -0.778738  0.000000  1.0
   -0.001607   -0.776738  0.000000  1.0
   -0.001607   -0.774738  0.000000  1.0
   -0.001607   -0.772738  0.000000  1.0
   -0.001607   -0.770738  0.000000  1.0
   -0.001607   -0.768738  0.000000  1.0
   -0.001607   -0.766738  0.000000  1.0
   -0.001607   -0.764738  0.000000  1.0
   -0.001607   -0.762738  0.000000  1.0
   -0.001607   -0.760738  0.000000  1.0
   -0.001607   -0.758738  0.000000  1.0
   -0.001607   -0.756738  0.000000  1.0
   -0.001607   -0.754738  0.000000  1.0
   -0.001607   -0.752738  0.000000  1.0
   -0.001607   -0.750738  0.000000  1.0
   -0.001607   -0.748738  0.000000  1.0
   -0.001607   -0.746738  0.000000  1.0
   -0.001607   -0.744738  0.000000  1.0
   -0.001607   -0.742738  0.000000  1.0
   -0.001607   -0.740738  0.000000  1.0
   -0.001607   -0.738738  0.000000  1.0
   -0.001607   -0.736738  0.000000  1.0
   -0.001607   -0.734738  0.000000  1.0
   -0.001607   -0.732738  0.000000  1.0
   -0.001607   -0.730738  0.000000  1.0
   -0.001607   -0.728738  0.000000  1.0
   -0.001607   -0.726738  0.000000  1.0
   -0.001607   -0.724738  0.000000  1.0
   -0.001607   -0.722738  0.000000  1.0
   -0.001607   -0.720738  0.000000  1.0
   -0.001607   -0.718738  0.000000  1.0
   -0.001607   -0.716738  0.000000  1.0
   -0.001607   -0.714738  0.000000  1.0
   -0.001607   -0.712738  0.000000  1.0
    0.000393   -0.792738  0.000000  1.0
    0.000393   -0.790738  0.000000  1.0
    0.000393   -0.788738  0.000000  1.0
    0.000393   -0.786738  0.000000  1.0
    0.000393   -0.784738  0.000000  1.0
    0.000393   -0.782738  0.000000  1.0
    0.000393   -0.780738  0.000000  1.0
    0.000393   -0.778738  0.000000  1.0
    0.000393   -0.776738  0.000000  1.0
    0.000393   -0.774738  0.000000  1.0
    0.000393   -0.772738  0.000000  1.0
    0.000393   -0.770738  0.000000  1.0
    0.000393   -0.768738  0.000000  1.0
    0.000393   -0.766738  0.000000  1.0
    0.000393   -0.764738  0.000000  1.0
    0.000393   -0.762738  0.000000  1.0
    0.000393   -0.760738  0.000000  1.0
    0.000393   -0.758738  0.000000  1.0
    0.000393   -0.756738  0.000000  1.0
    0.000393   -0.754738  0.000000  1.0
    0.000393   -0.752738  0.000000  1.0
    0.000393   -0.750738  0.000000  1.0
    0.000393   -0.748738  0.000000  1.0
    0.000393   -0.746738  0.000000  1.0
    0.000393   -0.744738  0.000000  1.0
    0.000393   -0.742738  0.000000  1.0
    0.000393   -0.740738  0.000000  1.0
    0.000393   -0.738738  0.000000  1.0
    0.000393   -0.736738  0.000000  1.0
    0.000393   -0.734738  0.000000  1.0
    0.000393   -0.732738  0.000000  1.0
    0.000393   -0.730738  0.000000  1.0
    0.000393   -0.728738  0.000000  1.0
    0.000393   -0.726738  0.000000  1.0
    0.000393   -0.724738  0.000000  1.0
    0.000393   -0.722738  0.000000  1.0
    0.000393   -0.720738  0.000000  1.0
    0.000393   -0.718738  0.000000  1.0
    0.000393   -0.716738  0.000000  1.0
    0.000393   -0.714738  0.000000  1.0
    0.000393   -0.712738  0.000000  1.0
    0.002393   -0.792738  0.000000  1.0
    0.002393   -0.790738  0.000000  1.0
    0.002393   -0.788738  0.000000  1.0
    0.002393   -0.786738  0.000000  1.0
    0.002393   -0.784738  0.000000  1.0
    0.002393   -0.782738  0.000000  1.0
    0.002393   -0.780738  0.000000  1.0
    0.002393   -0.778738  0.000000  1.0
    0.002393   -0.776738  0.000000  1.0
    0.002393   -0.774738  0.000000  1.0
    0.002393   -0.772738  0.000000  1.0
    0.002393   -0.770738  0.000000  1.0
    0.002393   -0.768738  0.000000  1.0
    0.002393   -0.766738  0.000000  1.0
    0.002393   -0.764738  0.000000  1.0
    0.002393   -0.762738  0.000000  1.0
    0.002393   -0.760738  0.000000  1.0
    0.002393   -0.758738  0.000000  1.0
    0.002393   -0.756738  0.000000  1.0
    0.002393   -0.754738  0.000000  1.0
    0.002393   -0.752738  0.000000  1.0
    0.002393   -0.750738  0.000000  1.0
    0.002393   -0.748738  0.000000  1.0
    0.002393   -0.746738  0.000000  1.0
    0.002393   -0.744738  0.000000  1.0
    0.002393   -0.742738  0.000000  1.0
    0.002393   -0.740738  0.000000  1.0
    0.002393   -0.738738  0.000000  1.0
    0.002393   -0.736738  0.000000  1.0
    0.002393   -0.734738  0.000000  1.0
    0.002393   -0.732738  0.000000  1.0
    0.002393   -0.730738  0.000000  1.0
    0.002393   -0.728738  0.000000  1.0
    0.002393   -0.726738  0.000000  1.0
    0.002393   -0.724738  0.000000  1.0
    0.002393   -0.722738  0.000000  1.0
    0.002393   -0.720738  0.000000  1.0
    0.002393   -0.718738  0.000000  1.0
    0.002393   -0.716738  0.000000  1.0
    0.002393   -0.714738  0.000000  1.0
    0.002393   -0.712738  0.000000  1.0
    0.004393   -0.792738  0.000000  1.0
    0.004393   -0.790738  0.000000  1.0
    0.004393   -0.788738  0.000000  1.0
    0.004393   -0.786738  0.000000  1.0
    0.004393   -0.784738  0.000000  1.0
    0.004393   -0.782738  0.000000  1.0
    0.004393   -0.780738  0.000000  1.0
    0.004393   -0.778738  0.000000  1.0
    0.004393   -0.776738  0.000000  1.0
    0.004393   -0.774738  0.000000  1.0
    0.004393   -0.772738  0.000000  1.0
    0.004393   -0.770738  0.000000  1.0
    0.004393   -0.768738  0.000000  1.0
    0.004393   -0.766738  0.000000  1.0
    0.004393   -0.764738  0.000000  1.0
    0.004393   -0.762738  0.000000  1.0
    0.004393   -0.760738  0.000000  1.0
    0.004393   -0.758738  0.000000  1.0
    0.004393   -0.756738  0.000000  1.0
    0.004393   -0.754738  0.000000  1.0
    0.004393   -0.752738  0.000000  1.0
    0.004393   -0.750738  0.000000  1.0
    0.004393   -0.748738  0.000000  1.0
    0.004393   -0.746738  0.000000  1.0
    0.004393   -0.744738  0.000000  1.0
    0.004393   -0.742738  0.000000  1.0
    0.004393   -0.740738  0.000000  1.0
    0.004393   -0.738738  0.000000  1.0
    0.004393   -0.736738  0.000000  1.0
    0.004393   -0.734738  0.000000  1.0
    0.004393   -0.732738  0.000000  1.0
    0.004393   -0.730738  0.000000  1.0
    0.004393   -0.728738  0.000000  1.0
    0.004393   -0.726738  0.000000  1.0
    0.004393   -0.724738  0.000000  1.0
    0.004393   -0.722738  0.000000  1.0
    0.004393   -0.720738  0.000000  1.0
    0.004393   -0.718738  0.000000  1.0
    0.004393   -0.716738  0.000000  1.0
    0.004393   -0.714738  0.000000  1.0
    0.004393   -0.712738  0.000000  1.0
    0.006393   -0.792738  0.000000  1.0
    0.006393   -0.790738  0.000000  1.0
    0.006393   -0.788738  0.000000  1.0
    0.006393   -0.786738  0.000000  1.0
    0.006393   -0.784738  0.000000  1.0
    0.006393   -0.782738  0.000000  1.0
    0.006393   -0.780738  0.000000  1.0
    0.006393   -0.778738  0.000000  1.0
    0.006393   -0.776738  0.000000  1.0
    0.006393   -0.774738  0.000000  1.0
    0.006393   -0.772738  0.000000  1.0
    0.006393   -0.770738  0.000000  1.0
    0.006393   -0.768738  0.000000  1.0
    0.006393   -0.766738  0.000000  1.0
    0.006393   -0.764738  0.000000  1.0
    0.006393   -0.762738  0.000000  1.0
    0.006393   -0.760738  0.000000  1.0
    0.006393   -0.758738  0.000000  1.0
    0.006393   -0.756738  0.000000  1.0
    0.006393   -0.754738  0.000000  1.0
    0.006393   -0.752738  0.000000  1.0
    0.006393   -0.750738  0.000000  1.0
    0.006393   -0.748738  0.000000  1.0
    0.006393   -0.746738  0.000000  1.0
    0.006393   -0.744738  0.000000  1.0
    0.006393   -0.742738  0.000000  1.0
    0.006393   -0.740738  0.000000  1.0
    0.006393   -0.738738  0.000000  1.0
    0.006393   -0.736738  0.000000  1.0
    0.006393   -0.734738  0.000000  1.0
    0.006393   -0.732738  0.000000  1.0
    0.006393   -0.730738  0.000000  1.0
    0.006393   -0.728738  0.000000  1.0
    0.006393   -0.726738  0.000000  1.0
    0.006393   -0.724738  0.000000  1.0
    0.006393   -0.722738  0.000000  1.0
    0.006393   -0.720738  0.000000  1.0
    0.006393   -0.718738  0.000000  1.0
    0.006393   -0.716738  0.000000  1.0
    0.006393   -0.714738  0.000000  1.0
    0.006393   -0.712738  0.000000  1.0
    0.008393   -0.792738  0.000000  1.0
    0.008393   -0.790738  0.000000  1.0
    0.008393   -0.788738  0.000000  1.0
    0.008393   -0.786738  0.000000  1.0
    0.008393   -0.784738  0.000000  1.0
    0.008393   -0.782738  0.000000  1.0
    0.008393   -0.780738  0.000000  1.0
    0.008393   -0.778738  0.000000  1.0
    0.008393   -0.776738  0.000000  1.0
    0.008393   -0.774738  0.000000  1.0
    0.008393   -0.772738  0.000000  1.0
    0.008393   -0.770738  0.000000  1.0
    0.008393   -0.768738  0.000000  1.0
    0.008393   -0.766738  0.000000  1.0
    0.008393   -0.764738  0.000000  1.0
    0.008393   -0.762738  0.000000  1.0
    0.008393   -0.760738  0.000000  1.0
    0.008393   -0.758738  0.000000  1.0
    0.008393   -0.756738  0.000000  1.0
    0.008393   -0.754738  0.000000  1.0
    0.008393   -0.752738  0.000000  1.0
    0.008393   -0.750738  0.000000  1.0
    0.008393   -0.748738  0.000000  1.0
    0.008393   -0.746738  0.000000  1.0
    0.008393   -0.744738  0.000000  1.0
    0.008393   -0.742738  0.000000  1.0
    0.008393   -0.740738  0.000000  1.0
    0.008393   -0.738738  0.000000  1.0
    0.008393   -0.736738  0.000000  1.0
    0.008393   -0.734738  0.000000  1.0
    0.008393   -0.732738  0.000000  1.0
    0.008393   -0.730738  0.000000  1.0
    0.008393   -0.728738  0.000000  1.0
    0.008393   -0.726738  0.000000  1.0
    0.008393   -0.724738  0.000000  1.0
    0.008393   -0.722738  0.000000  1.0
    0.008393   -0.720738  0.000000  1.0
    0.008393   -0.718738  0.000000  1.0
    0.008393   -0.716738  0.000000  1.0
    0.008393   -0.714738  0.000000  1.0
    0.008393   -0.712738  0.000000  1.0
    0.010393   -0.792738  0.000000  1.0
    0.010393   -0.790738  0.000000  1.0
    0.010393   -0.788738  0.000000  1.0
    0.010393   -0.786738  0.000000  1.0
    0.010393   -0.784738  0.000000  1.0
    0.010393   -0.782738  0.000000  1.0
    0.010393   -0.780738  0.000000  1.0
    0.010393   -0.778738  0.000000  1.0
    0.010393   -0.776738  0.000000  1.0
    0.010393   -0.774738  0.000000  1.0
    0.010393   -0.772738  0.000000  1.0
    0.010393   -0.770738  0.000000  1.0
    0.010393   -0.768738  0.000000  1.0
    0.010393   -0.766738  0.000000  1.0
    0.010393   -0.764738  0.000000  1.0
    0.010393   -0.762738  0.000000  1.0
    0.010393   -0.760738  0.000000  1.0
    0.010393   -0.758738  0.000000  1.0
    0.010393   -0.756738  0.000000  1.0
    0.010393   -0.754738  0.000000  1.0
    0.010393   -0.752738  0.000000  1.0
    0.010393   -0.750738  0.000000  1.0
    0.010393   -0.748738  0.000000  1.0
    0.010393   -0.746738  0.000000  1.0
    0.010393   -0.744738  0.000000  1.0
    0.010393   -0.742738  0.000000  1.0
    0.010393   -0.740738  0.000000  1.0
    0.010393   -0.738738  0.000000  1.0
    0.010393   -0.736738  0.000000  1.0
    0.010393   -0.734738  0.000000  1.0
    0.010393   -0.732738  0.000000  1.0
    0.010393   -0.730738  0.000000  1.0
    0.010393   -0.728738  0.000000  1.0
    0.010393   -0.726738  0.000000  1.0
    0.010393   -0.724738  0.000000  1.0
    0.010393   -0.722738  0.000000  1.0
    0.010393   -0.720738  0.000000  1.0
    0.010393   -0.718738  0.000000  1.0
    0.010393   -0.716738  0.000000  1.0
    0.010393   -0.714738  0.000000  1.0
    0.010393   -0.712738  0.000000  1.0
    0.012393   -0.792738  0.000000  1.0
    0.012393   -0.790738  0.000000  1.0
    0.012393   -0.788738  0.000000  1.0
    0.012393   -0.786738  0.000000  1.0
    0.012393   -0.784738  0.000000  1.0
    0.012393   -0.782738  0.000000  1.0
    0.012393   -0.780738  0.000000  1.0
    0.012393   -0.778738  0.000000  1.0
    0.012393   -0.776738  0.000000  1.0
    0.012393   -0.774738  0.000000  1.0
    0.012393   -0.772738  0.000000  1.0
    0.012393   -0.770738  0.000000  1.0
    0.012393   -0.768738  0.000000  1.0
    0.012393   -0.766738  0.000000  1.0
    0.012393   -0.764738  0.000000  1.0
    0.012393   -0.762738  0.000000  1.0
    0.012393   -0.760738  0.000000  1.0
    0.012393   -0.758738  0.000000  1.0
    0.012393   -0.756738  0.000000  1.0
    0.012393   -0.754738  0.000000  1.0
    0.012393   -0.752738  0.000000  1.0
    0.012393   -0.750738  0.000000  1.0
    0.012393   -0.748738  0.000000  1.0
    0.012393   -0.746738  0.000000  1.0
    0.012393   -0.744738  0.000000  1.0
    0.012393   -0.742738  0.000000  1.0
    0.012393   -0.740738  0.000000  1.0
    0.012393   -0.738738  0.000000  1.0
    0.012393   -0.736738  0.000000  1.0
    0.012393   -0.734738  0.000000  1.0
    0.012393   -0.732738  0.000000  1.0
    0.012393   -0.730738  0.000000  1.0
    0.012393   -0.728738  0.000000  1.0
    0.012393   -0.726738  0.000000  1.0
    0.012393   -0.724738  0.000000  1.0
    0.012393   -0.722738  0.000000  1.0
    0.012393   -0.720738  0.000000  1.0
    0.012393   -0.718738  0.000000  1.0
    0.012393   -0.716738  0.000000  1.0
    0.012393   -0.714738  0.000000  1.0
    0.012393   -0.712738  0.000000  1.0
    0.014393   -0.792738  0.000000  1.0
    0.014393   -0.790738  0.000000  1.0
    0.014393   -0.788738  0.000000  1.0
    0.014393   -0.786738  0.000000  1.0
    0.014393   -0.784738  0.000000  1.0
    0.014393   -0.782738  0.000000  1.0
    0.014393   -0.780738  0.000000  1.0
    0.014393   -0.778738  0.000000  1.0
    0.014393   -0.776738  0.000000  1.0
    0.014393   -0.774738  0.000000  1.0
    0.014393   -0.772738  0.000000  1.0
    0.014393   -0.770738  0.000000  1.0
    0.014393   -0.768738  0.000000  1.0
    0.014393   -0.766738  0.000000  1.0
    0.014393   -0.764738  0.000000  1.0
    0.014393   -0.762738  0.000000  1.0
    0.014393   -0.760738  0.000000  1.0
    0.014393   -0.758738  0.000000  1.0
    0.014393   -0.756738  0.000000  1.0
    0.014393   -0.754738  0.000000  1.0
    0.014393   -0.752738  0.000000  1.0
    0.014393   -0.750738  0.000000  1.0
    0.014393   -0.748738  0.000000  1.0
    0.014393   -0.746738  0.000000  1.0
    0.014393   -0.744738  0.000000  1.0
    0.014393   -0.742738  0.000000  1.0
    0.014393   -0.740738  0.000000  1.0
    0.014393   -0.738738  0.000000  1.0
    0.014393   -0.736738  0.000000  1.0
    0.014393   -0.734738  0.000000  1.0
    0.014393   -0.732738  0.000000  1.0
    0.014393   -0.730738  0.000000  1.0
    0.014393   -0.728738  0.000000  1.0
    0.014393   -0.726738  0.000000  1.0
    0.014393   -0.724738  0.000000  1.0
    0.014393   -0.722738  0.000000  1.0
    0.014393   -0.720738  0.000000  1.0
    0.014393   -0.718738  0.000000  1.0
    0.014393   -0.716738  0.000000  1.0
    0.014393   -0.714738  0.000000  1.0
    0.014393   -0.712738  0.000000  1.0
    0.016393   -0.792738  0.000000  1.0
    0.016393   -0.790738  0.000000  1.0
    0.016393   -0.788738  0.000000  1.0
    0.016393   -0.786738  0.000000  1.0
    0.016393   -0.784738  0.000000  1.0
    0.016393   -0.782738  0.000000  1.0
    0.016393   -0.780738  0.000000  1.0
    0.016393   -0.778738  0.000000  1.0
    0.016393   -0.776738  0.000000  1.0
    0.016393   -0.774738  0.000000  1.0
    0.016393   -0.772738  0.000000  1.0
    0.016393   -0.770738  0.000000  1.0
    0.016393   -0.768738  0.000000  1.0
    0.016393   -0.766738  0.000000  1.0
    0.016393   -0.764738  0.000000  1.0
    0.016393   -0.762738  0.000000  1.0
    0.016393   -0.760738  0.000000  1.0
    0.016393   -0.758738  0.000000  1.0
    0.016393   -0.756738  0.000000  1.0
    0.016393   -0.754738  0.000000  1.0
    0.016393   -0.752738  0.000000  1.0
    0.016393   -0.750738  0.000000  1.0
    0.016393   -0.748738  0.000000  1.0
    0.016393   -0.746738  0.000000  1.0
    0.016393   -0.744738  0.000000  1.0
    0.016393   -0.742738  0.000000  1.0
    0.016393   -0.740738  0.000000  1.0
    0.016393   -0.738738  0.000000  1.0
    0.016393   -0.736738  0.000000  1.0
    0.016393   -0.734738  0.000000  1.0
    0.016393   -0.732738  0.000000  1.0
    0.016393   -0.730738  0.000000  1.0
    0.016393   -0.728738  0.000000  1.0
    0.016393   -0.726738  0.000000  1.0
    0.016393   -0.724738  0.000000  1.0
    0.016393   -0.722738  0.000000  1.0
    0.016393   -0.720738  0.000000  1.0
    0.016393   -0.718738  0.000000  1.0
    0.016393   -0.716738  0.000000  1.0
    0.016393   -0.714738  0.000000  1.0
    0.016393   -0.712738  0.000000  1.0
    0.018393   -0.792738  0.000000  1.0
    0.018393   -0.790738  0.000000  1.0
    0.018393   -0.788738  0.000000  1.0
    0.018393   -0.786738  0.000000  1.0
    0.018393   -0.784738  0.000000  1.0
    0.018393   -0.782738  0.000000  1.0
    0.018393   -0.780738  0.000000  1.0
    0.018393   -0.778738  0.000000  1.0
    0.018393   -0.776738  0.000000  1.0
    0.018393   -0.774738  0.000000  1.0
    0.018393   -0.772738  0.000000  1.0
    0.018393   -0.770738  0.000000  1.0
    0.018393   -0.768738  0.000000  1.0
    0.018393   -0.766738  0.000000  1.0
    0.018393   -0.764738  0.000000  1.0
    0.018393   -0.762738  0.000000  1.0
    0.018393   -0.760738  0.000000  1.0
    0.018393   -0.758738  0.000000  1.0
    0.018393   -0.756738  0.000000  1.0
    0.018393   -0.754738  0.000000  1.0
    0.018393   -0.752738  0.000000  1.0
    0.018393   -0.750738  0.000000  1.0
    0.018393   -0.748738  0.000000  1.0
    0.018393   -0.746738  0.000000  1.0
    0.018393   -0.744738  0.000000  1.0
    0.018393   -0.742738  0.000000  1.0
    0.018393   -0.740738  0.000000  1.0
    0.018393   -0.738738  0.000000  1.0
    0.018393   -0.736738  0.000000  1.0
    0.018393   -0.734738  0.000000  1.0
    0.018393   -0.732738  0.000000  1.0
    0.018393   -0.730738  0.000000  1.0
    0.018393   -0.728738  0.000000  1.0
    0.018393   -0.726738  0.000000  1.0
    0.018393   -0.724738  0.000000  1.0
    0.018393   -0.722738  0.000000  1.0
    0.018393   -0.720738  0.000000  1.0
    0.018393   -0.718738  0.000000  1.0
    0.018393   -0.716738  0.000000  1.0
    0.018393   -0.714738  0.000000  1.0
    0.018393   -0.712738  0.000000  1.0
    0.020393   -0.792738  0.000000  1.0
    0.020393   -0.790738  0.000000  1.0
    0.020393   -0.788738  0.000000  1.0
    0.020393   -0.786738  0.000000  1.0
    0.020393   -0.784738  0.000000  1.0
    0.020393   -0.782738  0.000000  1.0
    0.020393   -0.780738  0.000000  1.0
    0.020393   -0.778738  0.000000  1.0
    0.020393   -0.776738  0.000000  1.0
    0.020393   -0.774738  0.000000  1.0
    0.020393   -0.772738  0.000000  1.0
    0.020393   -0.770738  0.000000  1.0
    0.020393   -0.768738  0.000000  1.0
    0.020393   -0.766738  0.000000  1.0
    0.020393   -0.764738  0.000000  1.0
    0.020393   -0.762738  0.000000  1.0
    0.020393   -0.760738  0.000000  1.0
    0.020393   -0.758738  0.000000  1.0
    0.020393   -0.756738  0.000000  1.0
    0.020393   -0.754738  0.000000  1.0
    0.020393   -0.752738  0.000000  1.0
    0.020393   -0.750738  0.000000  1.0
    0.020393   -0.748738  0.000000  1.0
    0.020393   -0.746738  0.000000  1.0
    0.020393   -0.744738  0.000000  1.0
    0.020393   -0.742738  0.000000  1.0
    0.020393   -0.740738  0.000000  1.0
    0.020393   -0.738738  0.000000  1.0
    0.020393   -0.736738  0.000000  1.0
    0.020393   -0.734738  0.000000  1.0
    0.020393   -0.732738  0.000000  1.0
    0.020393   -0.730738  0.000000  1.0
    0.020393   -0.728738  0.000000  1.0
    0.020393   -0.726738  0.000000  1.0
    0.020393   -0.724738  0.000000  1.0
    0.020393   -0.722738  0.000000  1.0
    0.020393   -0.720738  0.000000  1.0
    0.020393   -0.718738  0.000000  1.0
    0.020393   -0.716738  0.000000  1.0
    0.020393   -0.714738  0.000000  1.0
    0.020393   -0.712738  0.000000  1.0
    0.022393   -0.792738  0.000000  1.0
    0.022393   -0.790738  0.000000  1.0
    0.022393   -0.788738  0.000000  1.0
    0.022393   -0.786738  0.000000  1.0
    0.022393   -0.784738  0.000000  1.0
    0.022393   -0.782738  0.000000  1.0
    0.022393   -0.780738  0.000000  1.0
    0.022393   -0.778738  0.000000  1.0
    0.022393   -0.776738  0.000000  1.0
    0.022393   -0.774738  0.000000  1.0
    0.022393   -0.772738  0.000000  1.0
    0.022393   -0.770738  0.000000  1.0
    0.022393   -0.768738  0.000000  1.0
    0.022393   -0.766738  0.000000  1.0
    0.022393   -0.764738  0.000000  1.0
    0.022393   -0.762738  0.000000  1.0
    0.022393   -0.760738  0.000000  1.0
    0.022393   -0.758738  0.000000  1.0
    0.022393   -0.756738  0.000000  1.0
    0.022393   -0.754738  0.000000  1.0
    0.022393   -0.752738  0.000000  1.0
    0.022393   -0.750738  0.000000  1.0
    0.022393   -0.748738  0.000000  1.0
    0.022393   -0.746738  0.000000  1.0
    0.022393   -0.744738  0.000000  1.0
    0.022393   -0.742738  0.000000  1.0
    0.022393   -0.740738  0.000000  1.0
    0.022393   -0.738738  0.000000  1.0
    0.022393   -0.736738  0.000000  1.0
    0.022393   -0.734738  0.000000  1.0
    0.022393   -0.732738  0.000000  1.0
    0.022393   -0.730738  0.000000  1.0
    0.022393   -0.728738  0.000000  1.0
    0.022393   -0.726738  0.000000  1.0
    0.022393   -0.724738  0.000000  1.0
    0.022393   -0.722738  0.000000  1.0
    0.022393   -0.720738  0.000000  1.0
    0.022393   -0.718738  0.000000  1.0
    0.022393   -0.716738  0.000000  1.0
    0.022393   -0.714738  0.000000  1.0
    0.022393   -0.712738  0.000000  1.0
    0.024393   -0.792738  0.000000  1.0
    0.024393   -0.790738  0.000000  1.0
    0.024393   -0.788738  0.000000  1.0
    0.024393   -0.786738  0.000000  1.0
    0.024393   -0.784738  0.000000  1.0
    0.024393   -0.782738  0.000000  1.0
    0.024393   -0.780738  0.000000  1.0
    0.024393   -0.778738  0.000000  1.0
    0.024393   -0.776738  0.000000  1.0
    0.024393   -0.774738  0.000000  1.0
    0.024393   -0.772738  0.000000  1.0
    0.024393   -0.770738  0.000000  1.0
    0.024393   -0.768738  0.000000  1.0
    0.024393   -0.766738  0.000000  1.0
    0.024393   -0.764738  0.000000  1.0
    0.024393   -0.762738  0.000000  1.0
    0.024393   -0.760738  0.000000  1.0
    0.024393   -0.758738  0.000000  1.0
    0.024393   -0.756738  0.000000  1.0
    0.024393   -0.754738  0.000000  1.0
    0.024393   -0.752738  0.000000  1.0
    0.024393   -0.750738  0.000000  1.0
    0.024393   -0.748738  0.000000  1.0
    0.024393   -0.746738  0.000000  1.0
    0.024393   -0.744738  0.000000  1.0
    0.024393   -0.742738  0.000000  1.0
    0.024393   -0.740738  0.000000  1.0
    0.024393   -0.738738  0.000000  1.0
    0.024393   -0.736738  0.000000  1.0
    0.024393   -0.734738  0.000000  1.0
    0.024393   -0.732738  0.000000  1.0
    0.024393   -0.730738  0.000000  1.0
    0.024393   -0.728738  0.000000  1.0
    0.024393   -0.726738  0.000000  1.0
    0.024393   -0.724738  0.000000  1.0
    0.024393   -0.722738  0.000000  1.0
    0.024393   -0.720738  0.000000  1.0
    0.024393   -0.718738  0.000000  1.0
    0.024393   -0.716738  0.000000  1.0
    0.024393   -0.714738  0.000000  1.0
    0.024393   -0.712738  0.000000  1.0
    0.026393   -0.792738  0.000000  1.0
    0.026393   -0.790738  0.000000  1.0
    0.026393   -0.788738  0.000000  1.0
    0.026393   -0.786738  0.000000  1.0
    0.026393   -0.784738  0.000000  1.0
    0.026393   -0.782738  0.000000  1.0
    0.026393   -0.780738  0.000000  1.0
    0.026393   -0.778738  0.000000  1.0
    0.026393   -0.776738  0.000000  1.0
    0.026393   -0.774738  0.000000  1.0
    0.026393   -0.772738  0.000000  1.0
    0.026393   -0.770738  0.000000  1.0
    0.026393   -0.768738  0.000000  1.0
    0.026393   -0.766738  0.000000  1.0
    0.026393   -0.764738  0.000000  1.0
    0.026393   -0.762738  0.000000  1.0
    0.026393   -0.760738  0.000000  1.0
    0.026393   -0.758738  0.000000  1.0
    0.026393   -0.756738  0.000000  1.0
    0.026393   -0.754738  0.000000  1.0
    0.026393   -0.752738  0.000000  1.0
    0.026393   -0.750738  0.000000  1.0
    0.026393   -0.748738  0.000000  1.0
    0.026393   -0.746738  0.000000  1.0
    0.026393   -0.744738  0.000000  1.0
    0.026393   -0.742738  0.000000  1.0
    0.026393   -0.740738  0.000000  1.0
    0.026393   -0.738738  0.000000  1.0
    0.026393   -0.736738  0.000000  1.0
    0.026393   -0.734738  0.000000  1.0
    0.026393   -0.732738  0.000000  1.0
    0.026393   -0.730738  0.000000  1.0
    0.026393   -0.728738  0.000000  1.0
    0.026393   -0.726738  0.000000  1.0
    0.026393   -0.724738  0.000000  1.0
    0.026393   -0.722738  0.000000  1.0
    0.026393   -0.720738  0.000000  1.0
    0.026393   -0.718738  0.000000  1.0
    0.026393   -0.716738  0.000000  1.0
    0.026393   -0.714738  0.000000  1.0
    0.026393   -0.712738  0.000000  1.0
    0.028393   -0.792738  0.000000  1.0
    0.028393   -0.790738  0.000000  1.0
    0.028393   -0.788738  0.000000  1.0
    0.028393   -0.786738  0.000000  1.0
    0.028393   -0.784738  0.000000  1.0
    0.028393   -0.782738  0.000000  1.0
    0.028393   -0.780738  0.000000  1.0
    0.028393   -0.778738  0.000000  1.0
    0.028393   -0.776738  0.000000  1.0
    0.028393   -0.774738  0.000000  1.0
    0.028393   -0.772738  0.000000  1.0
    0.028393   -0.770738  0.000000  1.0
    0.028393   -0.768738  0.000000  1.0
    0.028393   -0.766738  0.000000  1.0
    0.028393   -0.764738  0.000000  1.0
    0.028393   -0.762738  0.000000  1.0
    0.028393   -0.760738  0.000000  1.0
    0.028393   -0.758738  0.000000  1.0
    0.028393   -0.756738  0.000000  1.0
    0.028393   -0.754738  0.000000  1.0
    0.028393   -0.752738  0.000000  1.0
    0.028393   -0.750738  0.000000  1.0
    0.028393   -0.748738  0.000000  1.0
    0.028393   -0.746738  0.000000  1.0
    0.028393   -0.744738  0.000000  1.0
    0.028393   -0.742738  0.000000  1.0
    0.028393   -0.740738  0.000000  1.0
    0.028393   -0.738738  0.000000  1.0
    0.028393   -0.736738  0.000000  1.0
    0.028393   -0.734738  0.000000  1.0
    0.028393   -0.732738  0.000000  1.0
    0.028393   -0.730738  0.000000  1.0
    0.028393   -0.728738  0.000000  1.0
    0.028393   -0.726738  0.000000  1.0
    0.028393   -0.724738  0.000000  1.0
    0.028393   -0.722738  0.000000  1.0
    0.028393   -0.720738  0.000000  1.0
    0.028393   -0.718738  0.000000  1.0
    0.028393   -0.716738  0.000000  1.0
    0.028393   -0.714738  0.000000  1.0
    0.028393   -0.712738  0.000000  1.0
    0.030393   -0.792738  0.000000  1.0
    0.030393   -0.790738  0.000000  1.0
    0.030393   -0.788738  0.000000  1.0
    0.030393   -0.786738  0.000000  1.0
    0.030393   -0.784738  0.000000  1.0
    0.030393   -0.782738  0.000000  1.0
    0.030393   -0.780738  0.000000  1.0
    0.030393   -0.778738  0.000000  1.0
    0.030393   -0.776738  0.000000  1.0
    0.030393   -0.774738  0.000000  1.0
    0.030393   -0.772738  0.000000  1.0
    0.030393   -0.770738  0.000000  1.0
    0.030393   -0.768738  0.000000  1.0
    0.030393   -0.766738  0.000000  1.0
    0.030393   -0.764738  0.000000  1.0
    0.030393   -0.762738  0.000000  1.0
    0.030393   -0.760738  0.000000  1.0
    0.030393   -0.758738  0.000000  1.0
    0.030393   -0.756738  0.000000  1.0
    0.030393   -0.754738  0.000000  1.0
    0.030393   -0.752738  0.000000  1.0
    0.030393   -0.750738  0.000000  1.0
    0.030393   -0.748738  0.000000  1.0
    0.030393   -0.746738  0.000000  1.0
    0.030393   -0.744738  0.000000  1.0
    0.030393   -0.742738  0.000000  1.0
    0.030393   -0.740738  0.000000  1.0
    0.030393   -0.738738  0.000000  1.0
    0.030393   -0.736738  0.000000  1.0
    0.030393   -0.734738  0.000000  1.0
    0.030393   -0.732738  0.000000  1.0
    0.030393   -0.730738  0.000000  1.0
    0.030393   -0.728738  0.000000  1.0
    0.030393   -0.726738  0.000000  1.0
    0.030393   -0.724738  0.000000  1.0
    0.030393   -0.722738  0.000000  1.0
    0.030393   -0.720738  0.000000  1.0
    0.030393   -0.718738  0.000000  1.0
    0.030393   -0.716738  0.000000  1.0
    0.030393   -0.714738  0.000000  1.0
    0.030393   -0.712738  0.000000  1.0
    0.032393   -0.792738  0.000000  1.0
    0.032393   -0.790738  0.000000  1.0
    0.032393   -0.788738  0.000000  1.0
    0.032393   -0.786738  0.000000  1.0
    0.032393   -0.784738  0.000000  1.0
    0.032393   -0.782738  0.000000  1.0
    0.032393   -0.780738  0.000000  1.0
    0.032393   -0.778738  0.000000  1.0
    0.032393   -0.776738  0.000000  1.0
    0.032393   -0.774738  0.000000  1.0
    0.032393   -0.772738  0.000000  1.0
    0.032393   -0.770738  0.000000  1.0
    0.032393   -0.768738  0.000000  1.0
    0.032393   -0.766738  0.000000  1.0
    0.032393   -0.764738  0.000000  1.0
    0.032393   -0.762738  0.000000  1.0
    0.032393   -0.760738  0.000000  1.0
    0.032393   -0.758738  0.000000  1.0
    0.032393   -0.756738  0.000000  1.0
    0.032393   -0.754738  0.000000  1.0
    0.032393   -0.752738  0.000000  1.0
    0.032393   -0.750738  0.000000  1.0
    0.032393   -0.748738  0.000000  1.0
    0.032393   -0.746738  0.000000  1.0
    0.032393   -0.744738  0.000000  1.0
    0.032393   -0.742738  0.000000  1.0
    0.032393   -0.740738  0.000000  1.0
    0.032393   -0.738738  0.000000  1.0
    0.032393   -0.736738  0.000000  1.0
    0.032393   -0.734738  0.000000  1.0
    0.032393   -0.732738  0.000000  1.0
    0.032393   -0.730738  0.000000  1.0
    0.032393   -0.728738  0.000000  1.0
    0.032393   -0.726738  0.000000  1.0
    0.032393   -0.724738  0.000000  1.0
    0.032393   -0.722738  0.000000  1.0
    0.032393   -0.720738  0.000000  1.0
    0.032393   -0.718738  0.000000  1.0
    0.032393   -0.716738  0.000000  1.0
    0.032393   -0.714738  0.000000  1.0
    0.032393   -0.712738  0.000000  1.0
    0.034393   -0.792738  0.000000  1.0
    0.034393   -0.790738  0.000000  1.0
    0.034393   -0.788738  0.000000  1.0
    0.034393   -0.786738  0.000000  1.0
    0.034393   -0.784738  0.000000  1.0
    0.034393   -0.782738  0.000000  1.0
    0.034393   -0.780738  0.000000  1.0
    0.034393   -0.778738  0.000000  1.0
    0.034393   -0.776738  0.000000  1.0
    0.034393   -0.774738  0.000000  1.0
    0.034393   -0.772738  0.000000  1.0
    0.034393   -0.770738  0.000000  1.0
    0.034393   -0.768738  0.000000  1.0
    0.034393   -0.766738  0.000000  1.0
    0.034393   -0.764738  0.000000  1.0
    0.034393   -0.762738  0.000000  1.0
    0.034393   -0.760738  0.000000  1.0
    0.034393   -0.758738  0.000000  1.0
    0.034393   -0.756738  0.000000  1.0
    0.034393   -0.754738  0.000000  1.0
    0.034393   -0.752738  0.000000  1.0
    0.034393   -0.750738  0.000000  1.0
    0.034393   -0.748738  0.000000  1.0
    0.034393   -0.746738  0.000000  1.0
    0.034393   -0.744738  0.000000  1.0
    0.034393   -0.742738  0.000000  1.0
    0.034393   -0.740738  0.000000  1.0
    0.034393   -0.738738  0.000000  1.0
    0.034393   -0.736738  0.000000  1.0
    0.034393   -0.734738  0.000000  1.0
    0.034393   -0.732738  0.000000  1.0
    0.034393   -0.730738  0.000000  1.0
    0.034393   -0.728738  0.000000  1.0
    0.034393   -0.726738  0.000000  1.0
    0.034393   -0.724738  0.000000  1.0
    0.034393   -0.722738  0.000000  1.0
    0.034393   -0.720738  0.000000  1.0
    0.034393   -0.718738  0.000000  1.0
    0.034393   -0.716738  0.000000  1.0
    0.034393   -0.714738  0.000000  1.0
    0.034393   -0.712738  0.000000  1.0
    0.036393   -0.792738  0.000000  1.0
    0.036393   -0.790738  0.000000  1.0
    0.036393   -0.788738  0.000000  1.0
    0.036393   -0.786738  0.000000  1.0
    0.036393   -0.784738  0.000000  1.0
    0.036393   -0.782738  0.000000  1.0
    0.036393   -0.780738  0.000000  1.0
    0.036393   -0.778738  0.000000  1.0
    0.036393   -0.776738  0.000000  1.0
    0.036393   -0.774738  0.000000  1.0
    0.036393   -0.772738  0.000000  1.0
    0.036393   -0.770738  0.000000  1.0
    0.036393   -0.768738  0.000000  1.0
    0.036393   -0.766738  0.000000  1.0
    0.036393   -0.764738  0.000000  1.0
    0.036393   -0.762738  0.000000  1.0
    0.036393   -0.760738  0.000000  1.0
    0.036393   -0.758738  0.000000  1.0
    0.036393   -0.756738  0.000000  1.0
    0.036393   -0.754738  0.000000  1.0
    0.036393   -0.752738  0.000000  1.0
    0.036393   -0.750738  0.000000  1.0
    0.036393   -0.748738  0.000000  1.0
    0.036393   -0.746738  0.000000  1.0
    0.036393   -0.744738  0.000000  1.0
    0.036393   -0.742738  0.000000  1.0
    0.036393   -0.740738  0.000000  1.0
    0.036393   -0.738738  0.000000  1.0
    0.036393   -0.736738  0.000000  1.0
    0.036393   -0.734738  0.000000  1.0
    0.036393   -0.732738  0.000000  1.0
    0.036393   -0.730738  0.000000  1.0
    0.036393   -0.728738  0.000000  1.0
    0.036393   -0.726738  0.000000  1.0
    0.036393   -0.724738  0.000000  1.0
    0.036393   -0.722738  0.000000  1.0
    0.036393   -0.720738  0.000000  1.0
    0.036393   -0.718738  0.000000  1.0
    0.036393   -0.716738  0.000000  1.0
    0.036393   -0.714738  0.000000  1.0
    0.036393   -0.712738  0.000000  1.0
    0.038393   -0.792738  0.000000  1.0
    0.038393   -0.790738  0.000000  1.0
    0.038393   -0.788738  0.000000  1.0
    0.038393   -0.786738  0.000000  1.0
    0.038393   -0.784738  0.000000  1.0
    0.038393   -0.782738  0.000000  1.0
    0.038393   -0.780738  0.000000  1.0
    0.038393   -0.778738  0.000000  1.0
    0.038393   -0.776738  0.000000  1.0
    0.038393   -0.774738  0.000000  1.0
    0.038393   -0.772738  0.000000  1.0
    0.038393   -0.770738  0.000000  1.0
    0.038393   -0.768738  0.000000  1.0
    0.038393   -0.766738  0.000000  1.0
    0.038393   -0.764738  0.000000  1.0
    0.038393   -0.762738  0.000000  1.0
    0.038393   -0.760738  0.000000  1.0
    0.038393   -0.758738  0.000000  1.0
    0.038393   -0.756738  0.000000  1.0
    0.038393   -0.754738  0.000000  1.0
    0.038393   -0.752738  0.000000  1.0
    0.038393   -0.750738  0.000000  1.0
    0.038393   -0.748738  0.000000  1.0
    0.038393   -0.746738  0.000000  1.0
    0.038393   -0.744738  0.000000  1.0
    0.038393   -0.742738  0.000000  1.0
    0.038393   -0.740738  0.000000  1.0
    0.038393   -0.738738  0.000000  1.0
    0.038393   -0.736738  0.000000  1.0
    0.038393   -0.734738  0.000000  1.0
    0.038393   -0.732738  0.000000  1.0
    0.038393   -0.730738  0.000000  1.0
    0.038393   -0.728738  0.000000  1.0
    0.038393   -0.726738  0.000000  1.0
    0.038393   -0.724738  0.000000  1.0
    0.038393   -0.722738  0.000000  1.0
    0.038393   -0.720738  0.000000  1.0
    0.038393   -0.718738  0.000000  1.0
    0.038393   -0.716738  0.000000  1.0
    0.038393   -0.714738  0.000000  1.0
    0.038393   -0.712738  0.000000  1.0
    0.040393   -0.792738  0.000000  1.0
    0.040393   -0.790738  0.000000  1.0
    0.040393   -0.788738  0.000000  1.0
    0.040393   -0.786738  0.000000  1.0
    0.040393   -0.784738  0.000000  1.0
    0.040393   -0.782738  0.000000  1.0
    0.040393   -0.780738  0.000000  1.0
    0.040393   -0.778738  0.000000  1.0
    0.040393   -0.776738  0.000000  1.0
    0.040393   -0.774738  0.000000  1.0
    0.040393   -0.772738  0.000000  1.0
    0.040393   -0.770738  0.000000  1.0
    0.040393   -0.768738  0.000000  1.0
    0.040393   -0.766738  0.000000  1.0
    0.040393   -0.764738  0.000000  1.0
    0.040393   -0.762738  0.000000  1.0
    0.040393   -0.760738  0.000000  1.0
    0.040393   -0.758738  0.000000  1.0
    0.040393   -0.756738  0.000000  1.0
    0.040393   -0.754738  0.000000  1.0
    0.040393   -0.752738  0.000000  1.0
    0.040393   -0.750738  0.000000  1.0
    0.040393   -0.748738  0.000000  1.0
    0.040393   -0.746738  0.000000  1.0
    0.040393   -0.744738  0.000000  1.0
    0.040393   -0.742738  0.000000  1.0
    0.040393   -0.740738  0.000000  1.0
    0.040393   -0.738738  0.000000  1.0
    0.040393   -0.736738  0.000000  1.0
    0.040393   -0.734738  0.000000  1.0
    0.040393   -0.732738  0.000000  1.0
    0.040393   -0.730738  0.000000  1.0
    0.040393   -0.728738  0.000000  1.0
    0.040393   -0.726738  0.000000  1.0
    0.040393   -0.724738  0.000000  1.0
    0.040393   -0.722738  0.000000  1.0
    0.040393   -0.720738  0.000000  1.0
    0.040393   -0.718738  0.000000  1.0
    0.040393   -0.716738  0.000000  1.0
    0.040393   -0.714738  0.000000  1.0
    0.040393   -0.712738  0.000000  1.0
    0.042393   -0.792738  0.000000  1.0
    0.042393   -0.790738  0.000000  1.0
    0.042393   -0.788738  0.000000  1.0
    0.042393   -0.786738  0.000000  1.0
    0.042393   -0.784738  0.000000  1.0
    0.042393   -0.782738  0.000000  1.0
    0.042393   -0.780738  0.000000  1.0
    0.042393   -0.778738  0.000000  1.0
    0.042393   -0.776738  0.000000  1.0
    0.042393   -0.774738  0.000000  1.0
    0.042393   -0.772738  0.000000  1.0
    0.042393   -0.770738  0.000000  1.0
    0.042393   -0.768738  0.000000  1.0
    0.042393   -0.766738  0.000000  1.0
    0.042393   -0.764738  0.000000  1.0
    0.042393   -0.762738  0.000000  1.0
    0.042393   -0.760738  0.000000  1.0
    0.042393   -0.758738  0.000000  1.0
    0.042393   -0.756738  0.000000  1.0
    0.042393   -0.754738  0.000000  1.0
    0.042393   -0.752738  0.000000  1.0
    0.042393   -0.750738  0.000000  1.0
    0.042393   -0.748738  0.000000  1.0
    0.042393   -0.746738  0.000000  1.0
    0.042393   -0.744738  0.000000  1.0
    0.042393   -0.742738  0.000000  1.0
    0.042393   -0.740738  0.000000  1.0
    0.042393   -0.738738  0.000000  1.0
    0.042393   -0.736738  0.000000  1.0
    0.042393   -0.734738  0.000000  1.0
    0.042393   -0.732738  0.000000  1.0
    0.042393   -0.730738  0.000000  1.0
    0.042393   -0.728738  0.000000  1.0
    0.042393   -0.726738  0.000000  1.0
    0.042393   -0.724738  0.000000  1.0
    0.042393   -0.722738  0.000000  1.0
    0.042393   -0.720738  0.000000  1.0
    0.042393   -0.718738  0.000000  1.0
    0.042393   -0.716738  0.000000  1.0
    0.042393   -0.714738  0.000000  1.0
    0.042393   -0.712738  0.000000  1.0
    0.044393   -0.792738  0.000000  1.0
    0.044393   -0.790738  0.000000  1.0
    0.044393   -0.788738  0.000000  1.0
    0.044393   -0.786738  0.000000  1.0
    0.044393   -0.784738  0.000000  1.0
    0.044393   -0.782738  0.000000  1.0
    0.044393   -0.780738  0.000000  1.0
    0.044393   -0.778738  0.000000  1.0
    0.044393   -0.776738  0.000000  1.0
    0.044393   -0.774738  0.000000  1.0
    0.044393   -0.772738  0.000000  1.0
    0.044393   -0.770738  0.000000  1.0
    0.044393   -0.768738  0.000000  1.0
    0.044393   -0.766738  0.000000  1.0
    0.044393   -0.764738  0.000000  1.0
    0.044393   -0.762738  0.000000  1.0
    0.044393   -0.760738  0.000000  1.0
    0.044393   -0.758738  0.000000  1.0
    0.044393   -0.756738  0.000000  1.0
    0.044393   -0.754738  0.000000  1.0
    0.044393   -0.752738  0.000000  1.0
    0.044393   -0.750738  0.000000  1.0
    0.044393   -0.748738  0.000000  1.0
    0.044393   -0.746738  0.000000  1.0
    0.044393   -0.744738  0.000000  1.0
    0.044393   -0.742738  0.000000  1.0
    0.044393   -0.740738  0.000000  1.0
    0.044393   -0.738738  0.000000  1.0
    0.044393   -0.736738  0.000000  1.0
    0.044393   -0.734738  0.000000  1.0
    0.044393   -0.732738  0.000000  1.0
    0.044393   -0.730738  0.000000  1.0
    0.044393   -0.728738  0.000000  1.0
    0.044393   -0.726738  0.000000  1.0
    0.044393   -0.724738  0.000000  1.0
    0.044393   -0.722738  0.000000  1.0
    0.044393   -0.720738  0.000000  1.0
    0.044393   -0.718738  0.000000  1.0
    0.044393   -0.716738  0.000000  1.0
    0.044393   -0.714738  0.000000  1.0
    0.044393   -0.712738  0.000000  1.0
    0.046393   -0.792738  0.000000  1.0
    0.046393   -0.790738  0.000000  1.0
    0.046393   -0.788738  0.000000  1.0
    0.046393   -0.786738  0.000000  1.0
    0.046393   -0.784738  0.000000  1.0
    0.046393   -0.782738  0.000000  1.0
    0.046393   -0.780738  0.000000  1.0
    0.046393   -0.778738  0.000000  1.0
    0.046393   -0.776738  0.000000  1.0
    0.046393   -0.774738  0.000000  1.0
    0.046393   -0.772738  0.000000  1.0
    0.046393   -0.770738  0.000000  1.0
    0.046393   -0.768738  0.000000  1.0
    0.046393   -0.766738  0.000000  1.0
    0.046393   -0.764738  0.000000  1.0
    0.046393   -0.762738  0.000000  1.0
    0.046393   -0.760738  0.000000  1.0
    0.046393   -0.758738  0.000000  1.0
    0.046393   -0.756738  0.000000  1.0
    0.046393   -0.754738  0.000000  1.0
    0.046393   -0.752738  0.000000  1.0
    0.046393   -0.750738  0.000000  1.0
    0.046393   -0.748738  0.000000  1.0
    0.046393   -0.746738  0.000000  1.0
    0.046393   -0.744738  0.000000  1.0
    0.046393   -0.742738  0.000000  1.0
    0.046393   -0.740738  0.000000  1.0
    0.046393   -0.738738  0.000000  1.0
    0.046393   -0.736738  0.000000  1.0
    0.046393   -0.734738  0.000000  1.0
    0.046393   -0.732738  0.000000  1.0
    0.046393   -0.730738  0.000000  1.0
    0.046393   -0.728738  0.000000  1.0
    0.046393   -0.726738  0.000000  1.0
    0.046393   -0.724738  0.000000  1.0
    0.046393   -0.722738  0.000000  1.0
    0.046393   -0.720738  0.000000  1.0
    0.046393   -0.718738  0.000000  1.0
    0.046393   -0.716738  0.000000  1.0
    0.046393   -0.714738  0.000000  1.0
    0.046393   -0.712738  0.000000  1.0
    0.048393   -0.792738  0.000000  1.0
    0.048393   -0.790738  0.000000  1.0
    0.048393   -0.788738  0.000000  1.0
    0.048393   -0.786738  0.000000  1.0
    0.048393   -0.784738  0.000000  1.0
    0.048393   -0.782738  0.000000  1.0
    0.048393   -0.780738  0.000000  1.0
    0.048393   -0.778738  0.000000  1.0
    0.048393   -0.776738  0.000000  1.0
    0.048393   -0.774738  0.000000  1.0
    0.048393   -0.772738  0.000000  1.0
    0.048393   -0.770738  0.000000  1.0
    0.048393   -0.768738  0.000000  1.0
    0.048393   -0.766738  0.000000  1.0
    0.048393   -0.764738  0.000000  1.0
    0.048393   -0.762738  0.000000  1.0
    0.048393   -0.760738  0.000000  1.0
    0.048393   -0.758738  0.000000  1.0
    0.048393   -0.756738  0.000000  1.0
    0.048393   -0.754738  0.000000  1.0
    0.048393   -0.752738  0.000000  1.0
    0.048393   -0.750738  0.000000  1.0
    0.048393   -0.748738  0.000000  1.0
    0.048393   -0.746738  0.000000  1.0
    0.048393   -0.744738  0.000000  1.0
    0.048393   -0.742738  0.000000  1.0
    0.048393   -0.740738  0.000000  1.0
    0.048393   -0.738738  0.000000  1.0
    0.048393   -0.736738  0.000000  1.0
    0.048393   -0.734738  0.000000  1.0
    0.048393   -0.732738  0.000000  1.0
    0.048393   -0.730738  0.000000  1.0
    0.048393   -0.728738  0.000000  1.0
    0.048393   -0.726738  0.000000  1.0
    0.048393   -0.724738  0.000000  1.0
    0.048393   -0.722738  0.000000  1.0
    0.048393   -0.720738  0.000000  1.0
    0.048393   -0.718738  0.000000  1.0
    0.048393   -0.716738  0.000000  1.0
    0.048393   -0.714738  0.000000  1.0
    0.048393   -0.712738  0.000000  1.0
    0.050393   -0.792738  0.000000  1.0
    0.050393   -0.790738  0.000000  1.0
    0.050393   -0.788738  0.000000  1.0
    0.050393   -0.786738  0.000000  1.0
    0.050393   -0.784738  0.000000  1.0
    0.050393   -0.782738  0.000000  1.0
    0.050393   -0.780738  0.000000  1.0
    0.050393   -0.778738  0.000000  1.0
    0.050393   -0.776738  0.000000  1.0
    0.050393   -0.774738  0.000000  1.0
    0.050393   -0.772738  0.000000  1.0
    0.050393   -0.770738  0.000000  1.0
    0.050393   -0.768738  0.000000  1.0
    0.050393   -0.766738  0.000000  1.0
    0.050393   -0.764738  0.000000  1.0
    0.050393   -0.762738  0.000000  1.0
    0.050393   -0.760738  0.000000  1.0
    0.050393   -0.758738  0.000000  1.0
    0.050393   -0.756738  0.000000  1.0
    0.050393   -0.754738  0.000000  1.0
    0.050393   -0.752738  0.000000  1.0
    0.050393   -0.750738  0.000000  1.0
    0.050393   -0.748738  0.000000  1.0
    0.050393   -0.746738  0.000000  1.0
    0.050393   -0.744738  0.000000  1.0
    0.050393   -0.742738  0.000000  1.0
    0.050393   -0.740738  0.000000  1.0
    0.050393   -0.738738  0.000000  1.0
    0.050393   -0.736738  0.000000  1.0
    0.050393   -0.734738  0.000000  1.0
    0.050393   -0.732738  0.000000  1.0
    0.050393   -0.730738  0.000000  1.0
    0.050393   -0.728738  0.000000  1.0
    0.050393   -0.726738  0.000000  1.0
    0.050393   -0.724738  0.000000  1.0
    0.050393   -0.722738  0.000000  1.0
    0.050393   -0.720738  0.000000  1.0
    0.050393   -0.718738  0.000000  1.0
    0.050393   -0.716738  0.000000  1.0
    0.050393   -0.714738  0.000000  1.0
    0.050393   -0.712738  0.000000  1.0
    0.052393   -0.792738  0.000000  1.0
    0.052393   -0.790738  0.000000  1.0
    0.052393   -0.788738  0.000000  1.0
    0.052393   -0.786738  0.000000  1.0
    0.052393   -0.784738  0.000000  1.0
    0.052393   -0.782738  0.000000  1.0
    0.052393   -0.780738  0.000000  1.0
    0.052393   -0.778738  0.000000  1.0
    0.052393   -0.776738  0.000000  1.0
    0.052393   -0.774738  0.000000  1.0
    0.052393   -0.772738  0.000000  1.0
    0.052393   -0.770738  0.000000  1.0
    0.052393   -0.768738  0.000000  1.0
    0.052393   -0.766738  0.000000  1.0
    0.052393   -0.764738  0.000000  1.0
    0.052393   -0.762738  0.000000  1.0
    0.052393   -0.760738  0.000000  1.0
    0.052393   -0.758738  0.000000  1.0
    0.052393   -0.756738  0.000000  1.0
    0.052393   -0.754738  0.000000  1.0
    0.052393   -0.752738  0.000000  1.0
    0.052393   -0.750738  0.000000  1.0
    0.052393   -0.748738  0.000000  1.0
    0.052393   -0.746738  0.000000  1.0
    0.052393   -0.744738  0.000000  1.0
    0.052393   -0.742738  0.000000  1.0
    0.052393   -0.740738  0.000000  1.0
    0.052393   -0.738738  0.000000  1.0
    0.052393   -0.736738  0.000000  1.0
    0.052393   -0.734738  0.000000  1.0
    0.052393   -0.732738  0.000000  1.0
    0.052393   -0.730738  0.000000  1.0
    0.052393   -0.728738  0.000000  1.0
    0.052393   -0.726738  0.000000  1.0
    0.052393   -0.724738  0.000000  1.0
    0.052393   -0.722738  0.000000  1.0
    0.052393   -0.720738  0.000000  1.0
    0.052393   -0.718738  0.000000  1.0
    0.052393   -0.716738  0.000000  1.0
    0.052393   -0.714738  0.000000  1.0
    0.052393   -0.712738  0.000000  1.0
    0.054393   -0.792738  0.000000  1.0
    0.054393   -0.790738  0.000000  1.0
    0.054393   -0.788738  0.000000  1.0
    0.054393   -0.786738  0.000000  1.0
    0.054393   -0.784738  0.000000  1.0
    0.054393   -0.782738  0.000000  1.0
    0.054393   -0.780738  0.000000  1.0
    0.054393   -0.778738  0.000000  1.0
    0.054393   -0.776738  0.000000  1.0
    0.054393   -0.774738  0.000000  1.0
    0.054393   -0.772738  0.000000  1.0
    0.054393   -0.770738  0.000000  1.0
    0.054393   -0.768738  0.000000  1.0
    0.054393   -0.766738  0.000000  1.0
    0.054393   -0.764738  0.000000  1.0
    0.054393   -0.762738  0.000000  1.0
    0.054393   -0.760738  0.000000  1.0
    0.054393   -0.758738  0.000000  1.0
    0.054393   -0.756738  0.000000  1.0
    0.054393   -0.754738  0.000000  1.0
    0.054393   -0.752738  0.000000  1.0
    0.054393   -0.750738  0.000000  1.0
    0.054393   -0.748738  0.000000  1.0
    0.054393   -0.746738  0.000000  1.0
    0.054393   -0.744738  0.000000  1.0
    0.054393   -0.742738  0.000000  1.0
    0.054393   -0.740738  0.000000  1.0
    0.054393   -0.738738  0.000000  1.0
    0.054393   -0.736738  0.000000  1.0
    0.054393   -0.734738  0.000000  1.0
    0.054393   -0.732738  0.000000  1.0
    0.054393   -0.730738  0.000000  1.0
    0.054393   -0.728738  0.000000  1.0
    0.054393   -0.726738  0.000000  1.0
    0.054393   -0.724738  0.000000  1.0
    0.054393   -0.722738  0.000000  1.0
    0.054393   -0.720738  0.000000  1.0
    0.054393   -0.718738  0.000000  1.0
    0.054393   -0.716738  0.000000  1.0
    0.054393   -0.714738  0.000000  1.0
    0.054393   -0.712738  0.000000  1.0
    0.056393   -0.792738  0.000000  1.0
    0.056393   -0.790738  0.000000  1.0
    0.056393   -0.788738  0.000000  1.0
    0.056393   -0.786738  0.000000  1.0
    0.056393   -0.784738  0.000000  1.0
    0.056393   -0.782738  0.000000  1.0
    0.056393   -0.780738  0.000000  1.0
    0.056393   -0.778738  0.000000  1.0
    0.056393   -0.776738  0.000000  1.0
    0.056393   -0.774738  0.000000  1.0
    0.056393   -0.772738  0.000000  1.0
    0.056393   -0.770738  0.000000  1.0
    0.056393   -0.768738  0.000000  1.0
    0.056393   -0.766738  0.000000  1.0
    0.056393   -0.764738  0.000000  1.0
    0.056393   -0.762738  0.000000  1.0
    0.056393   -0.760738  0.000000  1.0
    0.056393   -0.758738  0.000000  1.0
    0.056393   -0.756738  0.000000  1.0
    0.056393   -0.754738  0.000000  1.0
    0.056393   -0.752738  0.000000  1.0
    0.056393   -0.750738  0.000000  1.0
    0.056393   -0.748738  0.000000  1.0
    0.056393   -0.746738  0.000000  1.0
    0.056393   -0.744738  0.000000  1.0
    0.056393   -0.742738  0.000000  1.0
    0.056393   -0.740738  0.000000  1.0
    0.056393   -0.738738  0.000000  1.0
    0.056393   -0.736738  0.000000  1.0
    0.056393   -0.734738  0.000000  1.0
    0.056393   -0.732738  0.000000  1.0
    0.056393   -0.730738  0.000000  1.0
    0.056393   -0.728738  0.000000  1.0
    0.056393   -0.726738  0.000000  1.0
    0.056393   -0.724738  0.000000  1.0
    0.056393   -0.722738  0.000000  1.0
    0.056393   -0.720738  0.000000  1.0
    0.056393   -0.718738  0.000000  1.0
    0.056393   -0.716738  0.000000  1.0
    0.056393   -0.714738  0.000000  1.0
    0.056393   -0.712738  0.000000  1.0
