&CONTROL
  calculation = 'bands'
  prefix = 'graphene24.9zoom'
  outdir = './tmp'
  pseudo_dir = './'
  verbosity = 'high'
/
&SYSTEM
  ibrav = 0
  nat = 2
  ntyp = 1
  ecutwfc = 40.0
  nosym = .true.
  noinv = .true.
  nbnd = 8
/
&ELECTRONS
/
ATOMIC_SPECIES
  C  12.011 C.upf
CELL_PARAMETERS {bohr}
  5.777779  0.000000  0.000000
  2.888889  3.841574  0.000000
  0.000000  0.000000  28.346456
ATOMIC_POSITIONS {crystal}
  C  -0.000733  0.001466  0.000000
  C  0.334066  0.331867  0.000000
K_POINTS {tpiba}
1681
    0.074754   -0.792007  0.000000  1.0
    0.074754   -0.790007  0.000000  1.0
    0.074754   -0.788007  0.000000  1.0
    0.074754   -0.786007  0.000000  1.0
    0.074754   -0.784007  0.000000  1.0
    0.074754   -0.782007  0.000000  1.0
    0.074754   -0.780007  0.000000  1.0
    0.074754   -0.778007  0.000000  1.0
    0.074754   -0.776007  0.000000  1.0
    0.074754   -0.774007  0.000000  1.0
    0.074754   -0.772007  0.000000  1.0
    0.074754   -0.770007  0.000000  1.0
    0.074754   -0.768007  0.000000  1.0
    0.074754   -0.766007  0.000000  1.0
    0.074754   -0.764007  0.000000  1.0
    0.074754   -0.762007  0.000000  1.0
    0.074754   -0.760007  0.000000  1.0
    0.074754   -0.758007  0.000000  1.0
    0.074754   -0.756007  0.000000  1.0
    0.074754   -0.754007  0.000000  1.0
    0.074754   -0.752007  0.000000  1.0
    0.074754   -0.750007  0.000000  1.0
    0.074754   -0.748007  0.000000  1.0
    0.074754   -0.746007  0.000000  1.0
    0.074754   -0.744007  0.000000  1.0
    0.074754   -0.742007  0.000000  1.0
    0.074754   -0.740007  0.000000  1.0
    0.074754   -0.738007  0.000000  1.0
    0.074754   -0.736007  0.000000  1.0
    0.074754   -0.734007  0.000000  1.0
    0.074754   -0.732007  0.000000  1.0
    0.074754   -0.730007  0.000000  1.0
    0.074754   -0.728007  0.000000  1.0
    0.074754   -0.726007  0.000000  1.0
    0.074754   -0.724007  0.000000  1.0
    0.074754   -0.722007  0.000000  1.0
    0.074754   -0.720007  0.000000  1.0
    0.074754   -0.718007  0.000000  1.0
    0.074754   -0.716007  0.000000  1.0
    0.074754   -0.714007  0.000000  1.0
    0.074754   -0.712007  0.000000  1.0
    0.076754   -0.792007  0.000000  1.0
    0.076754   -0.790007  0.000000  1.0
    0.076754   -0.788007  0.000000  1.0
    0.076754   -0.786007  0.000000  1.0
    0.076754   -0.784007  0.000000  1.0
    0.076754   -0.782007  0.000000  1.0
    0.076754   -0.780007  0.000000  1.0
    0.076754   -0.778007  0.000000  1.0
    0.076754   -0.776007  0.000000  1.0
    0.076754   -0.774007  0.000000  1.0
    0.076754   -0.772007  0.000000  1.0
    0.076754   -0.770007  0.000000  1.0
    0.076754   -0.768007  0.000000  1.0
    0.076754   -0.766007  0.000000  1.0
    0.076754   -0.764007  0.000000  1.0
    0.076754   -0.762007  0.000000  1.0
    0.076754   -0.760007  0.000000  1.0
    0.076754   -0.758007  0.000000  1.0
    0.076754   -0.756007  0.000000  1.0
    0.076754   -0.754007  0.000000  1.0
    0.076754   -0.752007  0.000000  1.0
    0.076754   -0.750007  0.000000  1.0
    0.076754   -0.748007  0.000000  1.0
    0.076754   -0.746007  0.000000  1.0
    0.076754   -0.744007  0.000000  1.0
    0.076754   -0.742007  0.000000  1.0
    0.076754   -0.740007  0.000000  1.0
    0.076754   -0.738007  0.000000  1.0
    0.076754   -0.736007  0.000000  1.0
    0.076754   -0.734007  0.000000  1.0
    0.076754   -0.732007  0.000000  1.0
    0.076754   -0.730007  0.000000  1.0
    0.076754   -0.728007  0.000000  1.0
    0.076754   -0.726007  0.000000  1.0
    0.076754   -0.724007  0.000000  1.0
    0.076754   -0.722007  0.000000  1.0
    0.076754   -0.720007  0.000000  1.0
    0.076754   -0.718007  0.000000  1.0
    0.076754   -0.716007  0.000000  1.0
    0.076754   -0.714007  0.000000  1.0
    0.076754   -0.712007  0.000000  1.0
    0.078754   -0.792007  0.000000  1.0
    0.078754   -0.790007  0.000000  1.0
    0.078754   -0.788007  0.000000  1.0
    0.078754   -0.786007  0.000000  1.0
    0.078754   -0.784007  0.000000  1.0
    0.078754   -0.782007  0.000000  1.0
    0.078754   -0.780007  0.000000  1.0
    0.078754   -0.778007  0.000000  1.0
    0.078754   -0.776007  0.000000  1.0
    0.078754   -0.774007  0.000000  1.0
    0.078754   -0.772007  0.000000  1.0
    0.078754   -0.770007  0.000000  1.0
    0.078754   -0.768007  0.000000  1.0
    0.078754   -0.766007  0.000000  1.0
    0.078754   -0.764007  0.000000  1.0
    0.078754   -0.762007  0.000000  1.0
    0.078754   -0.760007  0.000000  1.0
    0.078754   -0.758007  0.000000  1.0
    0.078754   -0.756007  0.000000  1.0
    0.078754   -0.754007  0.000000  1.0
    0.078754   -0.752007  0.000000  1.0
    0.078754   -0.750007  0.000000  1.0
    0.078754   -0.748007  0.000000  1.0
    0.078754   -0.746007  0.000000  1.0
    0.078754   -0.744007  0.000000  1.0
    0.078754   -0.742007  0.000000  1.0
    0.078754   -0.740007  0.000000  1.0
    0.078754   -0.738007  0.000000  1.0
    0.078754   -0.736007  0.000000  1.0
    0.078754   -0.734007  0.000000  1.0
    0.078754   -0.732007  0.000000  1.0
    0.078754   -0.730007  0.000000  1.0
    0.078754   -0.728007  0.000000  1.0
    0.078754   -0.726007  0.000000  1.0
    0.078754   -0.724007  0.000000  1.0
    0.078754   -0.722007  0.000000  1.0
    0.078754   -0.720007  0.000000  1.0
    0.078754   -0.718007  0.000000  1.0
    0.078754   -0.716007  0.000000  1.0
    0.078754   -0.714007  0.000000  1.0
    0.078754   -0.712007  0.000000  1.0
    0.080754   -0.792007  0.000000  1.0
    0.080754   -0.790007  0.000000  1.0
    0.080754   -0.788007  0.000000  1.0
    0.080754   -0.786007  0.000000  1.0
    0.080754   -0.784007  0.000000  1.0
    0.080754   -0.782007  0.000000  1.0
    0.080754   -0.780007  0.000000  1.0
    0.080754   -0.778007  0.000000  1.0
    0.080754   -0.776007  0.000000  1.0
    0.080754   -0.774007  0.000000  1.0
    0.080754   -0.772007  0.000000  1.0
    0.080754   -0.770007  0.000000  1.0
    0.080754   -0.768007  0.000000  1.0
    0.080754   -0.766007  0.000000  1.0
    0.080754   -0.764007  0.000000  1.0
    0.080754   -0.762007  0.000000  1.0
    0.080754   -0.760007  0.000000  1.0
    0.080754   -0.758007  0.000000  1.0
    0.080754   -0.756007  0.000000  1.0
    0.080754   -0.754007  0.000000  1.0
    0.080754   -0.752007  0.000000  1.0
    0.080754   -0.750007  0.000000  1.0
    0.080754   -0.748007  0.000000  1.0
    0.080754   -0.746007  0.000000  1.0
    0.080754   -0.744007  0.000000  1.0
    0.080754   -0.742007  0.000000  1.0
    0.080754   -0.740007  0.000000  1.0
    0.080754   -0.738007  0.000000  1.0
    0.080754   -0.736007  0.000000  1.0
    0.080754   -0.734007  0.000000  1.0
    0.080754   -0.732007  0.000000  1.0
    0.080754   -0.730007  0.000000  1.0
    0.080754   -0.728007  0.000000  1.0
    0.080754   -0.726007  0.000000  1.0
    0.080754   -0.724007  0.000000  1.0
    0.080754   -0.722007  0.000000  1.0
    0.080754   -0.720007  0.000000  1.0
    0.080754   -0.718007  0.000000  1.0
    0.080754   -0.716007  0.000000  1.0
    0.080754   -0.714007  0.000000  1.0
    0.080754   -0.712007  0.000000  1.0
    0.082754   -0.792007  0.000000  1.0
    0.082754   -0.790007  0.000000  1.0
    0.082754   -0.788007  0.000000  1.0
    0.082754   -0.786007  0.000000  1.0
    0.082754   -0.784007  0.000000  1.0
    0.082754   -0.782007  0.000000  1.0
    0.082754   -0.780007  0.000000  1.0
    0.082754   -0.778007  0.000000  1.0
    0.082754   -0.776007  0.000000  1.0
    0.082754   -0.774007  0.000000  1.0
    0.082754   -0.772007  0.000000  1.0
    0.082754   -0.770007  0.000000  1.0
    0.082754   -0.768007  0.000000  1.0
    0.082754   -0.766007  0.000000  1.0
    0.082754   -0.764007  0.000000  1.0
    0.082754   -0.762007  0.000000  1.0
    0.082754   -0.760007  0.000000  1.0
    0.082754   -0.758007  0.000000  1.0
    0.082754   -0.756007  0.000000  1.0
    0.082754   -0.754007  0.000000  1.0
    0.082754   -0.752007  0.000000  1.0
    0.082754   -0.750007  0.000000  1.0
    0.082754   -0.748007  0.000000  1.0
    0.082754   -0.746007  0.000000  1.0
    0.082754   -0.744007  0.000000  1.0
    0.082754   -0.742007  0.000000  1.0
    0.082754   -0.740007  0.000000  1.0
    0.082754   -0.738007  0.000000  1.0
    0.082754   -0.736007  0.000000  1.0
    0.082754   -0.734007  0.000000  1.0
    0.082754   -0.732007  0.000000  1.0
    0.082754   -0.730007  0.000000  1.0
    0.082754   -0.728007  0.000000  1.0
    0.082754   -0.726007  0.000000  1.0
    0.082754   -0.724007  0.000000  1.0
    0.082754   -0.722007  0.000000  1.0
    0.082754   -0.720007  0.000000  1.0
    0.082754   -0.718007  0.000000  1.0
    0.082754   -0.716007  0.000000  1.0
    0.082754   -0.714007  0.000000  1.0
    0.082754   -0.712007  0.000000  1.0
    0.084754   -0.792007  0.000000  1.0
    0.084754   -0.790007  0.000000  1.0
    0.084754   -0.788007  0.000000  1.0
    0.084754   -0.786007  0.000000  1.0
    0.084754   -0.784007  0.000000  1.0
    0.084754   -0.782007  0.000000  1.0
    0.084754   -0.780007  0.000000  1.0
    0.084754   -0.778007  0.000000  1.0
    0.084754   -0.776007  0.000000  1.0
    0.084754   -0.774007  0.000000  1.0
    0.084754   -0.772007  0.000000  1.0
    0.084754   -0.770007  0.000000  1.0
    0.084754   -0.768007  0.000000  1.0
    0.084754   -0.766007  0.000000  1.0
    0.084754   -0.764007  0.000000  1.0
    0.084754   -0.762007  0.000000  1.0
    0.084754   -0.760007  0.000000  1.0
    0.084754   -0.758007  0.000000  1.0
    0.084754   -0.756007  0.000000  1.0
    0.084754   -0.754007  0.000000  1.0
    0.084754   -0.752007  0.000000  1.0
    0.084754   -0.750007  0.000000  1.0
    0.084754   -0.748007  0.000000  1.0
    0.084754   -0.746007  0.000000  1.0
    0.084754   -0.744007  0.000000  1.0
    0.084754   -0.742007  0.000000  1.0
    0.084754   -0.740007  0.000000  1.0
    0.084754   -0.738007  0.000000  1.0
    0.084754   -0.736007  0.000000  1.0
    0.084754   -0.734007  0.000000  1.0
    0.084754   -0.732007  0.000000  1.0
    0.084754   -0.730007  0.000000  1.0
    0.084754   -0.728007  0.000000  1.0
    0.084754   -0.726007  0.000000  1.0
    0.084754   -0.724007  0.000000  1.0
    0.084754   -0.722007  0.000000  1.0
    0.084754   -0.720007  0.000000  1.0
    0.084754   -0.718007  0.000000  1.0
    0.084754   -0.716007  0.000000  1.0
    0.084754   -0.714007  0.000000  1.0
    0.084754   -0.712007  0.000000  1.0
    0.086754   -0.792007  0.000000  1.0
    0.086754   -0.790007  0.000000  1.0
    0.086754   -0.788007  0.000000  1.0
    0.086754   -0.786007  0.000000  1.0
    0.086754   -0.784007  0.000000  1.0
    0.086754   -0.782007  0.000000  1.0
    0.086754   -0.780007  0.000000  1.0
    0.086754   -0.778007  0.000000  1.0
    0.086754   -0.776007  0.000000  1.0
    0.086754   -0.774007  0.000000  1.0
    0.086754   -0.772007  0.000000  1.0
    0.086754   -0.770007  0.000000  1.0
    0.086754   -0.768007  0.000000  1.0
    0.086754   -0.766007  0.000000  1.0
    0.086754   -0.764007  0.000000  1.0
    0.086754   -0.762007  0.000000  1.0
    0.086754   -0.760007  0.000000  1.0
    0.086754   -0.758007  0.000000  1.0
    0.086754   -0.756007  0.000000  1.0
    0.086754   -0.754007  0.000000  1.0
    0.086754   -0.752007  0.000000  1.0
    0.086754   -0.750007  0.000000  1.0
    0.086754   -0.748007  0.000000  1.0
    0.086754   -0.746007  0.000000  1.0
    0.086754   -0.744007  0.000000  1.0
    0.086754   -0.742007  0.000000  1.0
    0.086754   -0.740007  0.000000  1.0
    0.086754   -0.738007  0.000000  1.0
    0.086754   -0.736007  0.000000  1.0
    0.086754   -0.734007  0.000000  1.0
    0.086754   -0.732007  0.000000  1.0
    0.086754   -0.730007  0.000000  1.0
    0.086754   -0.728007  0.000000  1.0
    0.086754   -0.726007  0.000000  1.0
    0.086754   -0.724007  0.000000  1.0
    0.086754   -0.722007  0.000000  1.0
    0.086754   -0.720007  0.000000  1.0
    0.086754   -0.718007  0.000000  1.0
    0.086754   -0.716007  0.000000  1.0
    0.086754   -0.714007  0.000000  1.0
    0.086754   -0.712007  0.000000  1.0
    0.088754   -0.792007  0.000000  1.0
    0.088754   -0.790007  0.000000  1.0
    0.088754   -0.788007  0.000000  1.0
    0.088754   -0.786007  0.000000  1.0
    0.088754   -0.784007  0.000000  1.0
    0.088754   -0.782007  0.000000  1.0
    0.088754   -0.780007  0.000000  1.0
    0.088754   -0.778007  0.000000  1.0
    0.088754   -0.776007  0.000000  1.0
    0.088754   -0.774007  0.000000  1.0
    0.088754   -0.772007  0.000000  1.0
    0.088754   -0.770007  0.000000  1.0
    0.088754   -0.768007  0.000000  1.0
    0.088754   -0.766007  0.000000  1.0
    0.088754   -0.764007  0.000000  1.0
    0.088754   -0.762007  0.000000  1.0
    0.088754   -0.760007  0.000000  1.0
    0.088754   -0.758007  0.000000  1.0
    0.088754   -0.756007  0.000000  1.0
    0.088754   -0.754007  0.000000  1.0
    0.088754   -0.752007  0.000000  1.0
    0.088754   -0.750007  0.000000  1.0
    0.088754   -0.748007  0.000000  1.0
    0.088754   -0.746007  0.000000  1.0
    0.088754   -0.744007  0.000000  1.0
    0.088754   -0.742007  0.000000  1.0
    0.088754   -0.740007  0.000000  1.0
    0.088754   -0.738007  0.000000  1.0
    0.088754   -0.736007  0.000000  1.0
    0.088754   -0.734007  0.000000  1.0
    0.088754   -0.732007  0.000000  1.0
    0.088754   -0.730007  0.000000  1.0
    0.088754   -0.728007  0.000000  1.0
    0.088754   -0.726007  0.000000  1.0
    0.088754   -0.724007  0.000000  1.0
    0.088754   -0.722007  0.000000  1.0
    0.088754   -0.720007  0.000000  1.0
    0.088754   -0.718007  0.000000  1.0
    0.088754   -0.716007  0.000000  1.0
    0.088754   -0.714007  0.000000  1.0
    0.088754   -0.712007  0.000000  1.0
    0.090754   -0.792007  0.000000  1.0
    0.090754   -0.790007  0.000000  1.0
    0.090754   -0.788007  0.000000  1.0
    0.090754   -0.786007  0.000000  1.0
    0.090754   -0.784007  0.000000  1.0
    0.090754   -0.782007  0.000000  1.0
    0.090754   -0.780007  0.000000  1.0
    0.090754   -0.778007  0.000000  1.0
    0.090754   -0.776007  0.000000  1.0
    0.090754   -0.774007  0.000000  1.0
    0.090754   -0.772007  0.000000  1.0
    0.090754   -0.770007  0.000000  1.0
    0.090754   -0.768007  0.000000  1.0
    0.090754   -0.766007  0.000000  1.0
    0.090754   -0.764007  0.000000  1.0
    0.090754   -0.762007  0.000000  1.0
    0.090754   -0.760007  0.000000  1.0
    0.090754   -0.758007  0.000000  1.0
    0.090754   -0.756007  0.000000  1.0
    0.090754   -0.754007  0.000000  1.0
    0.090754   -0.752007  0.000000  1.0
    0.090754   -0.750007  0.000000  1.0
    0.090754   -0.748007  0.000000  1.0
    0.090754   -0.746007  0.000000  1.0
    0.090754   -0.744007  0.000000  1.0
    0.090754   -0.742007  0.000000  1.0
    0.090754   -0.740007  0.000000  1.0
    0.090754   -0.738007  0.000000  1.0
    0.090754   -0.736007  0.000000  1.0
    0.090754   -0.734007  0.000000  1.0
    0.090754   -0.732007  0.000000  1.0
    0.090754   -0.730007  0.000000  1.0
    0.090754   -0.728007  0.000000  1.0
    0.090754   -0.726007  0.000000  1.0
    0.090754   -0.724007  0.000000  1.0
    0.090754   -0.722007  0.000000  1.0
    0.090754   -0.720007  0.000000  1.0
    0.090754   -0.718007  0.000000  1.0
    0.090754   -0.716007  0.000000  1.0
    0.090754   -0.714007  0.000000  1.0
    0.090754   -0.712007  0.000000  1.0
    0.092754   -0.792007  0.000000  1.0
    0.092754   -0.790007  0.000000  1.0
    0.092754   -0.788007  0.000000  1.0
    0.092754   -0.786007  0.000000  1.0
    0.092754   -0.784007  0.000000  1.0
    0.092754   -0.782007  0.000000  1.0
    0.092754   -0.780007  0.000000  1.0
    0.092754   -0.778007  0.000000  1.0
    0.092754   -0.776007  0.000000  1.0
    0.092754   -0.774007  0.000000  1.0
    0.092754   -0.772007  0.000000  1.0
    0.092754   -0.770007  0.000000  1.0
    0.092754   -0.768007  0.000000  1.0
    0.092754   -0.766007  0.000000  1.0
    0.092754   -0.764007  0.000000  1.0
    0.092754   -0.762007  0.000000  1.0
    0.092754   -0.760007  0.000000  1.0
    0.092754   -0.758007  0.000000  1.0
    0.092754   -0.756007  0.000000  1.0
    0.092754   -0.754007  0.000000  1.0
    0.092754   -0.752007  0.000000  1.0
    0.092754   -0.750007  0.000000  1.0
    0.092754   -0.748007  0.000000  1.0
    0.092754   -0.746007  0.000000  1.0
    0.092754   -0.744007  0.000000  1.0
    0.092754   -0.742007  0.000000  1.0
    0.092754   -0.740007  0.000000  1.0
    0.092754   -0.738007  0.000000  1.0
    0.092754   -0.736007  0.000000  1.0
    0.092754   -0.734007  0.000000  1.0
    0.092754   -0.732007  0.000000  1.0
    0.092754   -0.730007  0.000000  1.0
    0.092754   -0.728007  0.000000  1.0
    0.092754   -0.726007  0.000000  1.0
    0.092754   -0.724007  0.000000  1.0
    0.092754   -0.722007  0.000000  1.0
    0.092754   -0.720007  0.000000  1.0
    0.092754   -0.718007  0.000000  1.0
    0.092754   -0.716007  0.000000  1.0
    0.092754   -0.714007  0.000000  1.0
    0.092754   -0.712007  0.000000  1.0
    0.094754   -0.792007  0.000000  1.0
    0.094754   -0.790007  0.000000  1.0
    0.094754   -0.788007  0.000000  1.0
    0.094754   -0.786007  0.000000  1.0
    0.094754   -0.784007  0.000000  1.0
    0.094754   -0.782007  0.000000  1.0
    0.094754   -0.780007  0.000000  1.0
    0.094754   -0.778007  0.000000  1.0
    0.094754   -0.776007  0.000000  1.0
    0.094754   -0.774007  0.000000  1.0
    0.094754   -0.772007  0.000000  1.0
    0.094754   -0.770007  0.000000  1.0
    0.094754   -0.768007  0.000000  1.0
    0.094754   -0.766007  0.000000  1.0
    0.094754   -0.764007  0.000000  1.0
    0.094754   -0.762007  0.000000  1.0
    0.094754   -0.760007  0.000000  1.0
    0.094754   -0.758007  0.000000  1.0
    0.094754   -0.756007  0.000000  1.0
    0.094754   -0.754007  0.000000  1.0
    0.094754   -0.752007  0.000000  1.0
    0.094754   -0.750007  0.000000  1.0
    0.094754   -0.748007  0.000000  1.0
    0.094754   -0.746007  0.000000  1.0
    0.094754   -0.744007  0.000000  1.0
    0.094754   -0.742007  0.000000  1.0
    0.094754   -0.740007  0.000000  1.0
    0.094754   -0.738007  0.000000  1.0
    0.094754   -0.736007  0.000000  1.0
    0.094754   -0.734007  0.000000  1.0
    0.094754   -0.732007  0.000000  1.0
    0.094754   -0.730007  0.000000  1.0
    0.094754   -0.728007  0.000000  1.0
    0.094754   -0.726007  0.000000  1.0
    0.094754   -0.724007  0.000000  1.0
    0.094754   -0.722007  0.000000  1.0
    0.094754   -0.720007  0.000000  1.0
    0.094754   -0.718007  0.000000  1.0
    0.094754   -0.716007  0.000000  1.0
    0.094754   -0.714007  0.000000  1.0
    0.094754   -0.712007  0.000000  1.0
    0.096754   -0.792007  0.000000  1.0
    0.096754   -0.790007  0.000000  1.0
    0.096754   -0.788007  0.000000  1.0
    0.096754   -0.786007  0.000000  1.0
    0.096754   -0.784007  0.000000  1.0
    0.096754   -0.782007  0.000000  1.0
    0.096754   -0.780007  0.000000  1.0
    0.096754   -0.778007  0.000000  1.0
    0.096754   -0.776007  0.000000  1.0
    0.096754   -0.774007  0.000000  1.0
    0.096754   -0.772007  0.000000  1.0
    0.096754   -0.770007  0.000000  1.0
    0.096754   -0.768007  0.000000  1.0
    0.096754   -0.766007  0.000000  1.0
    0.096754   -0.764007  0.000000  1.0
    0.096754   -0.762007  0.000000  1.0
    0.096754   -0.760007  0.000000  1.0
    0.096754   -0.758007  0.000000  1.0
    0.096754   -0.756007  0.000000  1.0
    0.096754   -0.754007  0.000000  1.0
    0.096754   -0.752007  0.000000  1.0
    0.096754   -0.750007  0.000000  1.0
    0.096754   -0.748007  0.000000  1.0
    0.096754   -0.746007  0.000000  1.0
    0.096754   -0.744007  0.000000  1.0
    0.096754   -0.742007  0.000000  1.0
    0.096754   -0.740007  0.000000  1.0
    0.096754   -0.738007  0.000000  1.0
    0.096754   -0.736007  0.000000  1.0
    0.096754   -0.734007  0.000000  1.0
    0.096754   -0.732007  0.000000  1.0
    0.096754   -0.730007  0.000000  1.0
    0.096754   -0.728007  0.000000  1.0
    0.096754   -0.726007  0.000000  1.0
    0.096754   -0.724007  0.000000  1.0
    0.096754   -0.722007  0.000000  1.0
    0.096754   -0.720007  0.000000  1.0
    0.096754   -0.718007  0.000000  1.0
    0.096754   -0.716007  0.000000  1.0
    0.096754   -0.714007  0.000000  1.0
    0.096754   -0.712007  0.000000  1.0
    0.098754   -0.792007  0.000000  1.0
    0.098754   -0.790007  0.000000  1.0
    0.098754   -0.788007  0.000000  1.0
    0.098754   -0.786007  0.000000  1.0
    0.098754   -0.784007  0.000000  1.0
    0.098754   -0.782007  0.000000  1.0
    0.098754   -0.780007  0.000000  1.0
    0.098754   -0.778007  0.000000  1.0
    0.098754   -0.776007  0.000000  1.0
    0.098754   -0.774007  0.000000  1.0
    0.098754   -0.772007  0.000000  1.0
    0.098754   -0.770007  0.000000  1.0
    0.098754   -0.768007  0.000000  1.0
    0.098754   -0.766007  0.000000  1.0
    0.098754   -0.764007  0.000000  1.0
    0.098754   -0.762007  0.000000  1.0
    0.098754   -0.760007  0.000000  1.0
    0.098754   -0.758007  0.000000  1.0
    0.098754   -0.756007  0.000000  1.0
    0.098754   -0.754007  0.000000  1.0
    0.098754   -0.752007  0.000000  1.0
    0.098754   -0.750007  0.000000  1.0
    0.098754   -0.748007  0.000000  1.0
    0.098754   -0.746007  0.000000  1.0
    0.098754   -0.744007  0.000000  1.0
    0.098754   -0.742007  0.000000  1.0
    0.098754   -0.740007  0.000000  1.0
    0.098754   -0.738007  0.000000  1.0
    0.098754   -0.736007  0.000000  1.0
    0.098754   -0.734007  0.000000  1.0
    0.098754   -0.732007  0.000000  1.0
    0.098754   -0.730007  0.000000  1.0
    0.098754   -0.728007  0.000000  1.0
    0.098754   -0.726007  0.000000  1.0
    0.098754   -0.724007  0.000000  1.0
    0.098754   -0.722007  0.000000  1.0
    0.098754   -0.720007  0.000000  1.0
    0.098754   -0.718007  0.000000  1.0
    0.098754   -0.716007  0.000000  1.0
    0.098754   -0.714007  0.000000  1.0
    0.098754   -0.712007  0.000000  1.0
    0.100754   -0.792007  0.000000  1.0
    0.100754   -0.790007  0.000000  1.0
    0.100754   -0.788007  0.000000  1.0
    0.100754   -0.786007  0.000000  1.0
    0.100754   -0.784007  0.000000  1.0
    0.100754   -0.782007  0.000000  1.0
    0.100754   -0.780007  0.000000  1.0
    0.100754   -0.778007  0.000000  1.0
    0.100754   -0.776007  0.000000  1.0
    0.100754   -0.774007  0.000000  1.0
    0.100754   -0.772007  0.000000  1.0
    0.100754   -0.770007  0.000000  1.0
    0.100754   -0.768007  0.000000  1.0
    0.100754   -0.766007  0.000000  1.0
    0.100754   -0.764007  0.000000  1.0
    0.100754   -0.762007  0.000000  1.0
    0.100754   -0.760007  0.000000  1.0
    0.100754   -0.758007  0.000000  1.0
    0.100754   -0.756007  0.000000  1.0
    0.100754   -0.754007  0.000000  1.0
    0.100754   -0.752007  0.000000  1.0
    0.100754   -0.750007  0.000000  1.0
    0.100754   -0.748007  0.000000  1.0
    0.100754   -0.746007  0.000000  1.0
    0.100754   -0.744007  0.000000  1.0
    0.100754   -0.742007  0.000000  1.0
    0.100754   -0.740007  0.000000  1.0
    0.100754   -0.738007  0.000000  1.0
    0.100754   -0.736007  0.000000  1.0
    0.100754   -0.734007  0.000000  1.0
    0.100754   -0.732007  0.000000  1.0
    0.100754   -0.730007  0.000000  1.0
    0.100754   -0.728007  0.000000  1.0
    0.100754   -0.726007  0.000000  1.0
    0.100754   -0.724007  0.000000  1.0
    0.100754   -0.722007  0.000000  1.0
    0.100754   -0.720007  0.000000  1.0
    0.100754   -0.718007  0.000000  1.0
    0.100754   -0.716007  0.000000  1.0
    0.100754   -0.714007  0.000000  1.0
    0.100754   -0.712007  0.000000  1.0
    0.102754   -0.792007  0.000000  1.0
    0.102754   -0.790007  0.000000  1.0
    0.102754   -0.788007  0.000000  1.0
    0.102754   -0.786007  0.000000  1.0
    0.102754   -0.784007  0.000000  1.0
    0.102754   -0.782007  0.000000  1.0
    0.102754   -0.780007  0.000000  1.0
    0.102754   -0.778007  0.000000  1.0
    0.102754   -0.776007  0.000000  1.0
    0.102754   -0.774007  0.000000  1.0
    0.102754   -0.772007  0.000000  1.0
    0.102754   -0.770007  0.000000  1.0
    0.102754   -0.768007  0.000000  1.0
    0.102754   -0.766007  0.000000  1.0
    0.102754   -0.764007  0.000000  1.0
    0.102754   -0.762007  0.000000  1.0
    0.102754   -0.760007  0.000000  1.0
    0.102754   -0.758007  0.000000  1.0
    0.102754   -0.756007  0.000000  1.0
    0.102754   -0.754007  0.000000  1.0
    0.102754   -0.752007  0.000000  1.0
    0.102754   -0.750007  0.000000  1.0
    0.102754   -0.748007  0.000000  1.0
    0.102754   -0.746007  0.000000  1.0
    0.102754   -0.744007  0.000000  1.0
    0.102754   -0.742007  0.000000  1.0
    0.102754   -0.740007  0.000000  1.0
    0.102754   -0.738007  0.000000  1.0
    0.102754   -0.736007  0.000000  1.0
    0.102754   -0.734007  0.000000  1.0
    0.102754   -0.732007  0.000000  1.0
    0.102754   -0.730007  0.000000  1.0
    0.102754   -0.728007  0.000000  1.0
    0.102754   -0.726007  0.000000  1.0
    0.102754   -0.724007  0.000000  1.0
    0.102754   -0.722007  0.000000  1.0
    0.102754   -0.720007  0.000000  1.0
    0.102754   -0.718007  0.000000  1.0
    0.102754   -0.716007  0.000000  1.0
    0.102754   -0.714007  0.000000  1.0
    0.102754   -0.712007  0.000000  1.0
    0.104754   -0.792007  0.000000  1.0
    0.104754   -0.790007  0.000000  1.0
    0.104754   -0.788007  0.000000  1.0
    0.104754   -0.786007  0.000000  1.0
    0.104754   -0.784007  0.000000  1.0
    0.104754   -0.782007  0.000000  1.0
    0.104754   -0.780007  0.000000  1.0
    0.104754   -0.778007  0.000000  1.0
    0.104754   -0.776007  0.000000  1.0
    0.104754   -0.774007  0.000000  1.0
    0.104754   -0.772007  0.000000  1.0
    0.104754   -0.770007  0.000000  1.0
    0.104754   -0.768007  0.000000  1.0
    0.104754   -0.766007  0.000000  1.0
    0.104754   -0.764007  0.000000  1.0
    0.104754   -0.762007  0.000000  1.0
    0.104754   -0.760007  0.000000  1.0
    0.104754   -0.758007  0.000000  1.0
    0.104754   -0.756007  0.000000  1.0
    0.104754   -0.754007  0.000000  1.0
    0.104754   -0.752007  0.000000  1.0
    0.104754   -0.750007  0.000000  1.0
    0.104754   -0.748007  0.000000  1.0
    0.104754   -0.746007  0.000000  1.0
    0.104754   -0.744007  0.000000  1.0
    0.104754   -0.742007  0.000000  1.0
    0.104754   -0.740007  0.000000  1.0
    0.104754   -0.738007  0.000000  1.0
    0.104754   -0.736007  0.000000  1.0
    0.104754   -0.734007  0.000000  1.0
    0.104754   -0.732007  0.000000  1.0
    0.104754   -0.730007  0.000000  1.0
    0.104754   -0.728007  0.000000  1.0
    0.104754   -0.726007  0.000000  1.0
    0.104754   -0.724007  0.000000  1.0
    0.104754   -0.722007  0.000000  1.0
    0.104754   -0.720007  0.000000  1.0
    0.104754   -0.718007  0.000000  1.0
    0.104754   -0.716007  0.000000  1.0
    0.104754   -0.714007  0.000000  1.0
    0.104754   -0.712007  0.000000  1.0
    0.106754   -0.792007  0.000000  1.0
    0.106754   -0.790007  0.000000  1.0
    0.106754   -0.788007  0.000000  1.0
    0.106754   -0.786007  0.000000  1.0
    0.106754   -0.784007  0.000000  1.0
    0.106754   -0.782007  0.000000  1.0
    0.106754   -0.780007  0.000000  1.0
    0.106754   -0.778007  0.000000  1.0
    0.106754   -0.776007  0.000000  1.0
    0.106754   -0.774007  0.000000  1.0
    0.106754   -0.772007  0.000000  1.0
    0.106754   -0.770007  0.000000  1.0
    0.106754   -0.768007  0.000000  1.0
    0.106754   -0.766007  0.000000  1.0
    0.106754   -0.764007  0.000000  1.0
    0.106754   -0.762007  0.000000  1.0
    0.106754   -0.760007  0.000000  1.0
    0.106754   -0.758007  0.000000  1.0
    0.106754   -0.756007  0.000000  1.0
    0.106754   -0.754007  0.000000  1.0
    0.106754   -0.752007  0.000000  1.0
    0.106754   -0.750007  0.000000  1.0
    0.106754   -0.748007  0.000000  1.0
    0.106754   -0.746007  0.000000  1.0
    0.106754   -0.744007  0.000000  1.0
    0.106754   -0.742007  0.000000  1.0
    0.106754   -0.740007  0.000000  1.0
    0.106754   -0.738007  0.000000  1.0
    0.106754   -0.736007  0.000000  1.0
    0.106754   -0.734007  0.000000  1.0
    0.106754   -0.732007  0.000000  1.0
    0.106754   -0.730007  0.000000  1.0
    0.106754   -0.728007  0.000000  1.0
    0.106754   -0.726007  0.000000  1.0
    0.106754   -0.724007  0.000000  1.0
    0.106754   -0.722007  0.000000  1.0
    0.106754   -0.720007  0.000000  1.0
    0.106754   -0.718007  0.000000  1.0
    0.106754   -0.716007  0.000000  1.0
    0.106754   -0.714007  0.000000  1.0
    0.106754   -0.712007  0.000000  1.0
    0.108754   -0.792007  0.000000  1.0
    0.108754   -0.790007  0.000000  1.0
    0.108754   -0.788007  0.000000  1.0
    0.108754   -0.786007  0.000000  1.0
    0.108754   -0.784007  0.000000  1.0
    0.108754   -0.782007  0.000000  1.0
    0.108754   -0.780007  0.000000  1.0
    0.108754   -0.778007  0.000000  1.0
    0.108754   -0.776007  0.000000  1.0
    0.108754   -0.774007  0.000000  1.0
    0.108754   -0.772007  0.000000  1.0
    0.108754   -0.770007  0.000000  1.0
    0.108754   -0.768007  0.000000  1.0
    0.108754   -0.766007  0.000000  1.0
    0.108754   -0.764007  0.000000  1.0
    0.108754   -0.762007  0.000000  1.0
    0.108754   -0.760007  0.000000  1.0
    0.108754   -0.758007  0.000000  1.0
    0.108754   -0.756007  0.000000  1.0
    0.108754   -0.754007  0.000000  1.0
    0.108754   -0.752007  0.000000  1.0
    0.108754   -0.750007  0.000000  1.0
    0.108754   -0.748007  0.000000  1.0
    0.108754   -0.746007  0.000000  1.0
    0.108754   -0.744007  0.000000  1.0
    0.108754   -0.742007  0.000000  1.0
    0.108754   -0.740007  0.000000  1.0
    0.108754   -0.738007  0.000000  1.0
    0.108754   -0.736007  0.000000  1.0
    0.108754   -0.734007  0.000000  1.0
    0.108754   -0.732007  0.000000  1.0
    0.108754   -0.730007  0.000000  1.0
    0.108754   -0.728007  0.000000  1.0
    0.108754   -0.726007  0.000000  1.0
    0.108754   -0.724007  0.000000  1.0
    0.108754   -0.722007  0.000000  1.0
    0.108754   -0.720007  0.000000  1.0
    0.108754   -0.718007  0.000000  1.0
    0.108754   -0.716007  0.000000  1.0
    0.108754   -0.714007  0.000000  1.0
    0.108754   -0.712007  0.000000  1.0
    0.110754   -0.792007  0.000000  1.0
    0.110754   -0.790007  0.000000  1.0
    0.110754   -0.788007  0.000000  1.0
    0.110754   -0.786007  0.000000  1.0
    0.110754   -0.784007  0.000000  1.0
    0.110754   -0.782007  0.000000  1.0
    0.110754   -0.780007  0.000000  1.0
    0.110754   -0.778007  0.000000  1.0
    0.110754   -0.776007  0.000000  1.0
    0.110754   -0.774007  0.000000  1.0
    0.110754   -0.772007  0.000000  1.0
    0.110754   -0.770007  0.000000  1.0
    0.110754   -0.768007  0.000000  1.0
    0.110754   -0.766007  0.000000  1.0
    0.110754   -0.764007  0.000000  1.0
    0.110754   -0.762007  0.000000  1.0
    0.110754   -0.760007  0.000000  1.0
    0.110754   -0.758007  0.000000  1.0
    0.110754   -0.756007  0.000000  1.0
    0.110754   -0.754007  0.000000  1.0
    0.110754   -0.752007  0.000000  1.0
    0.110754   -0.750007  0.000000  1.0
    0.110754   -0.748007  0.000000  1.0
    0.110754   -0.746007  0.000000  1.0
    0.110754   -0.744007  0.000000  1.0
    0.110754   -0.742007  0.000000  1.0
    0.110754   -0.740007  0.000000  1.0
    0.110754   -0.738007  0.000000  1.0
    0.110754   -0.736007  0.000000  1.0
    0.110754   -0.734007  0.000000  1.0
    0.110754   -0.732007  0.000000  1.0
    0.110754   -0.730007  0.000000  1.0
    0.110754   -0.728007  0.000000  1.0
    0.110754   -0.726007  0.000000  1.0
    0.110754   -0.724007  0.000000  1.0
    0.110754   -0.722007  0.000000  1.0
    0.110754   -0.720007  0.000000  1.0
    0.110754   -0.718007  0.000000  1.0
    0.110754   -0.716007  0.000000  1.0
    0.110754   -0.714007  0.000000  1.0
    0.110754   -0.712007  0.000000  1.0
    0.112754   -0.792007  0.000000  1.0
    0.112754   -0.790007  0.000000  1.0
    0.112754   -0.788007  0.000000  1.0
    0.112754   -0.786007  0.000000  1.0
    0.112754   -0.784007  0.000000  1.0
    0.112754   -0.782007  0.000000  1.0
    0.112754   -0.780007  0.000000  1.0
    0.112754   -0.778007  0.000000  1.0
    0.112754   -0.776007  0.000000  1.0
    0.112754   -0.774007  0.000000  1.0
    0.112754   -0.772007  0.000000  1.0
    0.112754   -0.770007  0.000000  1.0
    0.112754   -0.768007  0.000000  1.0
    0.112754   -0.766007  0.000000  1.0
    0.112754   -0.764007  0.000000  1.0
    0.112754   -0.762007  0.000000  1.0
    0.112754   -0.760007  0.000000  1.0
    0.112754   -0.758007  0.000000  1.0
    0.112754   -0.756007  0.000000  1.0
    0.112754   -0.754007  0.000000  1.0
    0.112754   -0.752007  0.000000  1.0
    0.112754   -0.750007  0.000000  1.0
    0.112754   -0.748007  0.000000  1.0
    0.112754   -0.746007  0.000000  1.0
    0.112754   -0.744007  0.000000  1.0
    0.112754   -0.742007  0.000000  1.0
    0.112754   -0.740007  0.000000  1.0
    0.112754   -0.738007  0.000000  1.0
    0.112754   -0.736007  0.000000  1.0
    0.112754   -0.734007  0.000000  1.0
    0.112754   -0.732007  0.000000  1.0
    0.112754   -0.730007  0.000000  1.0
    0.112754   -0.728007  0.000000  1.0
    0.112754   -0.726007  0.000000  1.0
    0.112754   -0.724007  0.000000  1.0
    0.112754   -0.722007  0.000000  1.0
    0.112754   -0.720007  0.000000  1.0
    0.112754   -0.718007  0.000000  1.0
    0.112754   -0.716007  0.000000  1.0
    0.112754   -0.714007  0.000000  1.0
    0.112754   -0.712007  0.000000  1.0
    0.114754   -0.792007  0.000000  1.0
    0.114754   -0.790007  0.000000  1.0
    0.114754   -0.788007  0.000000  1.0
    0.114754   -0.786007  0.000000  1.0
    0.114754   -0.784007  0.000000  1.0
    0.114754   -0.782007  0.000000  1.0
    0.114754   -0.780007  0.000000  1.0
    0.114754   -0.778007  0.000000  1.0
    0.114754   -0.776007  0.000000  1.0
    0.114754   -0.774007  0.000000  1.0
    0.114754   -0.772007  0.000000  1.0
    0.114754   -0.770007  0.000000  1.0
    0.114754   -0.768007  0.000000  1.0
    0.114754   -0.766007  0.000000  1.0
    0.114754   -0.764007  0.000000  1.0
    0.114754   -0.762007  0.000000  1.0
    0.114754   -0.760007  0.000000  1.0
    0.114754   -0.758007  0.000000  1.0
    0.114754   -0.756007  0.000000  1.0
    0.114754   -0.754007  0.000000  1.0
    0.114754   -0.752007  0.000000  1.0
    0.114754   -0.750007  0.000000  1.0
    0.114754   -0.748007  0.000000  1.0
    0.114754   -0.746007  0.000000  1.0
    0.114754   -0.744007  0.000000  1.0
    0.114754   -0.742007  0.000000  1.0
    0.114754   -0.740007  0.000000  1.0
    0.114754   -0.738007  0.000000  1.0
    0.114754   -0.736007  0.000000  1.0
    0.114754   -0.734007  0.000000  1.0
    0.114754   -0.732007  0.000000  1.0
    0.114754   -0.730007  0.000000  1.0
    0.114754   -0.728007  0.000000  1.0
    0.114754   -0.726007  0.000000  1.0
    0.114754   -0.724007  0.000000  1.0
    0.114754   -0.722007  0.000000  1.0
    0.114754   -0.720007  0.000000  1.0
    0.114754   -0.718007  0.000000  1.0
    0.114754   -0.716007  0.000000  1.0
    0.114754   -0.714007  0.000000  1.0
    0.114754   -0.712007  0.000000  1.0
    0.116754   -0.792007  0.000000  1.0
    0.116754   -0.790007  0.000000  1.0
    0.116754   -0.788007  0.000000  1.0
    0.116754   -0.786007  0.000000  1.0
    0.116754   -0.784007  0.000000  1.0
    0.116754   -0.782007  0.000000  1.0
    0.116754   -0.780007  0.000000  1.0
    0.116754   -0.778007  0.000000  1.0
    0.116754   -0.776007  0.000000  1.0
    0.116754   -0.774007  0.000000  1.0
    0.116754   -0.772007  0.000000  1.0
    0.116754   -0.770007  0.000000  1.0
    0.116754   -0.768007  0.000000  1.0
    0.116754   -0.766007  0.000000  1.0
    0.116754   -0.764007  0.000000  1.0
    0.116754   -0.762007  0.000000  1.0
    0.116754   -0.760007  0.000000  1.0
    0.116754   -0.758007  0.000000  1.0
    0.116754   -0.756007  0.000000  1.0
    0.116754   -0.754007  0.000000  1.0
    0.116754   -0.752007  0.000000  1.0
    0.116754   -0.750007  0.000000  1.0
    0.116754   -0.748007  0.000000  1.0
    0.116754   -0.746007  0.000000  1.0
    0.116754   -0.744007  0.000000  1.0
    0.116754   -0.742007  0.000000  1.0
    0.116754   -0.740007  0.000000  1.0
    0.116754   -0.738007  0.000000  1.0
    0.116754   -0.736007  0.000000  1.0
    0.116754   -0.734007  0.000000  1.0
    0.116754   -0.732007  0.000000  1.0
    0.116754   -0.730007  0.000000  1.0
    0.116754   -0.728007  0.000000  1.0
    0.116754   -0.726007  0.000000  1.0
    0.116754   -0.724007  0.000000  1.0
    0.116754   -0.722007  0.000000  1.0
    0.116754   -0.720007  0.000000  1.0
    0.116754   -0.718007  0.000000  1.0
    0.116754   -0.716007  0.000000  1.0
    0.116754   -0.714007  0.000000  1.0
    0.116754   -0.712007  0.000000  1.0
    0.118754   -0.792007  0.000000  1.0
    0.118754   -0.790007  0.000000  1.0
    0.118754   -0.788007  0.000000  1.0
    0.118754   -0.786007  0.000000  1.0
    0.118754   -0.784007  0.000000  1.0
    0.118754   -0.782007  0.000000  1.0
    0.118754   -0.780007  0.000000  1.0
    0.118754   -0.778007  0.000000  1.0
    0.118754   -0.776007  0.000000  1.0
    0.118754   -0.774007  0.000000  1.0
    0.118754   -0.772007  0.000000  1.0
    0.118754   -0.770007  0.000000  1.0
    0.118754   -0.768007  0.000000  1.0
    0.118754   -0.766007  0.000000  1.0
    0.118754   -0.764007  0.000000  1.0
    0.118754   -0.762007  0.000000  1.0
    0.118754   -0.760007  0.000000  1.0
    0.118754   -0.758007  0.000000  1.0
    0.118754   -0.756007  0.000000  1.0
    0.118754   -0.754007  0.000000  1.0
    0.118754   -0.752007  0.000000  1.0
    0.118754   -0.750007  0.000000  1.0
    0.118754   -0.748007  0.000000  1.0
    0.118754   -0.746007  0.000000  1.0
    0.118754   -0.744007  0.000000  1.0
    0.118754   -0.742007  0.000000  1.0
    0.118754   -0.740007  0.000000  1.0
    0.118754   -0.738007  0.000000  1.0
    0.118754   -0.736007  0.000000  1.0
    0.118754   -0.734007  0.000000  1.0
    0.118754   -0.732007  0.000000  1.0
    0.118754   -0.730007  0.000000  1.0
    0.118754   -0.728007  0.000000  1.0
    0.118754   -0.726007  0.000000  1.0
    0.118754   -0.724007  0.000000  1.0
    0.118754   -0.722007  0.000000  1.0
    0.118754   -0.720007  0.000000  1.0
    0.118754   -0.718007  0.000000  1.0
    0.118754   -0.716007  0.000000  1.0
    0.118754   -0.714007  0.000000  1.0
    0.118754   -0.712007  0.000000  1.0
    0.120754   -0.792007  0.000000  1.0
    0.120754   -0.790007  0.000000  1.0
    0.120754   -0.788007  0.000000  1.0
    0.120754   -0.786007  0.000000  1.0
    0.120754   -0.784007  0.000000  1.0
    0.120754   -0.782007  0.000000  1.0
    0.120754   -0.780007  0.000000  1.0
    0.120754   -0.778007  0.000000  1.0
    0.120754   -0.776007  0.000000  1.0
    0.120754   -0.774007  0.000000  1.0
    0.120754   -0.772007  0.000000  1.0
    0.120754   -0.770007  0.000000  1.0
    0.120754   -0.768007  0.000000  1.0
    0.120754   -0.766007  0.000000  1.0
    0.120754   -0.764007  0.000000  1.0
    0.120754   -0.762007  0.000000  1.0
    0.120754   -0.760007  0.000000  1.0
    0.120754   -0.758007  0.000000  1.0
    0.120754   -0.756007  0.000000  1.0
    0.120754   -0.754007  0.000000  1.0
    0.120754   -0.752007  0.000000  1.0
    0.120754   -0.750007  0.000000  1.0
    0.120754   -0.748007  0.000000  1.0
    0.120754   -0.746007  0.000000  1.0
    0.120754   -0.744007  0.000000  1.0
    0.120754   -0.742007  0.000000  1.0
    0.120754   -0.740007  0.000000  1.0
    0.120754   -0.738007  0.000000  1.0
    0.120754   -0.736007  0.000000  1.0
    0.120754   -0.734007  0.000000  1.0
    0.120754   -0.732007  0.000000  1.0
    0.120754   -0.730007  0.000000  1.0
    0.120754   -0.728007  0.000000  1.0
    0.120754   -0.726007  0.000000  1.0
    0.120754   -0.724007  0.000000  1.0
    0.120754   -0.722007  0.000000  1.0
    0.120754   -0.720007  0.000000  1.0
    0.120754   -0.718007  0.000000  1.0
    0.120754   -0.716007  0.000000  1.0
    0.120754   -0.714007  0.000000  1.0
    0.120754   -0.712007  0.000000  1.0
    0.122754   -0.792007  0.000000  1.0
    0.122754   -0.790007  0.000000  1.0
    0.122754   -0.788007  0.000000  1.0
    0.122754   -0.786007  0.000000  1.0
    0.122754   -0.784007  0.000000  1.0
    0.122754   -0.782007  0.000000  1.0
    0.122754   -0.780007  0.000000  1.0
    0.122754   -0.778007  0.000000  1.0
    0.122754   -0.776007  0.000000  1.0
    0.122754   -0.774007  0.000000  1.0
    0.122754   -0.772007  0.000000  1.0
    0.122754   -0.770007  0.000000  1.0
    0.122754   -0.768007  0.000000  1.0
    0.122754   -0.766007  0.000000  1.0
    0.122754   -0.764007  0.000000  1.0
    0.122754   -0.762007  0.000000  1.0
    0.122754   -0.760007  0.000000  1.0
    0.122754   -0.758007  0.000000  1.0
    0.122754   -0.756007  0.000000  1.0
    0.122754   -0.754007  0.000000  1.0
    0.122754   -0.752007  0.000000  1.0
    0.122754   -0.750007  0.000000  1.0
    0.122754   -0.748007  0.000000  1.0
    0.122754   -0.746007  0.000000  1.0
    0.122754   -0.744007  0.000000  1.0
    0.122754   -0.742007  0.000000  1.0
    0.122754   -0.740007  0.000000  1.0
    0.122754   -0.738007  0.000000  1.0
    0.122754   -0.736007  0.000000  1.0
    0.122754   -0.734007  0.000000  1.0
    0.122754   -0.732007  0.000000  1.0
    0.122754   -0.730007  0.000000  1.0
    0.122754   -0.728007  0.000000  1.0
    0.122754   -0.726007  0.000000  1.0
    0.122754   -0.724007  0.000000  1.0
    0.122754   -0.722007  0.000000  1.0
    0.122754   -0.720007  0.000000  1.0
    0.122754   -0.718007  0.000000  1.0
    0.122754   -0.716007  0.000000  1.0
    0.122754   -0.714007  0.000000  1.0
    0.122754   -0.712007  0.000000  1.0
    0.124754   -0.792007  0.000000  1.0
    0.124754   -0.790007  0.000000  1.0
    0.124754   -0.788007  0.000000  1.0
    0.124754   -0.786007  0.000000  1.0
    0.124754   -0.784007  0.000000  1.0
    0.124754   -0.782007  0.000000  1.0
    0.124754   -0.780007  0.000000  1.0
    0.124754   -0.778007  0.000000  1.0
    0.124754   -0.776007  0.000000  1.0
    0.124754   -0.774007  0.000000  1.0
    0.124754   -0.772007  0.000000  1.0
    0.124754   -0.770007  0.000000  1.0
    0.124754   -0.768007  0.000000  1.0
    0.124754   -0.766007  0.000000  1.0
    0.124754   -0.764007  0.000000  1.0
    0.124754   -0.762007  0.000000  1.0
    0.124754   -0.760007  0.000000  1.0
    0.124754   -0.758007  0.000000  1.0
    0.124754   -0.756007  0.000000  1.0
    0.124754   -0.754007  0.000000  1.0
    0.124754   -0.752007  0.000000  1.0
    0.124754   -0.750007  0.000000  1.0
    0.124754   -0.748007  0.000000  1.0
    0.124754   -0.746007  0.000000  1.0
    0.124754   -0.744007  0.000000  1.0
    0.124754   -0.742007  0.000000  1.0
    0.124754   -0.740007  0.000000  1.0
    0.124754   -0.738007  0.000000  1.0
    0.124754   -0.736007  0.000000  1.0
    0.124754   -0.734007  0.000000  1.0
    0.124754   -0.732007  0.000000  1.0
    0.124754   -0.730007  0.000000  1.0
    0.124754   -0.728007  0.000000  1.0
    0.124754   -0.726007  0.000000  1.0
    0.124754   -0.724007  0.000000  1.0
    0.124754   -0.722007  0.000000  1.0
    0.124754   -0.720007  0.000000  1.0
    0.124754   -0.718007  0.000000  1.0
    0.124754   -0.716007  0.000000  1.0
    0.124754   -0.714007  0.000000  1.0
    0.124754   -0.712007  0.000000  1.0
    0.126754   -0.792007  0.000000  1.0
    0.126754   -0.790007  0.000000  1.0
    0.126754   -0.788007  0.000000  1.0
    0.126754   -0.786007  0.000000  1.0
    0.126754   -0.784007  0.000000  1.0
    0.126754   -0.782007  0.000000  1.0
    0.126754   -0.780007  0.000000  1.0
    0.126754   -0.778007  0.000000  1.0
    0.126754   -0.776007  0.000000  1.0
    0.126754   -0.774007  0.000000  1.0
    0.126754   -0.772007  0.000000  1.0
    0.126754   -0.770007  0.000000  1.0
    0.126754   -0.768007  0.000000  1.0
    0.126754   -0.766007  0.000000  1.0
    0.126754   -0.764007  0.000000  1.0
    0.126754   -0.762007  0.000000  1.0
    0.126754   -0.760007  0.000000  1.0
    0.126754   -0.758007  0.000000  1.0
    0.126754   -0.756007  0.000000  1.0
    0.126754   -0.754007  0.000000  1.0
    0.126754   -0.752007  0.000000  1.0
    0.126754   -0.750007  0.000000  1.0
    0.126754   -0.748007  0.000000  1.0
    0.126754   -0.746007  0.000000  1.0
    0.126754   -0.744007  0.000000  1.0
    0.126754   -0.742007  0.000000  1.0
    0.126754   -0.740007  0.000000  1.0
    0.126754   -0.738007  0.000000  1.0
    0.126754   -0.736007  0.000000  1.0
    0.126754   -0.734007  0.000000  1.0
    0.126754   -0.732007  0.000000  1.0
    0.126754   -0.730007  0.000000  1.0
    0.126754   -0.728007  0.000000  1.0
    0.126754   -0.726007  0.000000  1.0
    0.126754   -0.724007  0.000000  1.0
    0.126754   -0.722007  0.000000  1.0
    0.126754   -0.720007  0.000000  1.0
    0.126754   -0.718007  0.000000  1.0
    0.126754   -0.716007  0.000000  1.0
    0.126754   -0.714007  0.000000  1.0
    0.126754   -0.712007  0.000000  1.0
    0.128754   -0.792007  0.000000  1.0
    0.128754   -0.790007  0.000000  1.0
    0.128754   -0.788007  0.000000  1.0
    0.128754   -0.786007  0.000000  1.0
    0.128754   -0.784007  0.000000  1.0
    0.128754   -0.782007  0.000000  1.0
    0.128754   -0.780007  0.000000  1.0
    0.128754   -0.778007  0.000000  1.0
    0.128754   -0.776007  0.000000  1.0
    0.128754   -0.774007  0.000000  1.0
    0.128754   -0.772007  0.000000  1.0
    0.128754   -0.770007  0.000000  1.0
    0.128754   -0.768007  0.000000  1.0
    0.128754   -0.766007  0.000000  1.0
    0.128754   -0.764007  0.000000  1.0
    0.128754   -0.762007  0.000000  1.0
    0.128754   -0.760007  0.000000  1.0
    0.128754   -0.758007  0.000000  1.0
    0.128754   -0.756007  0.000000  1.0
    0.128754   -0.754007  0.000000  1.0
    0.128754   -0.752007  0.000000  1.0
    0.128754   -0.750007  0.000000  1.0
    0.128754   -0.748007  0.000000  1.0
    0.128754   -0.746007  0.000000  1.0
    0.128754   -0.744007  0.000000  1.0
    0.128754   -0.742007  0.000000  1.0
    0.128754   -0.740007  0.000000  1.0
    0.128754   -0.738007  0.000000  1.0
    0.128754   -0.736007  0.000000  1.0
    0.128754   -0.734007  0.000000  1.0
    0.128754   -0.732007  0.000000  1.0
    0.128754   -0.730007  0.000000  1.0
    0.128754   -0.728007  0.000000  1.0
    0.128754   -0.726007  0.000000  1.0
    0.128754   -0.724007  0.000000  1.0
    0.128754   -0.722007  0.000000  1.0
    0.128754   -0.720007  0.000000  1.0
    0.128754   -0.718007  0.000000  1.0
    0.128754   -0.716007  0.000000  1.0
    0.128754   -0.714007  0.000000  1.0
    0.128754   -0.712007  0.000000  1.0
    0.130754   -0.792007  0.000000  1.0
    0.130754   -0.790007  0.000000  1.0
    0.130754   -0.788007  0.000000  1.0
    0.130754   -0.786007  0.000000  1.0
    0.130754   -0.784007  0.000000  1.0
    0.130754   -0.782007  0.000000  1.0
    0.130754   -0.780007  0.000000  1.0
    0.130754   -0.778007  0.000000  1.0
    0.130754   -0.776007  0.000000  1.0
    0.130754   -0.774007  0.000000  1.0
    0.130754   -0.772007  0.000000  1.0
    0.130754   -0.770007  0.000000  1.0
    0.130754   -0.768007  0.000000  1.0
    0.130754   -0.766007  0.000000  1.0
    0.130754   -0.764007  0.000000  1.0
    0.130754   -0.762007  0.000000  1.0
    0.130754   -0.760007  0.000000  1.0
    0.130754   -0.758007  0.000000  1.0
    0.130754   -0.756007  0.000000  1.0
    0.130754   -0.754007  0.000000  1.0
    0.130754   -0.752007  0.000000  1.0
    0.130754   -0.750007  0.000000  1.0
    0.130754   -0.748007  0.000000  1.0
    0.130754   -0.746007  0.000000  1.0
    0.130754   -0.744007  0.000000  1.0
    0.130754   -0.742007  0.000000  1.0
    0.130754   -0.740007  0.000000  1.0
    0.130754   -0.738007  0.000000  1.0
    0.130754   -0.736007  0.000000  1.0
    0.130754   -0.734007  0.000000  1.0
    0.130754   -0.732007  0.000000  1.0
    0.130754   -0.730007  0.000000  1.0
    0.130754   -0.728007  0.000000  1.0
    0.130754   -0.726007  0.000000  1.0
    0.130754   -0.724007  0.000000  1.0
    0.130754   -0.722007  0.000000  1.0
    0.130754   -0.720007  0.000000  1.0
    0.130754   -0.718007  0.000000  1.0
    0.130754   -0.716007  0.000000  1.0
    0.130754   -0.714007  0.000000  1.0
    0.130754   -0.712007  0.000000  1.0
    0.132754   -0.792007  0.000000  1.0
    0.132754   -0.790007  0.000000  1.0
    0.132754   -0.788007  0.000000  1.0
    0.132754   -0.786007  0.000000  1.0
    0.132754   -0.784007  0.000000  1.0
    0.132754   -0.782007  0.000000  1.0
    0.132754   -0.780007  0.000000  1.0
    0.132754   -0.778007  0.000000  1.0
    0.132754   -0.776007  0.000000  1.0
    0.132754   -0.774007  0.000000  1.0
    0.132754   -0.772007  0.000000  1.0
    0.132754   -0.770007  0.000000  1.0
    0.132754   -0.768007  0.000000  1.0
    0.132754   -0.766007  0.000000  1.0
    0.132754   -0.764007  0.000000  1.0
    0.132754   -0.762007  0.000000  1.0
    0.132754   -0.760007  0.000000  1.0
    0.132754   -0.758007  0.000000  1.0
    0.132754   -0.756007  0.000000  1.0
    0.132754   -0.754007  0.000000  1.0
    0.132754   -0.752007  0.000000  1.0
    0.132754   -0.750007  0.000000  1.0
    0.132754   -0.748007  0.000000  1.0
    0.132754   -0.746007  0.000000  1.0
    0.132754   -0.744007  0.000000  1.0
    0.132754   -0.742007  0.000000  1.0
    0.132754   -0.740007  0.000000  1.0
    0.132754   -0.738007  0.000000  1.0
    0.132754   -0.736007  0.000000  1.0
    0.132754   -0.734007  0.000000  1.0
    0.132754   -0.732007  0.000000  1.0
    0.132754   -0.730007  0.000000  1.0
    0.132754   -0.728007  0.000000  1.0
    0.132754   -0.726007  0.000000  1.0
    0.132754   -0.724007  0.000000  1.0
    0.132754   -0.722007  0.000000  1.0
    0.132754   -0.720007  0.000000  1.0
    0.132754   -0.718007  0.000000  1.0
    0.132754   -0.716007  0.000000  1.0
    0.132754   -0.714007  0.000000  1.0
    0.132754   -0.712007  0.000000  1.0
    0.134754   -0.792007  0.000000  1.0
    0.134754   -0.790007  0.000000  1.0
    0.134754   -0.788007  0.000000  1.0
    0.134754   -0.786007  0.000000  1.0
    0.134754   -0.784007  0.000000  1.0
    0.134754   -0.782007  0.000000  1.0
    0.134754   -0.780007  0.000000  1.0
    0.134754   -0.778007  0.000000  1.0
    0.134754   -0.776007  0.000000  1.0
    0.134754   -0.774007  0.000000  1.0
    0.134754   -0.772007  0.000000  1.0
    0.134754   -0.770007  0.000000  1.0
    0.134754   -0.768007  0.000000  1.0
    0.134754   -0.766007  0.000000  1.0
    0.134754   -0.764007  0.000000  1.0
    0.134754   -0.762007  0.000000  1.0
    0.134754   -0.760007  0.000000  1.0
    0.134754   -0.758007  0.000000  1.0
    0.134754   -0.756007  0.000000  1.0
    0.134754   -0.754007  0.000000  1.0
    0.134754   -0.752007  0.000000  1.0
    0.134754   -0.750007  0.000000  1.0
    0.134754   -0.748007  0.000000  1.0
    0.134754   -0.746007  0.000000  1.0
    0.134754   -0.744007  0.000000  1.0
    0.134754   -0.742007  0.000000  1.0
    0.134754   -0.740007  0.000000  1.0
    0.134754   -0.738007  0.000000  1.0
    0.134754   -0.736007  0.000000  1.0
    0.134754   -0.734007  0.000000  1.0
    0.134754   -0.732007  0.000000  1.0
    0.134754   -0.730007  0.000000  1.0
    0.134754   -0.728007  0.000000  1.0
    0.134754   -0.726007  0.000000  1.0
    0.134754   -0.724007  0.000000  1.0
    0.134754   -0.722007  0.000000  1.0
    0.134754   -0.720007  0.000000  1.0
    0.134754   -0.718007  0.000000  1.0
    0.134754   -0.716007  0.000000  1.0
    0.134754   -0.714007  0.000000  1.0
    0.134754   -0.712007  0.000000  1.0
    0.136754   -0.792007  0.000000  1.0
    0.136754   -0.790007  0.000000  1.0
    0.136754   -0.788007  0.000000  1.0
    0.136754   -0.786007  0.000000  1.0
    0.136754   -0.784007  0.000000  1.0
    0.136754   -0.782007  0.000000  1.0
    0.136754   -0.780007  0.000000  1.0
    0.136754   -0.778007  0.000000  1.0
    0.136754   -0.776007  0.000000  1.0
    0.136754   -0.774007  0.000000  1.0
    0.136754   -0.772007  0.000000  1.0
    0.136754   -0.770007  0.000000  1.0
    0.136754   -0.768007  0.000000  1.0
    0.136754   -0.766007  0.000000  1.0
    0.136754   -0.764007  0.000000  1.0
    0.136754   -0.762007  0.000000  1.0
    0.136754   -0.760007  0.000000  1.0
    0.136754   -0.758007  0.000000  1.0
    0.136754   -0.756007  0.000000  1.0
    0.136754   -0.754007  0.000000  1.0
    0.136754   -0.752007  0.000000  1.0
    0.136754   -0.750007  0.000000  1.0
    0.136754   -0.748007  0.000000  1.0
    0.136754   -0.746007  0.000000  1.0
    0.136754   -0.744007  0.000000  1.0
    0.136754   -0.742007  0.000000  1.0
    0.136754   -0.740007  0.000000  1.0
    0.136754   -0.738007  0.000000  1.0
    0.136754   -0.736007  0.000000  1.0
    0.136754   -0.734007  0.000000  1.0
    0.136754   -0.732007  0.000000  1.0
    0.136754   -0.730007  0.000000  1.0
    0.136754   -0.728007  0.000000  1.0
    0.136754   -0.726007  0.000000  1.0
    0.136754   -0.724007  0.000000  1.0
    0.136754   -0.722007  0.000000  1.0
    0.136754   -0.720007  0.000000  1.0
    0.136754   -0.718007  0.000000  1.0
    0.136754   -0.716007  0.000000  1.0
    0.136754   -0.714007  0.000000  1.0
    0.136754   -0.712007  0.000000  1.0
    0.138754   -0.792007  0.000000  1.0
    0.138754   -0.790007  0.000000  1.0
    0.138754   -0.788007  0.000000  1.0
    0.138754   -0.786007  0.000000  1.0
    0.138754   -0.784007  0.000000  1.0
    0.138754   -0.782007  0.000000  1.0
    0.138754   -0.780007  0.000000  1.0
    0.138754   -0.778007  0.000000  1.0
    0.138754   -0.776007  0.000000  1.0
    0.138754   -0.774007  0.000000  1.0
    0.138754   -0.772007  0.000000  1.0
    0.138754   -0.770007  0.000000  1.0
    0.138754   -0.768007  0.000000  1.0
    0.138754   -0.766007  0.000000  1.0
    0.138754   -0.764007  0.000000  1.0
    0.138754   -0.762007  0.000000  1.0
    0.138754   -0.760007  0.000000  1.0
    0.138754   -0.758007  0.000000  1.0
    0.138754   -0.756007  0.000000  1.0
    0.138754   -0.754007  0.000000  1.0
    0.138754   -0.752007  0.000000  1.0
    0.138754   -0.750007  0.000000  1.0
    0.138754   -0.748007  0.000000  1.0
    0.138754   -0.746007  0.000000  1.0
    0.138754   -0.744007  0.000000  1.0
    0.138754   -0.742007  0.000000  1.0
    0.138754   -0.740007  0.000000  1.0
    0.138754   -0.738007  0.000000  1.0
    0.138754   -0.736007  0.000000  1.0
    0.138754   -0.734007  0.000000  1.0
    0.138754   -0.732007  0.000000  1.0
    0.138754   -0.730007  0.000000  1.0
    0.138754   -0.728007  0.000000  1.0
    0.138754   -0.726007  0.000000  1.0
    0.138754   -0.724007  0.000000  1.0
    0.138754   -0.722007  0.000000  1.0
    0.138754   -0.720007  0.000000  1.0
    0.138754   -0.718007  0.000000  1.0
    0.138754   -0.716007  0.000000  1.0
    0.138754   -0.714007  0.000000  1.0
    0.138754   -0.712007  0.000000  1.0
    0.140754   -0.792007  0.000000  1.0
    0.140754   -0.790007  0.000000  1.0
    0.140754   -0.788007  0.000000  1.0
    0.140754   -0.786007  0.000000  1.0
    0.140754   -0.784007  0.000000  1.0
    0.140754   -0.782007  0.000000  1.0
    0.140754   -0.780007  0.000000  1.0
    0.140754   -0.778007  0.000000  1.0
    0.140754   -0.776007  0.000000  1.0
    0.140754   -0.774007  0.000000  1.0
    0.140754   -0.772007  0.000000  1.0
    0.140754   -0.770007  0.000000  1.0
    0.140754   -0.768007  0.000000  1.0
    0.140754   -0.766007  0.000000  1.0
    0.140754   -0.764007  0.000000  1.0
    0.140754   -0.762007  0.000000  1.0
    0.140754   -0.760007  0.000000  1.0
    0.140754   -0.758007  0.000000  1.0
    0.140754   -0.756007  0.000000  1.0
    0.140754   -0.754007  0.000000  1.0
    0.140754   -0.752007  0.000000  1.0
    0.140754   -0.750007  0.000000  1.0
    0.140754   -0.748007  0.000000  1.0
    0.140754   -0.746007  0.000000  1.0
    0.140754   -0.744007  0.000000  1.0
    0.140754   -0.742007  0.000000  1.0
    0.140754   -0.740007  0.000000  1.0
    0.140754   -0.738007  0.000000  1.0
    0.140754   -0.736007  0.000000  1.0
    0.140754   -0.734007  0.000000  1.0
    0.140754   -0.732007  0.000000  1.0
    0.140754   -0.730007  0.000000  1.0
    0.140754   -0.728007  0.000000  1.0
    0.140754   -0.726007  0.000000  1.0
    0.140754   -0.724007  0.000000  1.0
    0.140754   -0.722007  0.000000  1.0
    0.140754   -0.720007  0.000000  1.0
    0.140754   -0.718007  0.000000  1.0
    0.140754   -0.716007  0.000000  1.0
    0.140754   -0.714007  0.000000  1.0
    0.140754   -0.712007  0.000000  1.0
    0.142754   -0.792007  0.000000  1.0
    0.142754   -0.790007  0.000000  1.0
    0.142754   -0.788007  0.000000  1.0
    0.142754   -0.786007  0.000000  1.0
    0.142754   -0.784007  0.000000  1.0
    0.142754   -0.782007  0.000000  1.0
    0.142754   -0.780007  0.000000  1.0
    0.142754   -0.778007  0.000000  1.0
    0.142754   -0.776007  0.000000  1.0
    0.142754   -0.774007  0.000000  1.0
    0.142754   -0.772007  0.000000  1.0
    0.142754   -0.770007  0.000000  1.0
    0.142754   -0.768007  0.000000  1.0
    0.142754   -0.766007  0.000000  1.0
    0.142754   -0.764007  0.000000  1.0
    0.142754   -0.762007  0.000000  1.0
    0.142754   -0.760007  0.000000  1.0
    0.142754   -0.758007  0.000000  1.0
    0.142754   -0.756007  0.000000  1.0
    0.142754   -0.754007  0.000000  1.0
    0.142754   -0.752007  0.000000  1.0
    0.142754   -0.750007  0.000000  1.0
    0.142754   -0.748007  0.000000  1.0
    0.142754   -0.746007  0.000000  1.0
    0.142754   -0.744007  0.000000  1.0
    0.142754   -0.742007  0.000000  1.0
    0.142754   -0.740007  0.000000  1.0
    0.142754   -0.738007  0.000000  1.0
    0.142754   -0.736007  0.000000  1.0
    0.142754   -0.734007  0.000000  1.0
    0.142754   -0.732007  0.000000  1.0
    0.142754   -0.730007  0.000000  1.0
    0.142754   -0.728007  0.000000  1.0
    0.142754   -0.726007  0.000000  1.0
    0.142754   -0.724007  0.000000  1.0
    0.142754   -0.722007  0.000000  1.0
    0.142754   -0.720007  0.000000  1.0
    0.142754   -0.718007  0.000000  1.0
    0.142754   -0.716007  0.000000  1.0
    0.142754   -0.714007  0.000000  1.0
    0.142754   -0.712007  0.000000  1.0
    0.144754   -0.792007  0.000000  1.0
    0.144754   -0.790007  0.000000  1.0
    0.144754   -0.788007  0.000000  1.0
    0.144754   -0.786007  0.000000  1.0
    0.144754   -0.784007  0.000000  1.0
    0.144754   -0.782007  0.000000  1.0
    0.144754   -0.780007  0.000000  1.0
    0.144754   -0.778007  0.000000  1.0
    0.144754   -0.776007  0.000000  1.0
    0.144754   -0.774007  0.000000  1.0
    0.144754   -0.772007  0.000000  1.0
    0.144754   -0.770007  0.000000  1.0
    0.144754   -0.768007  0.000000  1.0
    0.144754   -0.766007  0.000000  1.0
    0.144754   -0.764007  0.000000  1.0
    0.144754   -0.762007  0.000000  1.0
    0.144754   -0.760007  0.000000  1.0
    0.144754   -0.758007  0.000000  1.0
    0.144754   -0.756007  0.000000  1.0
    0.144754   -0.754007  0.000000  1.0
    0.144754   -0.752007  0.000000  1.0
    0.144754   -0.750007  0.000000  1.0
    0.144754   -0.748007  0.000000  1.0
    0.144754   -0.746007  0.000000  1.0
    0.144754   -0.744007  0.000000  1.0
    0.144754   -0.742007  0.000000  1.0
    0.144754   -0.740007  0.000000  1.0
    0.144754   -0.738007  0.000000  1.0
    0.144754   -0.736007  0.000000  1.0
    0.144754   -0.734007  0.000000  1.0
    0.144754   -0.732007  0.000000  1.0
    0.144754   -0.730007  0.000000  1.0
    0.144754   -0.728007  0.000000  1.0
    0.144754   -0.726007  0.000000  1.0
    0.144754   -0.724007  0.000000  1.0
    0.144754   -0.722007  0.000000  1.0
    0.144754   -0.720007  0.000000  1.0
    0.144754   -0.718007  0.000000  1.0
    0.144754   -0.716007  0.000000  1.0
    0.144754   -0.714007  0.000000  1.0
    0.144754   -0.712007  0.000000  1.0
    0.146754   -0.792007  0.000000  1.0
    0.146754   -0.790007  0.000000  1.0
    0.146754   -0.788007  0.000000  1.0
    0.146754   -0.786007  0.000000  1.0
    0.146754   -0.784007  0.000000  1.0
    0.146754   -0.782007  0.000000  1.0
    0.146754   -0.780007  0.000000  1.0
    0.146754   -0.778007  0.000000  1.0
    0.146754   -0.776007  0.000000  1.0
    0.146754   -0.774007  0.000000  1.0
    0.146754   -0.772007  0.000000  1.0
    0.146754   -0.770007  0.000000  1.0
    0.146754   -0.768007  0.000000  1.0
    0.146754   -0.766007  0.000000  1.0
    0.146754   -0.764007  0.000000  1.0
    0.146754   -0.762007  0.000000  1.0
    0.146754   -0.760007  0.000000  1.0
    0.146754   -0.758007  0.000000  1.0
    0.146754   -0.756007  0.000000  1.0
    0.146754   -0.754007  0.000000  1.0
    0.146754   -0.752007  0.000000  1.0
    0.146754   -0.750007  0.000000  1.0
    0.146754   -0.748007  0.000000  1.0
    0.146754   -0.746007  0.000000  1.0
    0.146754   -0.744007  0.000000  1.0
    0.146754   -0.742007  0.000000  1.0
    0.146754   -0.740007  0.000000  1.0
    0.146754   -0.738007  0.000000  1.0
    0.146754   -0.736007  0.000000  1.0
    0.146754   -0.734007  0.000000  1.0
    0.146754   -0.732007  0.000000  1.0
    0.146754   -0.730007  0.000000  1.0
    0.146754   -0.728007  0.000000  1.0
    0.146754   -0.726007  0.000000  1.0
    0.146754   -0.724007  0.000000  1.0
    0.146754   -0.722007  0.000000  1.0
    0.146754   -0.720007  0.000000  1.0
    0.146754   -0.718007  0.000000  1.0
    0.146754   -0.716007  0.000000  1.0
    0.146754   -0.714007  0.000000  1.0
    0.146754   -0.712007  0.000000  1.0
    0.148754   -0.792007  0.000000  1.0
    0.148754   -0.790007  0.000000  1.0
    0.148754   -0.788007  0.000000  1.0
    0.148754   -0.786007  0.000000  1.0
    0.148754   -0.784007  0.000000  1.0
    0.148754   -0.782007  0.000000  1.0
    0.148754   -0.780007  0.000000  1.0
    0.148754   -0.778007  0.000000  1.0
    0.148754   -0.776007  0.000000  1.0
    0.148754   -0.774007  0.000000  1.0
    0.148754   -0.772007  0.000000  1.0
    0.148754   -0.770007  0.000000  1.0
    0.148754   -0.768007  0.000000  1.0
    0.148754   -0.766007  0.000000  1.0
    0.148754   -0.764007  0.000000  1.0
    0.148754   -0.762007  0.000000  1.0
    0.148754   -0.760007  0.000000  1.0
    0.148754   -0.758007  0.000000  1.0
    0.148754   -0.756007  0.000000  1.0
    0.148754   -0.754007  0.000000  1.0
    0.148754   -0.752007  0.000000  1.0
    0.148754   -0.750007  0.000000  1.0
    0.148754   -0.748007  0.000000  1.0
    0.148754   -0.746007  0.000000  1.0
    0.148754   -0.744007  0.000000  1.0
    0.148754   -0.742007  0.000000  1.0
    0.148754   -0.740007  0.000000  1.0
    0.148754   -0.738007  0.000000  1.0
    0.148754   -0.736007  0.000000  1.0
    0.148754   -0.734007  0.000000  1.0
    0.148754   -0.732007  0.000000  1.0
    0.148754   -0.730007  0.000000  1.0
    0.148754   -0.728007  0.000000  1.0
    0.148754   -0.726007  0.000000  1.0
    0.148754   -0.724007  0.000000  1.0
    0.148754   -0.722007  0.000000  1.0
    0.148754   -0.720007  0.000000  1.0
    0.148754   -0.718007  0.000000  1.0
    0.148754   -0.716007  0.000000  1.0
    0.148754   -0.714007  0.000000  1.0
    0.148754   -0.712007  0.000000  1.0
    0.150754   -0.792007  0.000000  1.0
    0.150754   -0.790007  0.000000  1.0
    0.150754   -0.788007  0.000000  1.0
    0.150754   -0.786007  0.000000  1.0
    0.150754   -0.784007  0.000000  1.0
    0.150754   -0.782007  0.000000  1.0
    0.150754   -0.780007  0.000000  1.0
    0.150754   -0.778007  0.000000  1.0
    0.150754   -0.776007  0.000000  1.0
    0.150754   -0.774007  0.000000  1.0
    0.150754   -0.772007  0.000000  1.0
    0.150754   -0.770007  0.000000  1.0
    0.150754   -0.768007  0.000000  1.0
    0.150754   -0.766007  0.000000  1.0
    0.150754   -0.764007  0.000000  1.0
    0.150754   -0.762007  0.000000  1.0
    0.150754   -0.760007  0.000000  1.0
    0.150754   -0.758007  0.000000  1.0
    0.150754   -0.756007  0.000000  1.0
    0.150754   -0.754007  0.000000  1.0
    0.150754   -0.752007  0.000000  1.0
    0.150754   -0.750007  0.000000  1.0
    0.150754   -0.748007  0.000000  1.0
    0.150754   -0.746007  0.000000  1.0
    0.150754   -0.744007  0.000000  1.0
    0.150754   -0.742007  0.000000  1.0
    0.150754   -0.740007  0.000000  1.0
    0.150754   -0.738007  0.000000  1.0
    0.150754   -0.736007  0.000000  1.0
    0.150754   -0.734007  0.000000  1.0
    0.150754   -0.732007  0.000000  1.0
    0.150754   -0.730007  0.000000  1.0
    0.150754   -0.728007  0.000000  1.0
    0.150754   -0.726007  0.000000  1.0
    0.150754   -0.724007  0.000000  1.0
    0.150754   -0.722007  0.000000  1.0
    0.150754   -0.720007  0.000000  1.0
    0.150754   -0.718007  0.000000  1.0
    0.150754   -0.716007  0.000000  1.0
    0.150754   -0.714007  0.000000  1.0
    0.150754   -0.712007  0.000000  1.0
    0.152754   -0.792007  0.000000  1.0
    0.152754   -0.790007  0.000000  1.0
    0.152754   -0.788007  0.000000  1.0
    0.152754   -0.786007  0.000000  1.0
    0.152754   -0.784007  0.000000  1.0
    0.152754   -0.782007  0.000000  1.0
    0.152754   -0.780007  0.000000  1.0
    0.152754   -0.778007  0.000000  1.0
    0.152754   -0.776007  0.000000  1.0
    0.152754   -0.774007  0.000000  1.0
    0.152754   -0.772007  0.000000  1.0
    0.152754   -0.770007  0.000000  1.0
    0.152754   -0.768007  0.000000  1.0
    0.152754   -0.766007  0.000000  1.0
    0.152754   -0.764007  0.000000  1.0
    0.152754   -0.762007  0.000000  1.0
    0.152754   -0.760007  0.000000  1.0
    0.152754   -0.758007  0.000000  1.0
    0.152754   -0.756007  0.000000  1.0
    0.152754   -0.754007  0.000000  1.0
    0.152754   -0.752007  0.000000  1.0
    0.152754   -0.750007  0.000000  1.0
    0.152754   -0.748007  0.000000  1.0
    0.152754   -0.746007  0.000000  1.0
    0.152754   -0.744007  0.000000  1.0
    0.152754   -0.742007  0.000000  1.0
    0.152754   -0.740007  0.000000  1.0
    0.152754   -0.738007  0.000000  1.0
    0.152754   -0.736007  0.000000  1.0
    0.152754   -0.734007  0.000000  1.0
    0.152754   -0.732007  0.000000  1.0
    0.152754   -0.730007  0.000000  1.0
    0.152754   -0.728007  0.000000  1.0
    0.152754   -0.726007  0.000000  1.0
    0.152754   -0.724007  0.000000  1.0
    0.152754   -0.722007  0.000000  1.0
    0.152754   -0.720007  0.000000  1.0
    0.152754   -0.718007  0.000000  1.0
    0.152754   -0.716007  0.000000  1.0
    0.152754   -0.714007  0.000000  1.0
    0.152754   -0.712007  0.000000  1.0
    0.154754   -0.792007  0.000000  1.0
    0.154754   -0.790007  0.000000  1.0
    0.154754   -0.788007  0.000000  1.0
    0.154754   -0.786007  0.000000  1.0
    0.154754   -0.784007  0.000000  1.0
    0.154754   -0.782007  0.000000  1.0
    0.154754   -0.780007  0.000000  1.0
    0.154754   -0.778007  0.000000  1.0
    0.154754   -0.776007  0.000000  1.0
    0.154754   -0.774007  0.000000  1.0
    0.154754   -0.772007  0.000000  1.0
    0.154754   -0.770007  0.000000  1.0
    0.154754   -0.768007  0.000000  1.0
    0.154754   -0.766007  0.000000  1.0
    0.154754   -0.764007  0.000000  1.0
    0.154754   -0.762007  0.000000  1.0
    0.154754   -0.760007  0.000000  1.0
    0.154754   -0.758007  0.000000  1.0
    0.154754   -0.756007  0.000000  1.0
    0.154754   -0.754007  0.000000  1.0
    0.154754   -0.752007  0.000000  1.0
    0.154754   -0.750007  0.000000  1.0
    0.154754   -0.748007  0.000000  1.0
    0.154754   -0.746007  0.000000  1.0
    0.154754   -0.744007  0.000000  1.0
    0.154754   -0.742007  0.000000  1.0
    0.154754   -0.740007  0.000000  1.0
    0.154754   -0.738007  0.000000  1.0
    0.154754   -0.736007  0.000000  1.0
    0.154754   -0.734007  0.000000  1.0
    0.154754   -0.732007  0.000000  1.0
    0.154754   -0.730007  0.000000  1.0
    0.154754   -0.728007  0.000000  1.0
    0.154754   -0.726007  0.000000  1.0
    0.154754   -0.724007  0.000000  1.0
    0.154754   -0.722007  0.000000  1.0
    0.154754   -0.720007  0.000000  1.0
    0.154754   -0.718007  0.000000  1.0
    0.154754   -0.716007  0.000000  1.0
    0.154754   -0.714007  0.000000  1.0
    0.154754   -0.712007  0.000000  1.0
