&CONTROL
  calculation = 'bands'
  prefix = 'graphene15.0zoom'
  outdir = './tmp'
  pseudo_dir = './'
  verbosity = 'high'
/
&SYSTEM
  ibrav = 0
  nat = 2
  ntyp = 1
  ecutwfc = 40.0
  nosym = .true.
  noinv = .true.
  nbnd = 8
/
&ELECTRONS
/
ATOMIC_SPECIES
  C  12.011 C.upf
CELL_PARAMETERS {bohr}
  5.319812  0.000000  0.000000
  2.659906  3.907015  0.000000
  0.000000  0.000000  28.346456
ATOMIC_POSITIONS {crystal}
  C  -0.001887  0.003774  0.000000
  C  0.335220  0.329559  0.000000
K_POINTS {tpiba}
1681
   -0.285902    0.640803  0.000000  1.0
   -0.285902    0.642803  0.000000  1.0
   -0.285902    0.644803  0.000000  1.0
   -0.285902    0.646803  0.000000  1.0
   -0.285902    0.648803  0.000000  1.0
   -0.285902    0.650803  0.000000  1.0
   -0.285902    0.652803  0.000000  1.0
   -0.285902    0.654803  0.000000  1.0
   -0.285902    0.656803  0.000000  1.0
   -0.285902    0.658803  0.000000  1.0
   -0.285902    0.660803  0.000000  1.0
   -0.285902    0.662803  0.000000  1.0
   -0.285902    0.664803  0.000000  1.0
   -0.285902    0.666803  0.000000  1.0
   -0.285902    0.668803  0.000000  1.0
   -0.285902    0.670803  0.000000  1.0
   -0.285902    0.672803  0.000000  1.0
   -0.285902    0.674803  0.000000  1.0
   -0.285902    0.676803  0.000000  1.0
   -0.285902    0.678803  0.000000  1.0
   -0.285902    0.680803  0.000000  1.0
   -0.285902    0.682803  0.000000  1.0
   -0.285902    0.684803  0.000000  1.0
   -0.285902    0.686803  0.000000  1.0
   -0.285902    0.688803  0.000000  1.0
   -0.285902    0.690803  0.000000  1.0
   -0.285902    0.692803  0.000000  1.0
   -0.285902    0.694803  0.000000  1.0
   -0.285902    0.696803  0.000000  1.0
   -0.285902    0.698803  0.000000  1.0
   -0.285902    0.700803  0.000000  1.0
   -0.285902    0.702803  0.000000  1.0
   -0.285902    0.704803  0.000000  1.0
   -0.285902    0.706803  0.000000  1.0
   -0.285902    0.708803  0.000000  1.0
   -0.285902    0.710803  0.000000  1.0
   -0.285902    0.712803  0.000000  1.0
   -0.285902    0.714803  0.000000  1.0
   -0.285902    0.716803  0.000000  1.0
   -0.285902    0.718803  0.000000  1.0
   -0.285902    0.720803  0.000000  1.0
   -0.283902    0.640803  0.000000  1.0
   -0.283902    0.642803  0.000000  1.0
   -0.283902    0.644803  0.000000  1.0
   -0.283902    0.646803  0.000000  1.0
   -0.283902    0.648803  0.000000  1.0
   -0.283902    0.650803  0.000000  1.0
   -0.283902    0.652803  0.000000  1.0
   -0.283902    0.654803  0.000000  1.0
   -0.283902    0.656803  0.000000  1.0
   -0.283902    0.658803  0.000000  1.0
   -0.283902    0.660803  0.000000  1.0
   -0.283902    0.662803  0.000000  1.0
   -0.283902    0.664803  0.000000  1.0
   -0.283902    0.666803  0.000000  1.0
   -0.283902    0.668803  0.000000  1.0
   -0.283902    0.670803  0.000000  1.0
   -0.283902    0.672803  0.000000  1.0
   -0.283902    0.674803  0.000000  1.0
   -0.283902    0.676803  0.000000  1.0
   -0.283902    0.678803  0.000000  1.0
   -0.283902    0.680803  0.000000  1.0
   -0.283902    0.682803  0.000000  1.0
   -0.283902    0.684803  0.000000  1.0
   -0.283902    0.686803  0.000000  1.0
   -0.283902    0.688803  0.000000  1.0
   -0.283902    0.690803  0.000000  1.0
   -0.283902    0.692803  0.000000  1.0
   -0.283902    0.694803  0.000000  1.0
   -0.283902    0.696803  0.000000  1.0
   -0.283902    0.698803  0.000000  1.0
   -0.283902    0.700803  0.000000  1.0
   -0.283902    0.702803  0.000000  1.0
   -0.283902    0.704803  0.000000  1.0
   -0.283902    0.706803  0.000000  1.0
   -0.283902    0.708803  0.000000  1.0
   -0.283902    0.710803  0.000000  1.0
   -0.283902    0.712803  0.000000  1.0
   -0.283902    0.714803  0.000000  1.0
   -0.283902    0.716803  0.000000  1.0
   -0.283902    0.718803  0.000000  1.0
   -0.283902    0.720803  0.000000  1.0
   -0.281902    0.640803  0.000000  1.0
   -0.281902    0.642803  0.000000  1.0
   -0.281902    0.644803  0.000000  1.0
   -0.281902    0.646803  0.000000  1.0
   -0.281902    0.648803  0.000000  1.0
   -0.281902    0.650803  0.000000  1.0
   -0.281902    0.652803  0.000000  1.0
   -0.281902    0.654803  0.000000  1.0
   -0.281902    0.656803  0.000000  1.0
   -0.281902    0.658803  0.000000  1.0
   -0.281902    0.660803  0.000000  1.0
   -0.281902    0.662803  0.000000  1.0
   -0.281902    0.664803  0.000000  1.0
   -0.281902    0.666803  0.000000  1.0
   -0.281902    0.668803  0.000000  1.0
   -0.281902    0.670803  0.000000  1.0
   -0.281902    0.672803  0.000000  1.0
   -0.281902    0.674803  0.000000  1.0
   -0.281902    0.676803  0.000000  1.0
   -0.281902    0.678803  0.000000  1.0
   -0.281902    0.680803  0.000000  1.0
   -0.281902    0.682803  0.000000  1.0
   -0.281902    0.684803  0.000000  1.0
   -0.281902    0.686803  0.000000  1.0
   -0.281902    0.688803  0.000000  1.0
   -0.281902    0.690803  0.000000  1.0
   -0.281902    0.692803  0.000000  1.0
   -0.281902    0.694803  0.000000  1.0
   -0.281902    0.696803  0.000000  1.0
   -0.281902    0.698803  0.000000  1.0
   -0.281902    0.700803  0.000000  1.0
   -0.281902    0.702803  0.000000  1.0
   -0.281902    0.704803  0.000000  1.0
   -0.281902    0.706803  0.000000  1.0
   -0.281902    0.708803  0.000000  1.0
   -0.281902    0.710803  0.000000  1.0
   -0.281902    0.712803  0.000000  1.0
   -0.281902    0.714803  0.000000  1.0
   -0.281902    0.716803  0.000000  1.0
   -0.281902    0.718803  0.000000  1.0
   -0.281902    0.720803  0.000000  1.0
   -0.279902    0.640803  0.000000  1.0
   -0.279902    0.642803  0.000000  1.0
   -0.279902    0.644803  0.000000  1.0
   -0.279902    0.646803  0.000000  1.0
   -0.279902    0.648803  0.000000  1.0
   -0.279902    0.650803  0.000000  1.0
   -0.279902    0.652803  0.000000  1.0
   -0.279902    0.654803  0.000000  1.0
   -0.279902    0.656803  0.000000  1.0
   -0.279902    0.658803  0.000000  1.0
   -0.279902    0.660803  0.000000  1.0
   -0.279902    0.662803  0.000000  1.0
   -0.279902    0.664803  0.000000  1.0
   -0.279902    0.666803  0.000000  1.0
   -0.279902    0.668803  0.000000  1.0
   -0.279902    0.670803  0.000000  1.0
   -0.279902    0.672803  0.000000  1.0
   -0.279902    0.674803  0.000000  1.0
   -0.279902    0.676803  0.000000  1.0
   -0.279902    0.678803  0.000000  1.0
   -0.279902    0.680803  0.000000  1.0
   -0.279902    0.682803  0.000000  1.0
   -0.279902    0.684803  0.000000  1.0
   -0.279902    0.686803  0.000000  1.0
   -0.279902    0.688803  0.000000  1.0
   -0.279902    0.690803  0.000000  1.0
   -0.279902    0.692803  0.000000  1.0
   -0.279902    0.694803  0.000000  1.0
   -0.279902    0.696803  0.000000  1.0
   -0.279902    0.698803  0.000000  1.0
   -0.279902    0.700803  0.000000  1.0
   -0.279902    0.702803  0.000000  1.0
   -0.279902    0.704803  0.000000  1.0
   -0.279902    0.706803  0.000000  1.0
   -0.279902    0.708803  0.000000  1.0
   -0.279902    0.710803  0.000000  1.0
   -0.279902    0.712803  0.000000  1.0
   -0.279902    0.714803  0.000000  1.0
   -0.279902    0.716803  0.000000  1.0
   -0.279902    0.718803  0.000000  1.0
   -0.279902    0.720803  0.000000  1.0
   -0.277902    0.640803  0.000000  1.0
   -0.277902    0.642803  0.000000  1.0
   -0.277902    0.644803  0.000000  1.0
   -0.277902    0.646803  0.000000  1.0
   -0.277902    0.648803  0.000000  1.0
   -0.277902    0.650803  0.000000  1.0
   -0.277902    0.652803  0.000000  1.0
   -0.277902    0.654803  0.000000  1.0
   -0.277902    0.656803  0.000000  1.0
   -0.277902    0.658803  0.000000  1.0
   -0.277902    0.660803  0.000000  1.0
   -0.277902    0.662803  0.000000  1.0
   -0.277902    0.664803  0.000000  1.0
   -0.277902    0.666803  0.000000  1.0
   -0.277902    0.668803  0.000000  1.0
   -0.277902    0.670803  0.000000  1.0
   -0.277902    0.672803  0.000000  1.0
   -0.277902    0.674803  0.000000  1.0
   -0.277902    0.676803  0.000000  1.0
   -0.277902    0.678803  0.000000  1.0
   -0.277902    0.680803  0.000000  1.0
   -0.277902    0.682803  0.000000  1.0
   -0.277902    0.684803  0.000000  1.0
   -0.277902    0.686803  0.000000  1.0
   -0.277902    0.688803  0.000000  1.0
   -0.277902    0.690803  0.000000  1.0
   -0.277902    0.692803  0.000000  1.0
   -0.277902    0.694803  0.000000  1.0
   -0.277902    0.696803  0.000000  1.0
   -0.277902    0.698803  0.000000  1.0
   -0.277902    0.700803  0.000000  1.0
   -0.277902    0.702803  0.000000  1.0
   -0.277902    0.704803  0.000000  1.0
   -0.277902    0.706803  0.000000  1.0
   -0.277902    0.708803  0.000000  1.0
   -0.277902    0.710803  0.000000  1.0
   -0.277902    0.712803  0.000000  1.0
   -0.277902    0.714803  0.000000  1.0
   -0.277902    0.716803  0.000000  1.0
   -0.277902    0.718803  0.000000  1.0
   -0.277902    0.720803  0.000000  1.0
   -0.275902    0.640803  0.000000  1.0
   -0.275902    0.642803  0.000000  1.0
   -0.275902    0.644803  0.000000  1.0
   -0.275902    0.646803  0.000000  1.0
   -0.275902    0.648803  0.000000  1.0
   -0.275902    0.650803  0.000000  1.0
   -0.275902    0.652803  0.000000  1.0
   -0.275902    0.654803  0.000000  1.0
   -0.275902    0.656803  0.000000  1.0
   -0.275902    0.658803  0.000000  1.0
   -0.275902    0.660803  0.000000  1.0
   -0.275902    0.662803  0.000000  1.0
   -0.275902    0.664803  0.000000  1.0
   -0.275902    0.666803  0.000000  1.0
   -0.275902    0.668803  0.000000  1.0
   -0.275902    0.670803  0.000000  1.0
   -0.275902    0.672803  0.000000  1.0
   -0.275902    0.674803  0.000000  1.0
   -0.275902    0.676803  0.000000  1.0
   -0.275902    0.678803  0.000000  1.0
   -0.275902    0.680803  0.000000  1.0
   -0.275902    0.682803  0.000000  1.0
   -0.275902    0.684803  0.000000  1.0
   -0.275902    0.686803  0.000000  1.0
   -0.275902    0.688803  0.000000  1.0
   -0.275902    0.690803  0.000000  1.0
   -0.275902    0.692803  0.000000  1.0
   -0.275902    0.694803  0.000000  1.0
   -0.275902    0.696803  0.000000  1.0
   -0.275902    0.698803  0.000000  1.0
   -0.275902    0.700803  0.000000  1.0
   -0.275902    0.702803  0.000000  1.0
   -0.275902    0.704803  0.000000  1.0
   -0.275902    0.706803  0.000000  1.0
   -0.275902    0.708803  0.000000  1.0
   -0.275902    0.710803  0.000000  1.0
   -0.275902    0.712803  0.000000  1.0
   -0.275902    0.714803  0.000000  1.0
   -0.275902    0.716803  0.000000  1.0
   -0.275902    0.718803  0.000000  1.0
   -0.275902    0.720803  0.000000  1.0
   -0.273902    0.640803  0.000000  1.0
   -0.273902    0.642803  0.000000  1.0
   -0.273902    0.644803  0.000000  1.0
   -0.273902    0.646803  0.000000  1.0
   -0.273902    0.648803  0.000000  1.0
   -0.273902    0.650803  0.000000  1.0
   -0.273902    0.652803  0.000000  1.0
   -0.273902    0.654803  0.000000  1.0
   -0.273902    0.656803  0.000000  1.0
   -0.273902    0.658803  0.000000  1.0
   -0.273902    0.660803  0.000000  1.0
   -0.273902    0.662803  0.000000  1.0
   -0.273902    0.664803  0.000000  1.0
   -0.273902    0.666803  0.000000  1.0
   -0.273902    0.668803  0.000000  1.0
   -0.273902    0.670803  0.000000  1.0
   -0.273902    0.672803  0.000000  1.0
   -0.273902    0.674803  0.000000  1.0
   -0.273902    0.676803  0.000000  1.0
   -0.273902    0.678803  0.000000  1.0
   -0.273902    0.680803  0.000000  1.0
   -0.273902    0.682803  0.000000  1.0
   -0.273902    0.684803  0.000000  1.0
   -0.273902    0.686803  0.000000  1.0
   -0.273902    0.688803  0.000000  1.0
   -0.273902    0.690803  0.000000  1.0
   -0.273902    0.692803  0.000000  1.0
   -0.273902    0.694803  0.000000  1.0
   -0.273902    0.696803  0.000000  1.0
   -0.273902    0.698803  0.000000  1.0
   -0.273902    0.700803  0.000000  1.0
   -0.273902    0.702803  0.000000  1.0
   -0.273902    0.704803  0.000000  1.0
   -0.273902    0.706803  0.000000  1.0
   -0.273902    0.708803  0.000000  1.0
   -0.273902    0.710803  0.000000  1.0
   -0.273902    0.712803  0.000000  1.0
   -0.273902    0.714803  0.000000  1.0
   -0.273902    0.716803  0.000000  1.0
   -0.273902    0.718803  0.000000  1.0
   -0.273902    0.720803  0.000000  1.0
   -0.271902    0.640803  0.000000  1.0
   -0.271902    0.642803  0.000000  1.0
   -0.271902    0.644803  0.000000  1.0
   -0.271902    0.646803  0.000000  1.0
   -0.271902    0.648803  0.000000  1.0
   -0.271902    0.650803  0.000000  1.0
   -0.271902    0.652803  0.000000  1.0
   -0.271902    0.654803  0.000000  1.0
   -0.271902    0.656803  0.000000  1.0
   -0.271902    0.658803  0.000000  1.0
   -0.271902    0.660803  0.000000  1.0
   -0.271902    0.662803  0.000000  1.0
   -0.271902    0.664803  0.000000  1.0
   -0.271902    0.666803  0.000000  1.0
   -0.271902    0.668803  0.000000  1.0
   -0.271902    0.670803  0.000000  1.0
   -0.271902    0.672803  0.000000  1.0
   -0.271902    0.674803  0.000000  1.0
   -0.271902    0.676803  0.000000  1.0
   -0.271902    0.678803  0.000000  1.0
   -0.271902    0.680803  0.000000  1.0
   -0.271902    0.682803  0.000000  1.0
   -0.271902    0.684803  0.000000  1.0
   -0.271902    0.686803  0.000000  1.0
   -0.271902    0.688803  0.000000  1.0
   -0.271902    0.690803  0.000000  1.0
   -0.271902    0.692803  0.000000  1.0
   -0.271902    0.694803  0.000000  1.0
   -0.271902    0.696803  0.000000  1.0
   -0.271902    0.698803  0.000000  1.0
   -0.271902    0.700803  0.000000  1.0
   -0.271902    0.702803  0.000000  1.0
   -0.271902    0.704803  0.000000  1.0
   -0.271902    0.706803  0.000000  1.0
   -0.271902    0.708803  0.000000  1.0
   -0.271902    0.710803  0.000000  1.0
   -0.271902    0.712803  0.000000  1.0
   -0.271902    0.714803  0.000000  1.0
   -0.271902    0.716803  0.000000  1.0
   -0.271902    0.718803  0.000000  1.0
   -0.271902    0.720803  0.000000  1.0
   -0.269902    0.640803  0.000000  1.0
   -0.269902    0.642803  0.000000  1.0
   -0.269902    0.644803  0.000000  1.0
   -0.269902    0.646803  0.000000  1.0
   -0.269902    0.648803  0.000000  1.0
   -0.269902    0.650803  0.000000  1.0
   -0.269902    0.652803  0.000000  1.0
   -0.269902    0.654803  0.000000  1.0
   -0.269902    0.656803  0.000000  1.0
   -0.269902    0.658803  0.000000  1.0
   -0.269902    0.660803  0.000000  1.0
   -0.269902    0.662803  0.000000  1.0
   -0.269902    0.664803  0.000000  1.0
   -0.269902    0.666803  0.000000  1.0
   -0.269902    0.668803  0.000000  1.0
   -0.269902    0.670803  0.000000  1.0
   -0.269902    0.672803  0.000000  1.0
   -0.269902    0.674803  0.000000  1.0
   -0.269902    0.676803  0.000000  1.0
   -0.269902    0.678803  0.000000  1.0
   -0.269902    0.680803  0.000000  1.0
   -0.269902    0.682803  0.000000  1.0
   -0.269902    0.684803  0.000000  1.0
   -0.269902    0.686803  0.000000  1.0
   -0.269902    0.688803  0.000000  1.0
   -0.269902    0.690803  0.000000  1.0
   -0.269902    0.692803  0.000000  1.0
   -0.269902    0.694803  0.000000  1.0
   -0.269902    0.696803  0.000000  1.0
   -0.269902    0.698803  0.000000  1.0
   -0.269902    0.700803  0.000000  1.0
   -0.269902    0.702803  0.000000  1.0
   -0.269902    0.704803  0.000000  1.0
   -0.269902    0.706803  0.000000  1.0
   -0.269902    0.708803  0.000000  1.0
   -0.269902    0.710803  0.000000  1.0
   -0.269902    0.712803  0.000000  1.0
   -0.269902    0.714803  0.000000  1.0
   -0.269902    0.716803  0.000000  1.0
   -0.269902    0.718803  0.000000  1.0
   -0.269902    0.720803  0.000000  1.0
   -0.267902    0.640803  0.000000  1.0
   -0.267902    0.642803  0.000000  1.0
   -0.267902    0.644803  0.000000  1.0
   -0.267902    0.646803  0.000000  1.0
   -0.267902    0.648803  0.000000  1.0
   -0.267902    0.650803  0.000000  1.0
   -0.267902    0.652803  0.000000  1.0
   -0.267902    0.654803  0.000000  1.0
   -0.267902    0.656803  0.000000  1.0
   -0.267902    0.658803  0.000000  1.0
   -0.267902    0.660803  0.000000  1.0
   -0.267902    0.662803  0.000000  1.0
   -0.267902    0.664803  0.000000  1.0
   -0.267902    0.666803  0.000000  1.0
   -0.267902    0.668803  0.000000  1.0
   -0.267902    0.670803  0.000000  1.0
   -0.267902    0.672803  0.000000  1.0
   -0.267902    0.674803  0.000000  1.0
   -0.267902    0.676803  0.000000  1.0
   -0.267902    0.678803  0.000000  1.0
   -0.267902    0.680803  0.000000  1.0
   -0.267902    0.682803  0.000000  1.0
   -0.267902    0.684803  0.000000  1.0
   -0.267902    0.686803  0.000000  1.0
   -0.267902    0.688803  0.000000  1.0
   -0.267902    0.690803  0.000000  1.0
   -0.267902    0.692803  0.000000  1.0
   -0.267902    0.694803  0.000000  1.0
   -0.267902    0.696803  0.000000  1.0
   -0.267902    0.698803  0.000000  1.0
   -0.267902    0.700803  0.000000  1.0
   -0.267902    0.702803  0.000000  1.0
   -0.267902    0.704803  0.000000  1.0
   -0.267902    0.706803  0.000000  1.0
   -0.267902    0.708803  0.000000  1.0
   -0.267902    0.710803  0.000000  1.0
   -0.267902    0.712803  0.000000  1.0
   -0.267902    0.714803  0.000000  1.0
   -0.267902    0.716803  0.000000  1.0
   -0.267902    0.718803  0.000000  1.0
   -0.267902    0.720803  0.000000  1.0
   -0.265902    0.640803  0.000000  1.0
   -0.265902    0.642803  0.000000  1.0
   -0.265902    0.644803  0.000000  1.0
   -0.265902    0.646803  0.000000  1.0
   -0.265902    0.648803  0.000000  1.0
   -0.265902    0.650803  0.000000  1.0
   -0.265902    0.652803  0.000000  1.0
   -0.265902    0.654803  0.000000  1.0
   -0.265902    0.656803  0.000000  1.0
   -0.265902    0.658803  0.000000  1.0
   -0.265902    0.660803  0.000000  1.0
   -0.265902    0.662803  0.000000  1.0
   -0.265902    0.664803  0.000000  1.0
   -0.265902    0.666803  0.000000  1.0
   -0.265902    0.668803  0.000000  1.0
   -0.265902    0.670803  0.000000  1.0
   -0.265902    0.672803  0.000000  1.0
   -0.265902    0.674803  0.000000  1.0
   -0.265902    0.676803  0.000000  1.0
   -0.265902    0.678803  0.000000  1.0
   -0.265902    0.680803  0.000000  1.0
   -0.265902    0.682803  0.000000  1.0
   -0.265902    0.684803  0.000000  1.0
   -0.265902    0.686803  0.000000  1.0
   -0.265902    0.688803  0.000000  1.0
   -0.265902    0.690803  0.000000  1.0
   -0.265902    0.692803  0.000000  1.0
   -0.265902    0.694803  0.000000  1.0
   -0.265902    0.696803  0.000000  1.0
   -0.265902    0.698803  0.000000  1.0
   -0.265902    0.700803  0.000000  1.0
   -0.265902    0.702803  0.000000  1.0
   -0.265902    0.704803  0.000000  1.0
   -0.265902    0.706803  0.000000  1.0
   -0.265902    0.708803  0.000000  1.0
   -0.265902    0.710803  0.000000  1.0
   -0.265902    0.712803  0.000000  1.0
   -0.265902    0.714803  0.000000  1.0
   -0.265902    0.716803  0.000000  1.0
   -0.265902    0.718803  0.000000  1.0
   -0.265902    0.720803  0.000000  1.0
   -0.263902    0.640803  0.000000  1.0
   -0.263902    0.642803  0.000000  1.0
   -0.263902    0.644803  0.000000  1.0
   -0.263902    0.646803  0.000000  1.0
   -0.263902    0.648803  0.000000  1.0
   -0.263902    0.650803  0.000000  1.0
   -0.263902    0.652803  0.000000  1.0
   -0.263902    0.654803  0.000000  1.0
   -0.263902    0.656803  0.000000  1.0
   -0.263902    0.658803  0.000000  1.0
   -0.263902    0.660803  0.000000  1.0
   -0.263902    0.662803  0.000000  1.0
   -0.263902    0.664803  0.000000  1.0
   -0.263902    0.666803  0.000000  1.0
   -0.263902    0.668803  0.000000  1.0
   -0.263902    0.670803  0.000000  1.0
   -0.263902    0.672803  0.000000  1.0
   -0.263902    0.674803  0.000000  1.0
   -0.263902    0.676803  0.000000  1.0
   -0.263902    0.678803  0.000000  1.0
   -0.263902    0.680803  0.000000  1.0
   -0.263902    0.682803  0.000000  1.0
   -0.263902    0.684803  0.000000  1.0
   -0.263902    0.686803  0.000000  1.0
   -0.263902    0.688803  0.000000  1.0
   -0.263902    0.690803  0.000000  1.0
   -0.263902    0.692803  0.000000  1.0
   -0.263902    0.694803  0.000000  1.0
   -0.263902    0.696803  0.000000  1.0
   -0.263902    0.698803  0.000000  1.0
   -0.263902    0.700803  0.000000  1.0
   -0.263902    0.702803  0.000000  1.0
   -0.263902    0.704803  0.000000  1.0
   -0.263902    0.706803  0.000000  1.0
   -0.263902    0.708803  0.000000  1.0
   -0.263902    0.710803  0.000000  1.0
   -0.263902    0.712803  0.000000  1.0
   -0.263902    0.714803  0.000000  1.0
   -0.263902    0.716803  0.000000  1.0
   -0.263902    0.718803  0.000000  1.0
   -0.263902    0.720803  0.000000  1.0
   -0.261902    0.640803  0.000000  1.0
   -0.261902    0.642803  0.000000  1.0
   -0.261902    0.644803  0.000000  1.0
   -0.261902    0.646803  0.000000  1.0
   -0.261902    0.648803  0.000000  1.0
   -0.261902    0.650803  0.000000  1.0
   -0.261902    0.652803  0.000000  1.0
   -0.261902    0.654803  0.000000  1.0
   -0.261902    0.656803  0.000000  1.0
   -0.261902    0.658803  0.000000  1.0
   -0.261902    0.660803  0.000000  1.0
   -0.261902    0.662803  0.000000  1.0
   -0.261902    0.664803  0.000000  1.0
   -0.261902    0.666803  0.000000  1.0
   -0.261902    0.668803  0.000000  1.0
   -0.261902    0.670803  0.000000  1.0
   -0.261902    0.672803  0.000000  1.0
   -0.261902    0.674803  0.000000  1.0
   -0.261902    0.676803  0.000000  1.0
   -0.261902    0.678803  0.000000  1.0
   -0.261902    0.680803  0.000000  1.0
   -0.261902    0.682803  0.000000  1.0
   -0.261902    0.684803  0.000000  1.0
   -0.261902    0.686803  0.000000  1.0
   -0.261902    0.688803  0.000000  1.0
   -0.261902    0.690803  0.000000  1.0
   -0.261902    0.692803  0.000000  1.0
   -0.261902    0.694803  0.000000  1.0
   -0.261902    0.696803  0.000000  1.0
   -0.261902    0.698803  0.000000  1.0
   -0.261902    0.700803  0.000000  1.0
   -0.261902    0.702803  0.000000  1.0
   -0.261902    0.704803  0.000000  1.0
   -0.261902    0.706803  0.000000  1.0
   -0.261902    0.708803  0.000000  1.0
   -0.261902    0.710803  0.000000  1.0
   -0.261902    0.712803  0.000000  1.0
   -0.261902    0.714803  0.000000  1.0
   -0.261902    0.716803  0.000000  1.0
   -0.261902    0.718803  0.000000  1.0
   -0.261902    0.720803  0.000000  1.0
   -0.259902    0.640803  0.000000  1.0
   -0.259902    0.642803  0.000000  1.0
   -0.259902    0.644803  0.000000  1.0
   -0.259902    0.646803  0.000000  1.0
   -0.259902    0.648803  0.000000  1.0
   -0.259902    0.650803  0.000000  1.0
   -0.259902    0.652803  0.000000  1.0
   -0.259902    0.654803  0.000000  1.0
   -0.259902    0.656803  0.000000  1.0
   -0.259902    0.658803  0.000000  1.0
   -0.259902    0.660803  0.000000  1.0
   -0.259902    0.662803  0.000000  1.0
   -0.259902    0.664803  0.000000  1.0
   -0.259902    0.666803  0.000000  1.0
   -0.259902    0.668803  0.000000  1.0
   -0.259902    0.670803  0.000000  1.0
   -0.259902    0.672803  0.000000  1.0
   -0.259902    0.674803  0.000000  1.0
   -0.259902    0.676803  0.000000  1.0
   -0.259902    0.678803  0.000000  1.0
   -0.259902    0.680803  0.000000  1.0
   -0.259902    0.682803  0.000000  1.0
   -0.259902    0.684803  0.000000  1.0
   -0.259902    0.686803  0.000000  1.0
   -0.259902    0.688803  0.000000  1.0
   -0.259902    0.690803  0.000000  1.0
   -0.259902    0.692803  0.000000  1.0
   -0.259902    0.694803  0.000000  1.0
   -0.259902    0.696803  0.000000  1.0
   -0.259902    0.698803  0.000000  1.0
   -0.259902    0.700803  0.000000  1.0
   -0.259902    0.702803  0.000000  1.0
   -0.259902    0.704803  0.000000  1.0
   -0.259902    0.706803  0.000000  1.0
   -0.259902    0.708803  0.000000  1.0
   -0.259902    0.710803  0.000000  1.0
   -0.259902    0.712803  0.000000  1.0
   -0.259902    0.714803  0.000000  1.0
   -0.259902    0.716803  0.000000  1.0
   -0.259902    0.718803  0.000000  1.0
   -0.259902    0.720803  0.000000  1.0
   -0.257902    0.640803  0.000000  1.0
   -0.257902    0.642803  0.000000  1.0
   -0.257902    0.644803  0.000000  1.0
   -0.257902    0.646803  0.000000  1.0
   -0.257902    0.648803  0.000000  1.0
   -0.257902    0.650803  0.000000  1.0
   -0.257902    0.652803  0.000000  1.0
   -0.257902    0.654803  0.000000  1.0
   -0.257902    0.656803  0.000000  1.0
   -0.257902    0.658803  0.000000  1.0
   -0.257902    0.660803  0.000000  1.0
   -0.257902    0.662803  0.000000  1.0
   -0.257902    0.664803  0.000000  1.0
   -0.257902    0.666803  0.000000  1.0
   -0.257902    0.668803  0.000000  1.0
   -0.257902    0.670803  0.000000  1.0
   -0.257902    0.672803  0.000000  1.0
   -0.257902    0.674803  0.000000  1.0
   -0.257902    0.676803  0.000000  1.0
   -0.257902    0.678803  0.000000  1.0
   -0.257902    0.680803  0.000000  1.0
   -0.257902    0.682803  0.000000  1.0
   -0.257902    0.684803  0.000000  1.0
   -0.257902    0.686803  0.000000  1.0
   -0.257902    0.688803  0.000000  1.0
   -0.257902    0.690803  0.000000  1.0
   -0.257902    0.692803  0.000000  1.0
   -0.257902    0.694803  0.000000  1.0
   -0.257902    0.696803  0.000000  1.0
   -0.257902    0.698803  0.000000  1.0
   -0.257902    0.700803  0.000000  1.0
   -0.257902    0.702803  0.000000  1.0
   -0.257902    0.704803  0.000000  1.0
   -0.257902    0.706803  0.000000  1.0
   -0.257902    0.708803  0.000000  1.0
   -0.257902    0.710803  0.000000  1.0
   -0.257902    0.712803  0.000000  1.0
   -0.257902    0.714803  0.000000  1.0
   -0.257902    0.716803  0.000000  1.0
   -0.257902    0.718803  0.000000  1.0
   -0.257902    0.720803  0.000000  1.0
   -0.255902    0.640803  0.000000  1.0
   -0.255902    0.642803  0.000000  1.0
   -0.255902    0.644803  0.000000  1.0
   -0.255902    0.646803  0.000000  1.0
   -0.255902    0.648803  0.000000  1.0
   -0.255902    0.650803  0.000000  1.0
   -0.255902    0.652803  0.000000  1.0
   -0.255902    0.654803  0.000000  1.0
   -0.255902    0.656803  0.000000  1.0
   -0.255902    0.658803  0.000000  1.0
   -0.255902    0.660803  0.000000  1.0
   -0.255902    0.662803  0.000000  1.0
   -0.255902    0.664803  0.000000  1.0
   -0.255902    0.666803  0.000000  1.0
   -0.255902    0.668803  0.000000  1.0
   -0.255902    0.670803  0.000000  1.0
   -0.255902    0.672803  0.000000  1.0
   -0.255902    0.674803  0.000000  1.0
   -0.255902    0.676803  0.000000  1.0
   -0.255902    0.678803  0.000000  1.0
   -0.255902    0.680803  0.000000  1.0
   -0.255902    0.682803  0.000000  1.0
   -0.255902    0.684803  0.000000  1.0
   -0.255902    0.686803  0.000000  1.0
   -0.255902    0.688803  0.000000  1.0
   -0.255902    0.690803  0.000000  1.0
   -0.255902    0.692803  0.000000  1.0
   -0.255902    0.694803  0.000000  1.0
   -0.255902    0.696803  0.000000  1.0
   -0.255902    0.698803  0.000000  1.0
   -0.255902    0.700803  0.000000  1.0
   -0.255902    0.702803  0.000000  1.0
   -0.255902    0.704803  0.000000  1.0
   -0.255902    0.706803  0.000000  1.0
   -0.255902    0.708803  0.000000  1.0
   -0.255902    0.710803  0.000000  1.0
   -0.255902    0.712803  0.000000  1.0
   -0.255902    0.714803  0.000000  1.0
   -0.255902    0.716803  0.000000  1.0
   -0.255902    0.718803  0.000000  1.0
   -0.255902    0.720803  0.000000  1.0
   -0.253902    0.640803  0.000000  1.0
   -0.253902    0.642803  0.000000  1.0
   -0.253902    0.644803  0.000000  1.0
   -0.253902    0.646803  0.000000  1.0
   -0.253902    0.648803  0.000000  1.0
   -0.253902    0.650803  0.000000  1.0
   -0.253902    0.652803  0.000000  1.0
   -0.253902    0.654803  0.000000  1.0
   -0.253902    0.656803  0.000000  1.0
   -0.253902    0.658803  0.000000  1.0
   -0.253902    0.660803  0.000000  1.0
   -0.253902    0.662803  0.000000  1.0
   -0.253902    0.664803  0.000000  1.0
   -0.253902    0.666803  0.000000  1.0
   -0.253902    0.668803  0.000000  1.0
   -0.253902    0.670803  0.000000  1.0
   -0.253902    0.672803  0.000000  1.0
   -0.253902    0.674803  0.000000  1.0
   -0.253902    0.676803  0.000000  1.0
   -0.253902    0.678803  0.000000  1.0
   -0.253902    0.680803  0.000000  1.0
   -0.253902    0.682803  0.000000  1.0
   -0.253902    0.684803  0.000000  1.0
   -0.253902    0.686803  0.000000  1.0
   -0.253902    0.688803  0.000000  1.0
   -0.253902    0.690803  0.000000  1.0
   -0.253902    0.692803  0.000000  1.0
   -0.253902    0.694803  0.000000  1.0
   -0.253902    0.696803  0.000000  1.0
   -0.253902    0.698803  0.000000  1.0
   -0.253902    0.700803  0.000000  1.0
   -0.253902    0.702803  0.000000  1.0
   -0.253902    0.704803  0.000000  1.0
   -0.253902    0.706803  0.000000  1.0
   -0.253902    0.708803  0.000000  1.0
   -0.253902    0.710803  0.000000  1.0
   -0.253902    0.712803  0.000000  1.0
   -0.253902    0.714803  0.000000  1.0
   -0.253902    0.716803  0.000000  1.0
   -0.253902    0.718803  0.000000  1.0
   -0.253902    0.720803  0.000000  1.0
   -0.251902    0.640803  0.000000  1.0
   -0.251902    0.642803  0.000000  1.0
   -0.251902    0.644803  0.000000  1.0
   -0.251902    0.646803  0.000000  1.0
   -0.251902    0.648803  0.000000  1.0
   -0.251902    0.650803  0.000000  1.0
   -0.251902    0.652803  0.000000  1.0
   -0.251902    0.654803  0.000000  1.0
   -0.251902    0.656803  0.000000  1.0
   -0.251902    0.658803  0.000000  1.0
   -0.251902    0.660803  0.000000  1.0
   -0.251902    0.662803  0.000000  1.0
   -0.251902    0.664803  0.000000  1.0
   -0.251902    0.666803  0.000000  1.0
   -0.251902    0.668803  0.000000  1.0
   -0.251902    0.670803  0.000000  1.0
   -0.251902    0.672803  0.000000  1.0
   -0.251902    0.674803  0.000000  1.0
   -0.251902    0.676803  0.000000  1.0
   -0.251902    0.678803  0.000000  1.0
   -0.251902    0.680803  0.000000  1.0
   -0.251902    0.682803  0.000000  1.0
   -0.251902    0.684803  0.000000  1.0
   -0.251902    0.686803  0.000000  1.0
   -0.251902    0.688803  0.000000  1.0
   -0.251902    0.690803  0.000000  1.0
   -0.251902    0.692803  0.000000  1.0
   -0.251902    0.694803  0.000000  1.0
   -0.251902    0.696803  0.000000  1.0
   -0.251902    0.698803  0.000000  1.0
   -0.251902    0.700803  0.000000  1.0
   -0.251902    0.702803  0.000000  1.0
   -0.251902    0.704803  0.000000  1.0
   -0.251902    0.706803  0.000000  1.0
   -0.251902    0.708803  0.000000  1.0
   -0.251902    0.710803  0.000000  1.0
   -0.251902    0.712803  0.000000  1.0
   -0.251902    0.714803  0.000000  1.0
   -0.251902    0.716803  0.000000  1.0
   -0.251902    0.718803  0.000000  1.0
   -0.251902    0.720803  0.000000  1.0
   -0.249902    0.640803  0.000000  1.0
   -0.249902    0.642803  0.000000  1.0
   -0.249902    0.644803  0.000000  1.0
   -0.249902    0.646803  0.000000  1.0
   -0.249902    0.648803  0.000000  1.0
   -0.249902    0.650803  0.000000  1.0
   -0.249902    0.652803  0.000000  1.0
   -0.249902    0.654803  0.000000  1.0
   -0.249902    0.656803  0.000000  1.0
   -0.249902    0.658803  0.000000  1.0
   -0.249902    0.660803  0.000000  1.0
   -0.249902    0.662803  0.000000  1.0
   -0.249902    0.664803  0.000000  1.0
   -0.249902    0.666803  0.000000  1.0
   -0.249902    0.668803  0.000000  1.0
   -0.249902    0.670803  0.000000  1.0
   -0.249902    0.672803  0.000000  1.0
   -0.249902    0.674803  0.000000  1.0
   -0.249902    0.676803  0.000000  1.0
   -0.249902    0.678803  0.000000  1.0
   -0.249902    0.680803  0.000000  1.0
   -0.249902    0.682803  0.000000  1.0
   -0.249902    0.684803  0.000000  1.0
   -0.249902    0.686803  0.000000  1.0
   -0.249902    0.688803  0.000000  1.0
   -0.249902    0.690803  0.000000  1.0
   -0.249902    0.692803  0.000000  1.0
   -0.249902    0.694803  0.000000  1.0
   -0.249902    0.696803  0.000000  1.0
   -0.249902    0.698803  0.000000  1.0
   -0.249902    0.700803  0.000000  1.0
   -0.249902    0.702803  0.000000  1.0
   -0.249902    0.704803  0.000000  1.0
   -0.249902    0.706803  0.000000  1.0
   -0.249902    0.708803  0.000000  1.0
   -0.249902    0.710803  0.000000  1.0
   -0.249902    0.712803  0.000000  1.0
   -0.249902    0.714803  0.000000  1.0
   -0.249902    0.716803  0.000000  1.0
   -0.249902    0.718803  0.000000  1.0
   -0.249902    0.720803  0.000000  1.0
   -0.247902    0.640803  0.000000  1.0
   -0.247902    0.642803  0.000000  1.0
   -0.247902    0.644803  0.000000  1.0
   -0.247902    0.646803  0.000000  1.0
   -0.247902    0.648803  0.000000  1.0
   -0.247902    0.650803  0.000000  1.0
   -0.247902    0.652803  0.000000  1.0
   -0.247902    0.654803  0.000000  1.0
   -0.247902    0.656803  0.000000  1.0
   -0.247902    0.658803  0.000000  1.0
   -0.247902    0.660803  0.000000  1.0
   -0.247902    0.662803  0.000000  1.0
   -0.247902    0.664803  0.000000  1.0
   -0.247902    0.666803  0.000000  1.0
   -0.247902    0.668803  0.000000  1.0
   -0.247902    0.670803  0.000000  1.0
   -0.247902    0.672803  0.000000  1.0
   -0.247902    0.674803  0.000000  1.0
   -0.247902    0.676803  0.000000  1.0
   -0.247902    0.678803  0.000000  1.0
   -0.247902    0.680803  0.000000  1.0
   -0.247902    0.682803  0.000000  1.0
   -0.247902    0.684803  0.000000  1.0
   -0.247902    0.686803  0.000000  1.0
   -0.247902    0.688803  0.000000  1.0
   -0.247902    0.690803  0.000000  1.0
   -0.247902    0.692803  0.000000  1.0
   -0.247902    0.694803  0.000000  1.0
   -0.247902    0.696803  0.000000  1.0
   -0.247902    0.698803  0.000000  1.0
   -0.247902    0.700803  0.000000  1.0
   -0.247902    0.702803  0.000000  1.0
   -0.247902    0.704803  0.000000  1.0
   -0.247902    0.706803  0.000000  1.0
   -0.247902    0.708803  0.000000  1.0
   -0.247902    0.710803  0.000000  1.0
   -0.247902    0.712803  0.000000  1.0
   -0.247902    0.714803  0.000000  1.0
   -0.247902    0.716803  0.000000  1.0
   -0.247902    0.718803  0.000000  1.0
   -0.247902    0.720803  0.000000  1.0
   -0.245902    0.640803  0.000000  1.0
   -0.245902    0.642803  0.000000  1.0
   -0.245902    0.644803  0.000000  1.0
   -0.245902    0.646803  0.000000  1.0
   -0.245902    0.648803  0.000000  1.0
   -0.245902    0.650803  0.000000  1.0
   -0.245902    0.652803  0.000000  1.0
   -0.245902    0.654803  0.000000  1.0
   -0.245902    0.656803  0.000000  1.0
   -0.245902    0.658803  0.000000  1.0
   -0.245902    0.660803  0.000000  1.0
   -0.245902    0.662803  0.000000  1.0
   -0.245902    0.664803  0.000000  1.0
   -0.245902    0.666803  0.000000  1.0
   -0.245902    0.668803  0.000000  1.0
   -0.245902    0.670803  0.000000  1.0
   -0.245902    0.672803  0.000000  1.0
   -0.245902    0.674803  0.000000  1.0
   -0.245902    0.676803  0.000000  1.0
   -0.245902    0.678803  0.000000  1.0
   -0.245902    0.680803  0.000000  1.0
   -0.245902    0.682803  0.000000  1.0
   -0.245902    0.684803  0.000000  1.0
   -0.245902    0.686803  0.000000  1.0
   -0.245902    0.688803  0.000000  1.0
   -0.245902    0.690803  0.000000  1.0
   -0.245902    0.692803  0.000000  1.0
   -0.245902    0.694803  0.000000  1.0
   -0.245902    0.696803  0.000000  1.0
   -0.245902    0.698803  0.000000  1.0
   -0.245902    0.700803  0.000000  1.0
   -0.245902    0.702803  0.000000  1.0
   -0.245902    0.704803  0.000000  1.0
   -0.245902    0.706803  0.000000  1.0
   -0.245902    0.708803  0.000000  1.0
   -0.245902    0.710803  0.000000  1.0
   -0.245902    0.712803  0.000000  1.0
   -0.245902    0.714803  0.000000  1.0
   -0.245902    0.716803  0.000000  1.0
   -0.245902    0.718803  0.000000  1.0
   -0.245902    0.720803  0.000000  1.0
   -0.243902    0.640803  0.000000  1.0
   -0.243902    0.642803  0.000000  1.0
   -0.243902    0.644803  0.000000  1.0
   -0.243902    0.646803  0.000000  1.0
   -0.243902    0.648803  0.000000  1.0
   -0.243902    0.650803  0.000000  1.0
   -0.243902    0.652803  0.000000  1.0
   -0.243902    0.654803  0.000000  1.0
   -0.243902    0.656803  0.000000  1.0
   -0.243902    0.658803  0.000000  1.0
   -0.243902    0.660803  0.000000  1.0
   -0.243902    0.662803  0.000000  1.0
   -0.243902    0.664803  0.000000  1.0
   -0.243902    0.666803  0.000000  1.0
   -0.243902    0.668803  0.000000  1.0
   -0.243902    0.670803  0.000000  1.0
   -0.243902    0.672803  0.000000  1.0
   -0.243902    0.674803  0.000000  1.0
   -0.243902    0.676803  0.000000  1.0
   -0.243902    0.678803  0.000000  1.0
   -0.243902    0.680803  0.000000  1.0
   -0.243902    0.682803  0.000000  1.0
   -0.243902    0.684803  0.000000  1.0
   -0.243902    0.686803  0.000000  1.0
   -0.243902    0.688803  0.000000  1.0
   -0.243902    0.690803  0.000000  1.0
   -0.243902    0.692803  0.000000  1.0
   -0.243902    0.694803  0.000000  1.0
   -0.243902    0.696803  0.000000  1.0
   -0.243902    0.698803  0.000000  1.0
   -0.243902    0.700803  0.000000  1.0
   -0.243902    0.702803  0.000000  1.0
   -0.243902    0.704803  0.000000  1.0
   -0.243902    0.706803  0.000000  1.0
   -0.243902    0.708803  0.000000  1.0
   -0.243902    0.710803  0.000000  1.0
   -0.243902    0.712803  0.000000  1.0
   -0.243902    0.714803  0.000000  1.0
   -0.243902    0.716803  0.000000  1.0
   -0.243902    0.718803  0.000000  1.0
   -0.243902    0.720803  0.000000  1.0
   -0.241902    0.640803  0.000000  1.0
   -0.241902    0.642803  0.000000  1.0
   -0.241902    0.644803  0.000000  1.0
   -0.241902    0.646803  0.000000  1.0
   -0.241902    0.648803  0.000000  1.0
   -0.241902    0.650803  0.000000  1.0
   -0.241902    0.652803  0.000000  1.0
   -0.241902    0.654803  0.000000  1.0
   -0.241902    0.656803  0.000000  1.0
   -0.241902    0.658803  0.000000  1.0
   -0.241902    0.660803  0.000000  1.0
   -0.241902    0.662803  0.000000  1.0
   -0.241902    0.664803  0.000000  1.0
   -0.241902    0.666803  0.000000  1.0
   -0.241902    0.668803  0.000000  1.0
   -0.241902    0.670803  0.000000  1.0
   -0.241902    0.672803  0.000000  1.0
   -0.241902    0.674803  0.000000  1.0
   -0.241902    0.676803  0.000000  1.0
   -0.241902    0.678803  0.000000  1.0
   -0.241902    0.680803  0.000000  1.0
   -0.241902    0.682803  0.000000  1.0
   -0.241902    0.684803  0.000000  1.0
   -0.241902    0.686803  0.000000  1.0
   -0.241902    0.688803  0.000000  1.0
   -0.241902    0.690803  0.000000  1.0
   -0.241902    0.692803  0.000000  1.0
   -0.241902    0.694803  0.000000  1.0
   -0.241902    0.696803  0.000000  1.0
   -0.241902    0.698803  0.000000  1.0
   -0.241902    0.700803  0.000000  1.0
   -0.241902    0.702803  0.000000  1.0
   -0.241902    0.704803  0.000000  1.0
   -0.241902    0.706803  0.000000  1.0
   -0.241902    0.708803  0.000000  1.0
   -0.241902    0.710803  0.000000  1.0
   -0.241902    0.712803  0.000000  1.0
   -0.241902    0.714803  0.000000  1.0
   -0.241902    0.716803  0.000000  1.0
   -0.241902    0.718803  0.000000  1.0
   -0.241902    0.720803  0.000000  1.0
   -0.239902    0.640803  0.000000  1.0
   -0.239902    0.642803  0.000000  1.0
   -0.239902    0.644803  0.000000  1.0
   -0.239902    0.646803  0.000000  1.0
   -0.239902    0.648803  0.000000  1.0
   -0.239902    0.650803  0.000000  1.0
   -0.239902    0.652803  0.000000  1.0
   -0.239902    0.654803  0.000000  1.0
   -0.239902    0.656803  0.000000  1.0
   -0.239902    0.658803  0.000000  1.0
   -0.239902    0.660803  0.000000  1.0
   -0.239902    0.662803  0.000000  1.0
   -0.239902    0.664803  0.000000  1.0
   -0.239902    0.666803  0.000000  1.0
   -0.239902    0.668803  0.000000  1.0
   -0.239902    0.670803  0.000000  1.0
   -0.239902    0.672803  0.000000  1.0
   -0.239902    0.674803  0.000000  1.0
   -0.239902    0.676803  0.000000  1.0
   -0.239902    0.678803  0.000000  1.0
   -0.239902    0.680803  0.000000  1.0
   -0.239902    0.682803  0.000000  1.0
   -0.239902    0.684803  0.000000  1.0
   -0.239902    0.686803  0.000000  1.0
   -0.239902    0.688803  0.000000  1.0
   -0.239902    0.690803  0.000000  1.0
   -0.239902    0.692803  0.000000  1.0
   -0.239902    0.694803  0.000000  1.0
   -0.239902    0.696803  0.000000  1.0
   -0.239902    0.698803  0.000000  1.0
   -0.239902    0.700803  0.000000  1.0
   -0.239902    0.702803  0.000000  1.0
   -0.239902    0.704803  0.000000  1.0
   -0.239902    0.706803  0.000000  1.0
   -0.239902    0.708803  0.000000  1.0
   -0.239902    0.710803  0.000000  1.0
   -0.239902    0.712803  0.000000  1.0
   -0.239902    0.714803  0.000000  1.0
   -0.239902    0.716803  0.000000  1.0
   -0.239902    0.718803  0.000000  1.0
   -0.239902    0.720803  0.000000  1.0
   -0.237902    0.640803  0.000000  1.0
   -0.237902    0.642803  0.000000  1.0
   -0.237902    0.644803  0.000000  1.0
   -0.237902    0.646803  0.000000  1.0
   -0.237902    0.648803  0.000000  1.0
   -0.237902    0.650803  0.000000  1.0
   -0.237902    0.652803  0.000000  1.0
   -0.237902    0.654803  0.000000  1.0
   -0.237902    0.656803  0.000000  1.0
   -0.237902    0.658803  0.000000  1.0
   -0.237902    0.660803  0.000000  1.0
   -0.237902    0.662803  0.000000  1.0
   -0.237902    0.664803  0.000000  1.0
   -0.237902    0.666803  0.000000  1.0
   -0.237902    0.668803  0.000000  1.0
   -0.237902    0.670803  0.000000  1.0
   -0.237902    0.672803  0.000000  1.0
   -0.237902    0.674803  0.000000  1.0
   -0.237902    0.676803  0.000000  1.0
   -0.237902    0.678803  0.000000  1.0
   -0.237902    0.680803  0.000000  1.0
   -0.237902    0.682803  0.000000  1.0
   -0.237902    0.684803  0.000000  1.0
   -0.237902    0.686803  0.000000  1.0
   -0.237902    0.688803  0.000000  1.0
   -0.237902    0.690803  0.000000  1.0
   -0.237902    0.692803  0.000000  1.0
   -0.237902    0.694803  0.000000  1.0
   -0.237902    0.696803  0.000000  1.0
   -0.237902    0.698803  0.000000  1.0
   -0.237902    0.700803  0.000000  1.0
   -0.237902    0.702803  0.000000  1.0
   -0.237902    0.704803  0.000000  1.0
   -0.237902    0.706803  0.000000  1.0
   -0.237902    0.708803  0.000000  1.0
   -0.237902    0.710803  0.000000  1.0
   -0.237902    0.712803  0.000000  1.0
   -0.237902    0.714803  0.000000  1.0
   -0.237902    0.716803  0.000000  1.0
   -0.237902    0.718803  0.000000  1.0
   -0.237902    0.720803  0.000000  1.0
   -0.235902    0.640803  0.000000  1.0
   -0.235902    0.642803  0.000000  1.0
   -0.235902    0.644803  0.000000  1.0
   -0.235902    0.646803  0.000000  1.0
   -0.235902    0.648803  0.000000  1.0
   -0.235902    0.650803  0.000000  1.0
   -0.235902    0.652803  0.000000  1.0
   -0.235902    0.654803  0.000000  1.0
   -0.235902    0.656803  0.000000  1.0
   -0.235902    0.658803  0.000000  1.0
   -0.235902    0.660803  0.000000  1.0
   -0.235902    0.662803  0.000000  1.0
   -0.235902    0.664803  0.000000  1.0
   -0.235902    0.666803  0.000000  1.0
   -0.235902    0.668803  0.000000  1.0
   -0.235902    0.670803  0.000000  1.0
   -0.235902    0.672803  0.000000  1.0
   -0.235902    0.674803  0.000000  1.0
   -0.235902    0.676803  0.000000  1.0
   -0.235902    0.678803  0.000000  1.0
   -0.235902    0.680803  0.000000  1.0
   -0.235902    0.682803  0.000000  1.0
   -0.235902    0.684803  0.000000  1.0
   -0.235902    0.686803  0.000000  1.0
   -0.235902    0.688803  0.000000  1.0
   -0.235902    0.690803  0.000000  1.0
   -0.235902    0.692803  0.000000  1.0
   -0.235902    0.694803  0.000000  1.0
   -0.235902    0.696803  0.000000  1.0
   -0.235902    0.698803  0.000000  1.0
   -0.235902    0.700803  0.000000  1.0
   -0.235902    0.702803  0.000000  1.0
   -0.235902    0.704803  0.000000  1.0
   -0.235902    0.706803  0.000000  1.0
   -0.235902    0.708803  0.000000  1.0
   -0.235902    0.710803  0.000000  1.0
   -0.235902    0.712803  0.000000  1.0
   -0.235902    0.714803  0.000000  1.0
   -0.235902    0.716803  0.000000  1.0
   -0.235902    0.718803  0.000000  1.0
   -0.235902    0.720803  0.000000  1.0
   -0.233902    0.640803  0.000000  1.0
   -0.233902    0.642803  0.000000  1.0
   -0.233902    0.644803  0.000000  1.0
   -0.233902    0.646803  0.000000  1.0
   -0.233902    0.648803  0.000000  1.0
   -0.233902    0.650803  0.000000  1.0
   -0.233902    0.652803  0.000000  1.0
   -0.233902    0.654803  0.000000  1.0
   -0.233902    0.656803  0.000000  1.0
   -0.233902    0.658803  0.000000  1.0
   -0.233902    0.660803  0.000000  1.0
   -0.233902    0.662803  0.000000  1.0
   -0.233902    0.664803  0.000000  1.0
   -0.233902    0.666803  0.000000  1.0
   -0.233902    0.668803  0.000000  1.0
   -0.233902    0.670803  0.000000  1.0
   -0.233902    0.672803  0.000000  1.0
   -0.233902    0.674803  0.000000  1.0
   -0.233902    0.676803  0.000000  1.0
   -0.233902    0.678803  0.000000  1.0
   -0.233902    0.680803  0.000000  1.0
   -0.233902    0.682803  0.000000  1.0
   -0.233902    0.684803  0.000000  1.0
   -0.233902    0.686803  0.000000  1.0
   -0.233902    0.688803  0.000000  1.0
   -0.233902    0.690803  0.000000  1.0
   -0.233902    0.692803  0.000000  1.0
   -0.233902    0.694803  0.000000  1.0
   -0.233902    0.696803  0.000000  1.0
   -0.233902    0.698803  0.000000  1.0
   -0.233902    0.700803  0.000000  1.0
   -0.233902    0.702803  0.000000  1.0
   -0.233902    0.704803  0.000000  1.0
   -0.233902    0.706803  0.000000  1.0
   -0.233902    0.708803  0.000000  1.0
   -0.233902    0.710803  0.000000  1.0
   -0.233902    0.712803  0.000000  1.0
   -0.233902    0.714803  0.000000  1.0
   -0.233902    0.716803  0.000000  1.0
   -0.233902    0.718803  0.000000  1.0
   -0.233902    0.720803  0.000000  1.0
   -0.231902    0.640803  0.000000  1.0
   -0.231902    0.642803  0.000000  1.0
   -0.231902    0.644803  0.000000  1.0
   -0.231902    0.646803  0.000000  1.0
   -0.231902    0.648803  0.000000  1.0
   -0.231902    0.650803  0.000000  1.0
   -0.231902    0.652803  0.000000  1.0
   -0.231902    0.654803  0.000000  1.0
   -0.231902    0.656803  0.000000  1.0
   -0.231902    0.658803  0.000000  1.0
   -0.231902    0.660803  0.000000  1.0
   -0.231902    0.662803  0.000000  1.0
   -0.231902    0.664803  0.000000  1.0
   -0.231902    0.666803  0.000000  1.0
   -0.231902    0.668803  0.000000  1.0
   -0.231902    0.670803  0.000000  1.0
   -0.231902    0.672803  0.000000  1.0
   -0.231902    0.674803  0.000000  1.0
   -0.231902    0.676803  0.000000  1.0
   -0.231902    0.678803  0.000000  1.0
   -0.231902    0.680803  0.000000  1.0
   -0.231902    0.682803  0.000000  1.0
   -0.231902    0.684803  0.000000  1.0
   -0.231902    0.686803  0.000000  1.0
   -0.231902    0.688803  0.000000  1.0
   -0.231902    0.690803  0.000000  1.0
   -0.231902    0.692803  0.000000  1.0
   -0.231902    0.694803  0.000000  1.0
   -0.231902    0.696803  0.000000  1.0
   -0.231902    0.698803  0.000000  1.0
   -0.231902    0.700803  0.000000  1.0
   -0.231902    0.702803  0.000000  1.0
   -0.231902    0.704803  0.000000  1.0
   -0.231902    0.706803  0.000000  1.0
   -0.231902    0.708803  0.000000  1.0
   -0.231902    0.710803  0.000000  1.0
   -0.231902    0.712803  0.000000  1.0
   -0.231902    0.714803  0.000000  1.0
   -0.231902    0.716803  0.000000  1.0
   -0.231902    0.718803  0.000000  1.0
   -0.231902    0.720803  0.000000  1.0
   -0.229902    0.640803  0.000000  1.0
   -0.229902    0.642803  0.000000  1.0
   -0.229902    0.644803  0.000000  1.0
   -0.229902    0.646803  0.000000  1.0
   -0.229902    0.648803  0.000000  1.0
   -0.229902    0.650803  0.000000  1.0
   -0.229902    0.652803  0.000000  1.0
   -0.229902    0.654803  0.000000  1.0
   -0.229902    0.656803  0.000000  1.0
   -0.229902    0.658803  0.000000  1.0
   -0.229902    0.660803  0.000000  1.0
   -0.229902    0.662803  0.000000  1.0
   -0.229902    0.664803  0.000000  1.0
   -0.229902    0.666803  0.000000  1.0
   -0.229902    0.668803  0.000000  1.0
   -0.229902    0.670803  0.000000  1.0
   -0.229902    0.672803  0.000000  1.0
   -0.229902    0.674803  0.000000  1.0
   -0.229902    0.676803  0.000000  1.0
   -0.229902    0.678803  0.000000  1.0
   -0.229902    0.680803  0.000000  1.0
   -0.229902    0.682803  0.000000  1.0
   -0.229902    0.684803  0.000000  1.0
   -0.229902    0.686803  0.000000  1.0
   -0.229902    0.688803  0.000000  1.0
   -0.229902    0.690803  0.000000  1.0
   -0.229902    0.692803  0.000000  1.0
   -0.229902    0.694803  0.000000  1.0
   -0.229902    0.696803  0.000000  1.0
   -0.229902    0.698803  0.000000  1.0
   -0.229902    0.700803  0.000000  1.0
   -0.229902    0.702803  0.000000  1.0
   -0.229902    0.704803  0.000000  1.0
   -0.229902    0.706803  0.000000  1.0
   -0.229902    0.708803  0.000000  1.0
   -0.229902    0.710803  0.000000  1.0
   -0.229902    0.712803  0.000000  1.0
   -0.229902    0.714803  0.000000  1.0
   -0.229902    0.716803  0.000000  1.0
   -0.229902    0.718803  0.000000  1.0
   -0.229902    0.720803  0.000000  1.0
   -0.227902    0.640803  0.000000  1.0
   -0.227902    0.642803  0.000000  1.0
   -0.227902    0.644803  0.000000  1.0
   -0.227902    0.646803  0.000000  1.0
   -0.227902    0.648803  0.000000  1.0
   -0.227902    0.650803  0.000000  1.0
   -0.227902    0.652803  0.000000  1.0
   -0.227902    0.654803  0.000000  1.0
   -0.227902    0.656803  0.000000  1.0
   -0.227902    0.658803  0.000000  1.0
   -0.227902    0.660803  0.000000  1.0
   -0.227902    0.662803  0.000000  1.0
   -0.227902    0.664803  0.000000  1.0
   -0.227902    0.666803  0.000000  1.0
   -0.227902    0.668803  0.000000  1.0
   -0.227902    0.670803  0.000000  1.0
   -0.227902    0.672803  0.000000  1.0
   -0.227902    0.674803  0.000000  1.0
   -0.227902    0.676803  0.000000  1.0
   -0.227902    0.678803  0.000000  1.0
   -0.227902    0.680803  0.000000  1.0
   -0.227902    0.682803  0.000000  1.0
   -0.227902    0.684803  0.000000  1.0
   -0.227902    0.686803  0.000000  1.0
   -0.227902    0.688803  0.000000  1.0
   -0.227902    0.690803  0.000000  1.0
   -0.227902    0.692803  0.000000  1.0
   -0.227902    0.694803  0.000000  1.0
   -0.227902    0.696803  0.000000  1.0
   -0.227902    0.698803  0.000000  1.0
   -0.227902    0.700803  0.000000  1.0
   -0.227902    0.702803  0.000000  1.0
   -0.227902    0.704803  0.000000  1.0
   -0.227902    0.706803  0.000000  1.0
   -0.227902    0.708803  0.000000  1.0
   -0.227902    0.710803  0.000000  1.0
   -0.227902    0.712803  0.000000  1.0
   -0.227902    0.714803  0.000000  1.0
   -0.227902    0.716803  0.000000  1.0
   -0.227902    0.718803  0.000000  1.0
   -0.227902    0.720803  0.000000  1.0
   -0.225902    0.640803  0.000000  1.0
   -0.225902    0.642803  0.000000  1.0
   -0.225902    0.644803  0.000000  1.0
   -0.225902    0.646803  0.000000  1.0
   -0.225902    0.648803  0.000000  1.0
   -0.225902    0.650803  0.000000  1.0
   -0.225902    0.652803  0.000000  1.0
   -0.225902    0.654803  0.000000  1.0
   -0.225902    0.656803  0.000000  1.0
   -0.225902    0.658803  0.000000  1.0
   -0.225902    0.660803  0.000000  1.0
   -0.225902    0.662803  0.000000  1.0
   -0.225902    0.664803  0.000000  1.0
   -0.225902    0.666803  0.000000  1.0
   -0.225902    0.668803  0.000000  1.0
   -0.225902    0.670803  0.000000  1.0
   -0.225902    0.672803  0.000000  1.0
   -0.225902    0.674803  0.000000  1.0
   -0.225902    0.676803  0.000000  1.0
   -0.225902    0.678803  0.000000  1.0
   -0.225902    0.680803  0.000000  1.0
   -0.225902    0.682803  0.000000  1.0
   -0.225902    0.684803  0.000000  1.0
   -0.225902    0.686803  0.000000  1.0
   -0.225902    0.688803  0.000000  1.0
   -0.225902    0.690803  0.000000  1.0
   -0.225902    0.692803  0.000000  1.0
   -0.225902    0.694803  0.000000  1.0
   -0.225902    0.696803  0.000000  1.0
   -0.225902    0.698803  0.000000  1.0
   -0.225902    0.700803  0.000000  1.0
   -0.225902    0.702803  0.000000  1.0
   -0.225902    0.704803  0.000000  1.0
   -0.225902    0.706803  0.000000  1.0
   -0.225902    0.708803  0.000000  1.0
   -0.225902    0.710803  0.000000  1.0
   -0.225902    0.712803  0.000000  1.0
   -0.225902    0.714803  0.000000  1.0
   -0.225902    0.716803  0.000000  1.0
   -0.225902    0.718803  0.000000  1.0
   -0.225902    0.720803  0.000000  1.0
   -0.223902    0.640803  0.000000  1.0
   -0.223902    0.642803  0.000000  1.0
   -0.223902    0.644803  0.000000  1.0
   -0.223902    0.646803  0.000000  1.0
   -0.223902    0.648803  0.000000  1.0
   -0.223902    0.650803  0.000000  1.0
   -0.223902    0.652803  0.000000  1.0
   -0.223902    0.654803  0.000000  1.0
   -0.223902    0.656803  0.000000  1.0
   -0.223902    0.658803  0.000000  1.0
   -0.223902    0.660803  0.000000  1.0
   -0.223902    0.662803  0.000000  1.0
   -0.223902    0.664803  0.000000  1.0
   -0.223902    0.666803  0.000000  1.0
   -0.223902    0.668803  0.000000  1.0
   -0.223902    0.670803  0.000000  1.0
   -0.223902    0.672803  0.000000  1.0
   -0.223902    0.674803  0.000000  1.0
   -0.223902    0.676803  0.000000  1.0
   -0.223902    0.678803  0.000000  1.0
   -0.223902    0.680803  0.000000  1.0
   -0.223902    0.682803  0.000000  1.0
   -0.223902    0.684803  0.000000  1.0
   -0.223902    0.686803  0.000000  1.0
   -0.223902    0.688803  0.000000  1.0
   -0.223902    0.690803  0.000000  1.0
   -0.223902    0.692803  0.000000  1.0
   -0.223902    0.694803  0.000000  1.0
   -0.223902    0.696803  0.000000  1.0
   -0.223902    0.698803  0.000000  1.0
   -0.223902    0.700803  0.000000  1.0
   -0.223902    0.702803  0.000000  1.0
   -0.223902    0.704803  0.000000  1.0
   -0.223902    0.706803  0.000000  1.0
   -0.223902    0.708803  0.000000  1.0
   -0.223902    0.710803  0.000000  1.0
   -0.223902    0.712803  0.000000  1.0
   -0.223902    0.714803  0.000000  1.0
   -0.223902    0.716803  0.000000  1.0
   -0.223902    0.718803  0.000000  1.0
   -0.223902    0.720803  0.000000  1.0
   -0.221902    0.640803  0.000000  1.0
   -0.221902    0.642803  0.000000  1.0
   -0.221902    0.644803  0.000000  1.0
   -0.221902    0.646803  0.000000  1.0
   -0.221902    0.648803  0.000000  1.0
   -0.221902    0.650803  0.000000  1.0
   -0.221902    0.652803  0.000000  1.0
   -0.221902    0.654803  0.000000  1.0
   -0.221902    0.656803  0.000000  1.0
   -0.221902    0.658803  0.000000  1.0
   -0.221902    0.660803  0.000000  1.0
   -0.221902    0.662803  0.000000  1.0
   -0.221902    0.664803  0.000000  1.0
   -0.221902    0.666803  0.000000  1.0
   -0.221902    0.668803  0.000000  1.0
   -0.221902    0.670803  0.000000  1.0
   -0.221902    0.672803  0.000000  1.0
   -0.221902    0.674803  0.000000  1.0
   -0.221902    0.676803  0.000000  1.0
   -0.221902    0.678803  0.000000  1.0
   -0.221902    0.680803  0.000000  1.0
   -0.221902    0.682803  0.000000  1.0
   -0.221902    0.684803  0.000000  1.0
   -0.221902    0.686803  0.000000  1.0
   -0.221902    0.688803  0.000000  1.0
   -0.221902    0.690803  0.000000  1.0
   -0.221902    0.692803  0.000000  1.0
   -0.221902    0.694803  0.000000  1.0
   -0.221902    0.696803  0.000000  1.0
   -0.221902    0.698803  0.000000  1.0
   -0.221902    0.700803  0.000000  1.0
   -0.221902    0.702803  0.000000  1.0
   -0.221902    0.704803  0.000000  1.0
   -0.221902    0.706803  0.000000  1.0
   -0.221902    0.708803  0.000000  1.0
   -0.221902    0.710803  0.000000  1.0
   -0.221902    0.712803  0.000000  1.0
   -0.221902    0.714803  0.000000  1.0
   -0.221902    0.716803  0.000000  1.0
   -0.221902    0.718803  0.000000  1.0
   -0.221902    0.720803  0.000000  1.0
   -0.219902    0.640803  0.000000  1.0
   -0.219902    0.642803  0.000000  1.0
   -0.219902    0.644803  0.000000  1.0
   -0.219902    0.646803  0.000000  1.0
   -0.219902    0.648803  0.000000  1.0
   -0.219902    0.650803  0.000000  1.0
   -0.219902    0.652803  0.000000  1.0
   -0.219902    0.654803  0.000000  1.0
   -0.219902    0.656803  0.000000  1.0
   -0.219902    0.658803  0.000000  1.0
   -0.219902    0.660803  0.000000  1.0
   -0.219902    0.662803  0.000000  1.0
   -0.219902    0.664803  0.000000  1.0
   -0.219902    0.666803  0.000000  1.0
   -0.219902    0.668803  0.000000  1.0
   -0.219902    0.670803  0.000000  1.0
   -0.219902    0.672803  0.000000  1.0
   -0.219902    0.674803  0.000000  1.0
   -0.219902    0.676803  0.000000  1.0
   -0.219902    0.678803  0.000000  1.0
   -0.219902    0.680803  0.000000  1.0
   -0.219902    0.682803  0.000000  1.0
   -0.219902    0.684803  0.000000  1.0
   -0.219902    0.686803  0.000000  1.0
   -0.219902    0.688803  0.000000  1.0
   -0.219902    0.690803  0.000000  1.0
   -0.219902    0.692803  0.000000  1.0
   -0.219902    0.694803  0.000000  1.0
   -0.219902    0.696803  0.000000  1.0
   -0.219902    0.698803  0.000000  1.0
   -0.219902    0.700803  0.000000  1.0
   -0.219902    0.702803  0.000000  1.0
   -0.219902    0.704803  0.000000  1.0
   -0.219902    0.706803  0.000000  1.0
   -0.219902    0.708803  0.000000  1.0
   -0.219902    0.710803  0.000000  1.0
   -0.219902    0.712803  0.000000  1.0
   -0.219902    0.714803  0.000000  1.0
   -0.219902    0.716803  0.000000  1.0
   -0.219902    0.718803  0.000000  1.0
   -0.219902    0.720803  0.000000  1.0
   -0.217902    0.640803  0.000000  1.0
   -0.217902    0.642803  0.000000  1.0
   -0.217902    0.644803  0.000000  1.0
   -0.217902    0.646803  0.000000  1.0
   -0.217902    0.648803  0.000000  1.0
   -0.217902    0.650803  0.000000  1.0
   -0.217902    0.652803  0.000000  1.0
   -0.217902    0.654803  0.000000  1.0
   -0.217902    0.656803  0.000000  1.0
   -0.217902    0.658803  0.000000  1.0
   -0.217902    0.660803  0.000000  1.0
   -0.217902    0.662803  0.000000  1.0
   -0.217902    0.664803  0.000000  1.0
   -0.217902    0.666803  0.000000  1.0
   -0.217902    0.668803  0.000000  1.0
   -0.217902    0.670803  0.000000  1.0
   -0.217902    0.672803  0.000000  1.0
   -0.217902    0.674803  0.000000  1.0
   -0.217902    0.676803  0.000000  1.0
   -0.217902    0.678803  0.000000  1.0
   -0.217902    0.680803  0.000000  1.0
   -0.217902    0.682803  0.000000  1.0
   -0.217902    0.684803  0.000000  1.0
   -0.217902    0.686803  0.000000  1.0
   -0.217902    0.688803  0.000000  1.0
   -0.217902    0.690803  0.000000  1.0
   -0.217902    0.692803  0.000000  1.0
   -0.217902    0.694803  0.000000  1.0
   -0.217902    0.696803  0.000000  1.0
   -0.217902    0.698803  0.000000  1.0
   -0.217902    0.700803  0.000000  1.0
   -0.217902    0.702803  0.000000  1.0
   -0.217902    0.704803  0.000000  1.0
   -0.217902    0.706803  0.000000  1.0
   -0.217902    0.708803  0.000000  1.0
   -0.217902    0.710803  0.000000  1.0
   -0.217902    0.712803  0.000000  1.0
   -0.217902    0.714803  0.000000  1.0
   -0.217902    0.716803  0.000000  1.0
   -0.217902    0.718803  0.000000  1.0
   -0.217902    0.720803  0.000000  1.0
   -0.215902    0.640803  0.000000  1.0
   -0.215902    0.642803  0.000000  1.0
   -0.215902    0.644803  0.000000  1.0
   -0.215902    0.646803  0.000000  1.0
   -0.215902    0.648803  0.000000  1.0
   -0.215902    0.650803  0.000000  1.0
   -0.215902    0.652803  0.000000  1.0
   -0.215902    0.654803  0.000000  1.0
   -0.215902    0.656803  0.000000  1.0
   -0.215902    0.658803  0.000000  1.0
   -0.215902    0.660803  0.000000  1.0
   -0.215902    0.662803  0.000000  1.0
   -0.215902    0.664803  0.000000  1.0
   -0.215902    0.666803  0.000000  1.0
   -0.215902    0.668803  0.000000  1.0
   -0.215902    0.670803  0.000000  1.0
   -0.215902    0.672803  0.000000  1.0
   -0.215902    0.674803  0.000000  1.0
   -0.215902    0.676803  0.000000  1.0
   -0.215902    0.678803  0.000000  1.0
   -0.215902    0.680803  0.000000  1.0
   -0.215902    0.682803  0.000000  1.0
   -0.215902    0.684803  0.000000  1.0
   -0.215902    0.686803  0.000000  1.0
   -0.215902    0.688803  0.000000  1.0
   -0.215902    0.690803  0.000000  1.0
   -0.215902    0.692803  0.000000  1.0
   -0.215902    0.694803  0.000000  1.0
   -0.215902    0.696803  0.000000  1.0
   -0.215902    0.698803  0.000000  1.0
   -0.215902    0.700803  0.000000  1.0
   -0.215902    0.702803  0.000000  1.0
   -0.215902    0.704803  0.000000  1.0
   -0.215902    0.706803  0.000000  1.0
   -0.215902    0.708803  0.000000  1.0
   -0.215902    0.710803  0.000000  1.0
   -0.215902    0.712803  0.000000  1.0
   -0.215902    0.714803  0.000000  1.0
   -0.215902    0.716803  0.000000  1.0
   -0.215902    0.718803  0.000000  1.0
   -0.215902    0.720803  0.000000  1.0
   -0.213902    0.640803  0.000000  1.0
   -0.213902    0.642803  0.000000  1.0
   -0.213902    0.644803  0.000000  1.0
   -0.213902    0.646803  0.000000  1.0
   -0.213902    0.648803  0.000000  1.0
   -0.213902    0.650803  0.000000  1.0
   -0.213902    0.652803  0.000000  1.0
   -0.213902    0.654803  0.000000  1.0
   -0.213902    0.656803  0.000000  1.0
   -0.213902    0.658803  0.000000  1.0
   -0.213902    0.660803  0.000000  1.0
   -0.213902    0.662803  0.000000  1.0
   -0.213902    0.664803  0.000000  1.0
   -0.213902    0.666803  0.000000  1.0
   -0.213902    0.668803  0.000000  1.0
   -0.213902    0.670803  0.000000  1.0
   -0.213902    0.672803  0.000000  1.0
   -0.213902    0.674803  0.000000  1.0
   -0.213902    0.676803  0.000000  1.0
   -0.213902    0.678803  0.000000  1.0
   -0.213902    0.680803  0.000000  1.0
   -0.213902    0.682803  0.000000  1.0
   -0.213902    0.684803  0.000000  1.0
   -0.213902    0.686803  0.000000  1.0
   -0.213902    0.688803  0.000000  1.0
   -0.213902    0.690803  0.000000  1.0
   -0.213902    0.692803  0.000000  1.0
   -0.213902    0.694803  0.000000  1.0
   -0.213902    0.696803  0.000000  1.0
   -0.213902    0.698803  0.000000  1.0
   -0.213902    0.700803  0.000000  1.0
   -0.213902    0.702803  0.000000  1.0
   -0.213902    0.704803  0.000000  1.0
   -0.213902    0.706803  0.000000  1.0
   -0.213902    0.708803  0.000000  1.0
   -0.213902    0.710803  0.000000  1.0
   -0.213902    0.712803  0.000000  1.0
   -0.213902    0.714803  0.000000  1.0
   -0.213902    0.716803  0.000000  1.0
   -0.213902    0.718803  0.000000  1.0
   -0.213902    0.720803  0.000000  1.0
   -0.211902    0.640803  0.000000  1.0
   -0.211902    0.642803  0.000000  1.0
   -0.211902    0.644803  0.000000  1.0
   -0.211902    0.646803  0.000000  1.0
   -0.211902    0.648803  0.000000  1.0
   -0.211902    0.650803  0.000000  1.0
   -0.211902    0.652803  0.000000  1.0
   -0.211902    0.654803  0.000000  1.0
   -0.211902    0.656803  0.000000  1.0
   -0.211902    0.658803  0.000000  1.0
   -0.211902    0.660803  0.000000  1.0
   -0.211902    0.662803  0.000000  1.0
   -0.211902    0.664803  0.000000  1.0
   -0.211902    0.666803  0.000000  1.0
   -0.211902    0.668803  0.000000  1.0
   -0.211902    0.670803  0.000000  1.0
   -0.211902    0.672803  0.000000  1.0
   -0.211902    0.674803  0.000000  1.0
   -0.211902    0.676803  0.000000  1.0
   -0.211902    0.678803  0.000000  1.0
   -0.211902    0.680803  0.000000  1.0
   -0.211902    0.682803  0.000000  1.0
   -0.211902    0.684803  0.000000  1.0
   -0.211902    0.686803  0.000000  1.0
   -0.211902    0.688803  0.000000  1.0
   -0.211902    0.690803  0.000000  1.0
   -0.211902    0.692803  0.000000  1.0
   -0.211902    0.694803  0.000000  1.0
   -0.211902    0.696803  0.000000  1.0
   -0.211902    0.698803  0.000000  1.0
   -0.211902    0.700803  0.000000  1.0
   -0.211902    0.702803  0.000000  1.0
   -0.211902    0.704803  0.000000  1.0
   -0.211902    0.706803  0.000000  1.0
   -0.211902    0.708803  0.000000  1.0
   -0.211902    0.710803  0.000000  1.0
   -0.211902    0.712803  0.000000  1.0
   -0.211902    0.714803  0.000000  1.0
   -0.211902    0.716803  0.000000  1.0
   -0.211902    0.718803  0.000000  1.0
   -0.211902    0.720803  0.000000  1.0
   -0.209902    0.640803  0.000000  1.0
   -0.209902    0.642803  0.000000  1.0
   -0.209902    0.644803  0.000000  1.0
   -0.209902    0.646803  0.000000  1.0
   -0.209902    0.648803  0.000000  1.0
   -0.209902    0.650803  0.000000  1.0
   -0.209902    0.652803  0.000000  1.0
   -0.209902    0.654803  0.000000  1.0
   -0.209902    0.656803  0.000000  1.0
   -0.209902    0.658803  0.000000  1.0
   -0.209902    0.660803  0.000000  1.0
   -0.209902    0.662803  0.000000  1.0
   -0.209902    0.664803  0.000000  1.0
   -0.209902    0.666803  0.000000  1.0
   -0.209902    0.668803  0.000000  1.0
   -0.209902    0.670803  0.000000  1.0
   -0.209902    0.672803  0.000000  1.0
   -0.209902    0.674803  0.000000  1.0
   -0.209902    0.676803  0.000000  1.0
   -0.209902    0.678803  0.000000  1.0
   -0.209902    0.680803  0.000000  1.0
   -0.209902    0.682803  0.000000  1.0
   -0.209902    0.684803  0.000000  1.0
   -0.209902    0.686803  0.000000  1.0
   -0.209902    0.688803  0.000000  1.0
   -0.209902    0.690803  0.000000  1.0
   -0.209902    0.692803  0.000000  1.0
   -0.209902    0.694803  0.000000  1.0
   -0.209902    0.696803  0.000000  1.0
   -0.209902    0.698803  0.000000  1.0
   -0.209902    0.700803  0.000000  1.0
   -0.209902    0.702803  0.000000  1.0
   -0.209902    0.704803  0.000000  1.0
   -0.209902    0.706803  0.000000  1.0
   -0.209902    0.708803  0.000000  1.0
   -0.209902    0.710803  0.000000  1.0
   -0.209902    0.712803  0.000000  1.0
   -0.209902    0.714803  0.000000  1.0
   -0.209902    0.716803  0.000000  1.0
   -0.209902    0.718803  0.000000  1.0
   -0.209902    0.720803  0.000000  1.0
   -0.207902    0.640803  0.000000  1.0
   -0.207902    0.642803  0.000000  1.0
   -0.207902    0.644803  0.000000  1.0
   -0.207902    0.646803  0.000000  1.0
   -0.207902    0.648803  0.000000  1.0
   -0.207902    0.650803  0.000000  1.0
   -0.207902    0.652803  0.000000  1.0
   -0.207902    0.654803  0.000000  1.0
   -0.207902    0.656803  0.000000  1.0
   -0.207902    0.658803  0.000000  1.0
   -0.207902    0.660803  0.000000  1.0
   -0.207902    0.662803  0.000000  1.0
   -0.207902    0.664803  0.000000  1.0
   -0.207902    0.666803  0.000000  1.0
   -0.207902    0.668803  0.000000  1.0
   -0.207902    0.670803  0.000000  1.0
   -0.207902    0.672803  0.000000  1.0
   -0.207902    0.674803  0.000000  1.0
   -0.207902    0.676803  0.000000  1.0
   -0.207902    0.678803  0.000000  1.0
   -0.207902    0.680803  0.000000  1.0
   -0.207902    0.682803  0.000000  1.0
   -0.207902    0.684803  0.000000  1.0
   -0.207902    0.686803  0.000000  1.0
   -0.207902    0.688803  0.000000  1.0
   -0.207902    0.690803  0.000000  1.0
   -0.207902    0.692803  0.000000  1.0
   -0.207902    0.694803  0.000000  1.0
   -0.207902    0.696803  0.000000  1.0
   -0.207902    0.698803  0.000000  1.0
   -0.207902    0.700803  0.000000  1.0
   -0.207902    0.702803  0.000000  1.0
   -0.207902    0.704803  0.000000  1.0
   -0.207902    0.706803  0.000000  1.0
   -0.207902    0.708803  0.000000  1.0
   -0.207902    0.710803  0.000000  1.0
   -0.207902    0.712803  0.000000  1.0
   -0.207902    0.714803  0.000000  1.0
   -0.207902    0.716803  0.000000  1.0
   -0.207902    0.718803  0.000000  1.0
   -0.207902    0.720803  0.000000  1.0
   -0.205902    0.640803  0.000000  1.0
   -0.205902    0.642803  0.000000  1.0
   -0.205902    0.644803  0.000000  1.0
   -0.205902    0.646803  0.000000  1.0
   -0.205902    0.648803  0.000000  1.0
   -0.205902    0.650803  0.000000  1.0
   -0.205902    0.652803  0.000000  1.0
   -0.205902    0.654803  0.000000  1.0
   -0.205902    0.656803  0.000000  1.0
   -0.205902    0.658803  0.000000  1.0
   -0.205902    0.660803  0.000000  1.0
   -0.205902    0.662803  0.000000  1.0
   -0.205902    0.664803  0.000000  1.0
   -0.205902    0.666803  0.000000  1.0
   -0.205902    0.668803  0.000000  1.0
   -0.205902    0.670803  0.000000  1.0
   -0.205902    0.672803  0.000000  1.0
   -0.205902    0.674803  0.000000  1.0
   -0.205902    0.676803  0.000000  1.0
   -0.205902    0.678803  0.000000  1.0
   -0.205902    0.680803  0.000000  1.0
   -0.205902    0.682803  0.000000  1.0
   -0.205902    0.684803  0.000000  1.0
   -0.205902    0.686803  0.000000  1.0
   -0.205902    0.688803  0.000000  1.0
   -0.205902    0.690803  0.000000  1.0
   -0.205902    0.692803  0.000000  1.0
   -0.205902    0.694803  0.000000  1.0
   -0.205902    0.696803  0.000000  1.0
   -0.205902    0.698803  0.000000  1.0
   -0.205902    0.700803  0.000000  1.0
   -0.205902    0.702803  0.000000  1.0
   -0.205902    0.704803  0.000000  1.0
   -0.205902    0.706803  0.000000  1.0
   -0.205902    0.708803  0.000000  1.0
   -0.205902    0.710803  0.000000  1.0
   -0.205902    0.712803  0.000000  1.0
   -0.205902    0.714803  0.000000  1.0
   -0.205902    0.716803  0.000000  1.0
   -0.205902    0.718803  0.000000  1.0
   -0.205902    0.720803  0.000000  1.0
