&CONTROL
  calculation = 'bands'
  prefix = 'graphene25.1zoom'
  outdir = './tmp'
  pseudo_dir = './'
  verbosity = 'high'
/
&SYSTEM
  ibrav = 0
  nat = 2
  ntyp = 1
  ecutwfc = 40.0
  nosym = .true.
  noinv = .true.
  nbnd = 8
/
&ELECTRONS
/
ATOMIC_SPECIES
  C  12.011 C.upf
CELL_PARAMETERS {bohr}
  5.787030  0.000000  0.000000
  2.893515  3.840252  0.000000
  0.000000  0.000000  28.346456
ATOMIC_POSITIONS {crystal}
  C  -0.000714  0.001427  0.000000
  C  0.334047  0.331906  0.000000
K_POINTS {tpiba}
1681
   -0.056393    0.713470  0.000000  1.0
   -0.056393    0.715470  0.000000  1.0
   -0.056393    0.717470  0.000000  1.0
   -0.056393    0.719470  0.000000  1.0
   -0.056393    0.721470  0.000000  1.0
   -0.056393    0.723470  0.000000  1.0
   -0.056393    0.725470  0.000000  1.0
   -0.056393    0.727470  0.000000  1.0
   -0.056393    0.729470  0.000000  1.0
   -0.056393    0.731470  0.000000  1.0
   -0.056393    0.733470  0.000000  1.0
   -0.056393    0.735470  0.000000  1.0
   -0.056393    0.737470  0.000000  1.0
   -0.056393    0.739470  0.000000  1.0
   -0.056393    0.741470  0.000000  1.0
   -0.056393    0.743470  0.000000  1.0
   -0.056393    0.745470  0.000000  1.0
   -0.056393    0.747470  0.000000  1.0
   -0.056393    0.749470  0.000000  1.0
   -0.056393    0.751470  0.000000  1.0
   -0.056393    0.753470  0.000000  1.0
   -0.056393    0.755470  0.000000  1.0
   -0.056393    0.757470  0.000000  1.0
   -0.056393    0.759470  0.000000  1.0
   -0.056393    0.761470  0.000000  1.0
   -0.056393    0.763470  0.000000  1.0
   -0.056393    0.765470  0.000000  1.0
   -0.056393    0.767470  0.000000  1.0
   -0.056393    0.769470  0.000000  1.0
   -0.056393    0.771470  0.000000  1.0
   -0.056393    0.773470  0.000000  1.0
   -0.056393    0.775470  0.000000  1.0
   -0.056393    0.777470  0.000000  1.0
   -0.056393    0.779470  0.000000  1.0
   -0.056393    0.781470  0.000000  1.0
   -0.056393    0.783470  0.000000  1.0
   -0.056393    0.785470  0.000000  1.0
   -0.056393    0.787470  0.000000  1.0
   -0.056393    0.789470  0.000000  1.0
   -0.056393    0.791470  0.000000  1.0
   -0.056393    0.793470  0.000000  1.0
   -0.054393    0.713470  0.000000  1.0
   -0.054393    0.715470  0.000000  1.0
   -0.054393    0.717470  0.000000  1.0
   -0.054393    0.719470  0.000000  1.0
   -0.054393    0.721470  0.000000  1.0
   -0.054393    0.723470  0.000000  1.0
   -0.054393    0.725470  0.000000  1.0
   -0.054393    0.727470  0.000000  1.0
   -0.054393    0.729470  0.000000  1.0
   -0.054393    0.731470  0.000000  1.0
   -0.054393    0.733470  0.000000  1.0
   -0.054393    0.735470  0.000000  1.0
   -0.054393    0.737470  0.000000  1.0
   -0.054393    0.739470  0.000000  1.0
   -0.054393    0.741470  0.000000  1.0
   -0.054393    0.743470  0.000000  1.0
   -0.054393    0.745470  0.000000  1.0
   -0.054393    0.747470  0.000000  1.0
   -0.054393    0.749470  0.000000  1.0
   -0.054393    0.751470  0.000000  1.0
   -0.054393    0.753470  0.000000  1.0
   -0.054393    0.755470  0.000000  1.0
   -0.054393    0.757470  0.000000  1.0
   -0.054393    0.759470  0.000000  1.0
   -0.054393    0.761470  0.000000  1.0
   -0.054393    0.763470  0.000000  1.0
   -0.054393    0.765470  0.000000  1.0
   -0.054393    0.767470  0.000000  1.0
   -0.054393    0.769470  0.000000  1.0
   -0.054393    0.771470  0.000000  1.0
   -0.054393    0.773470  0.000000  1.0
   -0.054393    0.775470  0.000000  1.0
   -0.054393    0.777470  0.000000  1.0
   -0.054393    0.779470  0.000000  1.0
   -0.054393    0.781470  0.000000  1.0
   -0.054393    0.783470  0.000000  1.0
   -0.054393    0.785470  0.000000  1.0
   -0.054393    0.787470  0.000000  1.0
   -0.054393    0.789470  0.000000  1.0
   -0.054393    0.791470  0.000000  1.0
   -0.054393    0.793470  0.000000  1.0
   -0.052393    0.713470  0.000000  1.0
   -0.052393    0.715470  0.000000  1.0
   -0.052393    0.717470  0.000000  1.0
   -0.052393    0.719470  0.000000  1.0
   -0.052393    0.721470  0.000000  1.0
   -0.052393    0.723470  0.000000  1.0
   -0.052393    0.725470  0.000000  1.0
   -0.052393    0.727470  0.000000  1.0
   -0.052393    0.729470  0.000000  1.0
   -0.052393    0.731470  0.000000  1.0
   -0.052393    0.733470  0.000000  1.0
   -0.052393    0.735470  0.000000  1.0
   -0.052393    0.737470  0.000000  1.0
   -0.052393    0.739470  0.000000  1.0
   -0.052393    0.741470  0.000000  1.0
   -0.052393    0.743470  0.000000  1.0
   -0.052393    0.745470  0.000000  1.0
   -0.052393    0.747470  0.000000  1.0
   -0.052393    0.749470  0.000000  1.0
   -0.052393    0.751470  0.000000  1.0
   -0.052393    0.753470  0.000000  1.0
   -0.052393    0.755470  0.000000  1.0
   -0.052393    0.757470  0.000000  1.0
   -0.052393    0.759470  0.000000  1.0
   -0.052393    0.761470  0.000000  1.0
   -0.052393    0.763470  0.000000  1.0
   -0.052393    0.765470  0.000000  1.0
   -0.052393    0.767470  0.000000  1.0
   -0.052393    0.769470  0.000000  1.0
   -0.052393    0.771470  0.000000  1.0
   -0.052393    0.773470  0.000000  1.0
   -0.052393    0.775470  0.000000  1.0
   -0.052393    0.777470  0.000000  1.0
   -0.052393    0.779470  0.000000  1.0
   -0.052393    0.781470  0.000000  1.0
   -0.052393    0.783470  0.000000  1.0
   -0.052393    0.785470  0.000000  1.0
   -0.052393    0.787470  0.000000  1.0
   -0.052393    0.789470  0.000000  1.0
   -0.052393    0.791470  0.000000  1.0
   -0.052393    0.793470  0.000000  1.0
   -0.050393    0.713470  0.000000  1.0
   -0.050393    0.715470  0.000000  1.0
   -0.050393    0.717470  0.000000  1.0
   -0.050393    0.719470  0.000000  1.0
   -0.050393    0.721470  0.000000  1.0
   -0.050393    0.723470  0.000000  1.0
   -0.050393    0.725470  0.000000  1.0
   -0.050393    0.727470  0.000000  1.0
   -0.050393    0.729470  0.000000  1.0
   -0.050393    0.731470  0.000000  1.0
   -0.050393    0.733470  0.000000  1.0
   -0.050393    0.735470  0.000000  1.0
   -0.050393    0.737470  0.000000  1.0
   -0.050393    0.739470  0.000000  1.0
   -0.050393    0.741470  0.000000  1.0
   -0.050393    0.743470  0.000000  1.0
   -0.050393    0.745470  0.000000  1.0
   -0.050393    0.747470  0.000000  1.0
   -0.050393    0.749470  0.000000  1.0
   -0.050393    0.751470  0.000000  1.0
   -0.050393    0.753470  0.000000  1.0
   -0.050393    0.755470  0.000000  1.0
   -0.050393    0.757470  0.000000  1.0
   -0.050393    0.759470  0.000000  1.0
   -0.050393    0.761470  0.000000  1.0
   -0.050393    0.763470  0.000000  1.0
   -0.050393    0.765470  0.000000  1.0
   -0.050393    0.767470  0.000000  1.0
   -0.050393    0.769470  0.000000  1.0
   -0.050393    0.771470  0.000000  1.0
   -0.050393    0.773470  0.000000  1.0
   -0.050393    0.775470  0.000000  1.0
   -0.050393    0.777470  0.000000  1.0
   -0.050393    0.779470  0.000000  1.0
   -0.050393    0.781470  0.000000  1.0
   -0.050393    0.783470  0.000000  1.0
   -0.050393    0.785470  0.000000  1.0
   -0.050393    0.787470  0.000000  1.0
   -0.050393    0.789470  0.000000  1.0
   -0.050393    0.791470  0.000000  1.0
   -0.050393    0.793470  0.000000  1.0
   -0.048393    0.713470  0.000000  1.0
   -0.048393    0.715470  0.000000  1.0
   -0.048393    0.717470  0.000000  1.0
   -0.048393    0.719470  0.000000  1.0
   -0.048393    0.721470  0.000000  1.0
   -0.048393    0.723470  0.000000  1.0
   -0.048393    0.725470  0.000000  1.0
   -0.048393    0.727470  0.000000  1.0
   -0.048393    0.729470  0.000000  1.0
   -0.048393    0.731470  0.000000  1.0
   -0.048393    0.733470  0.000000  1.0
   -0.048393    0.735470  0.000000  1.0
   -0.048393    0.737470  0.000000  1.0
   -0.048393    0.739470  0.000000  1.0
   -0.048393    0.741470  0.000000  1.0
   -0.048393    0.743470  0.000000  1.0
   -0.048393    0.745470  0.000000  1.0
   -0.048393    0.747470  0.000000  1.0
   -0.048393    0.749470  0.000000  1.0
   -0.048393    0.751470  0.000000  1.0
   -0.048393    0.753470  0.000000  1.0
   -0.048393    0.755470  0.000000  1.0
   -0.048393    0.757470  0.000000  1.0
   -0.048393    0.759470  0.000000  1.0
   -0.048393    0.761470  0.000000  1.0
   -0.048393    0.763470  0.000000  1.0
   -0.048393    0.765470  0.000000  1.0
   -0.048393    0.767470  0.000000  1.0
   -0.048393    0.769470  0.000000  1.0
   -0.048393    0.771470  0.000000  1.0
   -0.048393    0.773470  0.000000  1.0
   -0.048393    0.775470  0.000000  1.0
   -0.048393    0.777470  0.000000  1.0
   -0.048393    0.779470  0.000000  1.0
   -0.048393    0.781470  0.000000  1.0
   -0.048393    0.783470  0.000000  1.0
   -0.048393    0.785470  0.000000  1.0
   -0.048393    0.787470  0.000000  1.0
   -0.048393    0.789470  0.000000  1.0
   -0.048393    0.791470  0.000000  1.0
   -0.048393    0.793470  0.000000  1.0
   -0.046393    0.713470  0.000000  1.0
   -0.046393    0.715470  0.000000  1.0
   -0.046393    0.717470  0.000000  1.0
   -0.046393    0.719470  0.000000  1.0
   -0.046393    0.721470  0.000000  1.0
   -0.046393    0.723470  0.000000  1.0
   -0.046393    0.725470  0.000000  1.0
   -0.046393    0.727470  0.000000  1.0
   -0.046393    0.729470  0.000000  1.0
   -0.046393    0.731470  0.000000  1.0
   -0.046393    0.733470  0.000000  1.0
   -0.046393    0.735470  0.000000  1.0
   -0.046393    0.737470  0.000000  1.0
   -0.046393    0.739470  0.000000  1.0
   -0.046393    0.741470  0.000000  1.0
   -0.046393    0.743470  0.000000  1.0
   -0.046393    0.745470  0.000000  1.0
   -0.046393    0.747470  0.000000  1.0
   -0.046393    0.749470  0.000000  1.0
   -0.046393    0.751470  0.000000  1.0
   -0.046393    0.753470  0.000000  1.0
   -0.046393    0.755470  0.000000  1.0
   -0.046393    0.757470  0.000000  1.0
   -0.046393    0.759470  0.000000  1.0
   -0.046393    0.761470  0.000000  1.0
   -0.046393    0.763470  0.000000  1.0
   -0.046393    0.765470  0.000000  1.0
   -0.046393    0.767470  0.000000  1.0
   -0.046393    0.769470  0.000000  1.0
   -0.046393    0.771470  0.000000  1.0
   -0.046393    0.773470  0.000000  1.0
   -0.046393    0.775470  0.000000  1.0
   -0.046393    0.777470  0.000000  1.0
   -0.046393    0.779470  0.000000  1.0
   -0.046393    0.781470  0.000000  1.0
   -0.046393    0.783470  0.000000  1.0
   -0.046393    0.785470  0.000000  1.0
   -0.046393    0.787470  0.000000  1.0
   -0.046393    0.789470  0.000000  1.0
   -0.046393    0.791470  0.000000  1.0
   -0.046393    0.793470  0.000000  1.0
   -0.044393    0.713470  0.000000  1.0
   -0.044393    0.715470  0.000000  1.0
   -0.044393    0.717470  0.000000  1.0
   -0.044393    0.719470  0.000000  1.0
   -0.044393    0.721470  0.000000  1.0
   -0.044393    0.723470  0.000000  1.0
   -0.044393    0.725470  0.000000  1.0
   -0.044393    0.727470  0.000000  1.0
   -0.044393    0.729470  0.000000  1.0
   -0.044393    0.731470  0.000000  1.0
   -0.044393    0.733470  0.000000  1.0
   -0.044393    0.735470  0.000000  1.0
   -0.044393    0.737470  0.000000  1.0
   -0.044393    0.739470  0.000000  1.0
   -0.044393    0.741470  0.000000  1.0
   -0.044393    0.743470  0.000000  1.0
   -0.044393    0.745470  0.000000  1.0
   -0.044393    0.747470  0.000000  1.0
   -0.044393    0.749470  0.000000  1.0
   -0.044393    0.751470  0.000000  1.0
   -0.044393    0.753470  0.000000  1.0
   -0.044393    0.755470  0.000000  1.0
   -0.044393    0.757470  0.000000  1.0
   -0.044393    0.759470  0.000000  1.0
   -0.044393    0.761470  0.000000  1.0
   -0.044393    0.763470  0.000000  1.0
   -0.044393    0.765470  0.000000  1.0
   -0.044393    0.767470  0.000000  1.0
   -0.044393    0.769470  0.000000  1.0
   -0.044393    0.771470  0.000000  1.0
   -0.044393    0.773470  0.000000  1.0
   -0.044393    0.775470  0.000000  1.0
   -0.044393    0.777470  0.000000  1.0
   -0.044393    0.779470  0.000000  1.0
   -0.044393    0.781470  0.000000  1.0
   -0.044393    0.783470  0.000000  1.0
   -0.044393    0.785470  0.000000  1.0
   -0.044393    0.787470  0.000000  1.0
   -0.044393    0.789470  0.000000  1.0
   -0.044393    0.791470  0.000000  1.0
   -0.044393    0.793470  0.000000  1.0
   -0.042393    0.713470  0.000000  1.0
   -0.042393    0.715470  0.000000  1.0
   -0.042393    0.717470  0.000000  1.0
   -0.042393    0.719470  0.000000  1.0
   -0.042393    0.721470  0.000000  1.0
   -0.042393    0.723470  0.000000  1.0
   -0.042393    0.725470  0.000000  1.0
   -0.042393    0.727470  0.000000  1.0
   -0.042393    0.729470  0.000000  1.0
   -0.042393    0.731470  0.000000  1.0
   -0.042393    0.733470  0.000000  1.0
   -0.042393    0.735470  0.000000  1.0
   -0.042393    0.737470  0.000000  1.0
   -0.042393    0.739470  0.000000  1.0
   -0.042393    0.741470  0.000000  1.0
   -0.042393    0.743470  0.000000  1.0
   -0.042393    0.745470  0.000000  1.0
   -0.042393    0.747470  0.000000  1.0
   -0.042393    0.749470  0.000000  1.0
   -0.042393    0.751470  0.000000  1.0
   -0.042393    0.753470  0.000000  1.0
   -0.042393    0.755470  0.000000  1.0
   -0.042393    0.757470  0.000000  1.0
   -0.042393    0.759470  0.000000  1.0
   -0.042393    0.761470  0.000000  1.0
   -0.042393    0.763470  0.000000  1.0
   -0.042393    0.765470  0.000000  1.0
   -0.042393    0.767470  0.000000  1.0
   -0.042393    0.769470  0.000000  1.0
   -0.042393    0.771470  0.000000  1.0
   -0.042393    0.773470  0.000000  1.0
   -0.042393    0.775470  0.000000  1.0
   -0.042393    0.777470  0.000000  1.0
   -0.042393    0.779470  0.000000  1.0
   -0.042393    0.781470  0.000000  1.0
   -0.042393    0.783470  0.000000  1.0
   -0.042393    0.785470  0.000000  1.0
   -0.042393    0.787470  0.000000  1.0
   -0.042393    0.789470  0.000000  1.0
   -0.042393    0.791470  0.000000  1.0
   -0.042393    0.793470  0.000000  1.0
   -0.040393    0.713470  0.000000  1.0
   -0.040393    0.715470  0.000000  1.0
   -0.040393    0.717470  0.000000  1.0
   -0.040393    0.719470  0.000000  1.0
   -0.040393    0.721470  0.000000  1.0
   -0.040393    0.723470  0.000000  1.0
   -0.040393    0.725470  0.000000  1.0
   -0.040393    0.727470  0.000000  1.0
   -0.040393    0.729470  0.000000  1.0
   -0.040393    0.731470  0.000000  1.0
   -0.040393    0.733470  0.000000  1.0
   -0.040393    0.735470  0.000000  1.0
   -0.040393    0.737470  0.000000  1.0
   -0.040393    0.739470  0.000000  1.0
   -0.040393    0.741470  0.000000  1.0
   -0.040393    0.743470  0.000000  1.0
   -0.040393    0.745470  0.000000  1.0
   -0.040393    0.747470  0.000000  1.0
   -0.040393    0.749470  0.000000  1.0
   -0.040393    0.751470  0.000000  1.0
   -0.040393    0.753470  0.000000  1.0
   -0.040393    0.755470  0.000000  1.0
   -0.040393    0.757470  0.000000  1.0
   -0.040393    0.759470  0.000000  1.0
   -0.040393    0.761470  0.000000  1.0
   -0.040393    0.763470  0.000000  1.0
   -0.040393    0.765470  0.000000  1.0
   -0.040393    0.767470  0.000000  1.0
   -0.040393    0.769470  0.000000  1.0
   -0.040393    0.771470  0.000000  1.0
   -0.040393    0.773470  0.000000  1.0
   -0.040393    0.775470  0.000000  1.0
   -0.040393    0.777470  0.000000  1.0
   -0.040393    0.779470  0.000000  1.0
   -0.040393    0.781470  0.000000  1.0
   -0.040393    0.783470  0.000000  1.0
   -0.040393    0.785470  0.000000  1.0
   -0.040393    0.787470  0.000000  1.0
   -0.040393    0.789470  0.000000  1.0
   -0.040393    0.791470  0.000000  1.0
   -0.040393    0.793470  0.000000  1.0
   -0.038393    0.713470  0.000000  1.0
   -0.038393    0.715470  0.000000  1.0
   -0.038393    0.717470  0.000000  1.0
   -0.038393    0.719470  0.000000  1.0
   -0.038393    0.721470  0.000000  1.0
   -0.038393    0.723470  0.000000  1.0
   -0.038393    0.725470  0.000000  1.0
   -0.038393    0.727470  0.000000  1.0
   -0.038393    0.729470  0.000000  1.0
   -0.038393    0.731470  0.000000  1.0
   -0.038393    0.733470  0.000000  1.0
   -0.038393    0.735470  0.000000  1.0
   -0.038393    0.737470  0.000000  1.0
   -0.038393    0.739470  0.000000  1.0
   -0.038393    0.741470  0.000000  1.0
   -0.038393    0.743470  0.000000  1.0
   -0.038393    0.745470  0.000000  1.0
   -0.038393    0.747470  0.000000  1.0
   -0.038393    0.749470  0.000000  1.0
   -0.038393    0.751470  0.000000  1.0
   -0.038393    0.753470  0.000000  1.0
   -0.038393    0.755470  0.000000  1.0
   -0.038393    0.757470  0.000000  1.0
   -0.038393    0.759470  0.000000  1.0
   -0.038393    0.761470  0.000000  1.0
   -0.038393    0.763470  0.000000  1.0
   -0.038393    0.765470  0.000000  1.0
   -0.038393    0.767470  0.000000  1.0
   -0.038393    0.769470  0.000000  1.0
   -0.038393    0.771470  0.000000  1.0
   -0.038393    0.773470  0.000000  1.0
   -0.038393    0.775470  0.000000  1.0
   -0.038393    0.777470  0.000000  1.0
   -0.038393    0.779470  0.000000  1.0
   -0.038393    0.781470  0.000000  1.0
   -0.038393    0.783470  0.000000  1.0
   -0.038393    0.785470  0.000000  1.0
   -0.038393    0.787470  0.000000  1.0
   -0.038393    0.789470  0.000000  1.0
   -0.038393    0.791470  0.000000  1.0
   -0.038393    0.793470  0.000000  1.0
   -0.036393    0.713470  0.000000  1.0
   -0.036393    0.715470  0.000000  1.0
   -0.036393    0.717470  0.000000  1.0
   -0.036393    0.719470  0.000000  1.0
   -0.036393    0.721470  0.000000  1.0
   -0.036393    0.723470  0.000000  1.0
   -0.036393    0.725470  0.000000  1.0
   -0.036393    0.727470  0.000000  1.0
   -0.036393    0.729470  0.000000  1.0
   -0.036393    0.731470  0.000000  1.0
   -0.036393    0.733470  0.000000  1.0
   -0.036393    0.735470  0.000000  1.0
   -0.036393    0.737470  0.000000  1.0
   -0.036393    0.739470  0.000000  1.0
   -0.036393    0.741470  0.000000  1.0
   -0.036393    0.743470  0.000000  1.0
   -0.036393    0.745470  0.000000  1.0
   -0.036393    0.747470  0.000000  1.0
   -0.036393    0.749470  0.000000  1.0
   -0.036393    0.751470  0.000000  1.0
   -0.036393    0.753470  0.000000  1.0
   -0.036393    0.755470  0.000000  1.0
   -0.036393    0.757470  0.000000  1.0
   -0.036393    0.759470  0.000000  1.0
   -0.036393    0.761470  0.000000  1.0
   -0.036393    0.763470  0.000000  1.0
   -0.036393    0.765470  0.000000  1.0
   -0.036393    0.767470  0.000000  1.0
   -0.036393    0.769470  0.000000  1.0
   -0.036393    0.771470  0.000000  1.0
   -0.036393    0.773470  0.000000  1.0
   -0.036393    0.775470  0.000000  1.0
   -0.036393    0.777470  0.000000  1.0
   -0.036393    0.779470  0.000000  1.0
   -0.036393    0.781470  0.000000  1.0
   -0.036393    0.783470  0.000000  1.0
   -0.036393    0.785470  0.000000  1.0
   -0.036393    0.787470  0.000000  1.0
   -0.036393    0.789470  0.000000  1.0
   -0.036393    0.791470  0.000000  1.0
   -0.036393    0.793470  0.000000  1.0
   -0.034393    0.713470  0.000000  1.0
   -0.034393    0.715470  0.000000  1.0
   -0.034393    0.717470  0.000000  1.0
   -0.034393    0.719470  0.000000  1.0
   -0.034393    0.721470  0.000000  1.0
   -0.034393    0.723470  0.000000  1.0
   -0.034393    0.725470  0.000000  1.0
   -0.034393    0.727470  0.000000  1.0
   -0.034393    0.729470  0.000000  1.0
   -0.034393    0.731470  0.000000  1.0
   -0.034393    0.733470  0.000000  1.0
   -0.034393    0.735470  0.000000  1.0
   -0.034393    0.737470  0.000000  1.0
   -0.034393    0.739470  0.000000  1.0
   -0.034393    0.741470  0.000000  1.0
   -0.034393    0.743470  0.000000  1.0
   -0.034393    0.745470  0.000000  1.0
   -0.034393    0.747470  0.000000  1.0
   -0.034393    0.749470  0.000000  1.0
   -0.034393    0.751470  0.000000  1.0
   -0.034393    0.753470  0.000000  1.0
   -0.034393    0.755470  0.000000  1.0
   -0.034393    0.757470  0.000000  1.0
   -0.034393    0.759470  0.000000  1.0
   -0.034393    0.761470  0.000000  1.0
   -0.034393    0.763470  0.000000  1.0
   -0.034393    0.765470  0.000000  1.0
   -0.034393    0.767470  0.000000  1.0
   -0.034393    0.769470  0.000000  1.0
   -0.034393    0.771470  0.000000  1.0
   -0.034393    0.773470  0.000000  1.0
   -0.034393    0.775470  0.000000  1.0
   -0.034393    0.777470  0.000000  1.0
   -0.034393    0.779470  0.000000  1.0
   -0.034393    0.781470  0.000000  1.0
   -0.034393    0.783470  0.000000  1.0
   -0.034393    0.785470  0.000000  1.0
   -0.034393    0.787470  0.000000  1.0
   -0.034393    0.789470  0.000000  1.0
   -0.034393    0.791470  0.000000  1.0
   -0.034393    0.793470  0.000000  1.0
   -0.032393    0.713470  0.000000  1.0
   -0.032393    0.715470  0.000000  1.0
   -0.032393    0.717470  0.000000  1.0
   -0.032393    0.719470  0.000000  1.0
   -0.032393    0.721470  0.000000  1.0
   -0.032393    0.723470  0.000000  1.0
   -0.032393    0.725470  0.000000  1.0
   -0.032393    0.727470  0.000000  1.0
   -0.032393    0.729470  0.000000  1.0
   -0.032393    0.731470  0.000000  1.0
   -0.032393    0.733470  0.000000  1.0
   -0.032393    0.735470  0.000000  1.0
   -0.032393    0.737470  0.000000  1.0
   -0.032393    0.739470  0.000000  1.0
   -0.032393    0.741470  0.000000  1.0
   -0.032393    0.743470  0.000000  1.0
   -0.032393    0.745470  0.000000  1.0
   -0.032393    0.747470  0.000000  1.0
   -0.032393    0.749470  0.000000  1.0
   -0.032393    0.751470  0.000000  1.0
   -0.032393    0.753470  0.000000  1.0
   -0.032393    0.755470  0.000000  1.0
   -0.032393    0.757470  0.000000  1.0
   -0.032393    0.759470  0.000000  1.0
   -0.032393    0.761470  0.000000  1.0
   -0.032393    0.763470  0.000000  1.0
   -0.032393    0.765470  0.000000  1.0
   -0.032393    0.767470  0.000000  1.0
   -0.032393    0.769470  0.000000  1.0
   -0.032393    0.771470  0.000000  1.0
   -0.032393    0.773470  0.000000  1.0
   -0.032393    0.775470  0.000000  1.0
   -0.032393    0.777470  0.000000  1.0
   -0.032393    0.779470  0.000000  1.0
   -0.032393    0.781470  0.000000  1.0
   -0.032393    0.783470  0.000000  1.0
   -0.032393    0.785470  0.000000  1.0
   -0.032393    0.787470  0.000000  1.0
   -0.032393    0.789470  0.000000  1.0
   -0.032393    0.791470  0.000000  1.0
   -0.032393    0.793470  0.000000  1.0
   -0.030393    0.713470  0.000000  1.0
   -0.030393    0.715470  0.000000  1.0
   -0.030393    0.717470  0.000000  1.0
   -0.030393    0.719470  0.000000  1.0
   -0.030393    0.721470  0.000000  1.0
   -0.030393    0.723470  0.000000  1.0
   -0.030393    0.725470  0.000000  1.0
   -0.030393    0.727470  0.000000  1.0
   -0.030393    0.729470  0.000000  1.0
   -0.030393    0.731470  0.000000  1.0
   -0.030393    0.733470  0.000000  1.0
   -0.030393    0.735470  0.000000  1.0
   -0.030393    0.737470  0.000000  1.0
   -0.030393    0.739470  0.000000  1.0
   -0.030393    0.741470  0.000000  1.0
   -0.030393    0.743470  0.000000  1.0
   -0.030393    0.745470  0.000000  1.0
   -0.030393    0.747470  0.000000  1.0
   -0.030393    0.749470  0.000000  1.0
   -0.030393    0.751470  0.000000  1.0
   -0.030393    0.753470  0.000000  1.0
   -0.030393    0.755470  0.000000  1.0
   -0.030393    0.757470  0.000000  1.0
   -0.030393    0.759470  0.000000  1.0
   -0.030393    0.761470  0.000000  1.0
   -0.030393    0.763470  0.000000  1.0
   -0.030393    0.765470  0.000000  1.0
   -0.030393    0.767470  0.000000  1.0
   -0.030393    0.769470  0.000000  1.0
   -0.030393    0.771470  0.000000  1.0
   -0.030393    0.773470  0.000000  1.0
   -0.030393    0.775470  0.000000  1.0
   -0.030393    0.777470  0.000000  1.0
   -0.030393    0.779470  0.000000  1.0
   -0.030393    0.781470  0.000000  1.0
   -0.030393    0.783470  0.000000  1.0
   -0.030393    0.785470  0.000000  1.0
   -0.030393    0.787470  0.000000  1.0
   -0.030393    0.789470  0.000000  1.0
   -0.030393    0.791470  0.000000  1.0
   -0.030393    0.793470  0.000000  1.0
   -0.028393    0.713470  0.000000  1.0
   -0.028393    0.715470  0.000000  1.0
   -0.028393    0.717470  0.000000  1.0
   -0.028393    0.719470  0.000000  1.0
   -0.028393    0.721470  0.000000  1.0
   -0.028393    0.723470  0.000000  1.0
   -0.028393    0.725470  0.000000  1.0
   -0.028393    0.727470  0.000000  1.0
   -0.028393    0.729470  0.000000  1.0
   -0.028393    0.731470  0.000000  1.0
   -0.028393    0.733470  0.000000  1.0
   -0.028393    0.735470  0.000000  1.0
   -0.028393    0.737470  0.000000  1.0
   -0.028393    0.739470  0.000000  1.0
   -0.028393    0.741470  0.000000  1.0
   -0.028393    0.743470  0.000000  1.0
   -0.028393    0.745470  0.000000  1.0
   -0.028393    0.747470  0.000000  1.0
   -0.028393    0.749470  0.000000  1.0
   -0.028393    0.751470  0.000000  1.0
   -0.028393    0.753470  0.000000  1.0
   -0.028393    0.755470  0.000000  1.0
   -0.028393    0.757470  0.000000  1.0
   -0.028393    0.759470  0.000000  1.0
   -0.028393    0.761470  0.000000  1.0
   -0.028393    0.763470  0.000000  1.0
   -0.028393    0.765470  0.000000  1.0
   -0.028393    0.767470  0.000000  1.0
   -0.028393    0.769470  0.000000  1.0
   -0.028393    0.771470  0.000000  1.0
   -0.028393    0.773470  0.000000  1.0
   -0.028393    0.775470  0.000000  1.0
   -0.028393    0.777470  0.000000  1.0
   -0.028393    0.779470  0.000000  1.0
   -0.028393    0.781470  0.000000  1.0
   -0.028393    0.783470  0.000000  1.0
   -0.028393    0.785470  0.000000  1.0
   -0.028393    0.787470  0.000000  1.0
   -0.028393    0.789470  0.000000  1.0
   -0.028393    0.791470  0.000000  1.0
   -0.028393    0.793470  0.000000  1.0
   -0.026393    0.713470  0.000000  1.0
   -0.026393    0.715470  0.000000  1.0
   -0.026393    0.717470  0.000000  1.0
   -0.026393    0.719470  0.000000  1.0
   -0.026393    0.721470  0.000000  1.0
   -0.026393    0.723470  0.000000  1.0
   -0.026393    0.725470  0.000000  1.0
   -0.026393    0.727470  0.000000  1.0
   -0.026393    0.729470  0.000000  1.0
   -0.026393    0.731470  0.000000  1.0
   -0.026393    0.733470  0.000000  1.0
   -0.026393    0.735470  0.000000  1.0
   -0.026393    0.737470  0.000000  1.0
   -0.026393    0.739470  0.000000  1.0
   -0.026393    0.741470  0.000000  1.0
   -0.026393    0.743470  0.000000  1.0
   -0.026393    0.745470  0.000000  1.0
   -0.026393    0.747470  0.000000  1.0
   -0.026393    0.749470  0.000000  1.0
   -0.026393    0.751470  0.000000  1.0
   -0.026393    0.753470  0.000000  1.0
   -0.026393    0.755470  0.000000  1.0
   -0.026393    0.757470  0.000000  1.0
   -0.026393    0.759470  0.000000  1.0
   -0.026393    0.761470  0.000000  1.0
   -0.026393    0.763470  0.000000  1.0
   -0.026393    0.765470  0.000000  1.0
   -0.026393    0.767470  0.000000  1.0
   -0.026393    0.769470  0.000000  1.0
   -0.026393    0.771470  0.000000  1.0
   -0.026393    0.773470  0.000000  1.0
   -0.026393    0.775470  0.000000  1.0
   -0.026393    0.777470  0.000000  1.0
   -0.026393    0.779470  0.000000  1.0
   -0.026393    0.781470  0.000000  1.0
   -0.026393    0.783470  0.000000  1.0
   -0.026393    0.785470  0.000000  1.0
   -0.026393    0.787470  0.000000  1.0
   -0.026393    0.789470  0.000000  1.0
   -0.026393    0.791470  0.000000  1.0
   -0.026393    0.793470  0.000000  1.0
   -0.024393    0.713470  0.000000  1.0
   -0.024393    0.715470  0.000000  1.0
   -0.024393    0.717470  0.000000  1.0
   -0.024393    0.719470  0.000000  1.0
   -0.024393    0.721470  0.000000  1.0
   -0.024393    0.723470  0.000000  1.0
   -0.024393    0.725470  0.000000  1.0
   -0.024393    0.727470  0.000000  1.0
   -0.024393    0.729470  0.000000  1.0
   -0.024393    0.731470  0.000000  1.0
   -0.024393    0.733470  0.000000  1.0
   -0.024393    0.735470  0.000000  1.0
   -0.024393    0.737470  0.000000  1.0
   -0.024393    0.739470  0.000000  1.0
   -0.024393    0.741470  0.000000  1.0
   -0.024393    0.743470  0.000000  1.0
   -0.024393    0.745470  0.000000  1.0
   -0.024393    0.747470  0.000000  1.0
   -0.024393    0.749470  0.000000  1.0
   -0.024393    0.751470  0.000000  1.0
   -0.024393    0.753470  0.000000  1.0
   -0.024393    0.755470  0.000000  1.0
   -0.024393    0.757470  0.000000  1.0
   -0.024393    0.759470  0.000000  1.0
   -0.024393    0.761470  0.000000  1.0
   -0.024393    0.763470  0.000000  1.0
   -0.024393    0.765470  0.000000  1.0
   -0.024393    0.767470  0.000000  1.0
   -0.024393    0.769470  0.000000  1.0
   -0.024393    0.771470  0.000000  1.0
   -0.024393    0.773470  0.000000  1.0
   -0.024393    0.775470  0.000000  1.0
   -0.024393    0.777470  0.000000  1.0
   -0.024393    0.779470  0.000000  1.0
   -0.024393    0.781470  0.000000  1.0
   -0.024393    0.783470  0.000000  1.0
   -0.024393    0.785470  0.000000  1.0
   -0.024393    0.787470  0.000000  1.0
   -0.024393    0.789470  0.000000  1.0
   -0.024393    0.791470  0.000000  1.0
   -0.024393    0.793470  0.000000  1.0
   -0.022393    0.713470  0.000000  1.0
   -0.022393    0.715470  0.000000  1.0
   -0.022393    0.717470  0.000000  1.0
   -0.022393    0.719470  0.000000  1.0
   -0.022393    0.721470  0.000000  1.0
   -0.022393    0.723470  0.000000  1.0
   -0.022393    0.725470  0.000000  1.0
   -0.022393    0.727470  0.000000  1.0
   -0.022393    0.729470  0.000000  1.0
   -0.022393    0.731470  0.000000  1.0
   -0.022393    0.733470  0.000000  1.0
   -0.022393    0.735470  0.000000  1.0
   -0.022393    0.737470  0.000000  1.0
   -0.022393    0.739470  0.000000  1.0
   -0.022393    0.741470  0.000000  1.0
   -0.022393    0.743470  0.000000  1.0
   -0.022393    0.745470  0.000000  1.0
   -0.022393    0.747470  0.000000  1.0
   -0.022393    0.749470  0.000000  1.0
   -0.022393    0.751470  0.000000  1.0
   -0.022393    0.753470  0.000000  1.0
   -0.022393    0.755470  0.000000  1.0
   -0.022393    0.757470  0.000000  1.0
   -0.022393    0.759470  0.000000  1.0
   -0.022393    0.761470  0.000000  1.0
   -0.022393    0.763470  0.000000  1.0
   -0.022393    0.765470  0.000000  1.0
   -0.022393    0.767470  0.000000  1.0
   -0.022393    0.769470  0.000000  1.0
   -0.022393    0.771470  0.000000  1.0
   -0.022393    0.773470  0.000000  1.0
   -0.022393    0.775470  0.000000  1.0
   -0.022393    0.777470  0.000000  1.0
   -0.022393    0.779470  0.000000  1.0
   -0.022393    0.781470  0.000000  1.0
   -0.022393    0.783470  0.000000  1.0
   -0.022393    0.785470  0.000000  1.0
   -0.022393    0.787470  0.000000  1.0
   -0.022393    0.789470  0.000000  1.0
   -0.022393    0.791470  0.000000  1.0
   -0.022393    0.793470  0.000000  1.0
   -0.020393    0.713470  0.000000  1.0
   -0.020393    0.715470  0.000000  1.0
   -0.020393    0.717470  0.000000  1.0
   -0.020393    0.719470  0.000000  1.0
   -0.020393    0.721470  0.000000  1.0
   -0.020393    0.723470  0.000000  1.0
   -0.020393    0.725470  0.000000  1.0
   -0.020393    0.727470  0.000000  1.0
   -0.020393    0.729470  0.000000  1.0
   -0.020393    0.731470  0.000000  1.0
   -0.020393    0.733470  0.000000  1.0
   -0.020393    0.735470  0.000000  1.0
   -0.020393    0.737470  0.000000  1.0
   -0.020393    0.739470  0.000000  1.0
   -0.020393    0.741470  0.000000  1.0
   -0.020393    0.743470  0.000000  1.0
   -0.020393    0.745470  0.000000  1.0
   -0.020393    0.747470  0.000000  1.0
   -0.020393    0.749470  0.000000  1.0
   -0.020393    0.751470  0.000000  1.0
   -0.020393    0.753470  0.000000  1.0
   -0.020393    0.755470  0.000000  1.0
   -0.020393    0.757470  0.000000  1.0
   -0.020393    0.759470  0.000000  1.0
   -0.020393    0.761470  0.000000  1.0
   -0.020393    0.763470  0.000000  1.0
   -0.020393    0.765470  0.000000  1.0
   -0.020393    0.767470  0.000000  1.0
   -0.020393    0.769470  0.000000  1.0
   -0.020393    0.771470  0.000000  1.0
   -0.020393    0.773470  0.000000  1.0
   -0.020393    0.775470  0.000000  1.0
   -0.020393    0.777470  0.000000  1.0
   -0.020393    0.779470  0.000000  1.0
   -0.020393    0.781470  0.000000  1.0
   -0.020393    0.783470  0.000000  1.0
   -0.020393    0.785470  0.000000  1.0
   -0.020393    0.787470  0.000000  1.0
   -0.020393    0.789470  0.000000  1.0
   -0.020393    0.791470  0.000000  1.0
   -0.020393    0.793470  0.000000  1.0
   -0.018393    0.713470  0.000000  1.0
   -0.018393    0.715470  0.000000  1.0
   -0.018393    0.717470  0.000000  1.0
   -0.018393    0.719470  0.000000  1.0
   -0.018393    0.721470  0.000000  1.0
   -0.018393    0.723470  0.000000  1.0
   -0.018393    0.725470  0.000000  1.0
   -0.018393    0.727470  0.000000  1.0
   -0.018393    0.729470  0.000000  1.0
   -0.018393    0.731470  0.000000  1.0
   -0.018393    0.733470  0.000000  1.0
   -0.018393    0.735470  0.000000  1.0
   -0.018393    0.737470  0.000000  1.0
   -0.018393    0.739470  0.000000  1.0
   -0.018393    0.741470  0.000000  1.0
   -0.018393    0.743470  0.000000  1.0
   -0.018393    0.745470  0.000000  1.0
   -0.018393    0.747470  0.000000  1.0
   -0.018393    0.749470  0.000000  1.0
   -0.018393    0.751470  0.000000  1.0
   -0.018393    0.753470  0.000000  1.0
   -0.018393    0.755470  0.000000  1.0
   -0.018393    0.757470  0.000000  1.0
   -0.018393    0.759470  0.000000  1.0
   -0.018393    0.761470  0.000000  1.0
   -0.018393    0.763470  0.000000  1.0
   -0.018393    0.765470  0.000000  1.0
   -0.018393    0.767470  0.000000  1.0
   -0.018393    0.769470  0.000000  1.0
   -0.018393    0.771470  0.000000  1.0
   -0.018393    0.773470  0.000000  1.0
   -0.018393    0.775470  0.000000  1.0
   -0.018393    0.777470  0.000000  1.0
   -0.018393    0.779470  0.000000  1.0
   -0.018393    0.781470  0.000000  1.0
   -0.018393    0.783470  0.000000  1.0
   -0.018393    0.785470  0.000000  1.0
   -0.018393    0.787470  0.000000  1.0
   -0.018393    0.789470  0.000000  1.0
   -0.018393    0.791470  0.000000  1.0
   -0.018393    0.793470  0.000000  1.0
   -0.016393    0.713470  0.000000  1.0
   -0.016393    0.715470  0.000000  1.0
   -0.016393    0.717470  0.000000  1.0
   -0.016393    0.719470  0.000000  1.0
   -0.016393    0.721470  0.000000  1.0
   -0.016393    0.723470  0.000000  1.0
   -0.016393    0.725470  0.000000  1.0
   -0.016393    0.727470  0.000000  1.0
   -0.016393    0.729470  0.000000  1.0
   -0.016393    0.731470  0.000000  1.0
   -0.016393    0.733470  0.000000  1.0
   -0.016393    0.735470  0.000000  1.0
   -0.016393    0.737470  0.000000  1.0
   -0.016393    0.739470  0.000000  1.0
   -0.016393    0.741470  0.000000  1.0
   -0.016393    0.743470  0.000000  1.0
   -0.016393    0.745470  0.000000  1.0
   -0.016393    0.747470  0.000000  1.0
   -0.016393    0.749470  0.000000  1.0
   -0.016393    0.751470  0.000000  1.0
   -0.016393    0.753470  0.000000  1.0
   -0.016393    0.755470  0.000000  1.0
   -0.016393    0.757470  0.000000  1.0
   -0.016393    0.759470  0.000000  1.0
   -0.016393    0.761470  0.000000  1.0
   -0.016393    0.763470  0.000000  1.0
   -0.016393    0.765470  0.000000  1.0
   -0.016393    0.767470  0.000000  1.0
   -0.016393    0.769470  0.000000  1.0
   -0.016393    0.771470  0.000000  1.0
   -0.016393    0.773470  0.000000  1.0
   -0.016393    0.775470  0.000000  1.0
   -0.016393    0.777470  0.000000  1.0
   -0.016393    0.779470  0.000000  1.0
   -0.016393    0.781470  0.000000  1.0
   -0.016393    0.783470  0.000000  1.0
   -0.016393    0.785470  0.000000  1.0
   -0.016393    0.787470  0.000000  1.0
   -0.016393    0.789470  0.000000  1.0
   -0.016393    0.791470  0.000000  1.0
   -0.016393    0.793470  0.000000  1.0
   -0.014393    0.713470  0.000000  1.0
   -0.014393    0.715470  0.000000  1.0
   -0.014393    0.717470  0.000000  1.0
   -0.014393    0.719470  0.000000  1.0
   -0.014393    0.721470  0.000000  1.0
   -0.014393    0.723470  0.000000  1.0
   -0.014393    0.725470  0.000000  1.0
   -0.014393    0.727470  0.000000  1.0
   -0.014393    0.729470  0.000000  1.0
   -0.014393    0.731470  0.000000  1.0
   -0.014393    0.733470  0.000000  1.0
   -0.014393    0.735470  0.000000  1.0
   -0.014393    0.737470  0.000000  1.0
   -0.014393    0.739470  0.000000  1.0
   -0.014393    0.741470  0.000000  1.0
   -0.014393    0.743470  0.000000  1.0
   -0.014393    0.745470  0.000000  1.0
   -0.014393    0.747470  0.000000  1.0
   -0.014393    0.749470  0.000000  1.0
   -0.014393    0.751470  0.000000  1.0
   -0.014393    0.753470  0.000000  1.0
   -0.014393    0.755470  0.000000  1.0
   -0.014393    0.757470  0.000000  1.0
   -0.014393    0.759470  0.000000  1.0
   -0.014393    0.761470  0.000000  1.0
   -0.014393    0.763470  0.000000  1.0
   -0.014393    0.765470  0.000000  1.0
   -0.014393    0.767470  0.000000  1.0
   -0.014393    0.769470  0.000000  1.0
   -0.014393    0.771470  0.000000  1.0
   -0.014393    0.773470  0.000000  1.0
   -0.014393    0.775470  0.000000  1.0
   -0.014393    0.777470  0.000000  1.0
   -0.014393    0.779470  0.000000  1.0
   -0.014393    0.781470  0.000000  1.0
   -0.014393    0.783470  0.000000  1.0
   -0.014393    0.785470  0.000000  1.0
   -0.014393    0.787470  0.000000  1.0
   -0.014393    0.789470  0.000000  1.0
   -0.014393    0.791470  0.000000  1.0
   -0.014393    0.793470  0.000000  1.0
   -0.012393    0.713470  0.000000  1.0
   -0.012393    0.715470  0.000000  1.0
   -0.012393    0.717470  0.000000  1.0
   -0.012393    0.719470  0.000000  1.0
   -0.012393    0.721470  0.000000  1.0
   -0.012393    0.723470  0.000000  1.0
   -0.012393    0.725470  0.000000  1.0
   -0.012393    0.727470  0.000000  1.0
   -0.012393    0.729470  0.000000  1.0
   -0.012393    0.731470  0.000000  1.0
   -0.012393    0.733470  0.000000  1.0
   -0.012393    0.735470  0.000000  1.0
   -0.012393    0.737470  0.000000  1.0
   -0.012393    0.739470  0.000000  1.0
   -0.012393    0.741470  0.000000  1.0
   -0.012393    0.743470  0.000000  1.0
   -0.012393    0.745470  0.000000  1.0
   -0.012393    0.747470  0.000000  1.0
   -0.012393    0.749470  0.000000  1.0
   -0.012393    0.751470  0.000000  1.0
   -0.012393    0.753470  0.000000  1.0
   -0.012393    0.755470  0.000000  1.0
   -0.012393    0.757470  0.000000  1.0
   -0.012393    0.759470  0.000000  1.0
   -0.012393    0.761470  0.000000  1.0
   -0.012393    0.763470  0.000000  1.0
   -0.012393    0.765470  0.000000  1.0
   -0.012393    0.767470  0.000000  1.0
   -0.012393    0.769470  0.000000  1.0
   -0.012393    0.771470  0.000000  1.0
   -0.012393    0.773470  0.000000  1.0
   -0.012393    0.775470  0.000000  1.0
   -0.012393    0.777470  0.000000  1.0
   -0.012393    0.779470  0.000000  1.0
   -0.012393    0.781470  0.000000  1.0
   -0.012393    0.783470  0.000000  1.0
   -0.012393    0.785470  0.000000  1.0
   -0.012393    0.787470  0.000000  1.0
   -0.012393    0.789470  0.000000  1.0
   -0.012393    0.791470  0.000000  1.0
   -0.012393    0.793470  0.000000  1.0
   -0.010393    0.713470  0.000000  1.0
   -0.010393    0.715470  0.000000  1.0
   -0.010393    0.717470  0.000000  1.0
   -0.010393    0.719470  0.000000  1.0
   -0.010393    0.721470  0.000000  1.0
   -0.010393    0.723470  0.000000  1.0
   -0.010393    0.725470  0.000000  1.0
   -0.010393    0.727470  0.000000  1.0
   -0.010393    0.729470  0.000000  1.0
   -0.010393    0.731470  0.000000  1.0
   -0.010393    0.733470  0.000000  1.0
   -0.010393    0.735470  0.000000  1.0
   -0.010393    0.737470  0.000000  1.0
   -0.010393    0.739470  0.000000  1.0
   -0.010393    0.741470  0.000000  1.0
   -0.010393    0.743470  0.000000  1.0
   -0.010393    0.745470  0.000000  1.0
   -0.010393    0.747470  0.000000  1.0
   -0.010393    0.749470  0.000000  1.0
   -0.010393    0.751470  0.000000  1.0
   -0.010393    0.753470  0.000000  1.0
   -0.010393    0.755470  0.000000  1.0
   -0.010393    0.757470  0.000000  1.0
   -0.010393    0.759470  0.000000  1.0
   -0.010393    0.761470  0.000000  1.0
   -0.010393    0.763470  0.000000  1.0
   -0.010393    0.765470  0.000000  1.0
   -0.010393    0.767470  0.000000  1.0
   -0.010393    0.769470  0.000000  1.0
   -0.010393    0.771470  0.000000  1.0
   -0.010393    0.773470  0.000000  1.0
   -0.010393    0.775470  0.000000  1.0
   -0.010393    0.777470  0.000000  1.0
   -0.010393    0.779470  0.000000  1.0
   -0.010393    0.781470  0.000000  1.0
   -0.010393    0.783470  0.000000  1.0
   -0.010393    0.785470  0.000000  1.0
   -0.010393    0.787470  0.000000  1.0
   -0.010393    0.789470  0.000000  1.0
   -0.010393    0.791470  0.000000  1.0
   -0.010393    0.793470  0.000000  1.0
   -0.008393    0.713470  0.000000  1.0
   -0.008393    0.715470  0.000000  1.0
   -0.008393    0.717470  0.000000  1.0
   -0.008393    0.719470  0.000000  1.0
   -0.008393    0.721470  0.000000  1.0
   -0.008393    0.723470  0.000000  1.0
   -0.008393    0.725470  0.000000  1.0
   -0.008393    0.727470  0.000000  1.0
   -0.008393    0.729470  0.000000  1.0
   -0.008393    0.731470  0.000000  1.0
   -0.008393    0.733470  0.000000  1.0
   -0.008393    0.735470  0.000000  1.0
   -0.008393    0.737470  0.000000  1.0
   -0.008393    0.739470  0.000000  1.0
   -0.008393    0.741470  0.000000  1.0
   -0.008393    0.743470  0.000000  1.0
   -0.008393    0.745470  0.000000  1.0
   -0.008393    0.747470  0.000000  1.0
   -0.008393    0.749470  0.000000  1.0
   -0.008393    0.751470  0.000000  1.0
   -0.008393    0.753470  0.000000  1.0
   -0.008393    0.755470  0.000000  1.0
   -0.008393    0.757470  0.000000  1.0
   -0.008393    0.759470  0.000000  1.0
   -0.008393    0.761470  0.000000  1.0
   -0.008393    0.763470  0.000000  1.0
   -0.008393    0.765470  0.000000  1.0
   -0.008393    0.767470  0.000000  1.0
   -0.008393    0.769470  0.000000  1.0
   -0.008393    0.771470  0.000000  1.0
   -0.008393    0.773470  0.000000  1.0
   -0.008393    0.775470  0.000000  1.0
   -0.008393    0.777470  0.000000  1.0
   -0.008393    0.779470  0.000000  1.0
   -0.008393    0.781470  0.000000  1.0
   -0.008393    0.783470  0.000000  1.0
   -0.008393    0.785470  0.000000  1.0
   -0.008393    0.787470  0.000000  1.0
   -0.008393    0.789470  0.000000  1.0
   -0.008393    0.791470  0.000000  1.0
   -0.008393    0.793470  0.000000  1.0
   -0.006393    0.713470  0.000000  1.0
   -0.006393    0.715470  0.000000  1.0
   -0.006393    0.717470  0.000000  1.0
   -0.006393    0.719470  0.000000  1.0
   -0.006393    0.721470  0.000000  1.0
   -0.006393    0.723470  0.000000  1.0
   -0.006393    0.725470  0.000000  1.0
   -0.006393    0.727470  0.000000  1.0
   -0.006393    0.729470  0.000000  1.0
   -0.006393    0.731470  0.000000  1.0
   -0.006393    0.733470  0.000000  1.0
   -0.006393    0.735470  0.000000  1.0
   -0.006393    0.737470  0.000000  1.0
   -0.006393    0.739470  0.000000  1.0
   -0.006393    0.741470  0.000000  1.0
   -0.006393    0.743470  0.000000  1.0
   -0.006393    0.745470  0.000000  1.0
   -0.006393    0.747470  0.000000  1.0
   -0.006393    0.749470  0.000000  1.0
   -0.006393    0.751470  0.000000  1.0
   -0.006393    0.753470  0.000000  1.0
   -0.006393    0.755470  0.000000  1.0
   -0.006393    0.757470  0.000000  1.0
   -0.006393    0.759470  0.000000  1.0
   -0.006393    0.761470  0.000000  1.0
   -0.006393    0.763470  0.000000  1.0
   -0.006393    0.765470  0.000000  1.0
   -0.006393    0.767470  0.000000  1.0
   -0.006393    0.769470  0.000000  1.0
   -0.006393    0.771470  0.000000  1.0
   -0.006393    0.773470  0.000000  1.0
   -0.006393    0.775470  0.000000  1.0
   -0.006393    0.777470  0.000000  1.0
   -0.006393    0.779470  0.000000  1.0
   -0.006393    0.781470  0.000000  1.0
   -0.006393    0.783470  0.000000  1.0
   -0.006393    0.785470  0.000000  1.0
   -0.006393    0.787470  0.000000  1.0
   -0.006393    0.789470  0.000000  1.0
   -0.006393    0.791470  0.000000  1.0
   -0.006393    0.793470  0.000000  1.0
   -0.004393    0.713470  0.000000  1.0
   -0.004393    0.715470  0.000000  1.0
   -0.004393    0.717470  0.000000  1.0
   -0.004393    0.719470  0.000000  1.0
   -0.004393    0.721470  0.000000  1.0
   -0.004393    0.723470  0.000000  1.0
   -0.004393    0.725470  0.000000  1.0
   -0.004393    0.727470  0.000000  1.0
   -0.004393    0.729470  0.000000  1.0
   -0.004393    0.731470  0.000000  1.0
   -0.004393    0.733470  0.000000  1.0
   -0.004393    0.735470  0.000000  1.0
   -0.004393    0.737470  0.000000  1.0
   -0.004393    0.739470  0.000000  1.0
   -0.004393    0.741470  0.000000  1.0
   -0.004393    0.743470  0.000000  1.0
   -0.004393    0.745470  0.000000  1.0
   -0.004393    0.747470  0.000000  1.0
   -0.004393    0.749470  0.000000  1.0
   -0.004393    0.751470  0.000000  1.0
   -0.004393    0.753470  0.000000  1.0
   -0.004393    0.755470  0.000000  1.0
   -0.004393    0.757470  0.000000  1.0
   -0.004393    0.759470  0.000000  1.0
   -0.004393    0.761470  0.000000  1.0
   -0.004393    0.763470  0.000000  1.0
   -0.004393    0.765470  0.000000  1.0
   -0.004393    0.767470  0.000000  1.0
   -0.004393    0.769470  0.000000  1.0
   -0.004393    0.771470  0.000000  1.0
   -0.004393    0.773470  0.000000  1.0
   -0.004393    0.775470  0.000000  1.0
   -0.004393    0.777470  0.000000  1.0
   -0.004393    0.779470  0.000000  1.0
   -0.004393    0.781470  0.000000  1.0
   -0.004393    0.783470  0.000000  1.0
   -0.004393    0.785470  0.000000  1.0
   -0.004393    0.787470  0.000000  1.0
   -0.004393    0.789470  0.000000  1.0
   -0.004393    0.791470  0.000000  1.0
   -0.004393    0.793470  0.000000  1.0
   -0.002393    0.713470  0.000000  1.0
   -0.002393    0.715470  0.000000  1.0
   -0.002393    0.717470  0.000000  1.0
   -0.002393    0.719470  0.000000  1.0
   -0.002393    0.721470  0.000000  1.0
   -0.002393    0.723470  0.000000  1.0
   -0.002393    0.725470  0.000000  1.0
   -0.002393    0.727470  0.000000  1.0
   -0.002393    0.729470  0.000000  1.0
   -0.002393    0.731470  0.000000  1.0
   -0.002393    0.733470  0.000000  1.0
   -0.002393    0.735470  0.000000  1.0
   -0.002393    0.737470  0.000000  1.0
   -0.002393    0.739470  0.000000  1.0
   -0.002393    0.741470  0.000000  1.0
   -0.002393    0.743470  0.000000  1.0
   -0.002393    0.745470  0.000000  1.0
   -0.002393    0.747470  0.000000  1.0
   -0.002393    0.749470  0.000000  1.0
   -0.002393    0.751470  0.000000  1.0
   -0.002393    0.753470  0.000000  1.0
   -0.002393    0.755470  0.000000  1.0
   -0.002393    0.757470  0.000000  1.0
   -0.002393    0.759470  0.000000  1.0
   -0.002393    0.761470  0.000000  1.0
   -0.002393    0.763470  0.000000  1.0
   -0.002393    0.765470  0.000000  1.0
   -0.002393    0.767470  0.000000  1.0
   -0.002393    0.769470  0.000000  1.0
   -0.002393    0.771470  0.000000  1.0
   -0.002393    0.773470  0.000000  1.0
   -0.002393    0.775470  0.000000  1.0
   -0.002393    0.777470  0.000000  1.0
   -0.002393    0.779470  0.000000  1.0
   -0.002393    0.781470  0.000000  1.0
   -0.002393    0.783470  0.000000  1.0
   -0.002393    0.785470  0.000000  1.0
   -0.002393    0.787470  0.000000  1.0
   -0.002393    0.789470  0.000000  1.0
   -0.002393    0.791470  0.000000  1.0
   -0.002393    0.793470  0.000000  1.0
   -0.000393    0.713470  0.000000  1.0
   -0.000393    0.715470  0.000000  1.0
   -0.000393    0.717470  0.000000  1.0
   -0.000393    0.719470  0.000000  1.0
   -0.000393    0.721470  0.000000  1.0
   -0.000393    0.723470  0.000000  1.0
   -0.000393    0.725470  0.000000  1.0
   -0.000393    0.727470  0.000000  1.0
   -0.000393    0.729470  0.000000  1.0
   -0.000393    0.731470  0.000000  1.0
   -0.000393    0.733470  0.000000  1.0
   -0.000393    0.735470  0.000000  1.0
   -0.000393    0.737470  0.000000  1.0
   -0.000393    0.739470  0.000000  1.0
   -0.000393    0.741470  0.000000  1.0
   -0.000393    0.743470  0.000000  1.0
   -0.000393    0.745470  0.000000  1.0
   -0.000393    0.747470  0.000000  1.0
   -0.000393    0.749470  0.000000  1.0
   -0.000393    0.751470  0.000000  1.0
   -0.000393    0.753470  0.000000  1.0
   -0.000393    0.755470  0.000000  1.0
   -0.000393    0.757470  0.000000  1.0
   -0.000393    0.759470  0.000000  1.0
   -0.000393    0.761470  0.000000  1.0
   -0.000393    0.763470  0.000000  1.0
   -0.000393    0.765470  0.000000  1.0
   -0.000393    0.767470  0.000000  1.0
   -0.000393    0.769470  0.000000  1.0
   -0.000393    0.771470  0.000000  1.0
   -0.000393    0.773470  0.000000  1.0
   -0.000393    0.775470  0.000000  1.0
   -0.000393    0.777470  0.000000  1.0
   -0.000393    0.779470  0.000000  1.0
   -0.000393    0.781470  0.000000  1.0
   -0.000393    0.783470  0.000000  1.0
   -0.000393    0.785470  0.000000  1.0
   -0.000393    0.787470  0.000000  1.0
   -0.000393    0.789470  0.000000  1.0
   -0.000393    0.791470  0.000000  1.0
   -0.000393    0.793470  0.000000  1.0
    0.001607    0.713470  0.000000  1.0
    0.001607    0.715470  0.000000  1.0
    0.001607    0.717470  0.000000  1.0
    0.001607    0.719470  0.000000  1.0
    0.001607    0.721470  0.000000  1.0
    0.001607    0.723470  0.000000  1.0
    0.001607    0.725470  0.000000  1.0
    0.001607    0.727470  0.000000  1.0
    0.001607    0.729470  0.000000  1.0
    0.001607    0.731470  0.000000  1.0
    0.001607    0.733470  0.000000  1.0
    0.001607    0.735470  0.000000  1.0
    0.001607    0.737470  0.000000  1.0
    0.001607    0.739470  0.000000  1.0
    0.001607    0.741470  0.000000  1.0
    0.001607    0.743470  0.000000  1.0
    0.001607    0.745470  0.000000  1.0
    0.001607    0.747470  0.000000  1.0
    0.001607    0.749470  0.000000  1.0
    0.001607    0.751470  0.000000  1.0
    0.001607    0.753470  0.000000  1.0
    0.001607    0.755470  0.000000  1.0
    0.001607    0.757470  0.000000  1.0
    0.001607    0.759470  0.000000  1.0
    0.001607    0.761470  0.000000  1.0
    0.001607    0.763470  0.000000  1.0
    0.001607    0.765470  0.000000  1.0
    0.001607    0.767470  0.000000  1.0
    0.001607    0.769470  0.000000  1.0
    0.001607    0.771470  0.000000  1.0
    0.001607    0.773470  0.000000  1.0
    0.001607    0.775470  0.000000  1.0
    0.001607    0.777470  0.000000  1.0
    0.001607    0.779470  0.000000  1.0
    0.001607    0.781470  0.000000  1.0
    0.001607    0.783470  0.000000  1.0
    0.001607    0.785470  0.000000  1.0
    0.001607    0.787470  0.000000  1.0
    0.001607    0.789470  0.000000  1.0
    0.001607    0.791470  0.000000  1.0
    0.001607    0.793470  0.000000  1.0
    0.003607    0.713470  0.000000  1.0
    0.003607    0.715470  0.000000  1.0
    0.003607    0.717470  0.000000  1.0
    0.003607    0.719470  0.000000  1.0
    0.003607    0.721470  0.000000  1.0
    0.003607    0.723470  0.000000  1.0
    0.003607    0.725470  0.000000  1.0
    0.003607    0.727470  0.000000  1.0
    0.003607    0.729470  0.000000  1.0
    0.003607    0.731470  0.000000  1.0
    0.003607    0.733470  0.000000  1.0
    0.003607    0.735470  0.000000  1.0
    0.003607    0.737470  0.000000  1.0
    0.003607    0.739470  0.000000  1.0
    0.003607    0.741470  0.000000  1.0
    0.003607    0.743470  0.000000  1.0
    0.003607    0.745470  0.000000  1.0
    0.003607    0.747470  0.000000  1.0
    0.003607    0.749470  0.000000  1.0
    0.003607    0.751470  0.000000  1.0
    0.003607    0.753470  0.000000  1.0
    0.003607    0.755470  0.000000  1.0
    0.003607    0.757470  0.000000  1.0
    0.003607    0.759470  0.000000  1.0
    0.003607    0.761470  0.000000  1.0
    0.003607    0.763470  0.000000  1.0
    0.003607    0.765470  0.000000  1.0
    0.003607    0.767470  0.000000  1.0
    0.003607    0.769470  0.000000  1.0
    0.003607    0.771470  0.000000  1.0
    0.003607    0.773470  0.000000  1.0
    0.003607    0.775470  0.000000  1.0
    0.003607    0.777470  0.000000  1.0
    0.003607    0.779470  0.000000  1.0
    0.003607    0.781470  0.000000  1.0
    0.003607    0.783470  0.000000  1.0
    0.003607    0.785470  0.000000  1.0
    0.003607    0.787470  0.000000  1.0
    0.003607    0.789470  0.000000  1.0
    0.003607    0.791470  0.000000  1.0
    0.003607    0.793470  0.000000  1.0
    0.005607    0.713470  0.000000  1.0
    0.005607    0.715470  0.000000  1.0
    0.005607    0.717470  0.000000  1.0
    0.005607    0.719470  0.000000  1.0
    0.005607    0.721470  0.000000  1.0
    0.005607    0.723470  0.000000  1.0
    0.005607    0.725470  0.000000  1.0
    0.005607    0.727470  0.000000  1.0
    0.005607    0.729470  0.000000  1.0
    0.005607    0.731470  0.000000  1.0
    0.005607    0.733470  0.000000  1.0
    0.005607    0.735470  0.000000  1.0
    0.005607    0.737470  0.000000  1.0
    0.005607    0.739470  0.000000  1.0
    0.005607    0.741470  0.000000  1.0
    0.005607    0.743470  0.000000  1.0
    0.005607    0.745470  0.000000  1.0
    0.005607    0.747470  0.000000  1.0
    0.005607    0.749470  0.000000  1.0
    0.005607    0.751470  0.000000  1.0
    0.005607    0.753470  0.000000  1.0
    0.005607    0.755470  0.000000  1.0
    0.005607    0.757470  0.000000  1.0
    0.005607    0.759470  0.000000  1.0
    0.005607    0.761470  0.000000  1.0
    0.005607    0.763470  0.000000  1.0
    0.005607    0.765470  0.000000  1.0
    0.005607    0.767470  0.000000  1.0
    0.005607    0.769470  0.000000  1.0
    0.005607    0.771470  0.000000  1.0
    0.005607    0.773470  0.000000  1.0
    0.005607    0.775470  0.000000  1.0
    0.005607    0.777470  0.000000  1.0
    0.005607    0.779470  0.000000  1.0
    0.005607    0.781470  0.000000  1.0
    0.005607    0.783470  0.000000  1.0
    0.005607    0.785470  0.000000  1.0
    0.005607    0.787470  0.000000  1.0
    0.005607    0.789470  0.000000  1.0
    0.005607    0.791470  0.000000  1.0
    0.005607    0.793470  0.000000  1.0
    0.007607    0.713470  0.000000  1.0
    0.007607    0.715470  0.000000  1.0
    0.007607    0.717470  0.000000  1.0
    0.007607    0.719470  0.000000  1.0
    0.007607    0.721470  0.000000  1.0
    0.007607    0.723470  0.000000  1.0
    0.007607    0.725470  0.000000  1.0
    0.007607    0.727470  0.000000  1.0
    0.007607    0.729470  0.000000  1.0
    0.007607    0.731470  0.000000  1.0
    0.007607    0.733470  0.000000  1.0
    0.007607    0.735470  0.000000  1.0
    0.007607    0.737470  0.000000  1.0
    0.007607    0.739470  0.000000  1.0
    0.007607    0.741470  0.000000  1.0
    0.007607    0.743470  0.000000  1.0
    0.007607    0.745470  0.000000  1.0
    0.007607    0.747470  0.000000  1.0
    0.007607    0.749470  0.000000  1.0
    0.007607    0.751470  0.000000  1.0
    0.007607    0.753470  0.000000  1.0
    0.007607    0.755470  0.000000  1.0
    0.007607    0.757470  0.000000  1.0
    0.007607    0.759470  0.000000  1.0
    0.007607    0.761470  0.000000  1.0
    0.007607    0.763470  0.000000  1.0
    0.007607    0.765470  0.000000  1.0
    0.007607    0.767470  0.000000  1.0
    0.007607    0.769470  0.000000  1.0
    0.007607    0.771470  0.000000  1.0
    0.007607    0.773470  0.000000  1.0
    0.007607    0.775470  0.000000  1.0
    0.007607    0.777470  0.000000  1.0
    0.007607    0.779470  0.000000  1.0
    0.007607    0.781470  0.000000  1.0
    0.007607    0.783470  0.000000  1.0
    0.007607    0.785470  0.000000  1.0
    0.007607    0.787470  0.000000  1.0
    0.007607    0.789470  0.000000  1.0
    0.007607    0.791470  0.000000  1.0
    0.007607    0.793470  0.000000  1.0
    0.009607    0.713470  0.000000  1.0
    0.009607    0.715470  0.000000  1.0
    0.009607    0.717470  0.000000  1.0
    0.009607    0.719470  0.000000  1.0
    0.009607    0.721470  0.000000  1.0
    0.009607    0.723470  0.000000  1.0
    0.009607    0.725470  0.000000  1.0
    0.009607    0.727470  0.000000  1.0
    0.009607    0.729470  0.000000  1.0
    0.009607    0.731470  0.000000  1.0
    0.009607    0.733470  0.000000  1.0
    0.009607    0.735470  0.000000  1.0
    0.009607    0.737470  0.000000  1.0
    0.009607    0.739470  0.000000  1.0
    0.009607    0.741470  0.000000  1.0
    0.009607    0.743470  0.000000  1.0
    0.009607    0.745470  0.000000  1.0
    0.009607    0.747470  0.000000  1.0
    0.009607    0.749470  0.000000  1.0
    0.009607    0.751470  0.000000  1.0
    0.009607    0.753470  0.000000  1.0
    0.009607    0.755470  0.000000  1.0
    0.009607    0.757470  0.000000  1.0
    0.009607    0.759470  0.000000  1.0
    0.009607    0.761470  0.000000  1.0
    0.009607    0.763470  0.000000  1.0
    0.009607    0.765470  0.000000  1.0
    0.009607    0.767470  0.000000  1.0
    0.009607    0.769470  0.000000  1.0
    0.009607    0.771470  0.000000  1.0
    0.009607    0.773470  0.000000  1.0
    0.009607    0.775470  0.000000  1.0
    0.009607    0.777470  0.000000  1.0
    0.009607    0.779470  0.000000  1.0
    0.009607    0.781470  0.000000  1.0
    0.009607    0.783470  0.000000  1.0
    0.009607    0.785470  0.000000  1.0
    0.009607    0.787470  0.000000  1.0
    0.009607    0.789470  0.000000  1.0
    0.009607    0.791470  0.000000  1.0
    0.009607    0.793470  0.000000  1.0
    0.011607    0.713470  0.000000  1.0
    0.011607    0.715470  0.000000  1.0
    0.011607    0.717470  0.000000  1.0
    0.011607    0.719470  0.000000  1.0
    0.011607    0.721470  0.000000  1.0
    0.011607    0.723470  0.000000  1.0
    0.011607    0.725470  0.000000  1.0
    0.011607    0.727470  0.000000  1.0
    0.011607    0.729470  0.000000  1.0
    0.011607    0.731470  0.000000  1.0
    0.011607    0.733470  0.000000  1.0
    0.011607    0.735470  0.000000  1.0
    0.011607    0.737470  0.000000  1.0
    0.011607    0.739470  0.000000  1.0
    0.011607    0.741470  0.000000  1.0
    0.011607    0.743470  0.000000  1.0
    0.011607    0.745470  0.000000  1.0
    0.011607    0.747470  0.000000  1.0
    0.011607    0.749470  0.000000  1.0
    0.011607    0.751470  0.000000  1.0
    0.011607    0.753470  0.000000  1.0
    0.011607    0.755470  0.000000  1.0
    0.011607    0.757470  0.000000  1.0
    0.011607    0.759470  0.000000  1.0
    0.011607    0.761470  0.000000  1.0
    0.011607    0.763470  0.000000  1.0
    0.011607    0.765470  0.000000  1.0
    0.011607    0.767470  0.000000  1.0
    0.011607    0.769470  0.000000  1.0
    0.011607    0.771470  0.000000  1.0
    0.011607    0.773470  0.000000  1.0
    0.011607    0.775470  0.000000  1.0
    0.011607    0.777470  0.000000  1.0
    0.011607    0.779470  0.000000  1.0
    0.011607    0.781470  0.000000  1.0
    0.011607    0.783470  0.000000  1.0
    0.011607    0.785470  0.000000  1.0
    0.011607    0.787470  0.000000  1.0
    0.011607    0.789470  0.000000  1.0
    0.011607    0.791470  0.000000  1.0
    0.011607    0.793470  0.000000  1.0
    0.013607    0.713470  0.000000  1.0
    0.013607    0.715470  0.000000  1.0
    0.013607    0.717470  0.000000  1.0
    0.013607    0.719470  0.000000  1.0
    0.013607    0.721470  0.000000  1.0
    0.013607    0.723470  0.000000  1.0
    0.013607    0.725470  0.000000  1.0
    0.013607    0.727470  0.000000  1.0
    0.013607    0.729470  0.000000  1.0
    0.013607    0.731470  0.000000  1.0
    0.013607    0.733470  0.000000  1.0
    0.013607    0.735470  0.000000  1.0
    0.013607    0.737470  0.000000  1.0
    0.013607    0.739470  0.000000  1.0
    0.013607    0.741470  0.000000  1.0
    0.013607    0.743470  0.000000  1.0
    0.013607    0.745470  0.000000  1.0
    0.013607    0.747470  0.000000  1.0
    0.013607    0.749470  0.000000  1.0
    0.013607    0.751470  0.000000  1.0
    0.013607    0.753470  0.000000  1.0
    0.013607    0.755470  0.000000  1.0
    0.013607    0.757470  0.000000  1.0
    0.013607    0.759470  0.000000  1.0
    0.013607    0.761470  0.000000  1.0
    0.013607    0.763470  0.000000  1.0
    0.013607    0.765470  0.000000  1.0
    0.013607    0.767470  0.000000  1.0
    0.013607    0.769470  0.000000  1.0
    0.013607    0.771470  0.000000  1.0
    0.013607    0.773470  0.000000  1.0
    0.013607    0.775470  0.000000  1.0
    0.013607    0.777470  0.000000  1.0
    0.013607    0.779470  0.000000  1.0
    0.013607    0.781470  0.000000  1.0
    0.013607    0.783470  0.000000  1.0
    0.013607    0.785470  0.000000  1.0
    0.013607    0.787470  0.000000  1.0
    0.013607    0.789470  0.000000  1.0
    0.013607    0.791470  0.000000  1.0
    0.013607    0.793470  0.000000  1.0
    0.015607    0.713470  0.000000  1.0
    0.015607    0.715470  0.000000  1.0
    0.015607    0.717470  0.000000  1.0
    0.015607    0.719470  0.000000  1.0
    0.015607    0.721470  0.000000  1.0
    0.015607    0.723470  0.000000  1.0
    0.015607    0.725470  0.000000  1.0
    0.015607    0.727470  0.000000  1.0
    0.015607    0.729470  0.000000  1.0
    0.015607    0.731470  0.000000  1.0
    0.015607    0.733470  0.000000  1.0
    0.015607    0.735470  0.000000  1.0
    0.015607    0.737470  0.000000  1.0
    0.015607    0.739470  0.000000  1.0
    0.015607    0.741470  0.000000  1.0
    0.015607    0.743470  0.000000  1.0
    0.015607    0.745470  0.000000  1.0
    0.015607    0.747470  0.000000  1.0
    0.015607    0.749470  0.000000  1.0
    0.015607    0.751470  0.000000  1.0
    0.015607    0.753470  0.000000  1.0
    0.015607    0.755470  0.000000  1.0
    0.015607    0.757470  0.000000  1.0
    0.015607    0.759470  0.000000  1.0
    0.015607    0.761470  0.000000  1.0
    0.015607    0.763470  0.000000  1.0
    0.015607    0.765470  0.000000  1.0
    0.015607    0.767470  0.000000  1.0
    0.015607    0.769470  0.000000  1.0
    0.015607    0.771470  0.000000  1.0
    0.015607    0.773470  0.000000  1.0
    0.015607    0.775470  0.000000  1.0
    0.015607    0.777470  0.000000  1.0
    0.015607    0.779470  0.000000  1.0
    0.015607    0.781470  0.000000  1.0
    0.015607    0.783470  0.000000  1.0
    0.015607    0.785470  0.000000  1.0
    0.015607    0.787470  0.000000  1.0
    0.015607    0.789470  0.000000  1.0
    0.015607    0.791470  0.000000  1.0
    0.015607    0.793470  0.000000  1.0
    0.017607    0.713470  0.000000  1.0
    0.017607    0.715470  0.000000  1.0
    0.017607    0.717470  0.000000  1.0
    0.017607    0.719470  0.000000  1.0
    0.017607    0.721470  0.000000  1.0
    0.017607    0.723470  0.000000  1.0
    0.017607    0.725470  0.000000  1.0
    0.017607    0.727470  0.000000  1.0
    0.017607    0.729470  0.000000  1.0
    0.017607    0.731470  0.000000  1.0
    0.017607    0.733470  0.000000  1.0
    0.017607    0.735470  0.000000  1.0
    0.017607    0.737470  0.000000  1.0
    0.017607    0.739470  0.000000  1.0
    0.017607    0.741470  0.000000  1.0
    0.017607    0.743470  0.000000  1.0
    0.017607    0.745470  0.000000  1.0
    0.017607    0.747470  0.000000  1.0
    0.017607    0.749470  0.000000  1.0
    0.017607    0.751470  0.000000  1.0
    0.017607    0.753470  0.000000  1.0
    0.017607    0.755470  0.000000  1.0
    0.017607    0.757470  0.000000  1.0
    0.017607    0.759470  0.000000  1.0
    0.017607    0.761470  0.000000  1.0
    0.017607    0.763470  0.000000  1.0
    0.017607    0.765470  0.000000  1.0
    0.017607    0.767470  0.000000  1.0
    0.017607    0.769470  0.000000  1.0
    0.017607    0.771470  0.000000  1.0
    0.017607    0.773470  0.000000  1.0
    0.017607    0.775470  0.000000  1.0
    0.017607    0.777470  0.000000  1.0
    0.017607    0.779470  0.000000  1.0
    0.017607    0.781470  0.000000  1.0
    0.017607    0.783470  0.000000  1.0
    0.017607    0.785470  0.000000  1.0
    0.017607    0.787470  0.000000  1.0
    0.017607    0.789470  0.000000  1.0
    0.017607    0.791470  0.000000  1.0
    0.017607    0.793470  0.000000  1.0
    0.019607    0.713470  0.000000  1.0
    0.019607    0.715470  0.000000  1.0
    0.019607    0.717470  0.000000  1.0
    0.019607    0.719470  0.000000  1.0
    0.019607    0.721470  0.000000  1.0
    0.019607    0.723470  0.000000  1.0
    0.019607    0.725470  0.000000  1.0
    0.019607    0.727470  0.000000  1.0
    0.019607    0.729470  0.000000  1.0
    0.019607    0.731470  0.000000  1.0
    0.019607    0.733470  0.000000  1.0
    0.019607    0.735470  0.000000  1.0
    0.019607    0.737470  0.000000  1.0
    0.019607    0.739470  0.000000  1.0
    0.019607    0.741470  0.000000  1.0
    0.019607    0.743470  0.000000  1.0
    0.019607    0.745470  0.000000  1.0
    0.019607    0.747470  0.000000  1.0
    0.019607    0.749470  0.000000  1.0
    0.019607    0.751470  0.000000  1.0
    0.019607    0.753470  0.000000  1.0
    0.019607    0.755470  0.000000  1.0
    0.019607    0.757470  0.000000  1.0
    0.019607    0.759470  0.000000  1.0
    0.019607    0.761470  0.000000  1.0
    0.019607    0.763470  0.000000  1.0
    0.019607    0.765470  0.000000  1.0
    0.019607    0.767470  0.000000  1.0
    0.019607    0.769470  0.000000  1.0
    0.019607    0.771470  0.000000  1.0
    0.019607    0.773470  0.000000  1.0
    0.019607    0.775470  0.000000  1.0
    0.019607    0.777470  0.000000  1.0
    0.019607    0.779470  0.000000  1.0
    0.019607    0.781470  0.000000  1.0
    0.019607    0.783470  0.000000  1.0
    0.019607    0.785470  0.000000  1.0
    0.019607    0.787470  0.000000  1.0
    0.019607    0.789470  0.000000  1.0
    0.019607    0.791470  0.000000  1.0
    0.019607    0.793470  0.000000  1.0
    0.021607    0.713470  0.000000  1.0
    0.021607    0.715470  0.000000  1.0
    0.021607    0.717470  0.000000  1.0
    0.021607    0.719470  0.000000  1.0
    0.021607    0.721470  0.000000  1.0
    0.021607    0.723470  0.000000  1.0
    0.021607    0.725470  0.000000  1.0
    0.021607    0.727470  0.000000  1.0
    0.021607    0.729470  0.000000  1.0
    0.021607    0.731470  0.000000  1.0
    0.021607    0.733470  0.000000  1.0
    0.021607    0.735470  0.000000  1.0
    0.021607    0.737470  0.000000  1.0
    0.021607    0.739470  0.000000  1.0
    0.021607    0.741470  0.000000  1.0
    0.021607    0.743470  0.000000  1.0
    0.021607    0.745470  0.000000  1.0
    0.021607    0.747470  0.000000  1.0
    0.021607    0.749470  0.000000  1.0
    0.021607    0.751470  0.000000  1.0
    0.021607    0.753470  0.000000  1.0
    0.021607    0.755470  0.000000  1.0
    0.021607    0.757470  0.000000  1.0
    0.021607    0.759470  0.000000  1.0
    0.021607    0.761470  0.000000  1.0
    0.021607    0.763470  0.000000  1.0
    0.021607    0.765470  0.000000  1.0
    0.021607    0.767470  0.000000  1.0
    0.021607    0.769470  0.000000  1.0
    0.021607    0.771470  0.000000  1.0
    0.021607    0.773470  0.000000  1.0
    0.021607    0.775470  0.000000  1.0
    0.021607    0.777470  0.000000  1.0
    0.021607    0.779470  0.000000  1.0
    0.021607    0.781470  0.000000  1.0
    0.021607    0.783470  0.000000  1.0
    0.021607    0.785470  0.000000  1.0
    0.021607    0.787470  0.000000  1.0
    0.021607    0.789470  0.000000  1.0
    0.021607    0.791470  0.000000  1.0
    0.021607    0.793470  0.000000  1.0
    0.023607    0.713470  0.000000  1.0
    0.023607    0.715470  0.000000  1.0
    0.023607    0.717470  0.000000  1.0
    0.023607    0.719470  0.000000  1.0
    0.023607    0.721470  0.000000  1.0
    0.023607    0.723470  0.000000  1.0
    0.023607    0.725470  0.000000  1.0
    0.023607    0.727470  0.000000  1.0
    0.023607    0.729470  0.000000  1.0
    0.023607    0.731470  0.000000  1.0
    0.023607    0.733470  0.000000  1.0
    0.023607    0.735470  0.000000  1.0
    0.023607    0.737470  0.000000  1.0
    0.023607    0.739470  0.000000  1.0
    0.023607    0.741470  0.000000  1.0
    0.023607    0.743470  0.000000  1.0
    0.023607    0.745470  0.000000  1.0
    0.023607    0.747470  0.000000  1.0
    0.023607    0.749470  0.000000  1.0
    0.023607    0.751470  0.000000  1.0
    0.023607    0.753470  0.000000  1.0
    0.023607    0.755470  0.000000  1.0
    0.023607    0.757470  0.000000  1.0
    0.023607    0.759470  0.000000  1.0
    0.023607    0.761470  0.000000  1.0
    0.023607    0.763470  0.000000  1.0
    0.023607    0.765470  0.000000  1.0
    0.023607    0.767470  0.000000  1.0
    0.023607    0.769470  0.000000  1.0
    0.023607    0.771470  0.000000  1.0
    0.023607    0.773470  0.000000  1.0
    0.023607    0.775470  0.000000  1.0
    0.023607    0.777470  0.000000  1.0
    0.023607    0.779470  0.000000  1.0
    0.023607    0.781470  0.000000  1.0
    0.023607    0.783470  0.000000  1.0
    0.023607    0.785470  0.000000  1.0
    0.023607    0.787470  0.000000  1.0
    0.023607    0.789470  0.000000  1.0
    0.023607    0.791470  0.000000  1.0
    0.023607    0.793470  0.000000  1.0
