&CONTROL
  calculation = 'bands'
  prefix = 'graphene10.0zoom'
  outdir = './tmp'
  pseudo_dir = './'
  verbosity = 'high'
/
&SYSTEM
  ibrav = 0
  nat = 2
  ntyp = 1
  ecutwfc = 40.0
  nosym = .true.
  noinv = .true.
  nbnd = 8
/
&ELECTRONS
/
ATOMIC_SPECIES
  C  12.011 C.upf
CELL_PARAMETERS {bohr}
  5.088516  0.000000  0.000000
  2.544258  3.940066  0.000000
  0.000000  0.000000  28.346456
ATOMIC_POSITIONS {crystal}
  C  -0.001765  0.003530  0.000000
  C  0.335098  0.329803  0.000000
K_POINTS {tpiba}
1681
    0.238689   -0.685740  0.000000  1.0
    0.238689   -0.683740  0.000000  1.0
    0.238689   -0.681740  0.000000  1.0
    0.238689   -0.679740  0.000000  1.0
    0.238689   -0.677740  0.000000  1.0
    0.238689   -0.675740  0.000000  1.0
    0.238689   -0.673740  0.000000  1.0
    0.238689   -0.671740  0.000000  1.0
    0.238689   -0.669740  0.000000  1.0
    0.238689   -0.667740  0.000000  1.0
    0.238689   -0.665740  0.000000  1.0
    0.238689   -0.663740  0.000000  1.0
    0.238689   -0.661740  0.000000  1.0
    0.238689   -0.659740  0.000000  1.0
    0.238689   -0.657740  0.000000  1.0
    0.238689   -0.655740  0.000000  1.0
    0.238689   -0.653740  0.000000  1.0
    0.238689   -0.651740  0.000000  1.0
    0.238689   -0.649740  0.000000  1.0
    0.238689   -0.647740  0.000000  1.0
    0.238689   -0.645740  0.000000  1.0
    0.238689   -0.643740  0.000000  1.0
    0.238689   -0.641740  0.000000  1.0
    0.238689   -0.639740  0.000000  1.0
    0.238689   -0.637740  0.000000  1.0
    0.238689   -0.635740  0.000000  1.0
    0.238689   -0.633740  0.000000  1.0
    0.238689   -0.631740  0.000000  1.0
    0.238689   -0.629740  0.000000  1.0
    0.238689   -0.627740  0.000000  1.0
    0.238689   -0.625740  0.000000  1.0
    0.238689   -0.623740  0.000000  1.0
    0.238689   -0.621740  0.000000  1.0
    0.238689   -0.619740  0.000000  1.0
    0.238689   -0.617740  0.000000  1.0
    0.238689   -0.615740  0.000000  1.0
    0.238689   -0.613740  0.000000  1.0
    0.238689   -0.611740  0.000000  1.0
    0.238689   -0.609740  0.000000  1.0
    0.238689   -0.607740  0.000000  1.0
    0.238689   -0.605740  0.000000  1.0
    0.240689   -0.685740  0.000000  1.0
    0.240689   -0.683740  0.000000  1.0
    0.240689   -0.681740  0.000000  1.0
    0.240689   -0.679740  0.000000  1.0
    0.240689   -0.677740  0.000000  1.0
    0.240689   -0.675740  0.000000  1.0
    0.240689   -0.673740  0.000000  1.0
    0.240689   -0.671740  0.000000  1.0
    0.240689   -0.669740  0.000000  1.0
    0.240689   -0.667740  0.000000  1.0
    0.240689   -0.665740  0.000000  1.0
    0.240689   -0.663740  0.000000  1.0
    0.240689   -0.661740  0.000000  1.0
    0.240689   -0.659740  0.000000  1.0
    0.240689   -0.657740  0.000000  1.0
    0.240689   -0.655740  0.000000  1.0
    0.240689   -0.653740  0.000000  1.0
    0.240689   -0.651740  0.000000  1.0
    0.240689   -0.649740  0.000000  1.0
    0.240689   -0.647740  0.000000  1.0
    0.240689   -0.645740  0.000000  1.0
    0.240689   -0.643740  0.000000  1.0
    0.240689   -0.641740  0.000000  1.0
    0.240689   -0.639740  0.000000  1.0
    0.240689   -0.637740  0.000000  1.0
    0.240689   -0.635740  0.000000  1.0
    0.240689   -0.633740  0.000000  1.0
    0.240689   -0.631740  0.000000  1.0
    0.240689   -0.629740  0.000000  1.0
    0.240689   -0.627740  0.000000  1.0
    0.240689   -0.625740  0.000000  1.0
    0.240689   -0.623740  0.000000  1.0
    0.240689   -0.621740  0.000000  1.0
    0.240689   -0.619740  0.000000  1.0
    0.240689   -0.617740  0.000000  1.0
    0.240689   -0.615740  0.000000  1.0
    0.240689   -0.613740  0.000000  1.0
    0.240689   -0.611740  0.000000  1.0
    0.240689   -0.609740  0.000000  1.0
    0.240689   -0.607740  0.000000  1.0
    0.240689   -0.605740  0.000000  1.0
    0.242689   -0.685740  0.000000  1.0
    0.242689   -0.683740  0.000000  1.0
    0.242689   -0.681740  0.000000  1.0
    0.242689   -0.679740  0.000000  1.0
    0.242689   -0.677740  0.000000  1.0
    0.242689   -0.675740  0.000000  1.0
    0.242689   -0.673740  0.000000  1.0
    0.242689   -0.671740  0.000000  1.0
    0.242689   -0.669740  0.000000  1.0
    0.242689   -0.667740  0.000000  1.0
    0.242689   -0.665740  0.000000  1.0
    0.242689   -0.663740  0.000000  1.0
    0.242689   -0.661740  0.000000  1.0
    0.242689   -0.659740  0.000000  1.0
    0.242689   -0.657740  0.000000  1.0
    0.242689   -0.655740  0.000000  1.0
    0.242689   -0.653740  0.000000  1.0
    0.242689   -0.651740  0.000000  1.0
    0.242689   -0.649740  0.000000  1.0
    0.242689   -0.647740  0.000000  1.0
    0.242689   -0.645740  0.000000  1.0
    0.242689   -0.643740  0.000000  1.0
    0.242689   -0.641740  0.000000  1.0
    0.242689   -0.639740  0.000000  1.0
    0.242689   -0.637740  0.000000  1.0
    0.242689   -0.635740  0.000000  1.0
    0.242689   -0.633740  0.000000  1.0
    0.242689   -0.631740  0.000000  1.0
    0.242689   -0.629740  0.000000  1.0
    0.242689   -0.627740  0.000000  1.0
    0.242689   -0.625740  0.000000  1.0
    0.242689   -0.623740  0.000000  1.0
    0.242689   -0.621740  0.000000  1.0
    0.242689   -0.619740  0.000000  1.0
    0.242689   -0.617740  0.000000  1.0
    0.242689   -0.615740  0.000000  1.0
    0.242689   -0.613740  0.000000  1.0
    0.242689   -0.611740  0.000000  1.0
    0.242689   -0.609740  0.000000  1.0
    0.242689   -0.607740  0.000000  1.0
    0.242689   -0.605740  0.000000  1.0
    0.244689   -0.685740  0.000000  1.0
    0.244689   -0.683740  0.000000  1.0
    0.244689   -0.681740  0.000000  1.0
    0.244689   -0.679740  0.000000  1.0
    0.244689   -0.677740  0.000000  1.0
    0.244689   -0.675740  0.000000  1.0
    0.244689   -0.673740  0.000000  1.0
    0.244689   -0.671740  0.000000  1.0
    0.244689   -0.669740  0.000000  1.0
    0.244689   -0.667740  0.000000  1.0
    0.244689   -0.665740  0.000000  1.0
    0.244689   -0.663740  0.000000  1.0
    0.244689   -0.661740  0.000000  1.0
    0.244689   -0.659740  0.000000  1.0
    0.244689   -0.657740  0.000000  1.0
    0.244689   -0.655740  0.000000  1.0
    0.244689   -0.653740  0.000000  1.0
    0.244689   -0.651740  0.000000  1.0
    0.244689   -0.649740  0.000000  1.0
    0.244689   -0.647740  0.000000  1.0
    0.244689   -0.645740  0.000000  1.0
    0.244689   -0.643740  0.000000  1.0
    0.244689   -0.641740  0.000000  1.0
    0.244689   -0.639740  0.000000  1.0
    0.244689   -0.637740  0.000000  1.0
    0.244689   -0.635740  0.000000  1.0
    0.244689   -0.633740  0.000000  1.0
    0.244689   -0.631740  0.000000  1.0
    0.244689   -0.629740  0.000000  1.0
    0.244689   -0.627740  0.000000  1.0
    0.244689   -0.625740  0.000000  1.0
    0.244689   -0.623740  0.000000  1.0
    0.244689   -0.621740  0.000000  1.0
    0.244689   -0.619740  0.000000  1.0
    0.244689   -0.617740  0.000000  1.0
    0.244689   -0.615740  0.000000  1.0
    0.244689   -0.613740  0.000000  1.0
    0.244689   -0.611740  0.000000  1.0
    0.244689   -0.609740  0.000000  1.0
    0.244689   -0.607740  0.000000  1.0
    0.244689   -0.605740  0.000000  1.0
    0.246689   -0.685740  0.000000  1.0
    0.246689   -0.683740  0.000000  1.0
    0.246689   -0.681740  0.000000  1.0
    0.246689   -0.679740  0.000000  1.0
    0.246689   -0.677740  0.000000  1.0
    0.246689   -0.675740  0.000000  1.0
    0.246689   -0.673740  0.000000  1.0
    0.246689   -0.671740  0.000000  1.0
    0.246689   -0.669740  0.000000  1.0
    0.246689   -0.667740  0.000000  1.0
    0.246689   -0.665740  0.000000  1.0
    0.246689   -0.663740  0.000000  1.0
    0.246689   -0.661740  0.000000  1.0
    0.246689   -0.659740  0.000000  1.0
    0.246689   -0.657740  0.000000  1.0
    0.246689   -0.655740  0.000000  1.0
    0.246689   -0.653740  0.000000  1.0
    0.246689   -0.651740  0.000000  1.0
    0.246689   -0.649740  0.000000  1.0
    0.246689   -0.647740  0.000000  1.0
    0.246689   -0.645740  0.000000  1.0
    0.246689   -0.643740  0.000000  1.0
    0.246689   -0.641740  0.000000  1.0
    0.246689   -0.639740  0.000000  1.0
    0.246689   -0.637740  0.000000  1.0
    0.246689   -0.635740  0.000000  1.0
    0.246689   -0.633740  0.000000  1.0
    0.246689   -0.631740  0.000000  1.0
    0.246689   -0.629740  0.000000  1.0
    0.246689   -0.627740  0.000000  1.0
    0.246689   -0.625740  0.000000  1.0
    0.246689   -0.623740  0.000000  1.0
    0.246689   -0.621740  0.000000  1.0
    0.246689   -0.619740  0.000000  1.0
    0.246689   -0.617740  0.000000  1.0
    0.246689   -0.615740  0.000000  1.0
    0.246689   -0.613740  0.000000  1.0
    0.246689   -0.611740  0.000000  1.0
    0.246689   -0.609740  0.000000  1.0
    0.246689   -0.607740  0.000000  1.0
    0.246689   -0.605740  0.000000  1.0
    0.248689   -0.685740  0.000000  1.0
    0.248689   -0.683740  0.000000  1.0
    0.248689   -0.681740  0.000000  1.0
    0.248689   -0.679740  0.000000  1.0
    0.248689   -0.677740  0.000000  1.0
    0.248689   -0.675740  0.000000  1.0
    0.248689   -0.673740  0.000000  1.0
    0.248689   -0.671740  0.000000  1.0
    0.248689   -0.669740  0.000000  1.0
    0.248689   -0.667740  0.000000  1.0
    0.248689   -0.665740  0.000000  1.0
    0.248689   -0.663740  0.000000  1.0
    0.248689   -0.661740  0.000000  1.0
    0.248689   -0.659740  0.000000  1.0
    0.248689   -0.657740  0.000000  1.0
    0.248689   -0.655740  0.000000  1.0
    0.248689   -0.653740  0.000000  1.0
    0.248689   -0.651740  0.000000  1.0
    0.248689   -0.649740  0.000000  1.0
    0.248689   -0.647740  0.000000  1.0
    0.248689   -0.645740  0.000000  1.0
    0.248689   -0.643740  0.000000  1.0
    0.248689   -0.641740  0.000000  1.0
    0.248689   -0.639740  0.000000  1.0
    0.248689   -0.637740  0.000000  1.0
    0.248689   -0.635740  0.000000  1.0
    0.248689   -0.633740  0.000000  1.0
    0.248689   -0.631740  0.000000  1.0
    0.248689   -0.629740  0.000000  1.0
    0.248689   -0.627740  0.000000  1.0
    0.248689   -0.625740  0.000000  1.0
    0.248689   -0.623740  0.000000  1.0
    0.248689   -0.621740  0.000000  1.0
    0.248689   -0.619740  0.000000  1.0
    0.248689   -0.617740  0.000000  1.0
    0.248689   -0.615740  0.000000  1.0
    0.248689   -0.613740  0.000000  1.0
    0.248689   -0.611740  0.000000  1.0
    0.248689   -0.609740  0.000000  1.0
    0.248689   -0.607740  0.000000  1.0
    0.248689   -0.605740  0.000000  1.0
    0.250689   -0.685740  0.000000  1.0
    0.250689   -0.683740  0.000000  1.0
    0.250689   -0.681740  0.000000  1.0
    0.250689   -0.679740  0.000000  1.0
    0.250689   -0.677740  0.000000  1.0
    0.250689   -0.675740  0.000000  1.0
    0.250689   -0.673740  0.000000  1.0
    0.250689   -0.671740  0.000000  1.0
    0.250689   -0.669740  0.000000  1.0
    0.250689   -0.667740  0.000000  1.0
    0.250689   -0.665740  0.000000  1.0
    0.250689   -0.663740  0.000000  1.0
    0.250689   -0.661740  0.000000  1.0
    0.250689   -0.659740  0.000000  1.0
    0.250689   -0.657740  0.000000  1.0
    0.250689   -0.655740  0.000000  1.0
    0.250689   -0.653740  0.000000  1.0
    0.250689   -0.651740  0.000000  1.0
    0.250689   -0.649740  0.000000  1.0
    0.250689   -0.647740  0.000000  1.0
    0.250689   -0.645740  0.000000  1.0
    0.250689   -0.643740  0.000000  1.0
    0.250689   -0.641740  0.000000  1.0
    0.250689   -0.639740  0.000000  1.0
    0.250689   -0.637740  0.000000  1.0
    0.250689   -0.635740  0.000000  1.0
    0.250689   -0.633740  0.000000  1.0
    0.250689   -0.631740  0.000000  1.0
    0.250689   -0.629740  0.000000  1.0
    0.250689   -0.627740  0.000000  1.0
    0.250689   -0.625740  0.000000  1.0
    0.250689   -0.623740  0.000000  1.0
    0.250689   -0.621740  0.000000  1.0
    0.250689   -0.619740  0.000000  1.0
    0.250689   -0.617740  0.000000  1.0
    0.250689   -0.615740  0.000000  1.0
    0.250689   -0.613740  0.000000  1.0
    0.250689   -0.611740  0.000000  1.0
    0.250689   -0.609740  0.000000  1.0
    0.250689   -0.607740  0.000000  1.0
    0.250689   -0.605740  0.000000  1.0
    0.252689   -0.685740  0.000000  1.0
    0.252689   -0.683740  0.000000  1.0
    0.252689   -0.681740  0.000000  1.0
    0.252689   -0.679740  0.000000  1.0
    0.252689   -0.677740  0.000000  1.0
    0.252689   -0.675740  0.000000  1.0
    0.252689   -0.673740  0.000000  1.0
    0.252689   -0.671740  0.000000  1.0
    0.252689   -0.669740  0.000000  1.0
    0.252689   -0.667740  0.000000  1.0
    0.252689   -0.665740  0.000000  1.0
    0.252689   -0.663740  0.000000  1.0
    0.252689   -0.661740  0.000000  1.0
    0.252689   -0.659740  0.000000  1.0
    0.252689   -0.657740  0.000000  1.0
    0.252689   -0.655740  0.000000  1.0
    0.252689   -0.653740  0.000000  1.0
    0.252689   -0.651740  0.000000  1.0
    0.252689   -0.649740  0.000000  1.0
    0.252689   -0.647740  0.000000  1.0
    0.252689   -0.645740  0.000000  1.0
    0.252689   -0.643740  0.000000  1.0
    0.252689   -0.641740  0.000000  1.0
    0.252689   -0.639740  0.000000  1.0
    0.252689   -0.637740  0.000000  1.0
    0.252689   -0.635740  0.000000  1.0
    0.252689   -0.633740  0.000000  1.0
    0.252689   -0.631740  0.000000  1.0
    0.252689   -0.629740  0.000000  1.0
    0.252689   -0.627740  0.000000  1.0
    0.252689   -0.625740  0.000000  1.0
    0.252689   -0.623740  0.000000  1.0
    0.252689   -0.621740  0.000000  1.0
    0.252689   -0.619740  0.000000  1.0
    0.252689   -0.617740  0.000000  1.0
    0.252689   -0.615740  0.000000  1.0
    0.252689   -0.613740  0.000000  1.0
    0.252689   -0.611740  0.000000  1.0
    0.252689   -0.609740  0.000000  1.0
    0.252689   -0.607740  0.000000  1.0
    0.252689   -0.605740  0.000000  1.0
    0.254689   -0.685740  0.000000  1.0
    0.254689   -0.683740  0.000000  1.0
    0.254689   -0.681740  0.000000  1.0
    0.254689   -0.679740  0.000000  1.0
    0.254689   -0.677740  0.000000  1.0
    0.254689   -0.675740  0.000000  1.0
    0.254689   -0.673740  0.000000  1.0
    0.254689   -0.671740  0.000000  1.0
    0.254689   -0.669740  0.000000  1.0
    0.254689   -0.667740  0.000000  1.0
    0.254689   -0.665740  0.000000  1.0
    0.254689   -0.663740  0.000000  1.0
    0.254689   -0.661740  0.000000  1.0
    0.254689   -0.659740  0.000000  1.0
    0.254689   -0.657740  0.000000  1.0
    0.254689   -0.655740  0.000000  1.0
    0.254689   -0.653740  0.000000  1.0
    0.254689   -0.651740  0.000000  1.0
    0.254689   -0.649740  0.000000  1.0
    0.254689   -0.647740  0.000000  1.0
    0.254689   -0.645740  0.000000  1.0
    0.254689   -0.643740  0.000000  1.0
    0.254689   -0.641740  0.000000  1.0
    0.254689   -0.639740  0.000000  1.0
    0.254689   -0.637740  0.000000  1.0
    0.254689   -0.635740  0.000000  1.0
    0.254689   -0.633740  0.000000  1.0
    0.254689   -0.631740  0.000000  1.0
    0.254689   -0.629740  0.000000  1.0
    0.254689   -0.627740  0.000000  1.0
    0.254689   -0.625740  0.000000  1.0
    0.254689   -0.623740  0.000000  1.0
    0.254689   -0.621740  0.000000  1.0
    0.254689   -0.619740  0.000000  1.0
    0.254689   -0.617740  0.000000  1.0
    0.254689   -0.615740  0.000000  1.0
    0.254689   -0.613740  0.000000  1.0
    0.254689   -0.611740  0.000000  1.0
    0.254689   -0.609740  0.000000  1.0
    0.254689   -0.607740  0.000000  1.0
    0.254689   -0.605740  0.000000  1.0
    0.256689   -0.685740  0.000000  1.0
    0.256689   -0.683740  0.000000  1.0
    0.256689   -0.681740  0.000000  1.0
    0.256689   -0.679740  0.000000  1.0
    0.256689   -0.677740  0.000000  1.0
    0.256689   -0.675740  0.000000  1.0
    0.256689   -0.673740  0.000000  1.0
    0.256689   -0.671740  0.000000  1.0
    0.256689   -0.669740  0.000000  1.0
    0.256689   -0.667740  0.000000  1.0
    0.256689   -0.665740  0.000000  1.0
    0.256689   -0.663740  0.000000  1.0
    0.256689   -0.661740  0.000000  1.0
    0.256689   -0.659740  0.000000  1.0
    0.256689   -0.657740  0.000000  1.0
    0.256689   -0.655740  0.000000  1.0
    0.256689   -0.653740  0.000000  1.0
    0.256689   -0.651740  0.000000  1.0
    0.256689   -0.649740  0.000000  1.0
    0.256689   -0.647740  0.000000  1.0
    0.256689   -0.645740  0.000000  1.0
    0.256689   -0.643740  0.000000  1.0
    0.256689   -0.641740  0.000000  1.0
    0.256689   -0.639740  0.000000  1.0
    0.256689   -0.637740  0.000000  1.0
    0.256689   -0.635740  0.000000  1.0
    0.256689   -0.633740  0.000000  1.0
    0.256689   -0.631740  0.000000  1.0
    0.256689   -0.629740  0.000000  1.0
    0.256689   -0.627740  0.000000  1.0
    0.256689   -0.625740  0.000000  1.0
    0.256689   -0.623740  0.000000  1.0
    0.256689   -0.621740  0.000000  1.0
    0.256689   -0.619740  0.000000  1.0
    0.256689   -0.617740  0.000000  1.0
    0.256689   -0.615740  0.000000  1.0
    0.256689   -0.613740  0.000000  1.0
    0.256689   -0.611740  0.000000  1.0
    0.256689   -0.609740  0.000000  1.0
    0.256689   -0.607740  0.000000  1.0
    0.256689   -0.605740  0.000000  1.0
    0.258689   -0.685740  0.000000  1.0
    0.258689   -0.683740  0.000000  1.0
    0.258689   -0.681740  0.000000  1.0
    0.258689   -0.679740  0.000000  1.0
    0.258689   -0.677740  0.000000  1.0
    0.258689   -0.675740  0.000000  1.0
    0.258689   -0.673740  0.000000  1.0
    0.258689   -0.671740  0.000000  1.0
    0.258689   -0.669740  0.000000  1.0
    0.258689   -0.667740  0.000000  1.0
    0.258689   -0.665740  0.000000  1.0
    0.258689   -0.663740  0.000000  1.0
    0.258689   -0.661740  0.000000  1.0
    0.258689   -0.659740  0.000000  1.0
    0.258689   -0.657740  0.000000  1.0
    0.258689   -0.655740  0.000000  1.0
    0.258689   -0.653740  0.000000  1.0
    0.258689   -0.651740  0.000000  1.0
    0.258689   -0.649740  0.000000  1.0
    0.258689   -0.647740  0.000000  1.0
    0.258689   -0.645740  0.000000  1.0
    0.258689   -0.643740  0.000000  1.0
    0.258689   -0.641740  0.000000  1.0
    0.258689   -0.639740  0.000000  1.0
    0.258689   -0.637740  0.000000  1.0
    0.258689   -0.635740  0.000000  1.0
    0.258689   -0.633740  0.000000  1.0
    0.258689   -0.631740  0.000000  1.0
    0.258689   -0.629740  0.000000  1.0
    0.258689   -0.627740  0.000000  1.0
    0.258689   -0.625740  0.000000  1.0
    0.258689   -0.623740  0.000000  1.0
    0.258689   -0.621740  0.000000  1.0
    0.258689   -0.619740  0.000000  1.0
    0.258689   -0.617740  0.000000  1.0
    0.258689   -0.615740  0.000000  1.0
    0.258689   -0.613740  0.000000  1.0
    0.258689   -0.611740  0.000000  1.0
    0.258689   -0.609740  0.000000  1.0
    0.258689   -0.607740  0.000000  1.0
    0.258689   -0.605740  0.000000  1.0
    0.260689   -0.685740  0.000000  1.0
    0.260689   -0.683740  0.000000  1.0
    0.260689   -0.681740  0.000000  1.0
    0.260689   -0.679740  0.000000  1.0
    0.260689   -0.677740  0.000000  1.0
    0.260689   -0.675740  0.000000  1.0
    0.260689   -0.673740  0.000000  1.0
    0.260689   -0.671740  0.000000  1.0
    0.260689   -0.669740  0.000000  1.0
    0.260689   -0.667740  0.000000  1.0
    0.260689   -0.665740  0.000000  1.0
    0.260689   -0.663740  0.000000  1.0
    0.260689   -0.661740  0.000000  1.0
    0.260689   -0.659740  0.000000  1.0
    0.260689   -0.657740  0.000000  1.0
    0.260689   -0.655740  0.000000  1.0
    0.260689   -0.653740  0.000000  1.0
    0.260689   -0.651740  0.000000  1.0
    0.260689   -0.649740  0.000000  1.0
    0.260689   -0.647740  0.000000  1.0
    0.260689   -0.645740  0.000000  1.0
    0.260689   -0.643740  0.000000  1.0
    0.260689   -0.641740  0.000000  1.0
    0.260689   -0.639740  0.000000  1.0
    0.260689   -0.637740  0.000000  1.0
    0.260689   -0.635740  0.000000  1.0
    0.260689   -0.633740  0.000000  1.0
    0.260689   -0.631740  0.000000  1.0
    0.260689   -0.629740  0.000000  1.0
    0.260689   -0.627740  0.000000  1.0
    0.260689   -0.625740  0.000000  1.0
    0.260689   -0.623740  0.000000  1.0
    0.260689   -0.621740  0.000000  1.0
    0.260689   -0.619740  0.000000  1.0
    0.260689   -0.617740  0.000000  1.0
    0.260689   -0.615740  0.000000  1.0
    0.260689   -0.613740  0.000000  1.0
    0.260689   -0.611740  0.000000  1.0
    0.260689   -0.609740  0.000000  1.0
    0.260689   -0.607740  0.000000  1.0
    0.260689   -0.605740  0.000000  1.0
    0.262689   -0.685740  0.000000  1.0
    0.262689   -0.683740  0.000000  1.0
    0.262689   -0.681740  0.000000  1.0
    0.262689   -0.679740  0.000000  1.0
    0.262689   -0.677740  0.000000  1.0
    0.262689   -0.675740  0.000000  1.0
    0.262689   -0.673740  0.000000  1.0
    0.262689   -0.671740  0.000000  1.0
    0.262689   -0.669740  0.000000  1.0
    0.262689   -0.667740  0.000000  1.0
    0.262689   -0.665740  0.000000  1.0
    0.262689   -0.663740  0.000000  1.0
    0.262689   -0.661740  0.000000  1.0
    0.262689   -0.659740  0.000000  1.0
    0.262689   -0.657740  0.000000  1.0
    0.262689   -0.655740  0.000000  1.0
    0.262689   -0.653740  0.000000  1.0
    0.262689   -0.651740  0.000000  1.0
    0.262689   -0.649740  0.000000  1.0
    0.262689   -0.647740  0.000000  1.0
    0.262689   -0.645740  0.000000  1.0
    0.262689   -0.643740  0.000000  1.0
    0.262689   -0.641740  0.000000  1.0
    0.262689   -0.639740  0.000000  1.0
    0.262689   -0.637740  0.000000  1.0
    0.262689   -0.635740  0.000000  1.0
    0.262689   -0.633740  0.000000  1.0
    0.262689   -0.631740  0.000000  1.0
    0.262689   -0.629740  0.000000  1.0
    0.262689   -0.627740  0.000000  1.0
    0.262689   -0.625740  0.000000  1.0
    0.262689   -0.623740  0.000000  1.0
    0.262689   -0.621740  0.000000  1.0
    0.262689   -0.619740  0.000000  1.0
    0.262689   -0.617740  0.000000  1.0
    0.262689   -0.615740  0.000000  1.0
    0.262689   -0.613740  0.000000  1.0
    0.262689   -0.611740  0.000000  1.0
    0.262689   -0.609740  0.000000  1.0
    0.262689   -0.607740  0.000000  1.0
    0.262689   -0.605740  0.000000  1.0
    0.264689   -0.685740  0.000000  1.0
    0.264689   -0.683740  0.000000  1.0
    0.264689   -0.681740  0.000000  1.0
    0.264689   -0.679740  0.000000  1.0
    0.264689   -0.677740  0.000000  1.0
    0.264689   -0.675740  0.000000  1.0
    0.264689   -0.673740  0.000000  1.0
    0.264689   -0.671740  0.000000  1.0
    0.264689   -0.669740  0.000000  1.0
    0.264689   -0.667740  0.000000  1.0
    0.264689   -0.665740  0.000000  1.0
    0.264689   -0.663740  0.000000  1.0
    0.264689   -0.661740  0.000000  1.0
    0.264689   -0.659740  0.000000  1.0
    0.264689   -0.657740  0.000000  1.0
    0.264689   -0.655740  0.000000  1.0
    0.264689   -0.653740  0.000000  1.0
    0.264689   -0.651740  0.000000  1.0
    0.264689   -0.649740  0.000000  1.0
    0.264689   -0.647740  0.000000  1.0
    0.264689   -0.645740  0.000000  1.0
    0.264689   -0.643740  0.000000  1.0
    0.264689   -0.641740  0.000000  1.0
    0.264689   -0.639740  0.000000  1.0
    0.264689   -0.637740  0.000000  1.0
    0.264689   -0.635740  0.000000  1.0
    0.264689   -0.633740  0.000000  1.0
    0.264689   -0.631740  0.000000  1.0
    0.264689   -0.629740  0.000000  1.0
    0.264689   -0.627740  0.000000  1.0
    0.264689   -0.625740  0.000000  1.0
    0.264689   -0.623740  0.000000  1.0
    0.264689   -0.621740  0.000000  1.0
    0.264689   -0.619740  0.000000  1.0
    0.264689   -0.617740  0.000000  1.0
    0.264689   -0.615740  0.000000  1.0
    0.264689   -0.613740  0.000000  1.0
    0.264689   -0.611740  0.000000  1.0
    0.264689   -0.609740  0.000000  1.0
    0.264689   -0.607740  0.000000  1.0
    0.264689   -0.605740  0.000000  1.0
    0.266689   -0.685740  0.000000  1.0
    0.266689   -0.683740  0.000000  1.0
    0.266689   -0.681740  0.000000  1.0
    0.266689   -0.679740  0.000000  1.0
    0.266689   -0.677740  0.000000  1.0
    0.266689   -0.675740  0.000000  1.0
    0.266689   -0.673740  0.000000  1.0
    0.266689   -0.671740  0.000000  1.0
    0.266689   -0.669740  0.000000  1.0
    0.266689   -0.667740  0.000000  1.0
    0.266689   -0.665740  0.000000  1.0
    0.266689   -0.663740  0.000000  1.0
    0.266689   -0.661740  0.000000  1.0
    0.266689   -0.659740  0.000000  1.0
    0.266689   -0.657740  0.000000  1.0
    0.266689   -0.655740  0.000000  1.0
    0.266689   -0.653740  0.000000  1.0
    0.266689   -0.651740  0.000000  1.0
    0.266689   -0.649740  0.000000  1.0
    0.266689   -0.647740  0.000000  1.0
    0.266689   -0.645740  0.000000  1.0
    0.266689   -0.643740  0.000000  1.0
    0.266689   -0.641740  0.000000  1.0
    0.266689   -0.639740  0.000000  1.0
    0.266689   -0.637740  0.000000  1.0
    0.266689   -0.635740  0.000000  1.0
    0.266689   -0.633740  0.000000  1.0
    0.266689   -0.631740  0.000000  1.0
    0.266689   -0.629740  0.000000  1.0
    0.266689   -0.627740  0.000000  1.0
    0.266689   -0.625740  0.000000  1.0
    0.266689   -0.623740  0.000000  1.0
    0.266689   -0.621740  0.000000  1.0
    0.266689   -0.619740  0.000000  1.0
    0.266689   -0.617740  0.000000  1.0
    0.266689   -0.615740  0.000000  1.0
    0.266689   -0.613740  0.000000  1.0
    0.266689   -0.611740  0.000000  1.0
    0.266689   -0.609740  0.000000  1.0
    0.266689   -0.607740  0.000000  1.0
    0.266689   -0.605740  0.000000  1.0
    0.268689   -0.685740  0.000000  1.0
    0.268689   -0.683740  0.000000  1.0
    0.268689   -0.681740  0.000000  1.0
    0.268689   -0.679740  0.000000  1.0
    0.268689   -0.677740  0.000000  1.0
    0.268689   -0.675740  0.000000  1.0
    0.268689   -0.673740  0.000000  1.0
    0.268689   -0.671740  0.000000  1.0
    0.268689   -0.669740  0.000000  1.0
    0.268689   -0.667740  0.000000  1.0
    0.268689   -0.665740  0.000000  1.0
    0.268689   -0.663740  0.000000  1.0
    0.268689   -0.661740  0.000000  1.0
    0.268689   -0.659740  0.000000  1.0
    0.268689   -0.657740  0.000000  1.0
    0.268689   -0.655740  0.000000  1.0
    0.268689   -0.653740  0.000000  1.0
    0.268689   -0.651740  0.000000  1.0
    0.268689   -0.649740  0.000000  1.0
    0.268689   -0.647740  0.000000  1.0
    0.268689   -0.645740  0.000000  1.0
    0.268689   -0.643740  0.000000  1.0
    0.268689   -0.641740  0.000000  1.0
    0.268689   -0.639740  0.000000  1.0
    0.268689   -0.637740  0.000000  1.0
    0.268689   -0.635740  0.000000  1.0
    0.268689   -0.633740  0.000000  1.0
    0.268689   -0.631740  0.000000  1.0
    0.268689   -0.629740  0.000000  1.0
    0.268689   -0.627740  0.000000  1.0
    0.268689   -0.625740  0.000000  1.0
    0.268689   -0.623740  0.000000  1.0
    0.268689   -0.621740  0.000000  1.0
    0.268689   -0.619740  0.000000  1.0
    0.268689   -0.617740  0.000000  1.0
    0.268689   -0.615740  0.000000  1.0
    0.268689   -0.613740  0.000000  1.0
    0.268689   -0.611740  0.000000  1.0
    0.268689   -0.609740  0.000000  1.0
    0.268689   -0.607740  0.000000  1.0
    0.268689   -0.605740  0.000000  1.0
    0.270689   -0.685740  0.000000  1.0
    0.270689   -0.683740  0.000000  1.0
    0.270689   -0.681740  0.000000  1.0
    0.270689   -0.679740  0.000000  1.0
    0.270689   -0.677740  0.000000  1.0
    0.270689   -0.675740  0.000000  1.0
    0.270689   -0.673740  0.000000  1.0
    0.270689   -0.671740  0.000000  1.0
    0.270689   -0.669740  0.000000  1.0
    0.270689   -0.667740  0.000000  1.0
    0.270689   -0.665740  0.000000  1.0
    0.270689   -0.663740  0.000000  1.0
    0.270689   -0.661740  0.000000  1.0
    0.270689   -0.659740  0.000000  1.0
    0.270689   -0.657740  0.000000  1.0
    0.270689   -0.655740  0.000000  1.0
    0.270689   -0.653740  0.000000  1.0
    0.270689   -0.651740  0.000000  1.0
    0.270689   -0.649740  0.000000  1.0
    0.270689   -0.647740  0.000000  1.0
    0.270689   -0.645740  0.000000  1.0
    0.270689   -0.643740  0.000000  1.0
    0.270689   -0.641740  0.000000  1.0
    0.270689   -0.639740  0.000000  1.0
    0.270689   -0.637740  0.000000  1.0
    0.270689   -0.635740  0.000000  1.0
    0.270689   -0.633740  0.000000  1.0
    0.270689   -0.631740  0.000000  1.0
    0.270689   -0.629740  0.000000  1.0
    0.270689   -0.627740  0.000000  1.0
    0.270689   -0.625740  0.000000  1.0
    0.270689   -0.623740  0.000000  1.0
    0.270689   -0.621740  0.000000  1.0
    0.270689   -0.619740  0.000000  1.0
    0.270689   -0.617740  0.000000  1.0
    0.270689   -0.615740  0.000000  1.0
    0.270689   -0.613740  0.000000  1.0
    0.270689   -0.611740  0.000000  1.0
    0.270689   -0.609740  0.000000  1.0
    0.270689   -0.607740  0.000000  1.0
    0.270689   -0.605740  0.000000  1.0
    0.272689   -0.685740  0.000000  1.0
    0.272689   -0.683740  0.000000  1.0
    0.272689   -0.681740  0.000000  1.0
    0.272689   -0.679740  0.000000  1.0
    0.272689   -0.677740  0.000000  1.0
    0.272689   -0.675740  0.000000  1.0
    0.272689   -0.673740  0.000000  1.0
    0.272689   -0.671740  0.000000  1.0
    0.272689   -0.669740  0.000000  1.0
    0.272689   -0.667740  0.000000  1.0
    0.272689   -0.665740  0.000000  1.0
    0.272689   -0.663740  0.000000  1.0
    0.272689   -0.661740  0.000000  1.0
    0.272689   -0.659740  0.000000  1.0
    0.272689   -0.657740  0.000000  1.0
    0.272689   -0.655740  0.000000  1.0
    0.272689   -0.653740  0.000000  1.0
    0.272689   -0.651740  0.000000  1.0
    0.272689   -0.649740  0.000000  1.0
    0.272689   -0.647740  0.000000  1.0
    0.272689   -0.645740  0.000000  1.0
    0.272689   -0.643740  0.000000  1.0
    0.272689   -0.641740  0.000000  1.0
    0.272689   -0.639740  0.000000  1.0
    0.272689   -0.637740  0.000000  1.0
    0.272689   -0.635740  0.000000  1.0
    0.272689   -0.633740  0.000000  1.0
    0.272689   -0.631740  0.000000  1.0
    0.272689   -0.629740  0.000000  1.0
    0.272689   -0.627740  0.000000  1.0
    0.272689   -0.625740  0.000000  1.0
    0.272689   -0.623740  0.000000  1.0
    0.272689   -0.621740  0.000000  1.0
    0.272689   -0.619740  0.000000  1.0
    0.272689   -0.617740  0.000000  1.0
    0.272689   -0.615740  0.000000  1.0
    0.272689   -0.613740  0.000000  1.0
    0.272689   -0.611740  0.000000  1.0
    0.272689   -0.609740  0.000000  1.0
    0.272689   -0.607740  0.000000  1.0
    0.272689   -0.605740  0.000000  1.0
    0.274689   -0.685740  0.000000  1.0
    0.274689   -0.683740  0.000000  1.0
    0.274689   -0.681740  0.000000  1.0
    0.274689   -0.679740  0.000000  1.0
    0.274689   -0.677740  0.000000  1.0
    0.274689   -0.675740  0.000000  1.0
    0.274689   -0.673740  0.000000  1.0
    0.274689   -0.671740  0.000000  1.0
    0.274689   -0.669740  0.000000  1.0
    0.274689   -0.667740  0.000000  1.0
    0.274689   -0.665740  0.000000  1.0
    0.274689   -0.663740  0.000000  1.0
    0.274689   -0.661740  0.000000  1.0
    0.274689   -0.659740  0.000000  1.0
    0.274689   -0.657740  0.000000  1.0
    0.274689   -0.655740  0.000000  1.0
    0.274689   -0.653740  0.000000  1.0
    0.274689   -0.651740  0.000000  1.0
    0.274689   -0.649740  0.000000  1.0
    0.274689   -0.647740  0.000000  1.0
    0.274689   -0.645740  0.000000  1.0
    0.274689   -0.643740  0.000000  1.0
    0.274689   -0.641740  0.000000  1.0
    0.274689   -0.639740  0.000000  1.0
    0.274689   -0.637740  0.000000  1.0
    0.274689   -0.635740  0.000000  1.0
    0.274689   -0.633740  0.000000  1.0
    0.274689   -0.631740  0.000000  1.0
    0.274689   -0.629740  0.000000  1.0
    0.274689   -0.627740  0.000000  1.0
    0.274689   -0.625740  0.000000  1.0
    0.274689   -0.623740  0.000000  1.0
    0.274689   -0.621740  0.000000  1.0
    0.274689   -0.619740  0.000000  1.0
    0.274689   -0.617740  0.000000  1.0
    0.274689   -0.615740  0.000000  1.0
    0.274689   -0.613740  0.000000  1.0
    0.274689   -0.611740  0.000000  1.0
    0.274689   -0.609740  0.000000  1.0
    0.274689   -0.607740  0.000000  1.0
    0.274689   -0.605740  0.000000  1.0
    0.276689   -0.685740  0.000000  1.0
    0.276689   -0.683740  0.000000  1.0
    0.276689   -0.681740  0.000000  1.0
    0.276689   -0.679740  0.000000  1.0
    0.276689   -0.677740  0.000000  1.0
    0.276689   -0.675740  0.000000  1.0
    0.276689   -0.673740  0.000000  1.0
    0.276689   -0.671740  0.000000  1.0
    0.276689   -0.669740  0.000000  1.0
    0.276689   -0.667740  0.000000  1.0
    0.276689   -0.665740  0.000000  1.0
    0.276689   -0.663740  0.000000  1.0
    0.276689   -0.661740  0.000000  1.0
    0.276689   -0.659740  0.000000  1.0
    0.276689   -0.657740  0.000000  1.0
    0.276689   -0.655740  0.000000  1.0
    0.276689   -0.653740  0.000000  1.0
    0.276689   -0.651740  0.000000  1.0
    0.276689   -0.649740  0.000000  1.0
    0.276689   -0.647740  0.000000  1.0
    0.276689   -0.645740  0.000000  1.0
    0.276689   -0.643740  0.000000  1.0
    0.276689   -0.641740  0.000000  1.0
    0.276689   -0.639740  0.000000  1.0
    0.276689   -0.637740  0.000000  1.0
    0.276689   -0.635740  0.000000  1.0
    0.276689   -0.633740  0.000000  1.0
    0.276689   -0.631740  0.000000  1.0
    0.276689   -0.629740  0.000000  1.0
    0.276689   -0.627740  0.000000  1.0
    0.276689   -0.625740  0.000000  1.0
    0.276689   -0.623740  0.000000  1.0
    0.276689   -0.621740  0.000000  1.0
    0.276689   -0.619740  0.000000  1.0
    0.276689   -0.617740  0.000000  1.0
    0.276689   -0.615740  0.000000  1.0
    0.276689   -0.613740  0.000000  1.0
    0.276689   -0.611740  0.000000  1.0
    0.276689   -0.609740  0.000000  1.0
    0.276689   -0.607740  0.000000  1.0
    0.276689   -0.605740  0.000000  1.0
    0.278689   -0.685740  0.000000  1.0
    0.278689   -0.683740  0.000000  1.0
    0.278689   -0.681740  0.000000  1.0
    0.278689   -0.679740  0.000000  1.0
    0.278689   -0.677740  0.000000  1.0
    0.278689   -0.675740  0.000000  1.0
    0.278689   -0.673740  0.000000  1.0
    0.278689   -0.671740  0.000000  1.0
    0.278689   -0.669740  0.000000  1.0
    0.278689   -0.667740  0.000000  1.0
    0.278689   -0.665740  0.000000  1.0
    0.278689   -0.663740  0.000000  1.0
    0.278689   -0.661740  0.000000  1.0
    0.278689   -0.659740  0.000000  1.0
    0.278689   -0.657740  0.000000  1.0
    0.278689   -0.655740  0.000000  1.0
    0.278689   -0.653740  0.000000  1.0
    0.278689   -0.651740  0.000000  1.0
    0.278689   -0.649740  0.000000  1.0
    0.278689   -0.647740  0.000000  1.0
    0.278689   -0.645740  0.000000  1.0
    0.278689   -0.643740  0.000000  1.0
    0.278689   -0.641740  0.000000  1.0
    0.278689   -0.639740  0.000000  1.0
    0.278689   -0.637740  0.000000  1.0
    0.278689   -0.635740  0.000000  1.0
    0.278689   -0.633740  0.000000  1.0
    0.278689   -0.631740  0.000000  1.0
    0.278689   -0.629740  0.000000  1.0
    0.278689   -0.627740  0.000000  1.0
    0.278689   -0.625740  0.000000  1.0
    0.278689   -0.623740  0.000000  1.0
    0.278689   -0.621740  0.000000  1.0
    0.278689   -0.619740  0.000000  1.0
    0.278689   -0.617740  0.000000  1.0
    0.278689   -0.615740  0.000000  1.0
    0.278689   -0.613740  0.000000  1.0
    0.278689   -0.611740  0.000000  1.0
    0.278689   -0.609740  0.000000  1.0
    0.278689   -0.607740  0.000000  1.0
    0.278689   -0.605740  0.000000  1.0
    0.280689   -0.685740  0.000000  1.0
    0.280689   -0.683740  0.000000  1.0
    0.280689   -0.681740  0.000000  1.0
    0.280689   -0.679740  0.000000  1.0
    0.280689   -0.677740  0.000000  1.0
    0.280689   -0.675740  0.000000  1.0
    0.280689   -0.673740  0.000000  1.0
    0.280689   -0.671740  0.000000  1.0
    0.280689   -0.669740  0.000000  1.0
    0.280689   -0.667740  0.000000  1.0
    0.280689   -0.665740  0.000000  1.0
    0.280689   -0.663740  0.000000  1.0
    0.280689   -0.661740  0.000000  1.0
    0.280689   -0.659740  0.000000  1.0
    0.280689   -0.657740  0.000000  1.0
    0.280689   -0.655740  0.000000  1.0
    0.280689   -0.653740  0.000000  1.0
    0.280689   -0.651740  0.000000  1.0
    0.280689   -0.649740  0.000000  1.0
    0.280689   -0.647740  0.000000  1.0
    0.280689   -0.645740  0.000000  1.0
    0.280689   -0.643740  0.000000  1.0
    0.280689   -0.641740  0.000000  1.0
    0.280689   -0.639740  0.000000  1.0
    0.280689   -0.637740  0.000000  1.0
    0.280689   -0.635740  0.000000  1.0
    0.280689   -0.633740  0.000000  1.0
    0.280689   -0.631740  0.000000  1.0
    0.280689   -0.629740  0.000000  1.0
    0.280689   -0.627740  0.000000  1.0
    0.280689   -0.625740  0.000000  1.0
    0.280689   -0.623740  0.000000  1.0
    0.280689   -0.621740  0.000000  1.0
    0.280689   -0.619740  0.000000  1.0
    0.280689   -0.617740  0.000000  1.0
    0.280689   -0.615740  0.000000  1.0
    0.280689   -0.613740  0.000000  1.0
    0.280689   -0.611740  0.000000  1.0
    0.280689   -0.609740  0.000000  1.0
    0.280689   -0.607740  0.000000  1.0
    0.280689   -0.605740  0.000000  1.0
    0.282689   -0.685740  0.000000  1.0
    0.282689   -0.683740  0.000000  1.0
    0.282689   -0.681740  0.000000  1.0
    0.282689   -0.679740  0.000000  1.0
    0.282689   -0.677740  0.000000  1.0
    0.282689   -0.675740  0.000000  1.0
    0.282689   -0.673740  0.000000  1.0
    0.282689   -0.671740  0.000000  1.0
    0.282689   -0.669740  0.000000  1.0
    0.282689   -0.667740  0.000000  1.0
    0.282689   -0.665740  0.000000  1.0
    0.282689   -0.663740  0.000000  1.0
    0.282689   -0.661740  0.000000  1.0
    0.282689   -0.659740  0.000000  1.0
    0.282689   -0.657740  0.000000  1.0
    0.282689   -0.655740  0.000000  1.0
    0.282689   -0.653740  0.000000  1.0
    0.282689   -0.651740  0.000000  1.0
    0.282689   -0.649740  0.000000  1.0
    0.282689   -0.647740  0.000000  1.0
    0.282689   -0.645740  0.000000  1.0
    0.282689   -0.643740  0.000000  1.0
    0.282689   -0.641740  0.000000  1.0
    0.282689   -0.639740  0.000000  1.0
    0.282689   -0.637740  0.000000  1.0
    0.282689   -0.635740  0.000000  1.0
    0.282689   -0.633740  0.000000  1.0
    0.282689   -0.631740  0.000000  1.0
    0.282689   -0.629740  0.000000  1.0
    0.282689   -0.627740  0.000000  1.0
    0.282689   -0.625740  0.000000  1.0
    0.282689   -0.623740  0.000000  1.0
    0.282689   -0.621740  0.000000  1.0
    0.282689   -0.619740  0.000000  1.0
    0.282689   -0.617740  0.000000  1.0
    0.282689   -0.615740  0.000000  1.0
    0.282689   -0.613740  0.000000  1.0
    0.282689   -0.611740  0.000000  1.0
    0.282689   -0.609740  0.000000  1.0
    0.282689   -0.607740  0.000000  1.0
    0.282689   -0.605740  0.000000  1.0
    0.284689   -0.685740  0.000000  1.0
    0.284689   -0.683740  0.000000  1.0
    0.284689   -0.681740  0.000000  1.0
    0.284689   -0.679740  0.000000  1.0
    0.284689   -0.677740  0.000000  1.0
    0.284689   -0.675740  0.000000  1.0
    0.284689   -0.673740  0.000000  1.0
    0.284689   -0.671740  0.000000  1.0
    0.284689   -0.669740  0.000000  1.0
    0.284689   -0.667740  0.000000  1.0
    0.284689   -0.665740  0.000000  1.0
    0.284689   -0.663740  0.000000  1.0
    0.284689   -0.661740  0.000000  1.0
    0.284689   -0.659740  0.000000  1.0
    0.284689   -0.657740  0.000000  1.0
    0.284689   -0.655740  0.000000  1.0
    0.284689   -0.653740  0.000000  1.0
    0.284689   -0.651740  0.000000  1.0
    0.284689   -0.649740  0.000000  1.0
    0.284689   -0.647740  0.000000  1.0
    0.284689   -0.645740  0.000000  1.0
    0.284689   -0.643740  0.000000  1.0
    0.284689   -0.641740  0.000000  1.0
    0.284689   -0.639740  0.000000  1.0
    0.284689   -0.637740  0.000000  1.0
    0.284689   -0.635740  0.000000  1.0
    0.284689   -0.633740  0.000000  1.0
    0.284689   -0.631740  0.000000  1.0
    0.284689   -0.629740  0.000000  1.0
    0.284689   -0.627740  0.000000  1.0
    0.284689   -0.625740  0.000000  1.0
    0.284689   -0.623740  0.000000  1.0
    0.284689   -0.621740  0.000000  1.0
    0.284689   -0.619740  0.000000  1.0
    0.284689   -0.617740  0.000000  1.0
    0.284689   -0.615740  0.000000  1.0
    0.284689   -0.613740  0.000000  1.0
    0.284689   -0.611740  0.000000  1.0
    0.284689   -0.609740  0.000000  1.0
    0.284689   -0.607740  0.000000  1.0
    0.284689   -0.605740  0.000000  1.0
    0.286689   -0.685740  0.000000  1.0
    0.286689   -0.683740  0.000000  1.0
    0.286689   -0.681740  0.000000  1.0
    0.286689   -0.679740  0.000000  1.0
    0.286689   -0.677740  0.000000  1.0
    0.286689   -0.675740  0.000000  1.0
    0.286689   -0.673740  0.000000  1.0
    0.286689   -0.671740  0.000000  1.0
    0.286689   -0.669740  0.000000  1.0
    0.286689   -0.667740  0.000000  1.0
    0.286689   -0.665740  0.000000  1.0
    0.286689   -0.663740  0.000000  1.0
    0.286689   -0.661740  0.000000  1.0
    0.286689   -0.659740  0.000000  1.0
    0.286689   -0.657740  0.000000  1.0
    0.286689   -0.655740  0.000000  1.0
    0.286689   -0.653740  0.000000  1.0
    0.286689   -0.651740  0.000000  1.0
    0.286689   -0.649740  0.000000  1.0
    0.286689   -0.647740  0.000000  1.0
    0.286689   -0.645740  0.000000  1.0
    0.286689   -0.643740  0.000000  1.0
    0.286689   -0.641740  0.000000  1.0
    0.286689   -0.639740  0.000000  1.0
    0.286689   -0.637740  0.000000  1.0
    0.286689   -0.635740  0.000000  1.0
    0.286689   -0.633740  0.000000  1.0
    0.286689   -0.631740  0.000000  1.0
    0.286689   -0.629740  0.000000  1.0
    0.286689   -0.627740  0.000000  1.0
    0.286689   -0.625740  0.000000  1.0
    0.286689   -0.623740  0.000000  1.0
    0.286689   -0.621740  0.000000  1.0
    0.286689   -0.619740  0.000000  1.0
    0.286689   -0.617740  0.000000  1.0
    0.286689   -0.615740  0.000000  1.0
    0.286689   -0.613740  0.000000  1.0
    0.286689   -0.611740  0.000000  1.0
    0.286689   -0.609740  0.000000  1.0
    0.286689   -0.607740  0.000000  1.0
    0.286689   -0.605740  0.000000  1.0
    0.288689   -0.685740  0.000000  1.0
    0.288689   -0.683740  0.000000  1.0
    0.288689   -0.681740  0.000000  1.0
    0.288689   -0.679740  0.000000  1.0
    0.288689   -0.677740  0.000000  1.0
    0.288689   -0.675740  0.000000  1.0
    0.288689   -0.673740  0.000000  1.0
    0.288689   -0.671740  0.000000  1.0
    0.288689   -0.669740  0.000000  1.0
    0.288689   -0.667740  0.000000  1.0
    0.288689   -0.665740  0.000000  1.0
    0.288689   -0.663740  0.000000  1.0
    0.288689   -0.661740  0.000000  1.0
    0.288689   -0.659740  0.000000  1.0
    0.288689   -0.657740  0.000000  1.0
    0.288689   -0.655740  0.000000  1.0
    0.288689   -0.653740  0.000000  1.0
    0.288689   -0.651740  0.000000  1.0
    0.288689   -0.649740  0.000000  1.0
    0.288689   -0.647740  0.000000  1.0
    0.288689   -0.645740  0.000000  1.0
    0.288689   -0.643740  0.000000  1.0
    0.288689   -0.641740  0.000000  1.0
    0.288689   -0.639740  0.000000  1.0
    0.288689   -0.637740  0.000000  1.0
    0.288689   -0.635740  0.000000  1.0
    0.288689   -0.633740  0.000000  1.0
    0.288689   -0.631740  0.000000  1.0
    0.288689   -0.629740  0.000000  1.0
    0.288689   -0.627740  0.000000  1.0
    0.288689   -0.625740  0.000000  1.0
    0.288689   -0.623740  0.000000  1.0
    0.288689   -0.621740  0.000000  1.0
    0.288689   -0.619740  0.000000  1.0
    0.288689   -0.617740  0.000000  1.0
    0.288689   -0.615740  0.000000  1.0
    0.288689   -0.613740  0.000000  1.0
    0.288689   -0.611740  0.000000  1.0
    0.288689   -0.609740  0.000000  1.0
    0.288689   -0.607740  0.000000  1.0
    0.288689   -0.605740  0.000000  1.0
    0.290689   -0.685740  0.000000  1.0
    0.290689   -0.683740  0.000000  1.0
    0.290689   -0.681740  0.000000  1.0
    0.290689   -0.679740  0.000000  1.0
    0.290689   -0.677740  0.000000  1.0
    0.290689   -0.675740  0.000000  1.0
    0.290689   -0.673740  0.000000  1.0
    0.290689   -0.671740  0.000000  1.0
    0.290689   -0.669740  0.000000  1.0
    0.290689   -0.667740  0.000000  1.0
    0.290689   -0.665740  0.000000  1.0
    0.290689   -0.663740  0.000000  1.0
    0.290689   -0.661740  0.000000  1.0
    0.290689   -0.659740  0.000000  1.0
    0.290689   -0.657740  0.000000  1.0
    0.290689   -0.655740  0.000000  1.0
    0.290689   -0.653740  0.000000  1.0
    0.290689   -0.651740  0.000000  1.0
    0.290689   -0.649740  0.000000  1.0
    0.290689   -0.647740  0.000000  1.0
    0.290689   -0.645740  0.000000  1.0
    0.290689   -0.643740  0.000000  1.0
    0.290689   -0.641740  0.000000  1.0
    0.290689   -0.639740  0.000000  1.0
    0.290689   -0.637740  0.000000  1.0
    0.290689   -0.635740  0.000000  1.0
    0.290689   -0.633740  0.000000  1.0
    0.290689   -0.631740  0.000000  1.0
    0.290689   -0.629740  0.000000  1.0
    0.290689   -0.627740  0.000000  1.0
    0.290689   -0.625740  0.000000  1.0
    0.290689   -0.623740  0.000000  1.0
    0.290689   -0.621740  0.000000  1.0
    0.290689   -0.619740  0.000000  1.0
    0.290689   -0.617740  0.000000  1.0
    0.290689   -0.615740  0.000000  1.0
    0.290689   -0.613740  0.000000  1.0
    0.290689   -0.611740  0.000000  1.0
    0.290689   -0.609740  0.000000  1.0
    0.290689   -0.607740  0.000000  1.0
    0.290689   -0.605740  0.000000  1.0
    0.292689   -0.685740  0.000000  1.0
    0.292689   -0.683740  0.000000  1.0
    0.292689   -0.681740  0.000000  1.0
    0.292689   -0.679740  0.000000  1.0
    0.292689   -0.677740  0.000000  1.0
    0.292689   -0.675740  0.000000  1.0
    0.292689   -0.673740  0.000000  1.0
    0.292689   -0.671740  0.000000  1.0
    0.292689   -0.669740  0.000000  1.0
    0.292689   -0.667740  0.000000  1.0
    0.292689   -0.665740  0.000000  1.0
    0.292689   -0.663740  0.000000  1.0
    0.292689   -0.661740  0.000000  1.0
    0.292689   -0.659740  0.000000  1.0
    0.292689   -0.657740  0.000000  1.0
    0.292689   -0.655740  0.000000  1.0
    0.292689   -0.653740  0.000000  1.0
    0.292689   -0.651740  0.000000  1.0
    0.292689   -0.649740  0.000000  1.0
    0.292689   -0.647740  0.000000  1.0
    0.292689   -0.645740  0.000000  1.0
    0.292689   -0.643740  0.000000  1.0
    0.292689   -0.641740  0.000000  1.0
    0.292689   -0.639740  0.000000  1.0
    0.292689   -0.637740  0.000000  1.0
    0.292689   -0.635740  0.000000  1.0
    0.292689   -0.633740  0.000000  1.0
    0.292689   -0.631740  0.000000  1.0
    0.292689   -0.629740  0.000000  1.0
    0.292689   -0.627740  0.000000  1.0
    0.292689   -0.625740  0.000000  1.0
    0.292689   -0.623740  0.000000  1.0
    0.292689   -0.621740  0.000000  1.0
    0.292689   -0.619740  0.000000  1.0
    0.292689   -0.617740  0.000000  1.0
    0.292689   -0.615740  0.000000  1.0
    0.292689   -0.613740  0.000000  1.0
    0.292689   -0.611740  0.000000  1.0
    0.292689   -0.609740  0.000000  1.0
    0.292689   -0.607740  0.000000  1.0
    0.292689   -0.605740  0.000000  1.0
    0.294689   -0.685740  0.000000  1.0
    0.294689   -0.683740  0.000000  1.0
    0.294689   -0.681740  0.000000  1.0
    0.294689   -0.679740  0.000000  1.0
    0.294689   -0.677740  0.000000  1.0
    0.294689   -0.675740  0.000000  1.0
    0.294689   -0.673740  0.000000  1.0
    0.294689   -0.671740  0.000000  1.0
    0.294689   -0.669740  0.000000  1.0
    0.294689   -0.667740  0.000000  1.0
    0.294689   -0.665740  0.000000  1.0
    0.294689   -0.663740  0.000000  1.0
    0.294689   -0.661740  0.000000  1.0
    0.294689   -0.659740  0.000000  1.0
    0.294689   -0.657740  0.000000  1.0
    0.294689   -0.655740  0.000000  1.0
    0.294689   -0.653740  0.000000  1.0
    0.294689   -0.651740  0.000000  1.0
    0.294689   -0.649740  0.000000  1.0
    0.294689   -0.647740  0.000000  1.0
    0.294689   -0.645740  0.000000  1.0
    0.294689   -0.643740  0.000000  1.0
    0.294689   -0.641740  0.000000  1.0
    0.294689   -0.639740  0.000000  1.0
    0.294689   -0.637740  0.000000  1.0
    0.294689   -0.635740  0.000000  1.0
    0.294689   -0.633740  0.000000  1.0
    0.294689   -0.631740  0.000000  1.0
    0.294689   -0.629740  0.000000  1.0
    0.294689   -0.627740  0.000000  1.0
    0.294689   -0.625740  0.000000  1.0
    0.294689   -0.623740  0.000000  1.0
    0.294689   -0.621740  0.000000  1.0
    0.294689   -0.619740  0.000000  1.0
    0.294689   -0.617740  0.000000  1.0
    0.294689   -0.615740  0.000000  1.0
    0.294689   -0.613740  0.000000  1.0
    0.294689   -0.611740  0.000000  1.0
    0.294689   -0.609740  0.000000  1.0
    0.294689   -0.607740  0.000000  1.0
    0.294689   -0.605740  0.000000  1.0
    0.296689   -0.685740  0.000000  1.0
    0.296689   -0.683740  0.000000  1.0
    0.296689   -0.681740  0.000000  1.0
    0.296689   -0.679740  0.000000  1.0
    0.296689   -0.677740  0.000000  1.0
    0.296689   -0.675740  0.000000  1.0
    0.296689   -0.673740  0.000000  1.0
    0.296689   -0.671740  0.000000  1.0
    0.296689   -0.669740  0.000000  1.0
    0.296689   -0.667740  0.000000  1.0
    0.296689   -0.665740  0.000000  1.0
    0.296689   -0.663740  0.000000  1.0
    0.296689   -0.661740  0.000000  1.0
    0.296689   -0.659740  0.000000  1.0
    0.296689   -0.657740  0.000000  1.0
    0.296689   -0.655740  0.000000  1.0
    0.296689   -0.653740  0.000000  1.0
    0.296689   -0.651740  0.000000  1.0
    0.296689   -0.649740  0.000000  1.0
    0.296689   -0.647740  0.000000  1.0
    0.296689   -0.645740  0.000000  1.0
    0.296689   -0.643740  0.000000  1.0
    0.296689   -0.641740  0.000000  1.0
    0.296689   -0.639740  0.000000  1.0
    0.296689   -0.637740  0.000000  1.0
    0.296689   -0.635740  0.000000  1.0
    0.296689   -0.633740  0.000000  1.0
    0.296689   -0.631740  0.000000  1.0
    0.296689   -0.629740  0.000000  1.0
    0.296689   -0.627740  0.000000  1.0
    0.296689   -0.625740  0.000000  1.0
    0.296689   -0.623740  0.000000  1.0
    0.296689   -0.621740  0.000000  1.0
    0.296689   -0.619740  0.000000  1.0
    0.296689   -0.617740  0.000000  1.0
    0.296689   -0.615740  0.000000  1.0
    0.296689   -0.613740  0.000000  1.0
    0.296689   -0.611740  0.000000  1.0
    0.296689   -0.609740  0.000000  1.0
    0.296689   -0.607740  0.000000  1.0
    0.296689   -0.605740  0.000000  1.0
    0.298689   -0.685740  0.000000  1.0
    0.298689   -0.683740  0.000000  1.0
    0.298689   -0.681740  0.000000  1.0
    0.298689   -0.679740  0.000000  1.0
    0.298689   -0.677740  0.000000  1.0
    0.298689   -0.675740  0.000000  1.0
    0.298689   -0.673740  0.000000  1.0
    0.298689   -0.671740  0.000000  1.0
    0.298689   -0.669740  0.000000  1.0
    0.298689   -0.667740  0.000000  1.0
    0.298689   -0.665740  0.000000  1.0
    0.298689   -0.663740  0.000000  1.0
    0.298689   -0.661740  0.000000  1.0
    0.298689   -0.659740  0.000000  1.0
    0.298689   -0.657740  0.000000  1.0
    0.298689   -0.655740  0.000000  1.0
    0.298689   -0.653740  0.000000  1.0
    0.298689   -0.651740  0.000000  1.0
    0.298689   -0.649740  0.000000  1.0
    0.298689   -0.647740  0.000000  1.0
    0.298689   -0.645740  0.000000  1.0
    0.298689   -0.643740  0.000000  1.0
    0.298689   -0.641740  0.000000  1.0
    0.298689   -0.639740  0.000000  1.0
    0.298689   -0.637740  0.000000  1.0
    0.298689   -0.635740  0.000000  1.0
    0.298689   -0.633740  0.000000  1.0
    0.298689   -0.631740  0.000000  1.0
    0.298689   -0.629740  0.000000  1.0
    0.298689   -0.627740  0.000000  1.0
    0.298689   -0.625740  0.000000  1.0
    0.298689   -0.623740  0.000000  1.0
    0.298689   -0.621740  0.000000  1.0
    0.298689   -0.619740  0.000000  1.0
    0.298689   -0.617740  0.000000  1.0
    0.298689   -0.615740  0.000000  1.0
    0.298689   -0.613740  0.000000  1.0
    0.298689   -0.611740  0.000000  1.0
    0.298689   -0.609740  0.000000  1.0
    0.298689   -0.607740  0.000000  1.0
    0.298689   -0.605740  0.000000  1.0
    0.300689   -0.685740  0.000000  1.0
    0.300689   -0.683740  0.000000  1.0
    0.300689   -0.681740  0.000000  1.0
    0.300689   -0.679740  0.000000  1.0
    0.300689   -0.677740  0.000000  1.0
    0.300689   -0.675740  0.000000  1.0
    0.300689   -0.673740  0.000000  1.0
    0.300689   -0.671740  0.000000  1.0
    0.300689   -0.669740  0.000000  1.0
    0.300689   -0.667740  0.000000  1.0
    0.300689   -0.665740  0.000000  1.0
    0.300689   -0.663740  0.000000  1.0
    0.300689   -0.661740  0.000000  1.0
    0.300689   -0.659740  0.000000  1.0
    0.300689   -0.657740  0.000000  1.0
    0.300689   -0.655740  0.000000  1.0
    0.300689   -0.653740  0.000000  1.0
    0.300689   -0.651740  0.000000  1.0
    0.300689   -0.649740  0.000000  1.0
    0.300689   -0.647740  0.000000  1.0
    0.300689   -0.645740  0.000000  1.0
    0.300689   -0.643740  0.000000  1.0
    0.300689   -0.641740  0.000000  1.0
    0.300689   -0.639740  0.000000  1.0
    0.300689   -0.637740  0.000000  1.0
    0.300689   -0.635740  0.000000  1.0
    0.300689   -0.633740  0.000000  1.0
    0.300689   -0.631740  0.000000  1.0
    0.300689   -0.629740  0.000000  1.0
    0.300689   -0.627740  0.000000  1.0
    0.300689   -0.625740  0.000000  1.0
    0.300689   -0.623740  0.000000  1.0
    0.300689   -0.621740  0.000000  1.0
    0.300689   -0.619740  0.000000  1.0
    0.300689   -0.617740  0.000000  1.0
    0.300689   -0.615740  0.000000  1.0
    0.300689   -0.613740  0.000000  1.0
    0.300689   -0.611740  0.000000  1.0
    0.300689   -0.609740  0.000000  1.0
    0.300689   -0.607740  0.000000  1.0
    0.300689   -0.605740  0.000000  1.0
    0.302689   -0.685740  0.000000  1.0
    0.302689   -0.683740  0.000000  1.0
    0.302689   -0.681740  0.000000  1.0
    0.302689   -0.679740  0.000000  1.0
    0.302689   -0.677740  0.000000  1.0
    0.302689   -0.675740  0.000000  1.0
    0.302689   -0.673740  0.000000  1.0
    0.302689   -0.671740  0.000000  1.0
    0.302689   -0.669740  0.000000  1.0
    0.302689   -0.667740  0.000000  1.0
    0.302689   -0.665740  0.000000  1.0
    0.302689   -0.663740  0.000000  1.0
    0.302689   -0.661740  0.000000  1.0
    0.302689   -0.659740  0.000000  1.0
    0.302689   -0.657740  0.000000  1.0
    0.302689   -0.655740  0.000000  1.0
    0.302689   -0.653740  0.000000  1.0
    0.302689   -0.651740  0.000000  1.0
    0.302689   -0.649740  0.000000  1.0
    0.302689   -0.647740  0.000000  1.0
    0.302689   -0.645740  0.000000  1.0
    0.302689   -0.643740  0.000000  1.0
    0.302689   -0.641740  0.000000  1.0
    0.302689   -0.639740  0.000000  1.0
    0.302689   -0.637740  0.000000  1.0
    0.302689   -0.635740  0.000000  1.0
    0.302689   -0.633740  0.000000  1.0
    0.302689   -0.631740  0.000000  1.0
    0.302689   -0.629740  0.000000  1.0
    0.302689   -0.627740  0.000000  1.0
    0.302689   -0.625740  0.000000  1.0
    0.302689   -0.623740  0.000000  1.0
    0.302689   -0.621740  0.000000  1.0
    0.302689   -0.619740  0.000000  1.0
    0.302689   -0.617740  0.000000  1.0
    0.302689   -0.615740  0.000000  1.0
    0.302689   -0.613740  0.000000  1.0
    0.302689   -0.611740  0.000000  1.0
    0.302689   -0.609740  0.000000  1.0
    0.302689   -0.607740  0.000000  1.0
    0.302689   -0.605740  0.000000  1.0
    0.304689   -0.685740  0.000000  1.0
    0.304689   -0.683740  0.000000  1.0
    0.304689   -0.681740  0.000000  1.0
    0.304689   -0.679740  0.000000  1.0
    0.304689   -0.677740  0.000000  1.0
    0.304689   -0.675740  0.000000  1.0
    0.304689   -0.673740  0.000000  1.0
    0.304689   -0.671740  0.000000  1.0
    0.304689   -0.669740  0.000000  1.0
    0.304689   -0.667740  0.000000  1.0
    0.304689   -0.665740  0.000000  1.0
    0.304689   -0.663740  0.000000  1.0
    0.304689   -0.661740  0.000000  1.0
    0.304689   -0.659740  0.000000  1.0
    0.304689   -0.657740  0.000000  1.0
    0.304689   -0.655740  0.000000  1.0
    0.304689   -0.653740  0.000000  1.0
    0.304689   -0.651740  0.000000  1.0
    0.304689   -0.649740  0.000000  1.0
    0.304689   -0.647740  0.000000  1.0
    0.304689   -0.645740  0.000000  1.0
    0.304689   -0.643740  0.000000  1.0
    0.304689   -0.641740  0.000000  1.0
    0.304689   -0.639740  0.000000  1.0
    0.304689   -0.637740  0.000000  1.0
    0.304689   -0.635740  0.000000  1.0
    0.304689   -0.633740  0.000000  1.0
    0.304689   -0.631740  0.000000  1.0
    0.304689   -0.629740  0.000000  1.0
    0.304689   -0.627740  0.000000  1.0
    0.304689   -0.625740  0.000000  1.0
    0.304689   -0.623740  0.000000  1.0
    0.304689   -0.621740  0.000000  1.0
    0.304689   -0.619740  0.000000  1.0
    0.304689   -0.617740  0.000000  1.0
    0.304689   -0.615740  0.000000  1.0
    0.304689   -0.613740  0.000000  1.0
    0.304689   -0.611740  0.000000  1.0
    0.304689   -0.609740  0.000000  1.0
    0.304689   -0.607740  0.000000  1.0
    0.304689   -0.605740  0.000000  1.0
    0.306689   -0.685740  0.000000  1.0
    0.306689   -0.683740  0.000000  1.0
    0.306689   -0.681740  0.000000  1.0
    0.306689   -0.679740  0.000000  1.0
    0.306689   -0.677740  0.000000  1.0
    0.306689   -0.675740  0.000000  1.0
    0.306689   -0.673740  0.000000  1.0
    0.306689   -0.671740  0.000000  1.0
    0.306689   -0.669740  0.000000  1.0
    0.306689   -0.667740  0.000000  1.0
    0.306689   -0.665740  0.000000  1.0
    0.306689   -0.663740  0.000000  1.0
    0.306689   -0.661740  0.000000  1.0
    0.306689   -0.659740  0.000000  1.0
    0.306689   -0.657740  0.000000  1.0
    0.306689   -0.655740  0.000000  1.0
    0.306689   -0.653740  0.000000  1.0
    0.306689   -0.651740  0.000000  1.0
    0.306689   -0.649740  0.000000  1.0
    0.306689   -0.647740  0.000000  1.0
    0.306689   -0.645740  0.000000  1.0
    0.306689   -0.643740  0.000000  1.0
    0.306689   -0.641740  0.000000  1.0
    0.306689   -0.639740  0.000000  1.0
    0.306689   -0.637740  0.000000  1.0
    0.306689   -0.635740  0.000000  1.0
    0.306689   -0.633740  0.000000  1.0
    0.306689   -0.631740  0.000000  1.0
    0.306689   -0.629740  0.000000  1.0
    0.306689   -0.627740  0.000000  1.0
    0.306689   -0.625740  0.000000  1.0
    0.306689   -0.623740  0.000000  1.0
    0.306689   -0.621740  0.000000  1.0
    0.306689   -0.619740  0.000000  1.0
    0.306689   -0.617740  0.000000  1.0
    0.306689   -0.615740  0.000000  1.0
    0.306689   -0.613740  0.000000  1.0
    0.306689   -0.611740  0.000000  1.0
    0.306689   -0.609740  0.000000  1.0
    0.306689   -0.607740  0.000000  1.0
    0.306689   -0.605740  0.000000  1.0
    0.308689   -0.685740  0.000000  1.0
    0.308689   -0.683740  0.000000  1.0
    0.308689   -0.681740  0.000000  1.0
    0.308689   -0.679740  0.000000  1.0
    0.308689   -0.677740  0.000000  1.0
    0.308689   -0.675740  0.000000  1.0
    0.308689   -0.673740  0.000000  1.0
    0.308689   -0.671740  0.000000  1.0
    0.308689   -0.669740  0.000000  1.0
    0.308689   -0.667740  0.000000  1.0
    0.308689   -0.665740  0.000000  1.0
    0.308689   -0.663740  0.000000  1.0
    0.308689   -0.661740  0.000000  1.0
    0.308689   -0.659740  0.000000  1.0
    0.308689   -0.657740  0.000000  1.0
    0.308689   -0.655740  0.000000  1.0
    0.308689   -0.653740  0.000000  1.0
    0.308689   -0.651740  0.000000  1.0
    0.308689   -0.649740  0.000000  1.0
    0.308689   -0.647740  0.000000  1.0
    0.308689   -0.645740  0.000000  1.0
    0.308689   -0.643740  0.000000  1.0
    0.308689   -0.641740  0.000000  1.0
    0.308689   -0.639740  0.000000  1.0
    0.308689   -0.637740  0.000000  1.0
    0.308689   -0.635740  0.000000  1.0
    0.308689   -0.633740  0.000000  1.0
    0.308689   -0.631740  0.000000  1.0
    0.308689   -0.629740  0.000000  1.0
    0.308689   -0.627740  0.000000  1.0
    0.308689   -0.625740  0.000000  1.0
    0.308689   -0.623740  0.000000  1.0
    0.308689   -0.621740  0.000000  1.0
    0.308689   -0.619740  0.000000  1.0
    0.308689   -0.617740  0.000000  1.0
    0.308689   -0.615740  0.000000  1.0
    0.308689   -0.613740  0.000000  1.0
    0.308689   -0.611740  0.000000  1.0
    0.308689   -0.609740  0.000000  1.0
    0.308689   -0.607740  0.000000  1.0
    0.308689   -0.605740  0.000000  1.0
    0.310689   -0.685740  0.000000  1.0
    0.310689   -0.683740  0.000000  1.0
    0.310689   -0.681740  0.000000  1.0
    0.310689   -0.679740  0.000000  1.0
    0.310689   -0.677740  0.000000  1.0
    0.310689   -0.675740  0.000000  1.0
    0.310689   -0.673740  0.000000  1.0
    0.310689   -0.671740  0.000000  1.0
    0.310689   -0.669740  0.000000  1.0
    0.310689   -0.667740  0.000000  1.0
    0.310689   -0.665740  0.000000  1.0
    0.310689   -0.663740  0.000000  1.0
    0.310689   -0.661740  0.000000  1.0
    0.310689   -0.659740  0.000000  1.0
    0.310689   -0.657740  0.000000  1.0
    0.310689   -0.655740  0.000000  1.0
    0.310689   -0.653740  0.000000  1.0
    0.310689   -0.651740  0.000000  1.0
    0.310689   -0.649740  0.000000  1.0
    0.310689   -0.647740  0.000000  1.0
    0.310689   -0.645740  0.000000  1.0
    0.310689   -0.643740  0.000000  1.0
    0.310689   -0.641740  0.000000  1.0
    0.310689   -0.639740  0.000000  1.0
    0.310689   -0.637740  0.000000  1.0
    0.310689   -0.635740  0.000000  1.0
    0.310689   -0.633740  0.000000  1.0
    0.310689   -0.631740  0.000000  1.0
    0.310689   -0.629740  0.000000  1.0
    0.310689   -0.627740  0.000000  1.0
    0.310689   -0.625740  0.000000  1.0
    0.310689   -0.623740  0.000000  1.0
    0.310689   -0.621740  0.000000  1.0
    0.310689   -0.619740  0.000000  1.0
    0.310689   -0.617740  0.000000  1.0
    0.310689   -0.615740  0.000000  1.0
    0.310689   -0.613740  0.000000  1.0
    0.310689   -0.611740  0.000000  1.0
    0.310689   -0.609740  0.000000  1.0
    0.310689   -0.607740  0.000000  1.0
    0.310689   -0.605740  0.000000  1.0
    0.312689   -0.685740  0.000000  1.0
    0.312689   -0.683740  0.000000  1.0
    0.312689   -0.681740  0.000000  1.0
    0.312689   -0.679740  0.000000  1.0
    0.312689   -0.677740  0.000000  1.0
    0.312689   -0.675740  0.000000  1.0
    0.312689   -0.673740  0.000000  1.0
    0.312689   -0.671740  0.000000  1.0
    0.312689   -0.669740  0.000000  1.0
    0.312689   -0.667740  0.000000  1.0
    0.312689   -0.665740  0.000000  1.0
    0.312689   -0.663740  0.000000  1.0
    0.312689   -0.661740  0.000000  1.0
    0.312689   -0.659740  0.000000  1.0
    0.312689   -0.657740  0.000000  1.0
    0.312689   -0.655740  0.000000  1.0
    0.312689   -0.653740  0.000000  1.0
    0.312689   -0.651740  0.000000  1.0
    0.312689   -0.649740  0.000000  1.0
    0.312689   -0.647740  0.000000  1.0
    0.312689   -0.645740  0.000000  1.0
    0.312689   -0.643740  0.000000  1.0
    0.312689   -0.641740  0.000000  1.0
    0.312689   -0.639740  0.000000  1.0
    0.312689   -0.637740  0.000000  1.0
    0.312689   -0.635740  0.000000  1.0
    0.312689   -0.633740  0.000000  1.0
    0.312689   -0.631740  0.000000  1.0
    0.312689   -0.629740  0.000000  1.0
    0.312689   -0.627740  0.000000  1.0
    0.312689   -0.625740  0.000000  1.0
    0.312689   -0.623740  0.000000  1.0
    0.312689   -0.621740  0.000000  1.0
    0.312689   -0.619740  0.000000  1.0
    0.312689   -0.617740  0.000000  1.0
    0.312689   -0.615740  0.000000  1.0
    0.312689   -0.613740  0.000000  1.0
    0.312689   -0.611740  0.000000  1.0
    0.312689   -0.609740  0.000000  1.0
    0.312689   -0.607740  0.000000  1.0
    0.312689   -0.605740  0.000000  1.0
    0.314689   -0.685740  0.000000  1.0
    0.314689   -0.683740  0.000000  1.0
    0.314689   -0.681740  0.000000  1.0
    0.314689   -0.679740  0.000000  1.0
    0.314689   -0.677740  0.000000  1.0
    0.314689   -0.675740  0.000000  1.0
    0.314689   -0.673740  0.000000  1.0
    0.314689   -0.671740  0.000000  1.0
    0.314689   -0.669740  0.000000  1.0
    0.314689   -0.667740  0.000000  1.0
    0.314689   -0.665740  0.000000  1.0
    0.314689   -0.663740  0.000000  1.0
    0.314689   -0.661740  0.000000  1.0
    0.314689   -0.659740  0.000000  1.0
    0.314689   -0.657740  0.000000  1.0
    0.314689   -0.655740  0.000000  1.0
    0.314689   -0.653740  0.000000  1.0
    0.314689   -0.651740  0.000000  1.0
    0.314689   -0.649740  0.000000  1.0
    0.314689   -0.647740  0.000000  1.0
    0.314689   -0.645740  0.000000  1.0
    0.314689   -0.643740  0.000000  1.0
    0.314689   -0.641740  0.000000  1.0
    0.314689   -0.639740  0.000000  1.0
    0.314689   -0.637740  0.000000  1.0
    0.314689   -0.635740  0.000000  1.0
    0.314689   -0.633740  0.000000  1.0
    0.314689   -0.631740  0.000000  1.0
    0.314689   -0.629740  0.000000  1.0
    0.314689   -0.627740  0.000000  1.0
    0.314689   -0.625740  0.000000  1.0
    0.314689   -0.623740  0.000000  1.0
    0.314689   -0.621740  0.000000  1.0
    0.314689   -0.619740  0.000000  1.0
    0.314689   -0.617740  0.000000  1.0
    0.314689   -0.615740  0.000000  1.0
    0.314689   -0.613740  0.000000  1.0
    0.314689   -0.611740  0.000000  1.0
    0.314689   -0.609740  0.000000  1.0
    0.314689   -0.607740  0.000000  1.0
    0.314689   -0.605740  0.000000  1.0
    0.316689   -0.685740  0.000000  1.0
    0.316689   -0.683740  0.000000  1.0
    0.316689   -0.681740  0.000000  1.0
    0.316689   -0.679740  0.000000  1.0
    0.316689   -0.677740  0.000000  1.0
    0.316689   -0.675740  0.000000  1.0
    0.316689   -0.673740  0.000000  1.0
    0.316689   -0.671740  0.000000  1.0
    0.316689   -0.669740  0.000000  1.0
    0.316689   -0.667740  0.000000  1.0
    0.316689   -0.665740  0.000000  1.0
    0.316689   -0.663740  0.000000  1.0
    0.316689   -0.661740  0.000000  1.0
    0.316689   -0.659740  0.000000  1.0
    0.316689   -0.657740  0.000000  1.0
    0.316689   -0.655740  0.000000  1.0
    0.316689   -0.653740  0.000000  1.0
    0.316689   -0.651740  0.000000  1.0
    0.316689   -0.649740  0.000000  1.0
    0.316689   -0.647740  0.000000  1.0
    0.316689   -0.645740  0.000000  1.0
    0.316689   -0.643740  0.000000  1.0
    0.316689   -0.641740  0.000000  1.0
    0.316689   -0.639740  0.000000  1.0
    0.316689   -0.637740  0.000000  1.0
    0.316689   -0.635740  0.000000  1.0
    0.316689   -0.633740  0.000000  1.0
    0.316689   -0.631740  0.000000  1.0
    0.316689   -0.629740  0.000000  1.0
    0.316689   -0.627740  0.000000  1.0
    0.316689   -0.625740  0.000000  1.0
    0.316689   -0.623740  0.000000  1.0
    0.316689   -0.621740  0.000000  1.0
    0.316689   -0.619740  0.000000  1.0
    0.316689   -0.617740  0.000000  1.0
    0.316689   -0.615740  0.000000  1.0
    0.316689   -0.613740  0.000000  1.0
    0.316689   -0.611740  0.000000  1.0
    0.316689   -0.609740  0.000000  1.0
    0.316689   -0.607740  0.000000  1.0
    0.316689   -0.605740  0.000000  1.0
    0.318689   -0.685740  0.000000  1.0
    0.318689   -0.683740  0.000000  1.0
    0.318689   -0.681740  0.000000  1.0
    0.318689   -0.679740  0.000000  1.0
    0.318689   -0.677740  0.000000  1.0
    0.318689   -0.675740  0.000000  1.0
    0.318689   -0.673740  0.000000  1.0
    0.318689   -0.671740  0.000000  1.0
    0.318689   -0.669740  0.000000  1.0
    0.318689   -0.667740  0.000000  1.0
    0.318689   -0.665740  0.000000  1.0
    0.318689   -0.663740  0.000000  1.0
    0.318689   -0.661740  0.000000  1.0
    0.318689   -0.659740  0.000000  1.0
    0.318689   -0.657740  0.000000  1.0
    0.318689   -0.655740  0.000000  1.0
    0.318689   -0.653740  0.000000  1.0
    0.318689   -0.651740  0.000000  1.0
    0.318689   -0.649740  0.000000  1.0
    0.318689   -0.647740  0.000000  1.0
    0.318689   -0.645740  0.000000  1.0
    0.318689   -0.643740  0.000000  1.0
    0.318689   -0.641740  0.000000  1.0
    0.318689   -0.639740  0.000000  1.0
    0.318689   -0.637740  0.000000  1.0
    0.318689   -0.635740  0.000000  1.0
    0.318689   -0.633740  0.000000  1.0
    0.318689   -0.631740  0.000000  1.0
    0.318689   -0.629740  0.000000  1.0
    0.318689   -0.627740  0.000000  1.0
    0.318689   -0.625740  0.000000  1.0
    0.318689   -0.623740  0.000000  1.0
    0.318689   -0.621740  0.000000  1.0
    0.318689   -0.619740  0.000000  1.0
    0.318689   -0.617740  0.000000  1.0
    0.318689   -0.615740  0.000000  1.0
    0.318689   -0.613740  0.000000  1.0
    0.318689   -0.611740  0.000000  1.0
    0.318689   -0.609740  0.000000  1.0
    0.318689   -0.607740  0.000000  1.0
    0.318689   -0.605740  0.000000  1.0
