&CONTROL
  calculation = 'bands'
  prefix = 'graphene24.5zoom'
  outdir = './tmp'
  pseudo_dir = './'
  verbosity = 'high'
/
&SYSTEM
  ibrav = 0
  nat = 2
  ntyp = 1
  ecutwfc = 40.0
  nosym = .true.
  noinv = .true.
  nbnd = 8
/
&ELECTRONS
/
ATOMIC_SPECIES
  C  12.011 C.upf
CELL_PARAMETERS {bohr}
  5.759275  0.000000  0.000000
  2.879637  3.844218  0.000000
  0.000000  0.000000  28.346456
ATOMIC_POSITIONS {crystal}
  C  -0.000790  0.001580  0.000000
  C  0.334123  0.331753  0.000000
K_POINTS {tpiba}
1681
    0.074754   -0.789083  0.000000  1.0
    0.074754   -0.787083  0.000000  1.0
    0.074754   -0.785083  0.000000  1.0
    0.074754   -0.783083  0.000000  1.0
    0.074754   -0.781083  0.000000  1.0
    0.074754   -0.779083  0.000000  1.0
    0.074754   -0.777083  0.000000  1.0
    0.074754   -0.775083  0.000000  1.0
    0.074754   -0.773083  0.000000  1.0
    0.074754   -0.771083  0.000000  1.0
    0.074754   -0.769083  0.000000  1.0
    0.074754   -0.767083  0.000000  1.0
    0.074754   -0.765083  0.000000  1.0
    0.074754   -0.763083  0.000000  1.0
    0.074754   -0.761083  0.000000  1.0
    0.074754   -0.759083  0.000000  1.0
    0.074754   -0.757083  0.000000  1.0
    0.074754   -0.755083  0.000000  1.0
    0.074754   -0.753083  0.000000  1.0
    0.074754   -0.751083  0.000000  1.0
    0.074754   -0.749083  0.000000  1.0
    0.074754   -0.747083  0.000000  1.0
    0.074754   -0.745083  0.000000  1.0
    0.074754   -0.743083  0.000000  1.0
    0.074754   -0.741083  0.000000  1.0
    0.074754   -0.739083  0.000000  1.0
    0.074754   -0.737083  0.000000  1.0
    0.074754   -0.735083  0.000000  1.0
    0.074754   -0.733083  0.000000  1.0
    0.074754   -0.731083  0.000000  1.0
    0.074754   -0.729083  0.000000  1.0
    0.074754   -0.727083  0.000000  1.0
    0.074754   -0.725083  0.000000  1.0
    0.074754   -0.723083  0.000000  1.0
    0.074754   -0.721083  0.000000  1.0
    0.074754   -0.719083  0.000000  1.0
    0.074754   -0.717083  0.000000  1.0
    0.074754   -0.715083  0.000000  1.0
    0.074754   -0.713083  0.000000  1.0
    0.074754   -0.711083  0.000000  1.0
    0.074754   -0.709083  0.000000  1.0
    0.076754   -0.789083  0.000000  1.0
    0.076754   -0.787083  0.000000  1.0
    0.076754   -0.785083  0.000000  1.0
    0.076754   -0.783083  0.000000  1.0
    0.076754   -0.781083  0.000000  1.0
    0.076754   -0.779083  0.000000  1.0
    0.076754   -0.777083  0.000000  1.0
    0.076754   -0.775083  0.000000  1.0
    0.076754   -0.773083  0.000000  1.0
    0.076754   -0.771083  0.000000  1.0
    0.076754   -0.769083  0.000000  1.0
    0.076754   -0.767083  0.000000  1.0
    0.076754   -0.765083  0.000000  1.0
    0.076754   -0.763083  0.000000  1.0
    0.076754   -0.761083  0.000000  1.0
    0.076754   -0.759083  0.000000  1.0
    0.076754   -0.757083  0.000000  1.0
    0.076754   -0.755083  0.000000  1.0
    0.076754   -0.753083  0.000000  1.0
    0.076754   -0.751083  0.000000  1.0
    0.076754   -0.749083  0.000000  1.0
    0.076754   -0.747083  0.000000  1.0
    0.076754   -0.745083  0.000000  1.0
    0.076754   -0.743083  0.000000  1.0
    0.076754   -0.741083  0.000000  1.0
    0.076754   -0.739083  0.000000  1.0
    0.076754   -0.737083  0.000000  1.0
    0.076754   -0.735083  0.000000  1.0
    0.076754   -0.733083  0.000000  1.0
    0.076754   -0.731083  0.000000  1.0
    0.076754   -0.729083  0.000000  1.0
    0.076754   -0.727083  0.000000  1.0
    0.076754   -0.725083  0.000000  1.0
    0.076754   -0.723083  0.000000  1.0
    0.076754   -0.721083  0.000000  1.0
    0.076754   -0.719083  0.000000  1.0
    0.076754   -0.717083  0.000000  1.0
    0.076754   -0.715083  0.000000  1.0
    0.076754   -0.713083  0.000000  1.0
    0.076754   -0.711083  0.000000  1.0
    0.076754   -0.709083  0.000000  1.0
    0.078754   -0.789083  0.000000  1.0
    0.078754   -0.787083  0.000000  1.0
    0.078754   -0.785083  0.000000  1.0
    0.078754   -0.783083  0.000000  1.0
    0.078754   -0.781083  0.000000  1.0
    0.078754   -0.779083  0.000000  1.0
    0.078754   -0.777083  0.000000  1.0
    0.078754   -0.775083  0.000000  1.0
    0.078754   -0.773083  0.000000  1.0
    0.078754   -0.771083  0.000000  1.0
    0.078754   -0.769083  0.000000  1.0
    0.078754   -0.767083  0.000000  1.0
    0.078754   -0.765083  0.000000  1.0
    0.078754   -0.763083  0.000000  1.0
    0.078754   -0.761083  0.000000  1.0
    0.078754   -0.759083  0.000000  1.0
    0.078754   -0.757083  0.000000  1.0
    0.078754   -0.755083  0.000000  1.0
    0.078754   -0.753083  0.000000  1.0
    0.078754   -0.751083  0.000000  1.0
    0.078754   -0.749083  0.000000  1.0
    0.078754   -0.747083  0.000000  1.0
    0.078754   -0.745083  0.000000  1.0
    0.078754   -0.743083  0.000000  1.0
    0.078754   -0.741083  0.000000  1.0
    0.078754   -0.739083  0.000000  1.0
    0.078754   -0.737083  0.000000  1.0
    0.078754   -0.735083  0.000000  1.0
    0.078754   -0.733083  0.000000  1.0
    0.078754   -0.731083  0.000000  1.0
    0.078754   -0.729083  0.000000  1.0
    0.078754   -0.727083  0.000000  1.0
    0.078754   -0.725083  0.000000  1.0
    0.078754   -0.723083  0.000000  1.0
    0.078754   -0.721083  0.000000  1.0
    0.078754   -0.719083  0.000000  1.0
    0.078754   -0.717083  0.000000  1.0
    0.078754   -0.715083  0.000000  1.0
    0.078754   -0.713083  0.000000  1.0
    0.078754   -0.711083  0.000000  1.0
    0.078754   -0.709083  0.000000  1.0
    0.080754   -0.789083  0.000000  1.0
    0.080754   -0.787083  0.000000  1.0
    0.080754   -0.785083  0.000000  1.0
    0.080754   -0.783083  0.000000  1.0
    0.080754   -0.781083  0.000000  1.0
    0.080754   -0.779083  0.000000  1.0
    0.080754   -0.777083  0.000000  1.0
    0.080754   -0.775083  0.000000  1.0
    0.080754   -0.773083  0.000000  1.0
    0.080754   -0.771083  0.000000  1.0
    0.080754   -0.769083  0.000000  1.0
    0.080754   -0.767083  0.000000  1.0
    0.080754   -0.765083  0.000000  1.0
    0.080754   -0.763083  0.000000  1.0
    0.080754   -0.761083  0.000000  1.0
    0.080754   -0.759083  0.000000  1.0
    0.080754   -0.757083  0.000000  1.0
    0.080754   -0.755083  0.000000  1.0
    0.080754   -0.753083  0.000000  1.0
    0.080754   -0.751083  0.000000  1.0
    0.080754   -0.749083  0.000000  1.0
    0.080754   -0.747083  0.000000  1.0
    0.080754   -0.745083  0.000000  1.0
    0.080754   -0.743083  0.000000  1.0
    0.080754   -0.741083  0.000000  1.0
    0.080754   -0.739083  0.000000  1.0
    0.080754   -0.737083  0.000000  1.0
    0.080754   -0.735083  0.000000  1.0
    0.080754   -0.733083  0.000000  1.0
    0.080754   -0.731083  0.000000  1.0
    0.080754   -0.729083  0.000000  1.0
    0.080754   -0.727083  0.000000  1.0
    0.080754   -0.725083  0.000000  1.0
    0.080754   -0.723083  0.000000  1.0
    0.080754   -0.721083  0.000000  1.0
    0.080754   -0.719083  0.000000  1.0
    0.080754   -0.717083  0.000000  1.0
    0.080754   -0.715083  0.000000  1.0
    0.080754   -0.713083  0.000000  1.0
    0.080754   -0.711083  0.000000  1.0
    0.080754   -0.709083  0.000000  1.0
    0.082754   -0.789083  0.000000  1.0
    0.082754   -0.787083  0.000000  1.0
    0.082754   -0.785083  0.000000  1.0
    0.082754   -0.783083  0.000000  1.0
    0.082754   -0.781083  0.000000  1.0
    0.082754   -0.779083  0.000000  1.0
    0.082754   -0.777083  0.000000  1.0
    0.082754   -0.775083  0.000000  1.0
    0.082754   -0.773083  0.000000  1.0
    0.082754   -0.771083  0.000000  1.0
    0.082754   -0.769083  0.000000  1.0
    0.082754   -0.767083  0.000000  1.0
    0.082754   -0.765083  0.000000  1.0
    0.082754   -0.763083  0.000000  1.0
    0.082754   -0.761083  0.000000  1.0
    0.082754   -0.759083  0.000000  1.0
    0.082754   -0.757083  0.000000  1.0
    0.082754   -0.755083  0.000000  1.0
    0.082754   -0.753083  0.000000  1.0
    0.082754   -0.751083  0.000000  1.0
    0.082754   -0.749083  0.000000  1.0
    0.082754   -0.747083  0.000000  1.0
    0.082754   -0.745083  0.000000  1.0
    0.082754   -0.743083  0.000000  1.0
    0.082754   -0.741083  0.000000  1.0
    0.082754   -0.739083  0.000000  1.0
    0.082754   -0.737083  0.000000  1.0
    0.082754   -0.735083  0.000000  1.0
    0.082754   -0.733083  0.000000  1.0
    0.082754   -0.731083  0.000000  1.0
    0.082754   -0.729083  0.000000  1.0
    0.082754   -0.727083  0.000000  1.0
    0.082754   -0.725083  0.000000  1.0
    0.082754   -0.723083  0.000000  1.0
    0.082754   -0.721083  0.000000  1.0
    0.082754   -0.719083  0.000000  1.0
    0.082754   -0.717083  0.000000  1.0
    0.082754   -0.715083  0.000000  1.0
    0.082754   -0.713083  0.000000  1.0
    0.082754   -0.711083  0.000000  1.0
    0.082754   -0.709083  0.000000  1.0
    0.084754   -0.789083  0.000000  1.0
    0.084754   -0.787083  0.000000  1.0
    0.084754   -0.785083  0.000000  1.0
    0.084754   -0.783083  0.000000  1.0
    0.084754   -0.781083  0.000000  1.0
    0.084754   -0.779083  0.000000  1.0
    0.084754   -0.777083  0.000000  1.0
    0.084754   -0.775083  0.000000  1.0
    0.084754   -0.773083  0.000000  1.0
    0.084754   -0.771083  0.000000  1.0
    0.084754   -0.769083  0.000000  1.0
    0.084754   -0.767083  0.000000  1.0
    0.084754   -0.765083  0.000000  1.0
    0.084754   -0.763083  0.000000  1.0
    0.084754   -0.761083  0.000000  1.0
    0.084754   -0.759083  0.000000  1.0
    0.084754   -0.757083  0.000000  1.0
    0.084754   -0.755083  0.000000  1.0
    0.084754   -0.753083  0.000000  1.0
    0.084754   -0.751083  0.000000  1.0
    0.084754   -0.749083  0.000000  1.0
    0.084754   -0.747083  0.000000  1.0
    0.084754   -0.745083  0.000000  1.0
    0.084754   -0.743083  0.000000  1.0
    0.084754   -0.741083  0.000000  1.0
    0.084754   -0.739083  0.000000  1.0
    0.084754   -0.737083  0.000000  1.0
    0.084754   -0.735083  0.000000  1.0
    0.084754   -0.733083  0.000000  1.0
    0.084754   -0.731083  0.000000  1.0
    0.084754   -0.729083  0.000000  1.0
    0.084754   -0.727083  0.000000  1.0
    0.084754   -0.725083  0.000000  1.0
    0.084754   -0.723083  0.000000  1.0
    0.084754   -0.721083  0.000000  1.0
    0.084754   -0.719083  0.000000  1.0
    0.084754   -0.717083  0.000000  1.0
    0.084754   -0.715083  0.000000  1.0
    0.084754   -0.713083  0.000000  1.0
    0.084754   -0.711083  0.000000  1.0
    0.084754   -0.709083  0.000000  1.0
    0.086754   -0.789083  0.000000  1.0
    0.086754   -0.787083  0.000000  1.0
    0.086754   -0.785083  0.000000  1.0
    0.086754   -0.783083  0.000000  1.0
    0.086754   -0.781083  0.000000  1.0
    0.086754   -0.779083  0.000000  1.0
    0.086754   -0.777083  0.000000  1.0
    0.086754   -0.775083  0.000000  1.0
    0.086754   -0.773083  0.000000  1.0
    0.086754   -0.771083  0.000000  1.0
    0.086754   -0.769083  0.000000  1.0
    0.086754   -0.767083  0.000000  1.0
    0.086754   -0.765083  0.000000  1.0
    0.086754   -0.763083  0.000000  1.0
    0.086754   -0.761083  0.000000  1.0
    0.086754   -0.759083  0.000000  1.0
    0.086754   -0.757083  0.000000  1.0
    0.086754   -0.755083  0.000000  1.0
    0.086754   -0.753083  0.000000  1.0
    0.086754   -0.751083  0.000000  1.0
    0.086754   -0.749083  0.000000  1.0
    0.086754   -0.747083  0.000000  1.0
    0.086754   -0.745083  0.000000  1.0
    0.086754   -0.743083  0.000000  1.0
    0.086754   -0.741083  0.000000  1.0
    0.086754   -0.739083  0.000000  1.0
    0.086754   -0.737083  0.000000  1.0
    0.086754   -0.735083  0.000000  1.0
    0.086754   -0.733083  0.000000  1.0
    0.086754   -0.731083  0.000000  1.0
    0.086754   -0.729083  0.000000  1.0
    0.086754   -0.727083  0.000000  1.0
    0.086754   -0.725083  0.000000  1.0
    0.086754   -0.723083  0.000000  1.0
    0.086754   -0.721083  0.000000  1.0
    0.086754   -0.719083  0.000000  1.0
    0.086754   -0.717083  0.000000  1.0
    0.086754   -0.715083  0.000000  1.0
    0.086754   -0.713083  0.000000  1.0
    0.086754   -0.711083  0.000000  1.0
    0.086754   -0.709083  0.000000  1.0
    0.088754   -0.789083  0.000000  1.0
    0.088754   -0.787083  0.000000  1.0
    0.088754   -0.785083  0.000000  1.0
    0.088754   -0.783083  0.000000  1.0
    0.088754   -0.781083  0.000000  1.0
    0.088754   -0.779083  0.000000  1.0
    0.088754   -0.777083  0.000000  1.0
    0.088754   -0.775083  0.000000  1.0
    0.088754   -0.773083  0.000000  1.0
    0.088754   -0.771083  0.000000  1.0
    0.088754   -0.769083  0.000000  1.0
    0.088754   -0.767083  0.000000  1.0
    0.088754   -0.765083  0.000000  1.0
    0.088754   -0.763083  0.000000  1.0
    0.088754   -0.761083  0.000000  1.0
    0.088754   -0.759083  0.000000  1.0
    0.088754   -0.757083  0.000000  1.0
    0.088754   -0.755083  0.000000  1.0
    0.088754   -0.753083  0.000000  1.0
    0.088754   -0.751083  0.000000  1.0
    0.088754   -0.749083  0.000000  1.0
    0.088754   -0.747083  0.000000  1.0
    0.088754   -0.745083  0.000000  1.0
    0.088754   -0.743083  0.000000  1.0
    0.088754   -0.741083  0.000000  1.0
    0.088754   -0.739083  0.000000  1.0
    0.088754   -0.737083  0.000000  1.0
    0.088754   -0.735083  0.000000  1.0
    0.088754   -0.733083  0.000000  1.0
    0.088754   -0.731083  0.000000  1.0
    0.088754   -0.729083  0.000000  1.0
    0.088754   -0.727083  0.000000  1.0
    0.088754   -0.725083  0.000000  1.0
    0.088754   -0.723083  0.000000  1.0
    0.088754   -0.721083  0.000000  1.0
    0.088754   -0.719083  0.000000  1.0
    0.088754   -0.717083  0.000000  1.0
    0.088754   -0.715083  0.000000  1.0
    0.088754   -0.713083  0.000000  1.0
    0.088754   -0.711083  0.000000  1.0
    0.088754   -0.709083  0.000000  1.0
    0.090754   -0.789083  0.000000  1.0
    0.090754   -0.787083  0.000000  1.0
    0.090754   -0.785083  0.000000  1.0
    0.090754   -0.783083  0.000000  1.0
    0.090754   -0.781083  0.000000  1.0
    0.090754   -0.779083  0.000000  1.0
    0.090754   -0.777083  0.000000  1.0
    0.090754   -0.775083  0.000000  1.0
    0.090754   -0.773083  0.000000  1.0
    0.090754   -0.771083  0.000000  1.0
    0.090754   -0.769083  0.000000  1.0
    0.090754   -0.767083  0.000000  1.0
    0.090754   -0.765083  0.000000  1.0
    0.090754   -0.763083  0.000000  1.0
    0.090754   -0.761083  0.000000  1.0
    0.090754   -0.759083  0.000000  1.0
    0.090754   -0.757083  0.000000  1.0
    0.090754   -0.755083  0.000000  1.0
    0.090754   -0.753083  0.000000  1.0
    0.090754   -0.751083  0.000000  1.0
    0.090754   -0.749083  0.000000  1.0
    0.090754   -0.747083  0.000000  1.0
    0.090754   -0.745083  0.000000  1.0
    0.090754   -0.743083  0.000000  1.0
    0.090754   -0.741083  0.000000  1.0
    0.090754   -0.739083  0.000000  1.0
    0.090754   -0.737083  0.000000  1.0
    0.090754   -0.735083  0.000000  1.0
    0.090754   -0.733083  0.000000  1.0
    0.090754   -0.731083  0.000000  1.0
    0.090754   -0.729083  0.000000  1.0
    0.090754   -0.727083  0.000000  1.0
    0.090754   -0.725083  0.000000  1.0
    0.090754   -0.723083  0.000000  1.0
    0.090754   -0.721083  0.000000  1.0
    0.090754   -0.719083  0.000000  1.0
    0.090754   -0.717083  0.000000  1.0
    0.090754   -0.715083  0.000000  1.0
    0.090754   -0.713083  0.000000  1.0
    0.090754   -0.711083  0.000000  1.0
    0.090754   -0.709083  0.000000  1.0
    0.092754   -0.789083  0.000000  1.0
    0.092754   -0.787083  0.000000  1.0
    0.092754   -0.785083  0.000000  1.0
    0.092754   -0.783083  0.000000  1.0
    0.092754   -0.781083  0.000000  1.0
    0.092754   -0.779083  0.000000  1.0
    0.092754   -0.777083  0.000000  1.0
    0.092754   -0.775083  0.000000  1.0
    0.092754   -0.773083  0.000000  1.0
    0.092754   -0.771083  0.000000  1.0
    0.092754   -0.769083  0.000000  1.0
    0.092754   -0.767083  0.000000  1.0
    0.092754   -0.765083  0.000000  1.0
    0.092754   -0.763083  0.000000  1.0
    0.092754   -0.761083  0.000000  1.0
    0.092754   -0.759083  0.000000  1.0
    0.092754   -0.757083  0.000000  1.0
    0.092754   -0.755083  0.000000  1.0
    0.092754   -0.753083  0.000000  1.0
    0.092754   -0.751083  0.000000  1.0
    0.092754   -0.749083  0.000000  1.0
    0.092754   -0.747083  0.000000  1.0
    0.092754   -0.745083  0.000000  1.0
    0.092754   -0.743083  0.000000  1.0
    0.092754   -0.741083  0.000000  1.0
    0.092754   -0.739083  0.000000  1.0
    0.092754   -0.737083  0.000000  1.0
    0.092754   -0.735083  0.000000  1.0
    0.092754   -0.733083  0.000000  1.0
    0.092754   -0.731083  0.000000  1.0
    0.092754   -0.729083  0.000000  1.0
    0.092754   -0.727083  0.000000  1.0
    0.092754   -0.725083  0.000000  1.0
    0.092754   -0.723083  0.000000  1.0
    0.092754   -0.721083  0.000000  1.0
    0.092754   -0.719083  0.000000  1.0
    0.092754   -0.717083  0.000000  1.0
    0.092754   -0.715083  0.000000  1.0
    0.092754   -0.713083  0.000000  1.0
    0.092754   -0.711083  0.000000  1.0
    0.092754   -0.709083  0.000000  1.0
    0.094754   -0.789083  0.000000  1.0
    0.094754   -0.787083  0.000000  1.0
    0.094754   -0.785083  0.000000  1.0
    0.094754   -0.783083  0.000000  1.0
    0.094754   -0.781083  0.000000  1.0
    0.094754   -0.779083  0.000000  1.0
    0.094754   -0.777083  0.000000  1.0
    0.094754   -0.775083  0.000000  1.0
    0.094754   -0.773083  0.000000  1.0
    0.094754   -0.771083  0.000000  1.0
    0.094754   -0.769083  0.000000  1.0
    0.094754   -0.767083  0.000000  1.0
    0.094754   -0.765083  0.000000  1.0
    0.094754   -0.763083  0.000000  1.0
    0.094754   -0.761083  0.000000  1.0
    0.094754   -0.759083  0.000000  1.0
    0.094754   -0.757083  0.000000  1.0
    0.094754   -0.755083  0.000000  1.0
    0.094754   -0.753083  0.000000  1.0
    0.094754   -0.751083  0.000000  1.0
    0.094754   -0.749083  0.000000  1.0
    0.094754   -0.747083  0.000000  1.0
    0.094754   -0.745083  0.000000  1.0
    0.094754   -0.743083  0.000000  1.0
    0.094754   -0.741083  0.000000  1.0
    0.094754   -0.739083  0.000000  1.0
    0.094754   -0.737083  0.000000  1.0
    0.094754   -0.735083  0.000000  1.0
    0.094754   -0.733083  0.000000  1.0
    0.094754   -0.731083  0.000000  1.0
    0.094754   -0.729083  0.000000  1.0
    0.094754   -0.727083  0.000000  1.0
    0.094754   -0.725083  0.000000  1.0
    0.094754   -0.723083  0.000000  1.0
    0.094754   -0.721083  0.000000  1.0
    0.094754   -0.719083  0.000000  1.0
    0.094754   -0.717083  0.000000  1.0
    0.094754   -0.715083  0.000000  1.0
    0.094754   -0.713083  0.000000  1.0
    0.094754   -0.711083  0.000000  1.0
    0.094754   -0.709083  0.000000  1.0
    0.096754   -0.789083  0.000000  1.0
    0.096754   -0.787083  0.000000  1.0
    0.096754   -0.785083  0.000000  1.0
    0.096754   -0.783083  0.000000  1.0
    0.096754   -0.781083  0.000000  1.0
    0.096754   -0.779083  0.000000  1.0
    0.096754   -0.777083  0.000000  1.0
    0.096754   -0.775083  0.000000  1.0
    0.096754   -0.773083  0.000000  1.0
    0.096754   -0.771083  0.000000  1.0
    0.096754   -0.769083  0.000000  1.0
    0.096754   -0.767083  0.000000  1.0
    0.096754   -0.765083  0.000000  1.0
    0.096754   -0.763083  0.000000  1.0
    0.096754   -0.761083  0.000000  1.0
    0.096754   -0.759083  0.000000  1.0
    0.096754   -0.757083  0.000000  1.0
    0.096754   -0.755083  0.000000  1.0
    0.096754   -0.753083  0.000000  1.0
    0.096754   -0.751083  0.000000  1.0
    0.096754   -0.749083  0.000000  1.0
    0.096754   -0.747083  0.000000  1.0
    0.096754   -0.745083  0.000000  1.0
    0.096754   -0.743083  0.000000  1.0
    0.096754   -0.741083  0.000000  1.0
    0.096754   -0.739083  0.000000  1.0
    0.096754   -0.737083  0.000000  1.0
    0.096754   -0.735083  0.000000  1.0
    0.096754   -0.733083  0.000000  1.0
    0.096754   -0.731083  0.000000  1.0
    0.096754   -0.729083  0.000000  1.0
    0.096754   -0.727083  0.000000  1.0
    0.096754   -0.725083  0.000000  1.0
    0.096754   -0.723083  0.000000  1.0
    0.096754   -0.721083  0.000000  1.0
    0.096754   -0.719083  0.000000  1.0
    0.096754   -0.717083  0.000000  1.0
    0.096754   -0.715083  0.000000  1.0
    0.096754   -0.713083  0.000000  1.0
    0.096754   -0.711083  0.000000  1.0
    0.096754   -0.709083  0.000000  1.0
    0.098754   -0.789083  0.000000  1.0
    0.098754   -0.787083  0.000000  1.0
    0.098754   -0.785083  0.000000  1.0
    0.098754   -0.783083  0.000000  1.0
    0.098754   -0.781083  0.000000  1.0
    0.098754   -0.779083  0.000000  1.0
    0.098754   -0.777083  0.000000  1.0
    0.098754   -0.775083  0.000000  1.0
    0.098754   -0.773083  0.000000  1.0
    0.098754   -0.771083  0.000000  1.0
    0.098754   -0.769083  0.000000  1.0
    0.098754   -0.767083  0.000000  1.0
    0.098754   -0.765083  0.000000  1.0
    0.098754   -0.763083  0.000000  1.0
    0.098754   -0.761083  0.000000  1.0
    0.098754   -0.759083  0.000000  1.0
    0.098754   -0.757083  0.000000  1.0
    0.098754   -0.755083  0.000000  1.0
    0.098754   -0.753083  0.000000  1.0
    0.098754   -0.751083  0.000000  1.0
    0.098754   -0.749083  0.000000  1.0
    0.098754   -0.747083  0.000000  1.0
    0.098754   -0.745083  0.000000  1.0
    0.098754   -0.743083  0.000000  1.0
    0.098754   -0.741083  0.000000  1.0
    0.098754   -0.739083  0.000000  1.0
    0.098754   -0.737083  0.000000  1.0
    0.098754   -0.735083  0.000000  1.0
    0.098754   -0.733083  0.000000  1.0
    0.098754   -0.731083  0.000000  1.0
    0.098754   -0.729083  0.000000  1.0
    0.098754   -0.727083  0.000000  1.0
    0.098754   -0.725083  0.000000  1.0
    0.098754   -0.723083  0.000000  1.0
    0.098754   -0.721083  0.000000  1.0
    0.098754   -0.719083  0.000000  1.0
    0.098754   -0.717083  0.000000  1.0
    0.098754   -0.715083  0.000000  1.0
    0.098754   -0.713083  0.000000  1.0
    0.098754   -0.711083  0.000000  1.0
    0.098754   -0.709083  0.000000  1.0
    0.100754   -0.789083  0.000000  1.0
    0.100754   -0.787083  0.000000  1.0
    0.100754   -0.785083  0.000000  1.0
    0.100754   -0.783083  0.000000  1.0
    0.100754   -0.781083  0.000000  1.0
    0.100754   -0.779083  0.000000  1.0
    0.100754   -0.777083  0.000000  1.0
    0.100754   -0.775083  0.000000  1.0
    0.100754   -0.773083  0.000000  1.0
    0.100754   -0.771083  0.000000  1.0
    0.100754   -0.769083  0.000000  1.0
    0.100754   -0.767083  0.000000  1.0
    0.100754   -0.765083  0.000000  1.0
    0.100754   -0.763083  0.000000  1.0
    0.100754   -0.761083  0.000000  1.0
    0.100754   -0.759083  0.000000  1.0
    0.100754   -0.757083  0.000000  1.0
    0.100754   -0.755083  0.000000  1.0
    0.100754   -0.753083  0.000000  1.0
    0.100754   -0.751083  0.000000  1.0
    0.100754   -0.749083  0.000000  1.0
    0.100754   -0.747083  0.000000  1.0
    0.100754   -0.745083  0.000000  1.0
    0.100754   -0.743083  0.000000  1.0
    0.100754   -0.741083  0.000000  1.0
    0.100754   -0.739083  0.000000  1.0
    0.100754   -0.737083  0.000000  1.0
    0.100754   -0.735083  0.000000  1.0
    0.100754   -0.733083  0.000000  1.0
    0.100754   -0.731083  0.000000  1.0
    0.100754   -0.729083  0.000000  1.0
    0.100754   -0.727083  0.000000  1.0
    0.100754   -0.725083  0.000000  1.0
    0.100754   -0.723083  0.000000  1.0
    0.100754   -0.721083  0.000000  1.0
    0.100754   -0.719083  0.000000  1.0
    0.100754   -0.717083  0.000000  1.0
    0.100754   -0.715083  0.000000  1.0
    0.100754   -0.713083  0.000000  1.0
    0.100754   -0.711083  0.000000  1.0
    0.100754   -0.709083  0.000000  1.0
    0.102754   -0.789083  0.000000  1.0
    0.102754   -0.787083  0.000000  1.0
    0.102754   -0.785083  0.000000  1.0
    0.102754   -0.783083  0.000000  1.0
    0.102754   -0.781083  0.000000  1.0
    0.102754   -0.779083  0.000000  1.0
    0.102754   -0.777083  0.000000  1.0
    0.102754   -0.775083  0.000000  1.0
    0.102754   -0.773083  0.000000  1.0
    0.102754   -0.771083  0.000000  1.0
    0.102754   -0.769083  0.000000  1.0
    0.102754   -0.767083  0.000000  1.0
    0.102754   -0.765083  0.000000  1.0
    0.102754   -0.763083  0.000000  1.0
    0.102754   -0.761083  0.000000  1.0
    0.102754   -0.759083  0.000000  1.0
    0.102754   -0.757083  0.000000  1.0
    0.102754   -0.755083  0.000000  1.0
    0.102754   -0.753083  0.000000  1.0
    0.102754   -0.751083  0.000000  1.0
    0.102754   -0.749083  0.000000  1.0
    0.102754   -0.747083  0.000000  1.0
    0.102754   -0.745083  0.000000  1.0
    0.102754   -0.743083  0.000000  1.0
    0.102754   -0.741083  0.000000  1.0
    0.102754   -0.739083  0.000000  1.0
    0.102754   -0.737083  0.000000  1.0
    0.102754   -0.735083  0.000000  1.0
    0.102754   -0.733083  0.000000  1.0
    0.102754   -0.731083  0.000000  1.0
    0.102754   -0.729083  0.000000  1.0
    0.102754   -0.727083  0.000000  1.0
    0.102754   -0.725083  0.000000  1.0
    0.102754   -0.723083  0.000000  1.0
    0.102754   -0.721083  0.000000  1.0
    0.102754   -0.719083  0.000000  1.0
    0.102754   -0.717083  0.000000  1.0
    0.102754   -0.715083  0.000000  1.0
    0.102754   -0.713083  0.000000  1.0
    0.102754   -0.711083  0.000000  1.0
    0.102754   -0.709083  0.000000  1.0
    0.104754   -0.789083  0.000000  1.0
    0.104754   -0.787083  0.000000  1.0
    0.104754   -0.785083  0.000000  1.0
    0.104754   -0.783083  0.000000  1.0
    0.104754   -0.781083  0.000000  1.0
    0.104754   -0.779083  0.000000  1.0
    0.104754   -0.777083  0.000000  1.0
    0.104754   -0.775083  0.000000  1.0
    0.104754   -0.773083  0.000000  1.0
    0.104754   -0.771083  0.000000  1.0
    0.104754   -0.769083  0.000000  1.0
    0.104754   -0.767083  0.000000  1.0
    0.104754   -0.765083  0.000000  1.0
    0.104754   -0.763083  0.000000  1.0
    0.104754   -0.761083  0.000000  1.0
    0.104754   -0.759083  0.000000  1.0
    0.104754   -0.757083  0.000000  1.0
    0.104754   -0.755083  0.000000  1.0
    0.104754   -0.753083  0.000000  1.0
    0.104754   -0.751083  0.000000  1.0
    0.104754   -0.749083  0.000000  1.0
    0.104754   -0.747083  0.000000  1.0
    0.104754   -0.745083  0.000000  1.0
    0.104754   -0.743083  0.000000  1.0
    0.104754   -0.741083  0.000000  1.0
    0.104754   -0.739083  0.000000  1.0
    0.104754   -0.737083  0.000000  1.0
    0.104754   -0.735083  0.000000  1.0
    0.104754   -0.733083  0.000000  1.0
    0.104754   -0.731083  0.000000  1.0
    0.104754   -0.729083  0.000000  1.0
    0.104754   -0.727083  0.000000  1.0
    0.104754   -0.725083  0.000000  1.0
    0.104754   -0.723083  0.000000  1.0
    0.104754   -0.721083  0.000000  1.0
    0.104754   -0.719083  0.000000  1.0
    0.104754   -0.717083  0.000000  1.0
    0.104754   -0.715083  0.000000  1.0
    0.104754   -0.713083  0.000000  1.0
    0.104754   -0.711083  0.000000  1.0
    0.104754   -0.709083  0.000000  1.0
    0.106754   -0.789083  0.000000  1.0
    0.106754   -0.787083  0.000000  1.0
    0.106754   -0.785083  0.000000  1.0
    0.106754   -0.783083  0.000000  1.0
    0.106754   -0.781083  0.000000  1.0
    0.106754   -0.779083  0.000000  1.0
    0.106754   -0.777083  0.000000  1.0
    0.106754   -0.775083  0.000000  1.0
    0.106754   -0.773083  0.000000  1.0
    0.106754   -0.771083  0.000000  1.0
    0.106754   -0.769083  0.000000  1.0
    0.106754   -0.767083  0.000000  1.0
    0.106754   -0.765083  0.000000  1.0
    0.106754   -0.763083  0.000000  1.0
    0.106754   -0.761083  0.000000  1.0
    0.106754   -0.759083  0.000000  1.0
    0.106754   -0.757083  0.000000  1.0
    0.106754   -0.755083  0.000000  1.0
    0.106754   -0.753083  0.000000  1.0
    0.106754   -0.751083  0.000000  1.0
    0.106754   -0.749083  0.000000  1.0
    0.106754   -0.747083  0.000000  1.0
    0.106754   -0.745083  0.000000  1.0
    0.106754   -0.743083  0.000000  1.0
    0.106754   -0.741083  0.000000  1.0
    0.106754   -0.739083  0.000000  1.0
    0.106754   -0.737083  0.000000  1.0
    0.106754   -0.735083  0.000000  1.0
    0.106754   -0.733083  0.000000  1.0
    0.106754   -0.731083  0.000000  1.0
    0.106754   -0.729083  0.000000  1.0
    0.106754   -0.727083  0.000000  1.0
    0.106754   -0.725083  0.000000  1.0
    0.106754   -0.723083  0.000000  1.0
    0.106754   -0.721083  0.000000  1.0
    0.106754   -0.719083  0.000000  1.0
    0.106754   -0.717083  0.000000  1.0
    0.106754   -0.715083  0.000000  1.0
    0.106754   -0.713083  0.000000  1.0
    0.106754   -0.711083  0.000000  1.0
    0.106754   -0.709083  0.000000  1.0
    0.108754   -0.789083  0.000000  1.0
    0.108754   -0.787083  0.000000  1.0
    0.108754   -0.785083  0.000000  1.0
    0.108754   -0.783083  0.000000  1.0
    0.108754   -0.781083  0.000000  1.0
    0.108754   -0.779083  0.000000  1.0
    0.108754   -0.777083  0.000000  1.0
    0.108754   -0.775083  0.000000  1.0
    0.108754   -0.773083  0.000000  1.0
    0.108754   -0.771083  0.000000  1.0
    0.108754   -0.769083  0.000000  1.0
    0.108754   -0.767083  0.000000  1.0
    0.108754   -0.765083  0.000000  1.0
    0.108754   -0.763083  0.000000  1.0
    0.108754   -0.761083  0.000000  1.0
    0.108754   -0.759083  0.000000  1.0
    0.108754   -0.757083  0.000000  1.0
    0.108754   -0.755083  0.000000  1.0
    0.108754   -0.753083  0.000000  1.0
    0.108754   -0.751083  0.000000  1.0
    0.108754   -0.749083  0.000000  1.0
    0.108754   -0.747083  0.000000  1.0
    0.108754   -0.745083  0.000000  1.0
    0.108754   -0.743083  0.000000  1.0
    0.108754   -0.741083  0.000000  1.0
    0.108754   -0.739083  0.000000  1.0
    0.108754   -0.737083  0.000000  1.0
    0.108754   -0.735083  0.000000  1.0
    0.108754   -0.733083  0.000000  1.0
    0.108754   -0.731083  0.000000  1.0
    0.108754   -0.729083  0.000000  1.0
    0.108754   -0.727083  0.000000  1.0
    0.108754   -0.725083  0.000000  1.0
    0.108754   -0.723083  0.000000  1.0
    0.108754   -0.721083  0.000000  1.0
    0.108754   -0.719083  0.000000  1.0
    0.108754   -0.717083  0.000000  1.0
    0.108754   -0.715083  0.000000  1.0
    0.108754   -0.713083  0.000000  1.0
    0.108754   -0.711083  0.000000  1.0
    0.108754   -0.709083  0.000000  1.0
    0.110754   -0.789083  0.000000  1.0
    0.110754   -0.787083  0.000000  1.0
    0.110754   -0.785083  0.000000  1.0
    0.110754   -0.783083  0.000000  1.0
    0.110754   -0.781083  0.000000  1.0
    0.110754   -0.779083  0.000000  1.0
    0.110754   -0.777083  0.000000  1.0
    0.110754   -0.775083  0.000000  1.0
    0.110754   -0.773083  0.000000  1.0
    0.110754   -0.771083  0.000000  1.0
    0.110754   -0.769083  0.000000  1.0
    0.110754   -0.767083  0.000000  1.0
    0.110754   -0.765083  0.000000  1.0
    0.110754   -0.763083  0.000000  1.0
    0.110754   -0.761083  0.000000  1.0
    0.110754   -0.759083  0.000000  1.0
    0.110754   -0.757083  0.000000  1.0
    0.110754   -0.755083  0.000000  1.0
    0.110754   -0.753083  0.000000  1.0
    0.110754   -0.751083  0.000000  1.0
    0.110754   -0.749083  0.000000  1.0
    0.110754   -0.747083  0.000000  1.0
    0.110754   -0.745083  0.000000  1.0
    0.110754   -0.743083  0.000000  1.0
    0.110754   -0.741083  0.000000  1.0
    0.110754   -0.739083  0.000000  1.0
    0.110754   -0.737083  0.000000  1.0
    0.110754   -0.735083  0.000000  1.0
    0.110754   -0.733083  0.000000  1.0
    0.110754   -0.731083  0.000000  1.0
    0.110754   -0.729083  0.000000  1.0
    0.110754   -0.727083  0.000000  1.0
    0.110754   -0.725083  0.000000  1.0
    0.110754   -0.723083  0.000000  1.0
    0.110754   -0.721083  0.000000  1.0
    0.110754   -0.719083  0.000000  1.0
    0.110754   -0.717083  0.000000  1.0
    0.110754   -0.715083  0.000000  1.0
    0.110754   -0.713083  0.000000  1.0
    0.110754   -0.711083  0.000000  1.0
    0.110754   -0.709083  0.000000  1.0
    0.112754   -0.789083  0.000000  1.0
    0.112754   -0.787083  0.000000  1.0
    0.112754   -0.785083  0.000000  1.0
    0.112754   -0.783083  0.000000  1.0
    0.112754   -0.781083  0.000000  1.0
    0.112754   -0.779083  0.000000  1.0
    0.112754   -0.777083  0.000000  1.0
    0.112754   -0.775083  0.000000  1.0
    0.112754   -0.773083  0.000000  1.0
    0.112754   -0.771083  0.000000  1.0
    0.112754   -0.769083  0.000000  1.0
    0.112754   -0.767083  0.000000  1.0
    0.112754   -0.765083  0.000000  1.0
    0.112754   -0.763083  0.000000  1.0
    0.112754   -0.761083  0.000000  1.0
    0.112754   -0.759083  0.000000  1.0
    0.112754   -0.757083  0.000000  1.0
    0.112754   -0.755083  0.000000  1.0
    0.112754   -0.753083  0.000000  1.0
    0.112754   -0.751083  0.000000  1.0
    0.112754   -0.749083  0.000000  1.0
    0.112754   -0.747083  0.000000  1.0
    0.112754   -0.745083  0.000000  1.0
    0.112754   -0.743083  0.000000  1.0
    0.112754   -0.741083  0.000000  1.0
    0.112754   -0.739083  0.000000  1.0
    0.112754   -0.737083  0.000000  1.0
    0.112754   -0.735083  0.000000  1.0
    0.112754   -0.733083  0.000000  1.0
    0.112754   -0.731083  0.000000  1.0
    0.112754   -0.729083  0.000000  1.0
    0.112754   -0.727083  0.000000  1.0
    0.112754   -0.725083  0.000000  1.0
    0.112754   -0.723083  0.000000  1.0
    0.112754   -0.721083  0.000000  1.0
    0.112754   -0.719083  0.000000  1.0
    0.112754   -0.717083  0.000000  1.0
    0.112754   -0.715083  0.000000  1.0
    0.112754   -0.713083  0.000000  1.0
    0.112754   -0.711083  0.000000  1.0
    0.112754   -0.709083  0.000000  1.0
    0.114754   -0.789083  0.000000  1.0
    0.114754   -0.787083  0.000000  1.0
    0.114754   -0.785083  0.000000  1.0
    0.114754   -0.783083  0.000000  1.0
    0.114754   -0.781083  0.000000  1.0
    0.114754   -0.779083  0.000000  1.0
    0.114754   -0.777083  0.000000  1.0
    0.114754   -0.775083  0.000000  1.0
    0.114754   -0.773083  0.000000  1.0
    0.114754   -0.771083  0.000000  1.0
    0.114754   -0.769083  0.000000  1.0
    0.114754   -0.767083  0.000000  1.0
    0.114754   -0.765083  0.000000  1.0
    0.114754   -0.763083  0.000000  1.0
    0.114754   -0.761083  0.000000  1.0
    0.114754   -0.759083  0.000000  1.0
    0.114754   -0.757083  0.000000  1.0
    0.114754   -0.755083  0.000000  1.0
    0.114754   -0.753083  0.000000  1.0
    0.114754   -0.751083  0.000000  1.0
    0.114754   -0.749083  0.000000  1.0
    0.114754   -0.747083  0.000000  1.0
    0.114754   -0.745083  0.000000  1.0
    0.114754   -0.743083  0.000000  1.0
    0.114754   -0.741083  0.000000  1.0
    0.114754   -0.739083  0.000000  1.0
    0.114754   -0.737083  0.000000  1.0
    0.114754   -0.735083  0.000000  1.0
    0.114754   -0.733083  0.000000  1.0
    0.114754   -0.731083  0.000000  1.0
    0.114754   -0.729083  0.000000  1.0
    0.114754   -0.727083  0.000000  1.0
    0.114754   -0.725083  0.000000  1.0
    0.114754   -0.723083  0.000000  1.0
    0.114754   -0.721083  0.000000  1.0
    0.114754   -0.719083  0.000000  1.0
    0.114754   -0.717083  0.000000  1.0
    0.114754   -0.715083  0.000000  1.0
    0.114754   -0.713083  0.000000  1.0
    0.114754   -0.711083  0.000000  1.0
    0.114754   -0.709083  0.000000  1.0
    0.116754   -0.789083  0.000000  1.0
    0.116754   -0.787083  0.000000  1.0
    0.116754   -0.785083  0.000000  1.0
    0.116754   -0.783083  0.000000  1.0
    0.116754   -0.781083  0.000000  1.0
    0.116754   -0.779083  0.000000  1.0
    0.116754   -0.777083  0.000000  1.0
    0.116754   -0.775083  0.000000  1.0
    0.116754   -0.773083  0.000000  1.0
    0.116754   -0.771083  0.000000  1.0
    0.116754   -0.769083  0.000000  1.0
    0.116754   -0.767083  0.000000  1.0
    0.116754   -0.765083  0.000000  1.0
    0.116754   -0.763083  0.000000  1.0
    0.116754   -0.761083  0.000000  1.0
    0.116754   -0.759083  0.000000  1.0
    0.116754   -0.757083  0.000000  1.0
    0.116754   -0.755083  0.000000  1.0
    0.116754   -0.753083  0.000000  1.0
    0.116754   -0.751083  0.000000  1.0
    0.116754   -0.749083  0.000000  1.0
    0.116754   -0.747083  0.000000  1.0
    0.116754   -0.745083  0.000000  1.0
    0.116754   -0.743083  0.000000  1.0
    0.116754   -0.741083  0.000000  1.0
    0.116754   -0.739083  0.000000  1.0
    0.116754   -0.737083  0.000000  1.0
    0.116754   -0.735083  0.000000  1.0
    0.116754   -0.733083  0.000000  1.0
    0.116754   -0.731083  0.000000  1.0
    0.116754   -0.729083  0.000000  1.0
    0.116754   -0.727083  0.000000  1.0
    0.116754   -0.725083  0.000000  1.0
    0.116754   -0.723083  0.000000  1.0
    0.116754   -0.721083  0.000000  1.0
    0.116754   -0.719083  0.000000  1.0
    0.116754   -0.717083  0.000000  1.0
    0.116754   -0.715083  0.000000  1.0
    0.116754   -0.713083  0.000000  1.0
    0.116754   -0.711083  0.000000  1.0
    0.116754   -0.709083  0.000000  1.0
    0.118754   -0.789083  0.000000  1.0
    0.118754   -0.787083  0.000000  1.0
    0.118754   -0.785083  0.000000  1.0
    0.118754   -0.783083  0.000000  1.0
    0.118754   -0.781083  0.000000  1.0
    0.118754   -0.779083  0.000000  1.0
    0.118754   -0.777083  0.000000  1.0
    0.118754   -0.775083  0.000000  1.0
    0.118754   -0.773083  0.000000  1.0
    0.118754   -0.771083  0.000000  1.0
    0.118754   -0.769083  0.000000  1.0
    0.118754   -0.767083  0.000000  1.0
    0.118754   -0.765083  0.000000  1.0
    0.118754   -0.763083  0.000000  1.0
    0.118754   -0.761083  0.000000  1.0
    0.118754   -0.759083  0.000000  1.0
    0.118754   -0.757083  0.000000  1.0
    0.118754   -0.755083  0.000000  1.0
    0.118754   -0.753083  0.000000  1.0
    0.118754   -0.751083  0.000000  1.0
    0.118754   -0.749083  0.000000  1.0
    0.118754   -0.747083  0.000000  1.0
    0.118754   -0.745083  0.000000  1.0
    0.118754   -0.743083  0.000000  1.0
    0.118754   -0.741083  0.000000  1.0
    0.118754   -0.739083  0.000000  1.0
    0.118754   -0.737083  0.000000  1.0
    0.118754   -0.735083  0.000000  1.0
    0.118754   -0.733083  0.000000  1.0
    0.118754   -0.731083  0.000000  1.0
    0.118754   -0.729083  0.000000  1.0
    0.118754   -0.727083  0.000000  1.0
    0.118754   -0.725083  0.000000  1.0
    0.118754   -0.723083  0.000000  1.0
    0.118754   -0.721083  0.000000  1.0
    0.118754   -0.719083  0.000000  1.0
    0.118754   -0.717083  0.000000  1.0
    0.118754   -0.715083  0.000000  1.0
    0.118754   -0.713083  0.000000  1.0
    0.118754   -0.711083  0.000000  1.0
    0.118754   -0.709083  0.000000  1.0
    0.120754   -0.789083  0.000000  1.0
    0.120754   -0.787083  0.000000  1.0
    0.120754   -0.785083  0.000000  1.0
    0.120754   -0.783083  0.000000  1.0
    0.120754   -0.781083  0.000000  1.0
    0.120754   -0.779083  0.000000  1.0
    0.120754   -0.777083  0.000000  1.0
    0.120754   -0.775083  0.000000  1.0
    0.120754   -0.773083  0.000000  1.0
    0.120754   -0.771083  0.000000  1.0
    0.120754   -0.769083  0.000000  1.0
    0.120754   -0.767083  0.000000  1.0
    0.120754   -0.765083  0.000000  1.0
    0.120754   -0.763083  0.000000  1.0
    0.120754   -0.761083  0.000000  1.0
    0.120754   -0.759083  0.000000  1.0
    0.120754   -0.757083  0.000000  1.0
    0.120754   -0.755083  0.000000  1.0
    0.120754   -0.753083  0.000000  1.0
    0.120754   -0.751083  0.000000  1.0
    0.120754   -0.749083  0.000000  1.0
    0.120754   -0.747083  0.000000  1.0
    0.120754   -0.745083  0.000000  1.0
    0.120754   -0.743083  0.000000  1.0
    0.120754   -0.741083  0.000000  1.0
    0.120754   -0.739083  0.000000  1.0
    0.120754   -0.737083  0.000000  1.0
    0.120754   -0.735083  0.000000  1.0
    0.120754   -0.733083  0.000000  1.0
    0.120754   -0.731083  0.000000  1.0
    0.120754   -0.729083  0.000000  1.0
    0.120754   -0.727083  0.000000  1.0
    0.120754   -0.725083  0.000000  1.0
    0.120754   -0.723083  0.000000  1.0
    0.120754   -0.721083  0.000000  1.0
    0.120754   -0.719083  0.000000  1.0
    0.120754   -0.717083  0.000000  1.0
    0.120754   -0.715083  0.000000  1.0
    0.120754   -0.713083  0.000000  1.0
    0.120754   -0.711083  0.000000  1.0
    0.120754   -0.709083  0.000000  1.0
    0.122754   -0.789083  0.000000  1.0
    0.122754   -0.787083  0.000000  1.0
    0.122754   -0.785083  0.000000  1.0
    0.122754   -0.783083  0.000000  1.0
    0.122754   -0.781083  0.000000  1.0
    0.122754   -0.779083  0.000000  1.0
    0.122754   -0.777083  0.000000  1.0
    0.122754   -0.775083  0.000000  1.0
    0.122754   -0.773083  0.000000  1.0
    0.122754   -0.771083  0.000000  1.0
    0.122754   -0.769083  0.000000  1.0
    0.122754   -0.767083  0.000000  1.0
    0.122754   -0.765083  0.000000  1.0
    0.122754   -0.763083  0.000000  1.0
    0.122754   -0.761083  0.000000  1.0
    0.122754   -0.759083  0.000000  1.0
    0.122754   -0.757083  0.000000  1.0
    0.122754   -0.755083  0.000000  1.0
    0.122754   -0.753083  0.000000  1.0
    0.122754   -0.751083  0.000000  1.0
    0.122754   -0.749083  0.000000  1.0
    0.122754   -0.747083  0.000000  1.0
    0.122754   -0.745083  0.000000  1.0
    0.122754   -0.743083  0.000000  1.0
    0.122754   -0.741083  0.000000  1.0
    0.122754   -0.739083  0.000000  1.0
    0.122754   -0.737083  0.000000  1.0
    0.122754   -0.735083  0.000000  1.0
    0.122754   -0.733083  0.000000  1.0
    0.122754   -0.731083  0.000000  1.0
    0.122754   -0.729083  0.000000  1.0
    0.122754   -0.727083  0.000000  1.0
    0.122754   -0.725083  0.000000  1.0
    0.122754   -0.723083  0.000000  1.0
    0.122754   -0.721083  0.000000  1.0
    0.122754   -0.719083  0.000000  1.0
    0.122754   -0.717083  0.000000  1.0
    0.122754   -0.715083  0.000000  1.0
    0.122754   -0.713083  0.000000  1.0
    0.122754   -0.711083  0.000000  1.0
    0.122754   -0.709083  0.000000  1.0
    0.124754   -0.789083  0.000000  1.0
    0.124754   -0.787083  0.000000  1.0
    0.124754   -0.785083  0.000000  1.0
    0.124754   -0.783083  0.000000  1.0
    0.124754   -0.781083  0.000000  1.0
    0.124754   -0.779083  0.000000  1.0
    0.124754   -0.777083  0.000000  1.0
    0.124754   -0.775083  0.000000  1.0
    0.124754   -0.773083  0.000000  1.0
    0.124754   -0.771083  0.000000  1.0
    0.124754   -0.769083  0.000000  1.0
    0.124754   -0.767083  0.000000  1.0
    0.124754   -0.765083  0.000000  1.0
    0.124754   -0.763083  0.000000  1.0
    0.124754   -0.761083  0.000000  1.0
    0.124754   -0.759083  0.000000  1.0
    0.124754   -0.757083  0.000000  1.0
    0.124754   -0.755083  0.000000  1.0
    0.124754   -0.753083  0.000000  1.0
    0.124754   -0.751083  0.000000  1.0
    0.124754   -0.749083  0.000000  1.0
    0.124754   -0.747083  0.000000  1.0
    0.124754   -0.745083  0.000000  1.0
    0.124754   -0.743083  0.000000  1.0
    0.124754   -0.741083  0.000000  1.0
    0.124754   -0.739083  0.000000  1.0
    0.124754   -0.737083  0.000000  1.0
    0.124754   -0.735083  0.000000  1.0
    0.124754   -0.733083  0.000000  1.0
    0.124754   -0.731083  0.000000  1.0
    0.124754   -0.729083  0.000000  1.0
    0.124754   -0.727083  0.000000  1.0
    0.124754   -0.725083  0.000000  1.0
    0.124754   -0.723083  0.000000  1.0
    0.124754   -0.721083  0.000000  1.0
    0.124754   -0.719083  0.000000  1.0
    0.124754   -0.717083  0.000000  1.0
    0.124754   -0.715083  0.000000  1.0
    0.124754   -0.713083  0.000000  1.0
    0.124754   -0.711083  0.000000  1.0
    0.124754   -0.709083  0.000000  1.0
    0.126754   -0.789083  0.000000  1.0
    0.126754   -0.787083  0.000000  1.0
    0.126754   -0.785083  0.000000  1.0
    0.126754   -0.783083  0.000000  1.0
    0.126754   -0.781083  0.000000  1.0
    0.126754   -0.779083  0.000000  1.0
    0.126754   -0.777083  0.000000  1.0
    0.126754   -0.775083  0.000000  1.0
    0.126754   -0.773083  0.000000  1.0
    0.126754   -0.771083  0.000000  1.0
    0.126754   -0.769083  0.000000  1.0
    0.126754   -0.767083  0.000000  1.0
    0.126754   -0.765083  0.000000  1.0
    0.126754   -0.763083  0.000000  1.0
    0.126754   -0.761083  0.000000  1.0
    0.126754   -0.759083  0.000000  1.0
    0.126754   -0.757083  0.000000  1.0
    0.126754   -0.755083  0.000000  1.0
    0.126754   -0.753083  0.000000  1.0
    0.126754   -0.751083  0.000000  1.0
    0.126754   -0.749083  0.000000  1.0
    0.126754   -0.747083  0.000000  1.0
    0.126754   -0.745083  0.000000  1.0
    0.126754   -0.743083  0.000000  1.0
    0.126754   -0.741083  0.000000  1.0
    0.126754   -0.739083  0.000000  1.0
    0.126754   -0.737083  0.000000  1.0
    0.126754   -0.735083  0.000000  1.0
    0.126754   -0.733083  0.000000  1.0
    0.126754   -0.731083  0.000000  1.0
    0.126754   -0.729083  0.000000  1.0
    0.126754   -0.727083  0.000000  1.0
    0.126754   -0.725083  0.000000  1.0
    0.126754   -0.723083  0.000000  1.0
    0.126754   -0.721083  0.000000  1.0
    0.126754   -0.719083  0.000000  1.0
    0.126754   -0.717083  0.000000  1.0
    0.126754   -0.715083  0.000000  1.0
    0.126754   -0.713083  0.000000  1.0
    0.126754   -0.711083  0.000000  1.0
    0.126754   -0.709083  0.000000  1.0
    0.128754   -0.789083  0.000000  1.0
    0.128754   -0.787083  0.000000  1.0
    0.128754   -0.785083  0.000000  1.0
    0.128754   -0.783083  0.000000  1.0
    0.128754   -0.781083  0.000000  1.0
    0.128754   -0.779083  0.000000  1.0
    0.128754   -0.777083  0.000000  1.0
    0.128754   -0.775083  0.000000  1.0
    0.128754   -0.773083  0.000000  1.0
    0.128754   -0.771083  0.000000  1.0
    0.128754   -0.769083  0.000000  1.0
    0.128754   -0.767083  0.000000  1.0
    0.128754   -0.765083  0.000000  1.0
    0.128754   -0.763083  0.000000  1.0
    0.128754   -0.761083  0.000000  1.0
    0.128754   -0.759083  0.000000  1.0
    0.128754   -0.757083  0.000000  1.0
    0.128754   -0.755083  0.000000  1.0
    0.128754   -0.753083  0.000000  1.0
    0.128754   -0.751083  0.000000  1.0
    0.128754   -0.749083  0.000000  1.0
    0.128754   -0.747083  0.000000  1.0
    0.128754   -0.745083  0.000000  1.0
    0.128754   -0.743083  0.000000  1.0
    0.128754   -0.741083  0.000000  1.0
    0.128754   -0.739083  0.000000  1.0
    0.128754   -0.737083  0.000000  1.0
    0.128754   -0.735083  0.000000  1.0
    0.128754   -0.733083  0.000000  1.0
    0.128754   -0.731083  0.000000  1.0
    0.128754   -0.729083  0.000000  1.0
    0.128754   -0.727083  0.000000  1.0
    0.128754   -0.725083  0.000000  1.0
    0.128754   -0.723083  0.000000  1.0
    0.128754   -0.721083  0.000000  1.0
    0.128754   -0.719083  0.000000  1.0
    0.128754   -0.717083  0.000000  1.0
    0.128754   -0.715083  0.000000  1.0
    0.128754   -0.713083  0.000000  1.0
    0.128754   -0.711083  0.000000  1.0
    0.128754   -0.709083  0.000000  1.0
    0.130754   -0.789083  0.000000  1.0
    0.130754   -0.787083  0.000000  1.0
    0.130754   -0.785083  0.000000  1.0
    0.130754   -0.783083  0.000000  1.0
    0.130754   -0.781083  0.000000  1.0
    0.130754   -0.779083  0.000000  1.0
    0.130754   -0.777083  0.000000  1.0
    0.130754   -0.775083  0.000000  1.0
    0.130754   -0.773083  0.000000  1.0
    0.130754   -0.771083  0.000000  1.0
    0.130754   -0.769083  0.000000  1.0
    0.130754   -0.767083  0.000000  1.0
    0.130754   -0.765083  0.000000  1.0
    0.130754   -0.763083  0.000000  1.0
    0.130754   -0.761083  0.000000  1.0
    0.130754   -0.759083  0.000000  1.0
    0.130754   -0.757083  0.000000  1.0
    0.130754   -0.755083  0.000000  1.0
    0.130754   -0.753083  0.000000  1.0
    0.130754   -0.751083  0.000000  1.0
    0.130754   -0.749083  0.000000  1.0
    0.130754   -0.747083  0.000000  1.0
    0.130754   -0.745083  0.000000  1.0
    0.130754   -0.743083  0.000000  1.0
    0.130754   -0.741083  0.000000  1.0
    0.130754   -0.739083  0.000000  1.0
    0.130754   -0.737083  0.000000  1.0
    0.130754   -0.735083  0.000000  1.0
    0.130754   -0.733083  0.000000  1.0
    0.130754   -0.731083  0.000000  1.0
    0.130754   -0.729083  0.000000  1.0
    0.130754   -0.727083  0.000000  1.0
    0.130754   -0.725083  0.000000  1.0
    0.130754   -0.723083  0.000000  1.0
    0.130754   -0.721083  0.000000  1.0
    0.130754   -0.719083  0.000000  1.0
    0.130754   -0.717083  0.000000  1.0
    0.130754   -0.715083  0.000000  1.0
    0.130754   -0.713083  0.000000  1.0
    0.130754   -0.711083  0.000000  1.0
    0.130754   -0.709083  0.000000  1.0
    0.132754   -0.789083  0.000000  1.0
    0.132754   -0.787083  0.000000  1.0
    0.132754   -0.785083  0.000000  1.0
    0.132754   -0.783083  0.000000  1.0
    0.132754   -0.781083  0.000000  1.0
    0.132754   -0.779083  0.000000  1.0
    0.132754   -0.777083  0.000000  1.0
    0.132754   -0.775083  0.000000  1.0
    0.132754   -0.773083  0.000000  1.0
    0.132754   -0.771083  0.000000  1.0
    0.132754   -0.769083  0.000000  1.0
    0.132754   -0.767083  0.000000  1.0
    0.132754   -0.765083  0.000000  1.0
    0.132754   -0.763083  0.000000  1.0
    0.132754   -0.761083  0.000000  1.0
    0.132754   -0.759083  0.000000  1.0
    0.132754   -0.757083  0.000000  1.0
    0.132754   -0.755083  0.000000  1.0
    0.132754   -0.753083  0.000000  1.0
    0.132754   -0.751083  0.000000  1.0
    0.132754   -0.749083  0.000000  1.0
    0.132754   -0.747083  0.000000  1.0
    0.132754   -0.745083  0.000000  1.0
    0.132754   -0.743083  0.000000  1.0
    0.132754   -0.741083  0.000000  1.0
    0.132754   -0.739083  0.000000  1.0
    0.132754   -0.737083  0.000000  1.0
    0.132754   -0.735083  0.000000  1.0
    0.132754   -0.733083  0.000000  1.0
    0.132754   -0.731083  0.000000  1.0
    0.132754   -0.729083  0.000000  1.0
    0.132754   -0.727083  0.000000  1.0
    0.132754   -0.725083  0.000000  1.0
    0.132754   -0.723083  0.000000  1.0
    0.132754   -0.721083  0.000000  1.0
    0.132754   -0.719083  0.000000  1.0
    0.132754   -0.717083  0.000000  1.0
    0.132754   -0.715083  0.000000  1.0
    0.132754   -0.713083  0.000000  1.0
    0.132754   -0.711083  0.000000  1.0
    0.132754   -0.709083  0.000000  1.0
    0.134754   -0.789083  0.000000  1.0
    0.134754   -0.787083  0.000000  1.0
    0.134754   -0.785083  0.000000  1.0
    0.134754   -0.783083  0.000000  1.0
    0.134754   -0.781083  0.000000  1.0
    0.134754   -0.779083  0.000000  1.0
    0.134754   -0.777083  0.000000  1.0
    0.134754   -0.775083  0.000000  1.0
    0.134754   -0.773083  0.000000  1.0
    0.134754   -0.771083  0.000000  1.0
    0.134754   -0.769083  0.000000  1.0
    0.134754   -0.767083  0.000000  1.0
    0.134754   -0.765083  0.000000  1.0
    0.134754   -0.763083  0.000000  1.0
    0.134754   -0.761083  0.000000  1.0
    0.134754   -0.759083  0.000000  1.0
    0.134754   -0.757083  0.000000  1.0
    0.134754   -0.755083  0.000000  1.0
    0.134754   -0.753083  0.000000  1.0
    0.134754   -0.751083  0.000000  1.0
    0.134754   -0.749083  0.000000  1.0
    0.134754   -0.747083  0.000000  1.0
    0.134754   -0.745083  0.000000  1.0
    0.134754   -0.743083  0.000000  1.0
    0.134754   -0.741083  0.000000  1.0
    0.134754   -0.739083  0.000000  1.0
    0.134754   -0.737083  0.000000  1.0
    0.134754   -0.735083  0.000000  1.0
    0.134754   -0.733083  0.000000  1.0
    0.134754   -0.731083  0.000000  1.0
    0.134754   -0.729083  0.000000  1.0
    0.134754   -0.727083  0.000000  1.0
    0.134754   -0.725083  0.000000  1.0
    0.134754   -0.723083  0.000000  1.0
    0.134754   -0.721083  0.000000  1.0
    0.134754   -0.719083  0.000000  1.0
    0.134754   -0.717083  0.000000  1.0
    0.134754   -0.715083  0.000000  1.0
    0.134754   -0.713083  0.000000  1.0
    0.134754   -0.711083  0.000000  1.0
    0.134754   -0.709083  0.000000  1.0
    0.136754   -0.789083  0.000000  1.0
    0.136754   -0.787083  0.000000  1.0
    0.136754   -0.785083  0.000000  1.0
    0.136754   -0.783083  0.000000  1.0
    0.136754   -0.781083  0.000000  1.0
    0.136754   -0.779083  0.000000  1.0
    0.136754   -0.777083  0.000000  1.0
    0.136754   -0.775083  0.000000  1.0
    0.136754   -0.773083  0.000000  1.0
    0.136754   -0.771083  0.000000  1.0
    0.136754   -0.769083  0.000000  1.0
    0.136754   -0.767083  0.000000  1.0
    0.136754   -0.765083  0.000000  1.0
    0.136754   -0.763083  0.000000  1.0
    0.136754   -0.761083  0.000000  1.0
    0.136754   -0.759083  0.000000  1.0
    0.136754   -0.757083  0.000000  1.0
    0.136754   -0.755083  0.000000  1.0
    0.136754   -0.753083  0.000000  1.0
    0.136754   -0.751083  0.000000  1.0
    0.136754   -0.749083  0.000000  1.0
    0.136754   -0.747083  0.000000  1.0
    0.136754   -0.745083  0.000000  1.0
    0.136754   -0.743083  0.000000  1.0
    0.136754   -0.741083  0.000000  1.0
    0.136754   -0.739083  0.000000  1.0
    0.136754   -0.737083  0.000000  1.0
    0.136754   -0.735083  0.000000  1.0
    0.136754   -0.733083  0.000000  1.0
    0.136754   -0.731083  0.000000  1.0
    0.136754   -0.729083  0.000000  1.0
    0.136754   -0.727083  0.000000  1.0
    0.136754   -0.725083  0.000000  1.0
    0.136754   -0.723083  0.000000  1.0
    0.136754   -0.721083  0.000000  1.0
    0.136754   -0.719083  0.000000  1.0
    0.136754   -0.717083  0.000000  1.0
    0.136754   -0.715083  0.000000  1.0
    0.136754   -0.713083  0.000000  1.0
    0.136754   -0.711083  0.000000  1.0
    0.136754   -0.709083  0.000000  1.0
    0.138754   -0.789083  0.000000  1.0
    0.138754   -0.787083  0.000000  1.0
    0.138754   -0.785083  0.000000  1.0
    0.138754   -0.783083  0.000000  1.0
    0.138754   -0.781083  0.000000  1.0
    0.138754   -0.779083  0.000000  1.0
    0.138754   -0.777083  0.000000  1.0
    0.138754   -0.775083  0.000000  1.0
    0.138754   -0.773083  0.000000  1.0
    0.138754   -0.771083  0.000000  1.0
    0.138754   -0.769083  0.000000  1.0
    0.138754   -0.767083  0.000000  1.0
    0.138754   -0.765083  0.000000  1.0
    0.138754   -0.763083  0.000000  1.0
    0.138754   -0.761083  0.000000  1.0
    0.138754   -0.759083  0.000000  1.0
    0.138754   -0.757083  0.000000  1.0
    0.138754   -0.755083  0.000000  1.0
    0.138754   -0.753083  0.000000  1.0
    0.138754   -0.751083  0.000000  1.0
    0.138754   -0.749083  0.000000  1.0
    0.138754   -0.747083  0.000000  1.0
    0.138754   -0.745083  0.000000  1.0
    0.138754   -0.743083  0.000000  1.0
    0.138754   -0.741083  0.000000  1.0
    0.138754   -0.739083  0.000000  1.0
    0.138754   -0.737083  0.000000  1.0
    0.138754   -0.735083  0.000000  1.0
    0.138754   -0.733083  0.000000  1.0
    0.138754   -0.731083  0.000000  1.0
    0.138754   -0.729083  0.000000  1.0
    0.138754   -0.727083  0.000000  1.0
    0.138754   -0.725083  0.000000  1.0
    0.138754   -0.723083  0.000000  1.0
    0.138754   -0.721083  0.000000  1.0
    0.138754   -0.719083  0.000000  1.0
    0.138754   -0.717083  0.000000  1.0
    0.138754   -0.715083  0.000000  1.0
    0.138754   -0.713083  0.000000  1.0
    0.138754   -0.711083  0.000000  1.0
    0.138754   -0.709083  0.000000  1.0
    0.140754   -0.789083  0.000000  1.0
    0.140754   -0.787083  0.000000  1.0
    0.140754   -0.785083  0.000000  1.0
    0.140754   -0.783083  0.000000  1.0
    0.140754   -0.781083  0.000000  1.0
    0.140754   -0.779083  0.000000  1.0
    0.140754   -0.777083  0.000000  1.0
    0.140754   -0.775083  0.000000  1.0
    0.140754   -0.773083  0.000000  1.0
    0.140754   -0.771083  0.000000  1.0
    0.140754   -0.769083  0.000000  1.0
    0.140754   -0.767083  0.000000  1.0
    0.140754   -0.765083  0.000000  1.0
    0.140754   -0.763083  0.000000  1.0
    0.140754   -0.761083  0.000000  1.0
    0.140754   -0.759083  0.000000  1.0
    0.140754   -0.757083  0.000000  1.0
    0.140754   -0.755083  0.000000  1.0
    0.140754   -0.753083  0.000000  1.0
    0.140754   -0.751083  0.000000  1.0
    0.140754   -0.749083  0.000000  1.0
    0.140754   -0.747083  0.000000  1.0
    0.140754   -0.745083  0.000000  1.0
    0.140754   -0.743083  0.000000  1.0
    0.140754   -0.741083  0.000000  1.0
    0.140754   -0.739083  0.000000  1.0
    0.140754   -0.737083  0.000000  1.0
    0.140754   -0.735083  0.000000  1.0
    0.140754   -0.733083  0.000000  1.0
    0.140754   -0.731083  0.000000  1.0
    0.140754   -0.729083  0.000000  1.0
    0.140754   -0.727083  0.000000  1.0
    0.140754   -0.725083  0.000000  1.0
    0.140754   -0.723083  0.000000  1.0
    0.140754   -0.721083  0.000000  1.0
    0.140754   -0.719083  0.000000  1.0
    0.140754   -0.717083  0.000000  1.0
    0.140754   -0.715083  0.000000  1.0
    0.140754   -0.713083  0.000000  1.0
    0.140754   -0.711083  0.000000  1.0
    0.140754   -0.709083  0.000000  1.0
    0.142754   -0.789083  0.000000  1.0
    0.142754   -0.787083  0.000000  1.0
    0.142754   -0.785083  0.000000  1.0
    0.142754   -0.783083  0.000000  1.0
    0.142754   -0.781083  0.000000  1.0
    0.142754   -0.779083  0.000000  1.0
    0.142754   -0.777083  0.000000  1.0
    0.142754   -0.775083  0.000000  1.0
    0.142754   -0.773083  0.000000  1.0
    0.142754   -0.771083  0.000000  1.0
    0.142754   -0.769083  0.000000  1.0
    0.142754   -0.767083  0.000000  1.0
    0.142754   -0.765083  0.000000  1.0
    0.142754   -0.763083  0.000000  1.0
    0.142754   -0.761083  0.000000  1.0
    0.142754   -0.759083  0.000000  1.0
    0.142754   -0.757083  0.000000  1.0
    0.142754   -0.755083  0.000000  1.0
    0.142754   -0.753083  0.000000  1.0
    0.142754   -0.751083  0.000000  1.0
    0.142754   -0.749083  0.000000  1.0
    0.142754   -0.747083  0.000000  1.0
    0.142754   -0.745083  0.000000  1.0
    0.142754   -0.743083  0.000000  1.0
    0.142754   -0.741083  0.000000  1.0
    0.142754   -0.739083  0.000000  1.0
    0.142754   -0.737083  0.000000  1.0
    0.142754   -0.735083  0.000000  1.0
    0.142754   -0.733083  0.000000  1.0
    0.142754   -0.731083  0.000000  1.0
    0.142754   -0.729083  0.000000  1.0
    0.142754   -0.727083  0.000000  1.0
    0.142754   -0.725083  0.000000  1.0
    0.142754   -0.723083  0.000000  1.0
    0.142754   -0.721083  0.000000  1.0
    0.142754   -0.719083  0.000000  1.0
    0.142754   -0.717083  0.000000  1.0
    0.142754   -0.715083  0.000000  1.0
    0.142754   -0.713083  0.000000  1.0
    0.142754   -0.711083  0.000000  1.0
    0.142754   -0.709083  0.000000  1.0
    0.144754   -0.789083  0.000000  1.0
    0.144754   -0.787083  0.000000  1.0
    0.144754   -0.785083  0.000000  1.0
    0.144754   -0.783083  0.000000  1.0
    0.144754   -0.781083  0.000000  1.0
    0.144754   -0.779083  0.000000  1.0
    0.144754   -0.777083  0.000000  1.0
    0.144754   -0.775083  0.000000  1.0
    0.144754   -0.773083  0.000000  1.0
    0.144754   -0.771083  0.000000  1.0
    0.144754   -0.769083  0.000000  1.0
    0.144754   -0.767083  0.000000  1.0
    0.144754   -0.765083  0.000000  1.0
    0.144754   -0.763083  0.000000  1.0
    0.144754   -0.761083  0.000000  1.0
    0.144754   -0.759083  0.000000  1.0
    0.144754   -0.757083  0.000000  1.0
    0.144754   -0.755083  0.000000  1.0
    0.144754   -0.753083  0.000000  1.0
    0.144754   -0.751083  0.000000  1.0
    0.144754   -0.749083  0.000000  1.0
    0.144754   -0.747083  0.000000  1.0
    0.144754   -0.745083  0.000000  1.0
    0.144754   -0.743083  0.000000  1.0
    0.144754   -0.741083  0.000000  1.0
    0.144754   -0.739083  0.000000  1.0
    0.144754   -0.737083  0.000000  1.0
    0.144754   -0.735083  0.000000  1.0
    0.144754   -0.733083  0.000000  1.0
    0.144754   -0.731083  0.000000  1.0
    0.144754   -0.729083  0.000000  1.0
    0.144754   -0.727083  0.000000  1.0
    0.144754   -0.725083  0.000000  1.0
    0.144754   -0.723083  0.000000  1.0
    0.144754   -0.721083  0.000000  1.0
    0.144754   -0.719083  0.000000  1.0
    0.144754   -0.717083  0.000000  1.0
    0.144754   -0.715083  0.000000  1.0
    0.144754   -0.713083  0.000000  1.0
    0.144754   -0.711083  0.000000  1.0
    0.144754   -0.709083  0.000000  1.0
    0.146754   -0.789083  0.000000  1.0
    0.146754   -0.787083  0.000000  1.0
    0.146754   -0.785083  0.000000  1.0
    0.146754   -0.783083  0.000000  1.0
    0.146754   -0.781083  0.000000  1.0
    0.146754   -0.779083  0.000000  1.0
    0.146754   -0.777083  0.000000  1.0
    0.146754   -0.775083  0.000000  1.0
    0.146754   -0.773083  0.000000  1.0
    0.146754   -0.771083  0.000000  1.0
    0.146754   -0.769083  0.000000  1.0
    0.146754   -0.767083  0.000000  1.0
    0.146754   -0.765083  0.000000  1.0
    0.146754   -0.763083  0.000000  1.0
    0.146754   -0.761083  0.000000  1.0
    0.146754   -0.759083  0.000000  1.0
    0.146754   -0.757083  0.000000  1.0
    0.146754   -0.755083  0.000000  1.0
    0.146754   -0.753083  0.000000  1.0
    0.146754   -0.751083  0.000000  1.0
    0.146754   -0.749083  0.000000  1.0
    0.146754   -0.747083  0.000000  1.0
    0.146754   -0.745083  0.000000  1.0
    0.146754   -0.743083  0.000000  1.0
    0.146754   -0.741083  0.000000  1.0
    0.146754   -0.739083  0.000000  1.0
    0.146754   -0.737083  0.000000  1.0
    0.146754   -0.735083  0.000000  1.0
    0.146754   -0.733083  0.000000  1.0
    0.146754   -0.731083  0.000000  1.0
    0.146754   -0.729083  0.000000  1.0
    0.146754   -0.727083  0.000000  1.0
    0.146754   -0.725083  0.000000  1.0
    0.146754   -0.723083  0.000000  1.0
    0.146754   -0.721083  0.000000  1.0
    0.146754   -0.719083  0.000000  1.0
    0.146754   -0.717083  0.000000  1.0
    0.146754   -0.715083  0.000000  1.0
    0.146754   -0.713083  0.000000  1.0
    0.146754   -0.711083  0.000000  1.0
    0.146754   -0.709083  0.000000  1.0
    0.148754   -0.789083  0.000000  1.0
    0.148754   -0.787083  0.000000  1.0
    0.148754   -0.785083  0.000000  1.0
    0.148754   -0.783083  0.000000  1.0
    0.148754   -0.781083  0.000000  1.0
    0.148754   -0.779083  0.000000  1.0
    0.148754   -0.777083  0.000000  1.0
    0.148754   -0.775083  0.000000  1.0
    0.148754   -0.773083  0.000000  1.0
    0.148754   -0.771083  0.000000  1.0
    0.148754   -0.769083  0.000000  1.0
    0.148754   -0.767083  0.000000  1.0
    0.148754   -0.765083  0.000000  1.0
    0.148754   -0.763083  0.000000  1.0
    0.148754   -0.761083  0.000000  1.0
    0.148754   -0.759083  0.000000  1.0
    0.148754   -0.757083  0.000000  1.0
    0.148754   -0.755083  0.000000  1.0
    0.148754   -0.753083  0.000000  1.0
    0.148754   -0.751083  0.000000  1.0
    0.148754   -0.749083  0.000000  1.0
    0.148754   -0.747083  0.000000  1.0
    0.148754   -0.745083  0.000000  1.0
    0.148754   -0.743083  0.000000  1.0
    0.148754   -0.741083  0.000000  1.0
    0.148754   -0.739083  0.000000  1.0
    0.148754   -0.737083  0.000000  1.0
    0.148754   -0.735083  0.000000  1.0
    0.148754   -0.733083  0.000000  1.0
    0.148754   -0.731083  0.000000  1.0
    0.148754   -0.729083  0.000000  1.0
    0.148754   -0.727083  0.000000  1.0
    0.148754   -0.725083  0.000000  1.0
    0.148754   -0.723083  0.000000  1.0
    0.148754   -0.721083  0.000000  1.0
    0.148754   -0.719083  0.000000  1.0
    0.148754   -0.717083  0.000000  1.0
    0.148754   -0.715083  0.000000  1.0
    0.148754   -0.713083  0.000000  1.0
    0.148754   -0.711083  0.000000  1.0
    0.148754   -0.709083  0.000000  1.0
    0.150754   -0.789083  0.000000  1.0
    0.150754   -0.787083  0.000000  1.0
    0.150754   -0.785083  0.000000  1.0
    0.150754   -0.783083  0.000000  1.0
    0.150754   -0.781083  0.000000  1.0
    0.150754   -0.779083  0.000000  1.0
    0.150754   -0.777083  0.000000  1.0
    0.150754   -0.775083  0.000000  1.0
    0.150754   -0.773083  0.000000  1.0
    0.150754   -0.771083  0.000000  1.0
    0.150754   -0.769083  0.000000  1.0
    0.150754   -0.767083  0.000000  1.0
    0.150754   -0.765083  0.000000  1.0
    0.150754   -0.763083  0.000000  1.0
    0.150754   -0.761083  0.000000  1.0
    0.150754   -0.759083  0.000000  1.0
    0.150754   -0.757083  0.000000  1.0
    0.150754   -0.755083  0.000000  1.0
    0.150754   -0.753083  0.000000  1.0
    0.150754   -0.751083  0.000000  1.0
    0.150754   -0.749083  0.000000  1.0
    0.150754   -0.747083  0.000000  1.0
    0.150754   -0.745083  0.000000  1.0
    0.150754   -0.743083  0.000000  1.0
    0.150754   -0.741083  0.000000  1.0
    0.150754   -0.739083  0.000000  1.0
    0.150754   -0.737083  0.000000  1.0
    0.150754   -0.735083  0.000000  1.0
    0.150754   -0.733083  0.000000  1.0
    0.150754   -0.731083  0.000000  1.0
    0.150754   -0.729083  0.000000  1.0
    0.150754   -0.727083  0.000000  1.0
    0.150754   -0.725083  0.000000  1.0
    0.150754   -0.723083  0.000000  1.0
    0.150754   -0.721083  0.000000  1.0
    0.150754   -0.719083  0.000000  1.0
    0.150754   -0.717083  0.000000  1.0
    0.150754   -0.715083  0.000000  1.0
    0.150754   -0.713083  0.000000  1.0
    0.150754   -0.711083  0.000000  1.0
    0.150754   -0.709083  0.000000  1.0
    0.152754   -0.789083  0.000000  1.0
    0.152754   -0.787083  0.000000  1.0
    0.152754   -0.785083  0.000000  1.0
    0.152754   -0.783083  0.000000  1.0
    0.152754   -0.781083  0.000000  1.0
    0.152754   -0.779083  0.000000  1.0
    0.152754   -0.777083  0.000000  1.0
    0.152754   -0.775083  0.000000  1.0
    0.152754   -0.773083  0.000000  1.0
    0.152754   -0.771083  0.000000  1.0
    0.152754   -0.769083  0.000000  1.0
    0.152754   -0.767083  0.000000  1.0
    0.152754   -0.765083  0.000000  1.0
    0.152754   -0.763083  0.000000  1.0
    0.152754   -0.761083  0.000000  1.0
    0.152754   -0.759083  0.000000  1.0
    0.152754   -0.757083  0.000000  1.0
    0.152754   -0.755083  0.000000  1.0
    0.152754   -0.753083  0.000000  1.0
    0.152754   -0.751083  0.000000  1.0
    0.152754   -0.749083  0.000000  1.0
    0.152754   -0.747083  0.000000  1.0
    0.152754   -0.745083  0.000000  1.0
    0.152754   -0.743083  0.000000  1.0
    0.152754   -0.741083  0.000000  1.0
    0.152754   -0.739083  0.000000  1.0
    0.152754   -0.737083  0.000000  1.0
    0.152754   -0.735083  0.000000  1.0
    0.152754   -0.733083  0.000000  1.0
    0.152754   -0.731083  0.000000  1.0
    0.152754   -0.729083  0.000000  1.0
    0.152754   -0.727083  0.000000  1.0
    0.152754   -0.725083  0.000000  1.0
    0.152754   -0.723083  0.000000  1.0
    0.152754   -0.721083  0.000000  1.0
    0.152754   -0.719083  0.000000  1.0
    0.152754   -0.717083  0.000000  1.0
    0.152754   -0.715083  0.000000  1.0
    0.152754   -0.713083  0.000000  1.0
    0.152754   -0.711083  0.000000  1.0
    0.152754   -0.709083  0.000000  1.0
    0.154754   -0.789083  0.000000  1.0
    0.154754   -0.787083  0.000000  1.0
    0.154754   -0.785083  0.000000  1.0
    0.154754   -0.783083  0.000000  1.0
    0.154754   -0.781083  0.000000  1.0
    0.154754   -0.779083  0.000000  1.0
    0.154754   -0.777083  0.000000  1.0
    0.154754   -0.775083  0.000000  1.0
    0.154754   -0.773083  0.000000  1.0
    0.154754   -0.771083  0.000000  1.0
    0.154754   -0.769083  0.000000  1.0
    0.154754   -0.767083  0.000000  1.0
    0.154754   -0.765083  0.000000  1.0
    0.154754   -0.763083  0.000000  1.0
    0.154754   -0.761083  0.000000  1.0
    0.154754   -0.759083  0.000000  1.0
    0.154754   -0.757083  0.000000  1.0
    0.154754   -0.755083  0.000000  1.0
    0.154754   -0.753083  0.000000  1.0
    0.154754   -0.751083  0.000000  1.0
    0.154754   -0.749083  0.000000  1.0
    0.154754   -0.747083  0.000000  1.0
    0.154754   -0.745083  0.000000  1.0
    0.154754   -0.743083  0.000000  1.0
    0.154754   -0.741083  0.000000  1.0
    0.154754   -0.739083  0.000000  1.0
    0.154754   -0.737083  0.000000  1.0
    0.154754   -0.735083  0.000000  1.0
    0.154754   -0.733083  0.000000  1.0
    0.154754   -0.731083  0.000000  1.0
    0.154754   -0.729083  0.000000  1.0
    0.154754   -0.727083  0.000000  1.0
    0.154754   -0.725083  0.000000  1.0
    0.154754   -0.723083  0.000000  1.0
    0.154754   -0.721083  0.000000  1.0
    0.154754   -0.719083  0.000000  1.0
    0.154754   -0.717083  0.000000  1.0
    0.154754   -0.715083  0.000000  1.0
    0.154754   -0.713083  0.000000  1.0
    0.154754   -0.711083  0.000000  1.0
    0.154754   -0.709083  0.000000  1.0
