&CONTROL
  calculation = 'bands'
  prefix = 'graphene29.0zoom'
  outdir = './tmp'
  pseudo_dir = './'
  verbosity = 'high'
/
&SYSTEM
  ibrav = 0
  nat = 2
  ntyp = 1
  ecutwfc = 40.0
  nosym = .true.
  noinv = .true.
  nbnd = 8
/
&ELECTRONS
/
ATOMIC_SPECIES
  C  12.011 C.upf
CELL_PARAMETERS {bohr}
  5.967441  0.000000  0.000000
  2.983721  3.814472  0.000000
  0.000000  0.000000  28.346456
ATOMIC_POSITIONS {crystal}
  C  -0.000928  0.001855  0.000000
  C  0.334261  0.331478  0.000000
K_POINTS {tpiba}
1681
   -0.105574    0.703741  0.000000  1.0
   -0.105574    0.705741  0.000000  1.0
   -0.105574    0.707741  0.000000  1.0
   -0.105574    0.709741  0.000000  1.0
   -0.105574    0.711741  0.000000  1.0
   -0.105574    0.713741  0.000000  1.0
   -0.105574    0.715741  0.000000  1.0
   -0.105574    0.717741  0.000000  1.0
   -0.105574    0.719741  0.000000  1.0
   -0.105574    0.721741  0.000000  1.0
   -0.105574    0.723741  0.000000  1.0
   -0.105574    0.725741  0.000000  1.0
   -0.105574    0.727741  0.000000  1.0
   -0.105574    0.729741  0.000000  1.0
   -0.105574    0.731741  0.000000  1.0
   -0.105574    0.733741  0.000000  1.0
   -0.105574    0.735741  0.000000  1.0
   -0.105574    0.737741  0.000000  1.0
   -0.105574    0.739741  0.000000  1.0
   -0.105574    0.741741  0.000000  1.0
   -0.105574    0.743741  0.000000  1.0
   -0.105574    0.745741  0.000000  1.0
   -0.105574    0.747741  0.000000  1.0
   -0.105574    0.749741  0.000000  1.0
   -0.105574    0.751741  0.000000  1.0
   -0.105574    0.753741  0.000000  1.0
   -0.105574    0.755741  0.000000  1.0
   -0.105574    0.757741  0.000000  1.0
   -0.105574    0.759741  0.000000  1.0
   -0.105574    0.761741  0.000000  1.0
   -0.105574    0.763741  0.000000  1.0
   -0.105574    0.765741  0.000000  1.0
   -0.105574    0.767741  0.000000  1.0
   -0.105574    0.769741  0.000000  1.0
   -0.105574    0.771741  0.000000  1.0
   -0.105574    0.773741  0.000000  1.0
   -0.105574    0.775741  0.000000  1.0
   -0.105574    0.777741  0.000000  1.0
   -0.105574    0.779741  0.000000  1.0
   -0.105574    0.781741  0.000000  1.0
   -0.105574    0.783741  0.000000  1.0
   -0.103574    0.703741  0.000000  1.0
   -0.103574    0.705741  0.000000  1.0
   -0.103574    0.707741  0.000000  1.0
   -0.103574    0.709741  0.000000  1.0
   -0.103574    0.711741  0.000000  1.0
   -0.103574    0.713741  0.000000  1.0
   -0.103574    0.715741  0.000000  1.0
   -0.103574    0.717741  0.000000  1.0
   -0.103574    0.719741  0.000000  1.0
   -0.103574    0.721741  0.000000  1.0
   -0.103574    0.723741  0.000000  1.0
   -0.103574    0.725741  0.000000  1.0
   -0.103574    0.727741  0.000000  1.0
   -0.103574    0.729741  0.000000  1.0
   -0.103574    0.731741  0.000000  1.0
   -0.103574    0.733741  0.000000  1.0
   -0.103574    0.735741  0.000000  1.0
   -0.103574    0.737741  0.000000  1.0
   -0.103574    0.739741  0.000000  1.0
   -0.103574    0.741741  0.000000  1.0
   -0.103574    0.743741  0.000000  1.0
   -0.103574    0.745741  0.000000  1.0
   -0.103574    0.747741  0.000000  1.0
   -0.103574    0.749741  0.000000  1.0
   -0.103574    0.751741  0.000000  1.0
   -0.103574    0.753741  0.000000  1.0
   -0.103574    0.755741  0.000000  1.0
   -0.103574    0.757741  0.000000  1.0
   -0.103574    0.759741  0.000000  1.0
   -0.103574    0.761741  0.000000  1.0
   -0.103574    0.763741  0.000000  1.0
   -0.103574    0.765741  0.000000  1.0
   -0.103574    0.767741  0.000000  1.0
   -0.103574    0.769741  0.000000  1.0
   -0.103574    0.771741  0.000000  1.0
   -0.103574    0.773741  0.000000  1.0
   -0.103574    0.775741  0.000000  1.0
   -0.103574    0.777741  0.000000  1.0
   -0.103574    0.779741  0.000000  1.0
   -0.103574    0.781741  0.000000  1.0
   -0.103574    0.783741  0.000000  1.0
   -0.101574    0.703741  0.000000  1.0
   -0.101574    0.705741  0.000000  1.0
   -0.101574    0.707741  0.000000  1.0
   -0.101574    0.709741  0.000000  1.0
   -0.101574    0.711741  0.000000  1.0
   -0.101574    0.713741  0.000000  1.0
   -0.101574    0.715741  0.000000  1.0
   -0.101574    0.717741  0.000000  1.0
   -0.101574    0.719741  0.000000  1.0
   -0.101574    0.721741  0.000000  1.0
   -0.101574    0.723741  0.000000  1.0
   -0.101574    0.725741  0.000000  1.0
   -0.101574    0.727741  0.000000  1.0
   -0.101574    0.729741  0.000000  1.0
   -0.101574    0.731741  0.000000  1.0
   -0.101574    0.733741  0.000000  1.0
   -0.101574    0.735741  0.000000  1.0
   -0.101574    0.737741  0.000000  1.0
   -0.101574    0.739741  0.000000  1.0
   -0.101574    0.741741  0.000000  1.0
   -0.101574    0.743741  0.000000  1.0
   -0.101574    0.745741  0.000000  1.0
   -0.101574    0.747741  0.000000  1.0
   -0.101574    0.749741  0.000000  1.0
   -0.101574    0.751741  0.000000  1.0
   -0.101574    0.753741  0.000000  1.0
   -0.101574    0.755741  0.000000  1.0
   -0.101574    0.757741  0.000000  1.0
   -0.101574    0.759741  0.000000  1.0
   -0.101574    0.761741  0.000000  1.0
   -0.101574    0.763741  0.000000  1.0
   -0.101574    0.765741  0.000000  1.0
   -0.101574    0.767741  0.000000  1.0
   -0.101574    0.769741  0.000000  1.0
   -0.101574    0.771741  0.000000  1.0
   -0.101574    0.773741  0.000000  1.0
   -0.101574    0.775741  0.000000  1.0
   -0.101574    0.777741  0.000000  1.0
   -0.101574    0.779741  0.000000  1.0
   -0.101574    0.781741  0.000000  1.0
   -0.101574    0.783741  0.000000  1.0
   -0.099574    0.703741  0.000000  1.0
   -0.099574    0.705741  0.000000  1.0
   -0.099574    0.707741  0.000000  1.0
   -0.099574    0.709741  0.000000  1.0
   -0.099574    0.711741  0.000000  1.0
   -0.099574    0.713741  0.000000  1.0
   -0.099574    0.715741  0.000000  1.0
   -0.099574    0.717741  0.000000  1.0
   -0.099574    0.719741  0.000000  1.0
   -0.099574    0.721741  0.000000  1.0
   -0.099574    0.723741  0.000000  1.0
   -0.099574    0.725741  0.000000  1.0
   -0.099574    0.727741  0.000000  1.0
   -0.099574    0.729741  0.000000  1.0
   -0.099574    0.731741  0.000000  1.0
   -0.099574    0.733741  0.000000  1.0
   -0.099574    0.735741  0.000000  1.0
   -0.099574    0.737741  0.000000  1.0
   -0.099574    0.739741  0.000000  1.0
   -0.099574    0.741741  0.000000  1.0
   -0.099574    0.743741  0.000000  1.0
   -0.099574    0.745741  0.000000  1.0
   -0.099574    0.747741  0.000000  1.0
   -0.099574    0.749741  0.000000  1.0
   -0.099574    0.751741  0.000000  1.0
   -0.099574    0.753741  0.000000  1.0
   -0.099574    0.755741  0.000000  1.0
   -0.099574    0.757741  0.000000  1.0
   -0.099574    0.759741  0.000000  1.0
   -0.099574    0.761741  0.000000  1.0
   -0.099574    0.763741  0.000000  1.0
   -0.099574    0.765741  0.000000  1.0
   -0.099574    0.767741  0.000000  1.0
   -0.099574    0.769741  0.000000  1.0
   -0.099574    0.771741  0.000000  1.0
   -0.099574    0.773741  0.000000  1.0
   -0.099574    0.775741  0.000000  1.0
   -0.099574    0.777741  0.000000  1.0
   -0.099574    0.779741  0.000000  1.0
   -0.099574    0.781741  0.000000  1.0
   -0.099574    0.783741  0.000000  1.0
   -0.097574    0.703741  0.000000  1.0
   -0.097574    0.705741  0.000000  1.0
   -0.097574    0.707741  0.000000  1.0
   -0.097574    0.709741  0.000000  1.0
   -0.097574    0.711741  0.000000  1.0
   -0.097574    0.713741  0.000000  1.0
   -0.097574    0.715741  0.000000  1.0
   -0.097574    0.717741  0.000000  1.0
   -0.097574    0.719741  0.000000  1.0
   -0.097574    0.721741  0.000000  1.0
   -0.097574    0.723741  0.000000  1.0
   -0.097574    0.725741  0.000000  1.0
   -0.097574    0.727741  0.000000  1.0
   -0.097574    0.729741  0.000000  1.0
   -0.097574    0.731741  0.000000  1.0
   -0.097574    0.733741  0.000000  1.0
   -0.097574    0.735741  0.000000  1.0
   -0.097574    0.737741  0.000000  1.0
   -0.097574    0.739741  0.000000  1.0
   -0.097574    0.741741  0.000000  1.0
   -0.097574    0.743741  0.000000  1.0
   -0.097574    0.745741  0.000000  1.0
   -0.097574    0.747741  0.000000  1.0
   -0.097574    0.749741  0.000000  1.0
   -0.097574    0.751741  0.000000  1.0
   -0.097574    0.753741  0.000000  1.0
   -0.097574    0.755741  0.000000  1.0
   -0.097574    0.757741  0.000000  1.0
   -0.097574    0.759741  0.000000  1.0
   -0.097574    0.761741  0.000000  1.0
   -0.097574    0.763741  0.000000  1.0
   -0.097574    0.765741  0.000000  1.0
   -0.097574    0.767741  0.000000  1.0
   -0.097574    0.769741  0.000000  1.0
   -0.097574    0.771741  0.000000  1.0
   -0.097574    0.773741  0.000000  1.0
   -0.097574    0.775741  0.000000  1.0
   -0.097574    0.777741  0.000000  1.0
   -0.097574    0.779741  0.000000  1.0
   -0.097574    0.781741  0.000000  1.0
   -0.097574    0.783741  0.000000  1.0
   -0.095574    0.703741  0.000000  1.0
   -0.095574    0.705741  0.000000  1.0
   -0.095574    0.707741  0.000000  1.0
   -0.095574    0.709741  0.000000  1.0
   -0.095574    0.711741  0.000000  1.0
   -0.095574    0.713741  0.000000  1.0
   -0.095574    0.715741  0.000000  1.0
   -0.095574    0.717741  0.000000  1.0
   -0.095574    0.719741  0.000000  1.0
   -0.095574    0.721741  0.000000  1.0
   -0.095574    0.723741  0.000000  1.0
   -0.095574    0.725741  0.000000  1.0
   -0.095574    0.727741  0.000000  1.0
   -0.095574    0.729741  0.000000  1.0
   -0.095574    0.731741  0.000000  1.0
   -0.095574    0.733741  0.000000  1.0
   -0.095574    0.735741  0.000000  1.0
   -0.095574    0.737741  0.000000  1.0
   -0.095574    0.739741  0.000000  1.0
   -0.095574    0.741741  0.000000  1.0
   -0.095574    0.743741  0.000000  1.0
   -0.095574    0.745741  0.000000  1.0
   -0.095574    0.747741  0.000000  1.0
   -0.095574    0.749741  0.000000  1.0
   -0.095574    0.751741  0.000000  1.0
   -0.095574    0.753741  0.000000  1.0
   -0.095574    0.755741  0.000000  1.0
   -0.095574    0.757741  0.000000  1.0
   -0.095574    0.759741  0.000000  1.0
   -0.095574    0.761741  0.000000  1.0
   -0.095574    0.763741  0.000000  1.0
   -0.095574    0.765741  0.000000  1.0
   -0.095574    0.767741  0.000000  1.0
   -0.095574    0.769741  0.000000  1.0
   -0.095574    0.771741  0.000000  1.0
   -0.095574    0.773741  0.000000  1.0
   -0.095574    0.775741  0.000000  1.0
   -0.095574    0.777741  0.000000  1.0
   -0.095574    0.779741  0.000000  1.0
   -0.095574    0.781741  0.000000  1.0
   -0.095574    0.783741  0.000000  1.0
   -0.093574    0.703741  0.000000  1.0
   -0.093574    0.705741  0.000000  1.0
   -0.093574    0.707741  0.000000  1.0
   -0.093574    0.709741  0.000000  1.0
   -0.093574    0.711741  0.000000  1.0
   -0.093574    0.713741  0.000000  1.0
   -0.093574    0.715741  0.000000  1.0
   -0.093574    0.717741  0.000000  1.0
   -0.093574    0.719741  0.000000  1.0
   -0.093574    0.721741  0.000000  1.0
   -0.093574    0.723741  0.000000  1.0
   -0.093574    0.725741  0.000000  1.0
   -0.093574    0.727741  0.000000  1.0
   -0.093574    0.729741  0.000000  1.0
   -0.093574    0.731741  0.000000  1.0
   -0.093574    0.733741  0.000000  1.0
   -0.093574    0.735741  0.000000  1.0
   -0.093574    0.737741  0.000000  1.0
   -0.093574    0.739741  0.000000  1.0
   -0.093574    0.741741  0.000000  1.0
   -0.093574    0.743741  0.000000  1.0
   -0.093574    0.745741  0.000000  1.0
   -0.093574    0.747741  0.000000  1.0
   -0.093574    0.749741  0.000000  1.0
   -0.093574    0.751741  0.000000  1.0
   -0.093574    0.753741  0.000000  1.0
   -0.093574    0.755741  0.000000  1.0
   -0.093574    0.757741  0.000000  1.0
   -0.093574    0.759741  0.000000  1.0
   -0.093574    0.761741  0.000000  1.0
   -0.093574    0.763741  0.000000  1.0
   -0.093574    0.765741  0.000000  1.0
   -0.093574    0.767741  0.000000  1.0
   -0.093574    0.769741  0.000000  1.0
   -0.093574    0.771741  0.000000  1.0
   -0.093574    0.773741  0.000000  1.0
   -0.093574    0.775741  0.000000  1.0
   -0.093574    0.777741  0.000000  1.0
   -0.093574    0.779741  0.000000  1.0
   -0.093574    0.781741  0.000000  1.0
   -0.093574    0.783741  0.000000  1.0
   -0.091574    0.703741  0.000000  1.0
   -0.091574    0.705741  0.000000  1.0
   -0.091574    0.707741  0.000000  1.0
   -0.091574    0.709741  0.000000  1.0
   -0.091574    0.711741  0.000000  1.0
   -0.091574    0.713741  0.000000  1.0
   -0.091574    0.715741  0.000000  1.0
   -0.091574    0.717741  0.000000  1.0
   -0.091574    0.719741  0.000000  1.0
   -0.091574    0.721741  0.000000  1.0
   -0.091574    0.723741  0.000000  1.0
   -0.091574    0.725741  0.000000  1.0
   -0.091574    0.727741  0.000000  1.0
   -0.091574    0.729741  0.000000  1.0
   -0.091574    0.731741  0.000000  1.0
   -0.091574    0.733741  0.000000  1.0
   -0.091574    0.735741  0.000000  1.0
   -0.091574    0.737741  0.000000  1.0
   -0.091574    0.739741  0.000000  1.0
   -0.091574    0.741741  0.000000  1.0
   -0.091574    0.743741  0.000000  1.0
   -0.091574    0.745741  0.000000  1.0
   -0.091574    0.747741  0.000000  1.0
   -0.091574    0.749741  0.000000  1.0
   -0.091574    0.751741  0.000000  1.0
   -0.091574    0.753741  0.000000  1.0
   -0.091574    0.755741  0.000000  1.0
   -0.091574    0.757741  0.000000  1.0
   -0.091574    0.759741  0.000000  1.0
   -0.091574    0.761741  0.000000  1.0
   -0.091574    0.763741  0.000000  1.0
   -0.091574    0.765741  0.000000  1.0
   -0.091574    0.767741  0.000000  1.0
   -0.091574    0.769741  0.000000  1.0
   -0.091574    0.771741  0.000000  1.0
   -0.091574    0.773741  0.000000  1.0
   -0.091574    0.775741  0.000000  1.0
   -0.091574    0.777741  0.000000  1.0
   -0.091574    0.779741  0.000000  1.0
   -0.091574    0.781741  0.000000  1.0
   -0.091574    0.783741  0.000000  1.0
   -0.089574    0.703741  0.000000  1.0
   -0.089574    0.705741  0.000000  1.0
   -0.089574    0.707741  0.000000  1.0
   -0.089574    0.709741  0.000000  1.0
   -0.089574    0.711741  0.000000  1.0
   -0.089574    0.713741  0.000000  1.0
   -0.089574    0.715741  0.000000  1.0
   -0.089574    0.717741  0.000000  1.0
   -0.089574    0.719741  0.000000  1.0
   -0.089574    0.721741  0.000000  1.0
   -0.089574    0.723741  0.000000  1.0
   -0.089574    0.725741  0.000000  1.0
   -0.089574    0.727741  0.000000  1.0
   -0.089574    0.729741  0.000000  1.0
   -0.089574    0.731741  0.000000  1.0
   -0.089574    0.733741  0.000000  1.0
   -0.089574    0.735741  0.000000  1.0
   -0.089574    0.737741  0.000000  1.0
   -0.089574    0.739741  0.000000  1.0
   -0.089574    0.741741  0.000000  1.0
   -0.089574    0.743741  0.000000  1.0
   -0.089574    0.745741  0.000000  1.0
   -0.089574    0.747741  0.000000  1.0
   -0.089574    0.749741  0.000000  1.0
   -0.089574    0.751741  0.000000  1.0
   -0.089574    0.753741  0.000000  1.0
   -0.089574    0.755741  0.000000  1.0
   -0.089574    0.757741  0.000000  1.0
   -0.089574    0.759741  0.000000  1.0
   -0.089574    0.761741  0.000000  1.0
   -0.089574    0.763741  0.000000  1.0
   -0.089574    0.765741  0.000000  1.0
   -0.089574    0.767741  0.000000  1.0
   -0.089574    0.769741  0.000000  1.0
   -0.089574    0.771741  0.000000  1.0
   -0.089574    0.773741  0.000000  1.0
   -0.089574    0.775741  0.000000  1.0
   -0.089574    0.777741  0.000000  1.0
   -0.089574    0.779741  0.000000  1.0
   -0.089574    0.781741  0.000000  1.0
   -0.089574    0.783741  0.000000  1.0
   -0.087574    0.703741  0.000000  1.0
   -0.087574    0.705741  0.000000  1.0
   -0.087574    0.707741  0.000000  1.0
   -0.087574    0.709741  0.000000  1.0
   -0.087574    0.711741  0.000000  1.0
   -0.087574    0.713741  0.000000  1.0
   -0.087574    0.715741  0.000000  1.0
   -0.087574    0.717741  0.000000  1.0
   -0.087574    0.719741  0.000000  1.0
   -0.087574    0.721741  0.000000  1.0
   -0.087574    0.723741  0.000000  1.0
   -0.087574    0.725741  0.000000  1.0
   -0.087574    0.727741  0.000000  1.0
   -0.087574    0.729741  0.000000  1.0
   -0.087574    0.731741  0.000000  1.0
   -0.087574    0.733741  0.000000  1.0
   -0.087574    0.735741  0.000000  1.0
   -0.087574    0.737741  0.000000  1.0
   -0.087574    0.739741  0.000000  1.0
   -0.087574    0.741741  0.000000  1.0
   -0.087574    0.743741  0.000000  1.0
   -0.087574    0.745741  0.000000  1.0
   -0.087574    0.747741  0.000000  1.0
   -0.087574    0.749741  0.000000  1.0
   -0.087574    0.751741  0.000000  1.0
   -0.087574    0.753741  0.000000  1.0
   -0.087574    0.755741  0.000000  1.0
   -0.087574    0.757741  0.000000  1.0
   -0.087574    0.759741  0.000000  1.0
   -0.087574    0.761741  0.000000  1.0
   -0.087574    0.763741  0.000000  1.0
   -0.087574    0.765741  0.000000  1.0
   -0.087574    0.767741  0.000000  1.0
   -0.087574    0.769741  0.000000  1.0
   -0.087574    0.771741  0.000000  1.0
   -0.087574    0.773741  0.000000  1.0
   -0.087574    0.775741  0.000000  1.0
   -0.087574    0.777741  0.000000  1.0
   -0.087574    0.779741  0.000000  1.0
   -0.087574    0.781741  0.000000  1.0
   -0.087574    0.783741  0.000000  1.0
   -0.085574    0.703741  0.000000  1.0
   -0.085574    0.705741  0.000000  1.0
   -0.085574    0.707741  0.000000  1.0
   -0.085574    0.709741  0.000000  1.0
   -0.085574    0.711741  0.000000  1.0
   -0.085574    0.713741  0.000000  1.0
   -0.085574    0.715741  0.000000  1.0
   -0.085574    0.717741  0.000000  1.0
   -0.085574    0.719741  0.000000  1.0
   -0.085574    0.721741  0.000000  1.0
   -0.085574    0.723741  0.000000  1.0
   -0.085574    0.725741  0.000000  1.0
   -0.085574    0.727741  0.000000  1.0
   -0.085574    0.729741  0.000000  1.0
   -0.085574    0.731741  0.000000  1.0
   -0.085574    0.733741  0.000000  1.0
   -0.085574    0.735741  0.000000  1.0
   -0.085574    0.737741  0.000000  1.0
   -0.085574    0.739741  0.000000  1.0
   -0.085574    0.741741  0.000000  1.0
   -0.085574    0.743741  0.000000  1.0
   -0.085574    0.745741  0.000000  1.0
   -0.085574    0.747741  0.000000  1.0
   -0.085574    0.749741  0.000000  1.0
   -0.085574    0.751741  0.000000  1.0
   -0.085574    0.753741  0.000000  1.0
   -0.085574    0.755741  0.000000  1.0
   -0.085574    0.757741  0.000000  1.0
   -0.085574    0.759741  0.000000  1.0
   -0.085574    0.761741  0.000000  1.0
   -0.085574    0.763741  0.000000  1.0
   -0.085574    0.765741  0.000000  1.0
   -0.085574    0.767741  0.000000  1.0
   -0.085574    0.769741  0.000000  1.0
   -0.085574    0.771741  0.000000  1.0
   -0.085574    0.773741  0.000000  1.0
   -0.085574    0.775741  0.000000  1.0
   -0.085574    0.777741  0.000000  1.0
   -0.085574    0.779741  0.000000  1.0
   -0.085574    0.781741  0.000000  1.0
   -0.085574    0.783741  0.000000  1.0
   -0.083574    0.703741  0.000000  1.0
   -0.083574    0.705741  0.000000  1.0
   -0.083574    0.707741  0.000000  1.0
   -0.083574    0.709741  0.000000  1.0
   -0.083574    0.711741  0.000000  1.0
   -0.083574    0.713741  0.000000  1.0
   -0.083574    0.715741  0.000000  1.0
   -0.083574    0.717741  0.000000  1.0
   -0.083574    0.719741  0.000000  1.0
   -0.083574    0.721741  0.000000  1.0
   -0.083574    0.723741  0.000000  1.0
   -0.083574    0.725741  0.000000  1.0
   -0.083574    0.727741  0.000000  1.0
   -0.083574    0.729741  0.000000  1.0
   -0.083574    0.731741  0.000000  1.0
   -0.083574    0.733741  0.000000  1.0
   -0.083574    0.735741  0.000000  1.0
   -0.083574    0.737741  0.000000  1.0
   -0.083574    0.739741  0.000000  1.0
   -0.083574    0.741741  0.000000  1.0
   -0.083574    0.743741  0.000000  1.0
   -0.083574    0.745741  0.000000  1.0
   -0.083574    0.747741  0.000000  1.0
   -0.083574    0.749741  0.000000  1.0
   -0.083574    0.751741  0.000000  1.0
   -0.083574    0.753741  0.000000  1.0
   -0.083574    0.755741  0.000000  1.0
   -0.083574    0.757741  0.000000  1.0
   -0.083574    0.759741  0.000000  1.0
   -0.083574    0.761741  0.000000  1.0
   -0.083574    0.763741  0.000000  1.0
   -0.083574    0.765741  0.000000  1.0
   -0.083574    0.767741  0.000000  1.0
   -0.083574    0.769741  0.000000  1.0
   -0.083574    0.771741  0.000000  1.0
   -0.083574    0.773741  0.000000  1.0
   -0.083574    0.775741  0.000000  1.0
   -0.083574    0.777741  0.000000  1.0
   -0.083574    0.779741  0.000000  1.0
   -0.083574    0.781741  0.000000  1.0
   -0.083574    0.783741  0.000000  1.0
   -0.081574    0.703741  0.000000  1.0
   -0.081574    0.705741  0.000000  1.0
   -0.081574    0.707741  0.000000  1.0
   -0.081574    0.709741  0.000000  1.0
   -0.081574    0.711741  0.000000  1.0
   -0.081574    0.713741  0.000000  1.0
   -0.081574    0.715741  0.000000  1.0
   -0.081574    0.717741  0.000000  1.0
   -0.081574    0.719741  0.000000  1.0
   -0.081574    0.721741  0.000000  1.0
   -0.081574    0.723741  0.000000  1.0
   -0.081574    0.725741  0.000000  1.0
   -0.081574    0.727741  0.000000  1.0
   -0.081574    0.729741  0.000000  1.0
   -0.081574    0.731741  0.000000  1.0
   -0.081574    0.733741  0.000000  1.0
   -0.081574    0.735741  0.000000  1.0
   -0.081574    0.737741  0.000000  1.0
   -0.081574    0.739741  0.000000  1.0
   -0.081574    0.741741  0.000000  1.0
   -0.081574    0.743741  0.000000  1.0
   -0.081574    0.745741  0.000000  1.0
   -0.081574    0.747741  0.000000  1.0
   -0.081574    0.749741  0.000000  1.0
   -0.081574    0.751741  0.000000  1.0
   -0.081574    0.753741  0.000000  1.0
   -0.081574    0.755741  0.000000  1.0
   -0.081574    0.757741  0.000000  1.0
   -0.081574    0.759741  0.000000  1.0
   -0.081574    0.761741  0.000000  1.0
   -0.081574    0.763741  0.000000  1.0
   -0.081574    0.765741  0.000000  1.0
   -0.081574    0.767741  0.000000  1.0
   -0.081574    0.769741  0.000000  1.0
   -0.081574    0.771741  0.000000  1.0
   -0.081574    0.773741  0.000000  1.0
   -0.081574    0.775741  0.000000  1.0
   -0.081574    0.777741  0.000000  1.0
   -0.081574    0.779741  0.000000  1.0
   -0.081574    0.781741  0.000000  1.0
   -0.081574    0.783741  0.000000  1.0
   -0.079574    0.703741  0.000000  1.0
   -0.079574    0.705741  0.000000  1.0
   -0.079574    0.707741  0.000000  1.0
   -0.079574    0.709741  0.000000  1.0
   -0.079574    0.711741  0.000000  1.0
   -0.079574    0.713741  0.000000  1.0
   -0.079574    0.715741  0.000000  1.0
   -0.079574    0.717741  0.000000  1.0
   -0.079574    0.719741  0.000000  1.0
   -0.079574    0.721741  0.000000  1.0
   -0.079574    0.723741  0.000000  1.0
   -0.079574    0.725741  0.000000  1.0
   -0.079574    0.727741  0.000000  1.0
   -0.079574    0.729741  0.000000  1.0
   -0.079574    0.731741  0.000000  1.0
   -0.079574    0.733741  0.000000  1.0
   -0.079574    0.735741  0.000000  1.0
   -0.079574    0.737741  0.000000  1.0
   -0.079574    0.739741  0.000000  1.0
   -0.079574    0.741741  0.000000  1.0
   -0.079574    0.743741  0.000000  1.0
   -0.079574    0.745741  0.000000  1.0
   -0.079574    0.747741  0.000000  1.0
   -0.079574    0.749741  0.000000  1.0
   -0.079574    0.751741  0.000000  1.0
   -0.079574    0.753741  0.000000  1.0
   -0.079574    0.755741  0.000000  1.0
   -0.079574    0.757741  0.000000  1.0
   -0.079574    0.759741  0.000000  1.0
   -0.079574    0.761741  0.000000  1.0
   -0.079574    0.763741  0.000000  1.0
   -0.079574    0.765741  0.000000  1.0
   -0.079574    0.767741  0.000000  1.0
   -0.079574    0.769741  0.000000  1.0
   -0.079574    0.771741  0.000000  1.0
   -0.079574    0.773741  0.000000  1.0
   -0.079574    0.775741  0.000000  1.0
   -0.079574    0.777741  0.000000  1.0
   -0.079574    0.779741  0.000000  1.0
   -0.079574    0.781741  0.000000  1.0
   -0.079574    0.783741  0.000000  1.0
   -0.077574    0.703741  0.000000  1.0
   -0.077574    0.705741  0.000000  1.0
   -0.077574    0.707741  0.000000  1.0
   -0.077574    0.709741  0.000000  1.0
   -0.077574    0.711741  0.000000  1.0
   -0.077574    0.713741  0.000000  1.0
   -0.077574    0.715741  0.000000  1.0
   -0.077574    0.717741  0.000000  1.0
   -0.077574    0.719741  0.000000  1.0
   -0.077574    0.721741  0.000000  1.0
   -0.077574    0.723741  0.000000  1.0
   -0.077574    0.725741  0.000000  1.0
   -0.077574    0.727741  0.000000  1.0
   -0.077574    0.729741  0.000000  1.0
   -0.077574    0.731741  0.000000  1.0
   -0.077574    0.733741  0.000000  1.0
   -0.077574    0.735741  0.000000  1.0
   -0.077574    0.737741  0.000000  1.0
   -0.077574    0.739741  0.000000  1.0
   -0.077574    0.741741  0.000000  1.0
   -0.077574    0.743741  0.000000  1.0
   -0.077574    0.745741  0.000000  1.0
   -0.077574    0.747741  0.000000  1.0
   -0.077574    0.749741  0.000000  1.0
   -0.077574    0.751741  0.000000  1.0
   -0.077574    0.753741  0.000000  1.0
   -0.077574    0.755741  0.000000  1.0
   -0.077574    0.757741  0.000000  1.0
   -0.077574    0.759741  0.000000  1.0
   -0.077574    0.761741  0.000000  1.0
   -0.077574    0.763741  0.000000  1.0
   -0.077574    0.765741  0.000000  1.0
   -0.077574    0.767741  0.000000  1.0
   -0.077574    0.769741  0.000000  1.0
   -0.077574    0.771741  0.000000  1.0
   -0.077574    0.773741  0.000000  1.0
   -0.077574    0.775741  0.000000  1.0
   -0.077574    0.777741  0.000000  1.0
   -0.077574    0.779741  0.000000  1.0
   -0.077574    0.781741  0.000000  1.0
   -0.077574    0.783741  0.000000  1.0
   -0.075574    0.703741  0.000000  1.0
   -0.075574    0.705741  0.000000  1.0
   -0.075574    0.707741  0.000000  1.0
   -0.075574    0.709741  0.000000  1.0
   -0.075574    0.711741  0.000000  1.0
   -0.075574    0.713741  0.000000  1.0
   -0.075574    0.715741  0.000000  1.0
   -0.075574    0.717741  0.000000  1.0
   -0.075574    0.719741  0.000000  1.0
   -0.075574    0.721741  0.000000  1.0
   -0.075574    0.723741  0.000000  1.0
   -0.075574    0.725741  0.000000  1.0
   -0.075574    0.727741  0.000000  1.0
   -0.075574    0.729741  0.000000  1.0
   -0.075574    0.731741  0.000000  1.0
   -0.075574    0.733741  0.000000  1.0
   -0.075574    0.735741  0.000000  1.0
   -0.075574    0.737741  0.000000  1.0
   -0.075574    0.739741  0.000000  1.0
   -0.075574    0.741741  0.000000  1.0
   -0.075574    0.743741  0.000000  1.0
   -0.075574    0.745741  0.000000  1.0
   -0.075574    0.747741  0.000000  1.0
   -0.075574    0.749741  0.000000  1.0
   -0.075574    0.751741  0.000000  1.0
   -0.075574    0.753741  0.000000  1.0
   -0.075574    0.755741  0.000000  1.0
   -0.075574    0.757741  0.000000  1.0
   -0.075574    0.759741  0.000000  1.0
   -0.075574    0.761741  0.000000  1.0
   -0.075574    0.763741  0.000000  1.0
   -0.075574    0.765741  0.000000  1.0
   -0.075574    0.767741  0.000000  1.0
   -0.075574    0.769741  0.000000  1.0
   -0.075574    0.771741  0.000000  1.0
   -0.075574    0.773741  0.000000  1.0
   -0.075574    0.775741  0.000000  1.0
   -0.075574    0.777741  0.000000  1.0
   -0.075574    0.779741  0.000000  1.0
   -0.075574    0.781741  0.000000  1.0
   -0.075574    0.783741  0.000000  1.0
   -0.073574    0.703741  0.000000  1.0
   -0.073574    0.705741  0.000000  1.0
   -0.073574    0.707741  0.000000  1.0
   -0.073574    0.709741  0.000000  1.0
   -0.073574    0.711741  0.000000  1.0
   -0.073574    0.713741  0.000000  1.0
   -0.073574    0.715741  0.000000  1.0
   -0.073574    0.717741  0.000000  1.0
   -0.073574    0.719741  0.000000  1.0
   -0.073574    0.721741  0.000000  1.0
   -0.073574    0.723741  0.000000  1.0
   -0.073574    0.725741  0.000000  1.0
   -0.073574    0.727741  0.000000  1.0
   -0.073574    0.729741  0.000000  1.0
   -0.073574    0.731741  0.000000  1.0
   -0.073574    0.733741  0.000000  1.0
   -0.073574    0.735741  0.000000  1.0
   -0.073574    0.737741  0.000000  1.0
   -0.073574    0.739741  0.000000  1.0
   -0.073574    0.741741  0.000000  1.0
   -0.073574    0.743741  0.000000  1.0
   -0.073574    0.745741  0.000000  1.0
   -0.073574    0.747741  0.000000  1.0
   -0.073574    0.749741  0.000000  1.0
   -0.073574    0.751741  0.000000  1.0
   -0.073574    0.753741  0.000000  1.0
   -0.073574    0.755741  0.000000  1.0
   -0.073574    0.757741  0.000000  1.0
   -0.073574    0.759741  0.000000  1.0
   -0.073574    0.761741  0.000000  1.0
   -0.073574    0.763741  0.000000  1.0
   -0.073574    0.765741  0.000000  1.0
   -0.073574    0.767741  0.000000  1.0
   -0.073574    0.769741  0.000000  1.0
   -0.073574    0.771741  0.000000  1.0
   -0.073574    0.773741  0.000000  1.0
   -0.073574    0.775741  0.000000  1.0
   -0.073574    0.777741  0.000000  1.0
   -0.073574    0.779741  0.000000  1.0
   -0.073574    0.781741  0.000000  1.0
   -0.073574    0.783741  0.000000  1.0
   -0.071574    0.703741  0.000000  1.0
   -0.071574    0.705741  0.000000  1.0
   -0.071574    0.707741  0.000000  1.0
   -0.071574    0.709741  0.000000  1.0
   -0.071574    0.711741  0.000000  1.0
   -0.071574    0.713741  0.000000  1.0
   -0.071574    0.715741  0.000000  1.0
   -0.071574    0.717741  0.000000  1.0
   -0.071574    0.719741  0.000000  1.0
   -0.071574    0.721741  0.000000  1.0
   -0.071574    0.723741  0.000000  1.0
   -0.071574    0.725741  0.000000  1.0
   -0.071574    0.727741  0.000000  1.0
   -0.071574    0.729741  0.000000  1.0
   -0.071574    0.731741  0.000000  1.0
   -0.071574    0.733741  0.000000  1.0
   -0.071574    0.735741  0.000000  1.0
   -0.071574    0.737741  0.000000  1.0
   -0.071574    0.739741  0.000000  1.0
   -0.071574    0.741741  0.000000  1.0
   -0.071574    0.743741  0.000000  1.0
   -0.071574    0.745741  0.000000  1.0
   -0.071574    0.747741  0.000000  1.0
   -0.071574    0.749741  0.000000  1.0
   -0.071574    0.751741  0.000000  1.0
   -0.071574    0.753741  0.000000  1.0
   -0.071574    0.755741  0.000000  1.0
   -0.071574    0.757741  0.000000  1.0
   -0.071574    0.759741  0.000000  1.0
   -0.071574    0.761741  0.000000  1.0
   -0.071574    0.763741  0.000000  1.0
   -0.071574    0.765741  0.000000  1.0
   -0.071574    0.767741  0.000000  1.0
   -0.071574    0.769741  0.000000  1.0
   -0.071574    0.771741  0.000000  1.0
   -0.071574    0.773741  0.000000  1.0
   -0.071574    0.775741  0.000000  1.0
   -0.071574    0.777741  0.000000  1.0
   -0.071574    0.779741  0.000000  1.0
   -0.071574    0.781741  0.000000  1.0
   -0.071574    0.783741  0.000000  1.0
   -0.069574    0.703741  0.000000  1.0
   -0.069574    0.705741  0.000000  1.0
   -0.069574    0.707741  0.000000  1.0
   -0.069574    0.709741  0.000000  1.0
   -0.069574    0.711741  0.000000  1.0
   -0.069574    0.713741  0.000000  1.0
   -0.069574    0.715741  0.000000  1.0
   -0.069574    0.717741  0.000000  1.0
   -0.069574    0.719741  0.000000  1.0
   -0.069574    0.721741  0.000000  1.0
   -0.069574    0.723741  0.000000  1.0
   -0.069574    0.725741  0.000000  1.0
   -0.069574    0.727741  0.000000  1.0
   -0.069574    0.729741  0.000000  1.0
   -0.069574    0.731741  0.000000  1.0
   -0.069574    0.733741  0.000000  1.0
   -0.069574    0.735741  0.000000  1.0
   -0.069574    0.737741  0.000000  1.0
   -0.069574    0.739741  0.000000  1.0
   -0.069574    0.741741  0.000000  1.0
   -0.069574    0.743741  0.000000  1.0
   -0.069574    0.745741  0.000000  1.0
   -0.069574    0.747741  0.000000  1.0
   -0.069574    0.749741  0.000000  1.0
   -0.069574    0.751741  0.000000  1.0
   -0.069574    0.753741  0.000000  1.0
   -0.069574    0.755741  0.000000  1.0
   -0.069574    0.757741  0.000000  1.0
   -0.069574    0.759741  0.000000  1.0
   -0.069574    0.761741  0.000000  1.0
   -0.069574    0.763741  0.000000  1.0
   -0.069574    0.765741  0.000000  1.0
   -0.069574    0.767741  0.000000  1.0
   -0.069574    0.769741  0.000000  1.0
   -0.069574    0.771741  0.000000  1.0
   -0.069574    0.773741  0.000000  1.0
   -0.069574    0.775741  0.000000  1.0
   -0.069574    0.777741  0.000000  1.0
   -0.069574    0.779741  0.000000  1.0
   -0.069574    0.781741  0.000000  1.0
   -0.069574    0.783741  0.000000  1.0
   -0.067574    0.703741  0.000000  1.0
   -0.067574    0.705741  0.000000  1.0
   -0.067574    0.707741  0.000000  1.0
   -0.067574    0.709741  0.000000  1.0
   -0.067574    0.711741  0.000000  1.0
   -0.067574    0.713741  0.000000  1.0
   -0.067574    0.715741  0.000000  1.0
   -0.067574    0.717741  0.000000  1.0
   -0.067574    0.719741  0.000000  1.0
   -0.067574    0.721741  0.000000  1.0
   -0.067574    0.723741  0.000000  1.0
   -0.067574    0.725741  0.000000  1.0
   -0.067574    0.727741  0.000000  1.0
   -0.067574    0.729741  0.000000  1.0
   -0.067574    0.731741  0.000000  1.0
   -0.067574    0.733741  0.000000  1.0
   -0.067574    0.735741  0.000000  1.0
   -0.067574    0.737741  0.000000  1.0
   -0.067574    0.739741  0.000000  1.0
   -0.067574    0.741741  0.000000  1.0
   -0.067574    0.743741  0.000000  1.0
   -0.067574    0.745741  0.000000  1.0
   -0.067574    0.747741  0.000000  1.0
   -0.067574    0.749741  0.000000  1.0
   -0.067574    0.751741  0.000000  1.0
   -0.067574    0.753741  0.000000  1.0
   -0.067574    0.755741  0.000000  1.0
   -0.067574    0.757741  0.000000  1.0
   -0.067574    0.759741  0.000000  1.0
   -0.067574    0.761741  0.000000  1.0
   -0.067574    0.763741  0.000000  1.0
   -0.067574    0.765741  0.000000  1.0
   -0.067574    0.767741  0.000000  1.0
   -0.067574    0.769741  0.000000  1.0
   -0.067574    0.771741  0.000000  1.0
   -0.067574    0.773741  0.000000  1.0
   -0.067574    0.775741  0.000000  1.0
   -0.067574    0.777741  0.000000  1.0
   -0.067574    0.779741  0.000000  1.0
   -0.067574    0.781741  0.000000  1.0
   -0.067574    0.783741  0.000000  1.0
   -0.065574    0.703741  0.000000  1.0
   -0.065574    0.705741  0.000000  1.0
   -0.065574    0.707741  0.000000  1.0
   -0.065574    0.709741  0.000000  1.0
   -0.065574    0.711741  0.000000  1.0
   -0.065574    0.713741  0.000000  1.0
   -0.065574    0.715741  0.000000  1.0
   -0.065574    0.717741  0.000000  1.0
   -0.065574    0.719741  0.000000  1.0
   -0.065574    0.721741  0.000000  1.0
   -0.065574    0.723741  0.000000  1.0
   -0.065574    0.725741  0.000000  1.0
   -0.065574    0.727741  0.000000  1.0
   -0.065574    0.729741  0.000000  1.0
   -0.065574    0.731741  0.000000  1.0
   -0.065574    0.733741  0.000000  1.0
   -0.065574    0.735741  0.000000  1.0
   -0.065574    0.737741  0.000000  1.0
   -0.065574    0.739741  0.000000  1.0
   -0.065574    0.741741  0.000000  1.0
   -0.065574    0.743741  0.000000  1.0
   -0.065574    0.745741  0.000000  1.0
   -0.065574    0.747741  0.000000  1.0
   -0.065574    0.749741  0.000000  1.0
   -0.065574    0.751741  0.000000  1.0
   -0.065574    0.753741  0.000000  1.0
   -0.065574    0.755741  0.000000  1.0
   -0.065574    0.757741  0.000000  1.0
   -0.065574    0.759741  0.000000  1.0
   -0.065574    0.761741  0.000000  1.0
   -0.065574    0.763741  0.000000  1.0
   -0.065574    0.765741  0.000000  1.0
   -0.065574    0.767741  0.000000  1.0
   -0.065574    0.769741  0.000000  1.0
   -0.065574    0.771741  0.000000  1.0
   -0.065574    0.773741  0.000000  1.0
   -0.065574    0.775741  0.000000  1.0
   -0.065574    0.777741  0.000000  1.0
   -0.065574    0.779741  0.000000  1.0
   -0.065574    0.781741  0.000000  1.0
   -0.065574    0.783741  0.000000  1.0
   -0.063574    0.703741  0.000000  1.0
   -0.063574    0.705741  0.000000  1.0
   -0.063574    0.707741  0.000000  1.0
   -0.063574    0.709741  0.000000  1.0
   -0.063574    0.711741  0.000000  1.0
   -0.063574    0.713741  0.000000  1.0
   -0.063574    0.715741  0.000000  1.0
   -0.063574    0.717741  0.000000  1.0
   -0.063574    0.719741  0.000000  1.0
   -0.063574    0.721741  0.000000  1.0
   -0.063574    0.723741  0.000000  1.0
   -0.063574    0.725741  0.000000  1.0
   -0.063574    0.727741  0.000000  1.0
   -0.063574    0.729741  0.000000  1.0
   -0.063574    0.731741  0.000000  1.0
   -0.063574    0.733741  0.000000  1.0
   -0.063574    0.735741  0.000000  1.0
   -0.063574    0.737741  0.000000  1.0
   -0.063574    0.739741  0.000000  1.0
   -0.063574    0.741741  0.000000  1.0
   -0.063574    0.743741  0.000000  1.0
   -0.063574    0.745741  0.000000  1.0
   -0.063574    0.747741  0.000000  1.0
   -0.063574    0.749741  0.000000  1.0
   -0.063574    0.751741  0.000000  1.0
   -0.063574    0.753741  0.000000  1.0
   -0.063574    0.755741  0.000000  1.0
   -0.063574    0.757741  0.000000  1.0
   -0.063574    0.759741  0.000000  1.0
   -0.063574    0.761741  0.000000  1.0
   -0.063574    0.763741  0.000000  1.0
   -0.063574    0.765741  0.000000  1.0
   -0.063574    0.767741  0.000000  1.0
   -0.063574    0.769741  0.000000  1.0
   -0.063574    0.771741  0.000000  1.0
   -0.063574    0.773741  0.000000  1.0
   -0.063574    0.775741  0.000000  1.0
   -0.063574    0.777741  0.000000  1.0
   -0.063574    0.779741  0.000000  1.0
   -0.063574    0.781741  0.000000  1.0
   -0.063574    0.783741  0.000000  1.0
   -0.061574    0.703741  0.000000  1.0
   -0.061574    0.705741  0.000000  1.0
   -0.061574    0.707741  0.000000  1.0
   -0.061574    0.709741  0.000000  1.0
   -0.061574    0.711741  0.000000  1.0
   -0.061574    0.713741  0.000000  1.0
   -0.061574    0.715741  0.000000  1.0
   -0.061574    0.717741  0.000000  1.0
   -0.061574    0.719741  0.000000  1.0
   -0.061574    0.721741  0.000000  1.0
   -0.061574    0.723741  0.000000  1.0
   -0.061574    0.725741  0.000000  1.0
   -0.061574    0.727741  0.000000  1.0
   -0.061574    0.729741  0.000000  1.0
   -0.061574    0.731741  0.000000  1.0
   -0.061574    0.733741  0.000000  1.0
   -0.061574    0.735741  0.000000  1.0
   -0.061574    0.737741  0.000000  1.0
   -0.061574    0.739741  0.000000  1.0
   -0.061574    0.741741  0.000000  1.0
   -0.061574    0.743741  0.000000  1.0
   -0.061574    0.745741  0.000000  1.0
   -0.061574    0.747741  0.000000  1.0
   -0.061574    0.749741  0.000000  1.0
   -0.061574    0.751741  0.000000  1.0
   -0.061574    0.753741  0.000000  1.0
   -0.061574    0.755741  0.000000  1.0
   -0.061574    0.757741  0.000000  1.0
   -0.061574    0.759741  0.000000  1.0
   -0.061574    0.761741  0.000000  1.0
   -0.061574    0.763741  0.000000  1.0
   -0.061574    0.765741  0.000000  1.0
   -0.061574    0.767741  0.000000  1.0
   -0.061574    0.769741  0.000000  1.0
   -0.061574    0.771741  0.000000  1.0
   -0.061574    0.773741  0.000000  1.0
   -0.061574    0.775741  0.000000  1.0
   -0.061574    0.777741  0.000000  1.0
   -0.061574    0.779741  0.000000  1.0
   -0.061574    0.781741  0.000000  1.0
   -0.061574    0.783741  0.000000  1.0
   -0.059574    0.703741  0.000000  1.0
   -0.059574    0.705741  0.000000  1.0
   -0.059574    0.707741  0.000000  1.0
   -0.059574    0.709741  0.000000  1.0
   -0.059574    0.711741  0.000000  1.0
   -0.059574    0.713741  0.000000  1.0
   -0.059574    0.715741  0.000000  1.0
   -0.059574    0.717741  0.000000  1.0
   -0.059574    0.719741  0.000000  1.0
   -0.059574    0.721741  0.000000  1.0
   -0.059574    0.723741  0.000000  1.0
   -0.059574    0.725741  0.000000  1.0
   -0.059574    0.727741  0.000000  1.0
   -0.059574    0.729741  0.000000  1.0
   -0.059574    0.731741  0.000000  1.0
   -0.059574    0.733741  0.000000  1.0
   -0.059574    0.735741  0.000000  1.0
   -0.059574    0.737741  0.000000  1.0
   -0.059574    0.739741  0.000000  1.0
   -0.059574    0.741741  0.000000  1.0
   -0.059574    0.743741  0.000000  1.0
   -0.059574    0.745741  0.000000  1.0
   -0.059574    0.747741  0.000000  1.0
   -0.059574    0.749741  0.000000  1.0
   -0.059574    0.751741  0.000000  1.0
   -0.059574    0.753741  0.000000  1.0
   -0.059574    0.755741  0.000000  1.0
   -0.059574    0.757741  0.000000  1.0
   -0.059574    0.759741  0.000000  1.0
   -0.059574    0.761741  0.000000  1.0
   -0.059574    0.763741  0.000000  1.0
   -0.059574    0.765741  0.000000  1.0
   -0.059574    0.767741  0.000000  1.0
   -0.059574    0.769741  0.000000  1.0
   -0.059574    0.771741  0.000000  1.0
   -0.059574    0.773741  0.000000  1.0
   -0.059574    0.775741  0.000000  1.0
   -0.059574    0.777741  0.000000  1.0
   -0.059574    0.779741  0.000000  1.0
   -0.059574    0.781741  0.000000  1.0
   -0.059574    0.783741  0.000000  1.0
   -0.057574    0.703741  0.000000  1.0
   -0.057574    0.705741  0.000000  1.0
   -0.057574    0.707741  0.000000  1.0
   -0.057574    0.709741  0.000000  1.0
   -0.057574    0.711741  0.000000  1.0
   -0.057574    0.713741  0.000000  1.0
   -0.057574    0.715741  0.000000  1.0
   -0.057574    0.717741  0.000000  1.0
   -0.057574    0.719741  0.000000  1.0
   -0.057574    0.721741  0.000000  1.0
   -0.057574    0.723741  0.000000  1.0
   -0.057574    0.725741  0.000000  1.0
   -0.057574    0.727741  0.000000  1.0
   -0.057574    0.729741  0.000000  1.0
   -0.057574    0.731741  0.000000  1.0
   -0.057574    0.733741  0.000000  1.0
   -0.057574    0.735741  0.000000  1.0
   -0.057574    0.737741  0.000000  1.0
   -0.057574    0.739741  0.000000  1.0
   -0.057574    0.741741  0.000000  1.0
   -0.057574    0.743741  0.000000  1.0
   -0.057574    0.745741  0.000000  1.0
   -0.057574    0.747741  0.000000  1.0
   -0.057574    0.749741  0.000000  1.0
   -0.057574    0.751741  0.000000  1.0
   -0.057574    0.753741  0.000000  1.0
   -0.057574    0.755741  0.000000  1.0
   -0.057574    0.757741  0.000000  1.0
   -0.057574    0.759741  0.000000  1.0
   -0.057574    0.761741  0.000000  1.0
   -0.057574    0.763741  0.000000  1.0
   -0.057574    0.765741  0.000000  1.0
   -0.057574    0.767741  0.000000  1.0
   -0.057574    0.769741  0.000000  1.0
   -0.057574    0.771741  0.000000  1.0
   -0.057574    0.773741  0.000000  1.0
   -0.057574    0.775741  0.000000  1.0
   -0.057574    0.777741  0.000000  1.0
   -0.057574    0.779741  0.000000  1.0
   -0.057574    0.781741  0.000000  1.0
   -0.057574    0.783741  0.000000  1.0
   -0.055574    0.703741  0.000000  1.0
   -0.055574    0.705741  0.000000  1.0
   -0.055574    0.707741  0.000000  1.0
   -0.055574    0.709741  0.000000  1.0
   -0.055574    0.711741  0.000000  1.0
   -0.055574    0.713741  0.000000  1.0
   -0.055574    0.715741  0.000000  1.0
   -0.055574    0.717741  0.000000  1.0
   -0.055574    0.719741  0.000000  1.0
   -0.055574    0.721741  0.000000  1.0
   -0.055574    0.723741  0.000000  1.0
   -0.055574    0.725741  0.000000  1.0
   -0.055574    0.727741  0.000000  1.0
   -0.055574    0.729741  0.000000  1.0
   -0.055574    0.731741  0.000000  1.0
   -0.055574    0.733741  0.000000  1.0
   -0.055574    0.735741  0.000000  1.0
   -0.055574    0.737741  0.000000  1.0
   -0.055574    0.739741  0.000000  1.0
   -0.055574    0.741741  0.000000  1.0
   -0.055574    0.743741  0.000000  1.0
   -0.055574    0.745741  0.000000  1.0
   -0.055574    0.747741  0.000000  1.0
   -0.055574    0.749741  0.000000  1.0
   -0.055574    0.751741  0.000000  1.0
   -0.055574    0.753741  0.000000  1.0
   -0.055574    0.755741  0.000000  1.0
   -0.055574    0.757741  0.000000  1.0
   -0.055574    0.759741  0.000000  1.0
   -0.055574    0.761741  0.000000  1.0
   -0.055574    0.763741  0.000000  1.0
   -0.055574    0.765741  0.000000  1.0
   -0.055574    0.767741  0.000000  1.0
   -0.055574    0.769741  0.000000  1.0
   -0.055574    0.771741  0.000000  1.0
   -0.055574    0.773741  0.000000  1.0
   -0.055574    0.775741  0.000000  1.0
   -0.055574    0.777741  0.000000  1.0
   -0.055574    0.779741  0.000000  1.0
   -0.055574    0.781741  0.000000  1.0
   -0.055574    0.783741  0.000000  1.0
   -0.053574    0.703741  0.000000  1.0
   -0.053574    0.705741  0.000000  1.0
   -0.053574    0.707741  0.000000  1.0
   -0.053574    0.709741  0.000000  1.0
   -0.053574    0.711741  0.000000  1.0
   -0.053574    0.713741  0.000000  1.0
   -0.053574    0.715741  0.000000  1.0
   -0.053574    0.717741  0.000000  1.0
   -0.053574    0.719741  0.000000  1.0
   -0.053574    0.721741  0.000000  1.0
   -0.053574    0.723741  0.000000  1.0
   -0.053574    0.725741  0.000000  1.0
   -0.053574    0.727741  0.000000  1.0
   -0.053574    0.729741  0.000000  1.0
   -0.053574    0.731741  0.000000  1.0
   -0.053574    0.733741  0.000000  1.0
   -0.053574    0.735741  0.000000  1.0
   -0.053574    0.737741  0.000000  1.0
   -0.053574    0.739741  0.000000  1.0
   -0.053574    0.741741  0.000000  1.0
   -0.053574    0.743741  0.000000  1.0
   -0.053574    0.745741  0.000000  1.0
   -0.053574    0.747741  0.000000  1.0
   -0.053574    0.749741  0.000000  1.0
   -0.053574    0.751741  0.000000  1.0
   -0.053574    0.753741  0.000000  1.0
   -0.053574    0.755741  0.000000  1.0
   -0.053574    0.757741  0.000000  1.0
   -0.053574    0.759741  0.000000  1.0
   -0.053574    0.761741  0.000000  1.0
   -0.053574    0.763741  0.000000  1.0
   -0.053574    0.765741  0.000000  1.0
   -0.053574    0.767741  0.000000  1.0
   -0.053574    0.769741  0.000000  1.0
   -0.053574    0.771741  0.000000  1.0
   -0.053574    0.773741  0.000000  1.0
   -0.053574    0.775741  0.000000  1.0
   -0.053574    0.777741  0.000000  1.0
   -0.053574    0.779741  0.000000  1.0
   -0.053574    0.781741  0.000000  1.0
   -0.053574    0.783741  0.000000  1.0
   -0.051574    0.703741  0.000000  1.0
   -0.051574    0.705741  0.000000  1.0
   -0.051574    0.707741  0.000000  1.0
   -0.051574    0.709741  0.000000  1.0
   -0.051574    0.711741  0.000000  1.0
   -0.051574    0.713741  0.000000  1.0
   -0.051574    0.715741  0.000000  1.0
   -0.051574    0.717741  0.000000  1.0
   -0.051574    0.719741  0.000000  1.0
   -0.051574    0.721741  0.000000  1.0
   -0.051574    0.723741  0.000000  1.0
   -0.051574    0.725741  0.000000  1.0
   -0.051574    0.727741  0.000000  1.0
   -0.051574    0.729741  0.000000  1.0
   -0.051574    0.731741  0.000000  1.0
   -0.051574    0.733741  0.000000  1.0
   -0.051574    0.735741  0.000000  1.0
   -0.051574    0.737741  0.000000  1.0
   -0.051574    0.739741  0.000000  1.0
   -0.051574    0.741741  0.000000  1.0
   -0.051574    0.743741  0.000000  1.0
   -0.051574    0.745741  0.000000  1.0
   -0.051574    0.747741  0.000000  1.0
   -0.051574    0.749741  0.000000  1.0
   -0.051574    0.751741  0.000000  1.0
   -0.051574    0.753741  0.000000  1.0
   -0.051574    0.755741  0.000000  1.0
   -0.051574    0.757741  0.000000  1.0
   -0.051574    0.759741  0.000000  1.0
   -0.051574    0.761741  0.000000  1.0
   -0.051574    0.763741  0.000000  1.0
   -0.051574    0.765741  0.000000  1.0
   -0.051574    0.767741  0.000000  1.0
   -0.051574    0.769741  0.000000  1.0
   -0.051574    0.771741  0.000000  1.0
   -0.051574    0.773741  0.000000  1.0
   -0.051574    0.775741  0.000000  1.0
   -0.051574    0.777741  0.000000  1.0
   -0.051574    0.779741  0.000000  1.0
   -0.051574    0.781741  0.000000  1.0
   -0.051574    0.783741  0.000000  1.0
   -0.049574    0.703741  0.000000  1.0
   -0.049574    0.705741  0.000000  1.0
   -0.049574    0.707741  0.000000  1.0
   -0.049574    0.709741  0.000000  1.0
   -0.049574    0.711741  0.000000  1.0
   -0.049574    0.713741  0.000000  1.0
   -0.049574    0.715741  0.000000  1.0
   -0.049574    0.717741  0.000000  1.0
   -0.049574    0.719741  0.000000  1.0
   -0.049574    0.721741  0.000000  1.0
   -0.049574    0.723741  0.000000  1.0
   -0.049574    0.725741  0.000000  1.0
   -0.049574    0.727741  0.000000  1.0
   -0.049574    0.729741  0.000000  1.0
   -0.049574    0.731741  0.000000  1.0
   -0.049574    0.733741  0.000000  1.0
   -0.049574    0.735741  0.000000  1.0
   -0.049574    0.737741  0.000000  1.0
   -0.049574    0.739741  0.000000  1.0
   -0.049574    0.741741  0.000000  1.0
   -0.049574    0.743741  0.000000  1.0
   -0.049574    0.745741  0.000000  1.0
   -0.049574    0.747741  0.000000  1.0
   -0.049574    0.749741  0.000000  1.0
   -0.049574    0.751741  0.000000  1.0
   -0.049574    0.753741  0.000000  1.0
   -0.049574    0.755741  0.000000  1.0
   -0.049574    0.757741  0.000000  1.0
   -0.049574    0.759741  0.000000  1.0
   -0.049574    0.761741  0.000000  1.0
   -0.049574    0.763741  0.000000  1.0
   -0.049574    0.765741  0.000000  1.0
   -0.049574    0.767741  0.000000  1.0
   -0.049574    0.769741  0.000000  1.0
   -0.049574    0.771741  0.000000  1.0
   -0.049574    0.773741  0.000000  1.0
   -0.049574    0.775741  0.000000  1.0
   -0.049574    0.777741  0.000000  1.0
   -0.049574    0.779741  0.000000  1.0
   -0.049574    0.781741  0.000000  1.0
   -0.049574    0.783741  0.000000  1.0
   -0.047574    0.703741  0.000000  1.0
   -0.047574    0.705741  0.000000  1.0
   -0.047574    0.707741  0.000000  1.0
   -0.047574    0.709741  0.000000  1.0
   -0.047574    0.711741  0.000000  1.0
   -0.047574    0.713741  0.000000  1.0
   -0.047574    0.715741  0.000000  1.0
   -0.047574    0.717741  0.000000  1.0
   -0.047574    0.719741  0.000000  1.0
   -0.047574    0.721741  0.000000  1.0
   -0.047574    0.723741  0.000000  1.0
   -0.047574    0.725741  0.000000  1.0
   -0.047574    0.727741  0.000000  1.0
   -0.047574    0.729741  0.000000  1.0
   -0.047574    0.731741  0.000000  1.0
   -0.047574    0.733741  0.000000  1.0
   -0.047574    0.735741  0.000000  1.0
   -0.047574    0.737741  0.000000  1.0
   -0.047574    0.739741  0.000000  1.0
   -0.047574    0.741741  0.000000  1.0
   -0.047574    0.743741  0.000000  1.0
   -0.047574    0.745741  0.000000  1.0
   -0.047574    0.747741  0.000000  1.0
   -0.047574    0.749741  0.000000  1.0
   -0.047574    0.751741  0.000000  1.0
   -0.047574    0.753741  0.000000  1.0
   -0.047574    0.755741  0.000000  1.0
   -0.047574    0.757741  0.000000  1.0
   -0.047574    0.759741  0.000000  1.0
   -0.047574    0.761741  0.000000  1.0
   -0.047574    0.763741  0.000000  1.0
   -0.047574    0.765741  0.000000  1.0
   -0.047574    0.767741  0.000000  1.0
   -0.047574    0.769741  0.000000  1.0
   -0.047574    0.771741  0.000000  1.0
   -0.047574    0.773741  0.000000  1.0
   -0.047574    0.775741  0.000000  1.0
   -0.047574    0.777741  0.000000  1.0
   -0.047574    0.779741  0.000000  1.0
   -0.047574    0.781741  0.000000  1.0
   -0.047574    0.783741  0.000000  1.0
   -0.045574    0.703741  0.000000  1.0
   -0.045574    0.705741  0.000000  1.0
   -0.045574    0.707741  0.000000  1.0
   -0.045574    0.709741  0.000000  1.0
   -0.045574    0.711741  0.000000  1.0
   -0.045574    0.713741  0.000000  1.0
   -0.045574    0.715741  0.000000  1.0
   -0.045574    0.717741  0.000000  1.0
   -0.045574    0.719741  0.000000  1.0
   -0.045574    0.721741  0.000000  1.0
   -0.045574    0.723741  0.000000  1.0
   -0.045574    0.725741  0.000000  1.0
   -0.045574    0.727741  0.000000  1.0
   -0.045574    0.729741  0.000000  1.0
   -0.045574    0.731741  0.000000  1.0
   -0.045574    0.733741  0.000000  1.0
   -0.045574    0.735741  0.000000  1.0
   -0.045574    0.737741  0.000000  1.0
   -0.045574    0.739741  0.000000  1.0
   -0.045574    0.741741  0.000000  1.0
   -0.045574    0.743741  0.000000  1.0
   -0.045574    0.745741  0.000000  1.0
   -0.045574    0.747741  0.000000  1.0
   -0.045574    0.749741  0.000000  1.0
   -0.045574    0.751741  0.000000  1.0
   -0.045574    0.753741  0.000000  1.0
   -0.045574    0.755741  0.000000  1.0
   -0.045574    0.757741  0.000000  1.0
   -0.045574    0.759741  0.000000  1.0
   -0.045574    0.761741  0.000000  1.0
   -0.045574    0.763741  0.000000  1.0
   -0.045574    0.765741  0.000000  1.0
   -0.045574    0.767741  0.000000  1.0
   -0.045574    0.769741  0.000000  1.0
   -0.045574    0.771741  0.000000  1.0
   -0.045574    0.773741  0.000000  1.0
   -0.045574    0.775741  0.000000  1.0
   -0.045574    0.777741  0.000000  1.0
   -0.045574    0.779741  0.000000  1.0
   -0.045574    0.781741  0.000000  1.0
   -0.045574    0.783741  0.000000  1.0
   -0.043574    0.703741  0.000000  1.0
   -0.043574    0.705741  0.000000  1.0
   -0.043574    0.707741  0.000000  1.0
   -0.043574    0.709741  0.000000  1.0
   -0.043574    0.711741  0.000000  1.0
   -0.043574    0.713741  0.000000  1.0
   -0.043574    0.715741  0.000000  1.0
   -0.043574    0.717741  0.000000  1.0
   -0.043574    0.719741  0.000000  1.0
   -0.043574    0.721741  0.000000  1.0
   -0.043574    0.723741  0.000000  1.0
   -0.043574    0.725741  0.000000  1.0
   -0.043574    0.727741  0.000000  1.0
   -0.043574    0.729741  0.000000  1.0
   -0.043574    0.731741  0.000000  1.0
   -0.043574    0.733741  0.000000  1.0
   -0.043574    0.735741  0.000000  1.0
   -0.043574    0.737741  0.000000  1.0
   -0.043574    0.739741  0.000000  1.0
   -0.043574    0.741741  0.000000  1.0
   -0.043574    0.743741  0.000000  1.0
   -0.043574    0.745741  0.000000  1.0
   -0.043574    0.747741  0.000000  1.0
   -0.043574    0.749741  0.000000  1.0
   -0.043574    0.751741  0.000000  1.0
   -0.043574    0.753741  0.000000  1.0
   -0.043574    0.755741  0.000000  1.0
   -0.043574    0.757741  0.000000  1.0
   -0.043574    0.759741  0.000000  1.0
   -0.043574    0.761741  0.000000  1.0
   -0.043574    0.763741  0.000000  1.0
   -0.043574    0.765741  0.000000  1.0
   -0.043574    0.767741  0.000000  1.0
   -0.043574    0.769741  0.000000  1.0
   -0.043574    0.771741  0.000000  1.0
   -0.043574    0.773741  0.000000  1.0
   -0.043574    0.775741  0.000000  1.0
   -0.043574    0.777741  0.000000  1.0
   -0.043574    0.779741  0.000000  1.0
   -0.043574    0.781741  0.000000  1.0
   -0.043574    0.783741  0.000000  1.0
   -0.041574    0.703741  0.000000  1.0
   -0.041574    0.705741  0.000000  1.0
   -0.041574    0.707741  0.000000  1.0
   -0.041574    0.709741  0.000000  1.0
   -0.041574    0.711741  0.000000  1.0
   -0.041574    0.713741  0.000000  1.0
   -0.041574    0.715741  0.000000  1.0
   -0.041574    0.717741  0.000000  1.0
   -0.041574    0.719741  0.000000  1.0
   -0.041574    0.721741  0.000000  1.0
   -0.041574    0.723741  0.000000  1.0
   -0.041574    0.725741  0.000000  1.0
   -0.041574    0.727741  0.000000  1.0
   -0.041574    0.729741  0.000000  1.0
   -0.041574    0.731741  0.000000  1.0
   -0.041574    0.733741  0.000000  1.0
   -0.041574    0.735741  0.000000  1.0
   -0.041574    0.737741  0.000000  1.0
   -0.041574    0.739741  0.000000  1.0
   -0.041574    0.741741  0.000000  1.0
   -0.041574    0.743741  0.000000  1.0
   -0.041574    0.745741  0.000000  1.0
   -0.041574    0.747741  0.000000  1.0
   -0.041574    0.749741  0.000000  1.0
   -0.041574    0.751741  0.000000  1.0
   -0.041574    0.753741  0.000000  1.0
   -0.041574    0.755741  0.000000  1.0
   -0.041574    0.757741  0.000000  1.0
   -0.041574    0.759741  0.000000  1.0
   -0.041574    0.761741  0.000000  1.0
   -0.041574    0.763741  0.000000  1.0
   -0.041574    0.765741  0.000000  1.0
   -0.041574    0.767741  0.000000  1.0
   -0.041574    0.769741  0.000000  1.0
   -0.041574    0.771741  0.000000  1.0
   -0.041574    0.773741  0.000000  1.0
   -0.041574    0.775741  0.000000  1.0
   -0.041574    0.777741  0.000000  1.0
   -0.041574    0.779741  0.000000  1.0
   -0.041574    0.781741  0.000000  1.0
   -0.041574    0.783741  0.000000  1.0
   -0.039574    0.703741  0.000000  1.0
   -0.039574    0.705741  0.000000  1.0
   -0.039574    0.707741  0.000000  1.0
   -0.039574    0.709741  0.000000  1.0
   -0.039574    0.711741  0.000000  1.0
   -0.039574    0.713741  0.000000  1.0
   -0.039574    0.715741  0.000000  1.0
   -0.039574    0.717741  0.000000  1.0
   -0.039574    0.719741  0.000000  1.0
   -0.039574    0.721741  0.000000  1.0
   -0.039574    0.723741  0.000000  1.0
   -0.039574    0.725741  0.000000  1.0
   -0.039574    0.727741  0.000000  1.0
   -0.039574    0.729741  0.000000  1.0
   -0.039574    0.731741  0.000000  1.0
   -0.039574    0.733741  0.000000  1.0
   -0.039574    0.735741  0.000000  1.0
   -0.039574    0.737741  0.000000  1.0
   -0.039574    0.739741  0.000000  1.0
   -0.039574    0.741741  0.000000  1.0
   -0.039574    0.743741  0.000000  1.0
   -0.039574    0.745741  0.000000  1.0
   -0.039574    0.747741  0.000000  1.0
   -0.039574    0.749741  0.000000  1.0
   -0.039574    0.751741  0.000000  1.0
   -0.039574    0.753741  0.000000  1.0
   -0.039574    0.755741  0.000000  1.0
   -0.039574    0.757741  0.000000  1.0
   -0.039574    0.759741  0.000000  1.0
   -0.039574    0.761741  0.000000  1.0
   -0.039574    0.763741  0.000000  1.0
   -0.039574    0.765741  0.000000  1.0
   -0.039574    0.767741  0.000000  1.0
   -0.039574    0.769741  0.000000  1.0
   -0.039574    0.771741  0.000000  1.0
   -0.039574    0.773741  0.000000  1.0
   -0.039574    0.775741  0.000000  1.0
   -0.039574    0.777741  0.000000  1.0
   -0.039574    0.779741  0.000000  1.0
   -0.039574    0.781741  0.000000  1.0
   -0.039574    0.783741  0.000000  1.0
   -0.037574    0.703741  0.000000  1.0
   -0.037574    0.705741  0.000000  1.0
   -0.037574    0.707741  0.000000  1.0
   -0.037574    0.709741  0.000000  1.0
   -0.037574    0.711741  0.000000  1.0
   -0.037574    0.713741  0.000000  1.0
   -0.037574    0.715741  0.000000  1.0
   -0.037574    0.717741  0.000000  1.0
   -0.037574    0.719741  0.000000  1.0
   -0.037574    0.721741  0.000000  1.0
   -0.037574    0.723741  0.000000  1.0
   -0.037574    0.725741  0.000000  1.0
   -0.037574    0.727741  0.000000  1.0
   -0.037574    0.729741  0.000000  1.0
   -0.037574    0.731741  0.000000  1.0
   -0.037574    0.733741  0.000000  1.0
   -0.037574    0.735741  0.000000  1.0
   -0.037574    0.737741  0.000000  1.0
   -0.037574    0.739741  0.000000  1.0
   -0.037574    0.741741  0.000000  1.0
   -0.037574    0.743741  0.000000  1.0
   -0.037574    0.745741  0.000000  1.0
   -0.037574    0.747741  0.000000  1.0
   -0.037574    0.749741  0.000000  1.0
   -0.037574    0.751741  0.000000  1.0
   -0.037574    0.753741  0.000000  1.0
   -0.037574    0.755741  0.000000  1.0
   -0.037574    0.757741  0.000000  1.0
   -0.037574    0.759741  0.000000  1.0
   -0.037574    0.761741  0.000000  1.0
   -0.037574    0.763741  0.000000  1.0
   -0.037574    0.765741  0.000000  1.0
   -0.037574    0.767741  0.000000  1.0
   -0.037574    0.769741  0.000000  1.0
   -0.037574    0.771741  0.000000  1.0
   -0.037574    0.773741  0.000000  1.0
   -0.037574    0.775741  0.000000  1.0
   -0.037574    0.777741  0.000000  1.0
   -0.037574    0.779741  0.000000  1.0
   -0.037574    0.781741  0.000000  1.0
   -0.037574    0.783741  0.000000  1.0
   -0.035574    0.703741  0.000000  1.0
   -0.035574    0.705741  0.000000  1.0
   -0.035574    0.707741  0.000000  1.0
   -0.035574    0.709741  0.000000  1.0
   -0.035574    0.711741  0.000000  1.0
   -0.035574    0.713741  0.000000  1.0
   -0.035574    0.715741  0.000000  1.0
   -0.035574    0.717741  0.000000  1.0
   -0.035574    0.719741  0.000000  1.0
   -0.035574    0.721741  0.000000  1.0
   -0.035574    0.723741  0.000000  1.0
   -0.035574    0.725741  0.000000  1.0
   -0.035574    0.727741  0.000000  1.0
   -0.035574    0.729741  0.000000  1.0
   -0.035574    0.731741  0.000000  1.0
   -0.035574    0.733741  0.000000  1.0
   -0.035574    0.735741  0.000000  1.0
   -0.035574    0.737741  0.000000  1.0
   -0.035574    0.739741  0.000000  1.0
   -0.035574    0.741741  0.000000  1.0
   -0.035574    0.743741  0.000000  1.0
   -0.035574    0.745741  0.000000  1.0
   -0.035574    0.747741  0.000000  1.0
   -0.035574    0.749741  0.000000  1.0
   -0.035574    0.751741  0.000000  1.0
   -0.035574    0.753741  0.000000  1.0
   -0.035574    0.755741  0.000000  1.0
   -0.035574    0.757741  0.000000  1.0
   -0.035574    0.759741  0.000000  1.0
   -0.035574    0.761741  0.000000  1.0
   -0.035574    0.763741  0.000000  1.0
   -0.035574    0.765741  0.000000  1.0
   -0.035574    0.767741  0.000000  1.0
   -0.035574    0.769741  0.000000  1.0
   -0.035574    0.771741  0.000000  1.0
   -0.035574    0.773741  0.000000  1.0
   -0.035574    0.775741  0.000000  1.0
   -0.035574    0.777741  0.000000  1.0
   -0.035574    0.779741  0.000000  1.0
   -0.035574    0.781741  0.000000  1.0
   -0.035574    0.783741  0.000000  1.0
   -0.033574    0.703741  0.000000  1.0
   -0.033574    0.705741  0.000000  1.0
   -0.033574    0.707741  0.000000  1.0
   -0.033574    0.709741  0.000000  1.0
   -0.033574    0.711741  0.000000  1.0
   -0.033574    0.713741  0.000000  1.0
   -0.033574    0.715741  0.000000  1.0
   -0.033574    0.717741  0.000000  1.0
   -0.033574    0.719741  0.000000  1.0
   -0.033574    0.721741  0.000000  1.0
   -0.033574    0.723741  0.000000  1.0
   -0.033574    0.725741  0.000000  1.0
   -0.033574    0.727741  0.000000  1.0
   -0.033574    0.729741  0.000000  1.0
   -0.033574    0.731741  0.000000  1.0
   -0.033574    0.733741  0.000000  1.0
   -0.033574    0.735741  0.000000  1.0
   -0.033574    0.737741  0.000000  1.0
   -0.033574    0.739741  0.000000  1.0
   -0.033574    0.741741  0.000000  1.0
   -0.033574    0.743741  0.000000  1.0
   -0.033574    0.745741  0.000000  1.0
   -0.033574    0.747741  0.000000  1.0
   -0.033574    0.749741  0.000000  1.0
   -0.033574    0.751741  0.000000  1.0
   -0.033574    0.753741  0.000000  1.0
   -0.033574    0.755741  0.000000  1.0
   -0.033574    0.757741  0.000000  1.0
   -0.033574    0.759741  0.000000  1.0
   -0.033574    0.761741  0.000000  1.0
   -0.033574    0.763741  0.000000  1.0
   -0.033574    0.765741  0.000000  1.0
   -0.033574    0.767741  0.000000  1.0
   -0.033574    0.769741  0.000000  1.0
   -0.033574    0.771741  0.000000  1.0
   -0.033574    0.773741  0.000000  1.0
   -0.033574    0.775741  0.000000  1.0
   -0.033574    0.777741  0.000000  1.0
   -0.033574    0.779741  0.000000  1.0
   -0.033574    0.781741  0.000000  1.0
   -0.033574    0.783741  0.000000  1.0
   -0.031574    0.703741  0.000000  1.0
   -0.031574    0.705741  0.000000  1.0
   -0.031574    0.707741  0.000000  1.0
   -0.031574    0.709741  0.000000  1.0
   -0.031574    0.711741  0.000000  1.0
   -0.031574    0.713741  0.000000  1.0
   -0.031574    0.715741  0.000000  1.0
   -0.031574    0.717741  0.000000  1.0
   -0.031574    0.719741  0.000000  1.0
   -0.031574    0.721741  0.000000  1.0
   -0.031574    0.723741  0.000000  1.0
   -0.031574    0.725741  0.000000  1.0
   -0.031574    0.727741  0.000000  1.0
   -0.031574    0.729741  0.000000  1.0
   -0.031574    0.731741  0.000000  1.0
   -0.031574    0.733741  0.000000  1.0
   -0.031574    0.735741  0.000000  1.0
   -0.031574    0.737741  0.000000  1.0
   -0.031574    0.739741  0.000000  1.0
   -0.031574    0.741741  0.000000  1.0
   -0.031574    0.743741  0.000000  1.0
   -0.031574    0.745741  0.000000  1.0
   -0.031574    0.747741  0.000000  1.0
   -0.031574    0.749741  0.000000  1.0
   -0.031574    0.751741  0.000000  1.0
   -0.031574    0.753741  0.000000  1.0
   -0.031574    0.755741  0.000000  1.0
   -0.031574    0.757741  0.000000  1.0
   -0.031574    0.759741  0.000000  1.0
   -0.031574    0.761741  0.000000  1.0
   -0.031574    0.763741  0.000000  1.0
   -0.031574    0.765741  0.000000  1.0
   -0.031574    0.767741  0.000000  1.0
   -0.031574    0.769741  0.000000  1.0
   -0.031574    0.771741  0.000000  1.0
   -0.031574    0.773741  0.000000  1.0
   -0.031574    0.775741  0.000000  1.0
   -0.031574    0.777741  0.000000  1.0
   -0.031574    0.779741  0.000000  1.0
   -0.031574    0.781741  0.000000  1.0
   -0.031574    0.783741  0.000000  1.0
   -0.029574    0.703741  0.000000  1.0
   -0.029574    0.705741  0.000000  1.0
   -0.029574    0.707741  0.000000  1.0
   -0.029574    0.709741  0.000000  1.0
   -0.029574    0.711741  0.000000  1.0
   -0.029574    0.713741  0.000000  1.0
   -0.029574    0.715741  0.000000  1.0
   -0.029574    0.717741  0.000000  1.0
   -0.029574    0.719741  0.000000  1.0
   -0.029574    0.721741  0.000000  1.0
   -0.029574    0.723741  0.000000  1.0
   -0.029574    0.725741  0.000000  1.0
   -0.029574    0.727741  0.000000  1.0
   -0.029574    0.729741  0.000000  1.0
   -0.029574    0.731741  0.000000  1.0
   -0.029574    0.733741  0.000000  1.0
   -0.029574    0.735741  0.000000  1.0
   -0.029574    0.737741  0.000000  1.0
   -0.029574    0.739741  0.000000  1.0
   -0.029574    0.741741  0.000000  1.0
   -0.029574    0.743741  0.000000  1.0
   -0.029574    0.745741  0.000000  1.0
   -0.029574    0.747741  0.000000  1.0
   -0.029574    0.749741  0.000000  1.0
   -0.029574    0.751741  0.000000  1.0
   -0.029574    0.753741  0.000000  1.0
   -0.029574    0.755741  0.000000  1.0
   -0.029574    0.757741  0.000000  1.0
   -0.029574    0.759741  0.000000  1.0
   -0.029574    0.761741  0.000000  1.0
   -0.029574    0.763741  0.000000  1.0
   -0.029574    0.765741  0.000000  1.0
   -0.029574    0.767741  0.000000  1.0
   -0.029574    0.769741  0.000000  1.0
   -0.029574    0.771741  0.000000  1.0
   -0.029574    0.773741  0.000000  1.0
   -0.029574    0.775741  0.000000  1.0
   -0.029574    0.777741  0.000000  1.0
   -0.029574    0.779741  0.000000  1.0
   -0.029574    0.781741  0.000000  1.0
   -0.029574    0.783741  0.000000  1.0
   -0.027574    0.703741  0.000000  1.0
   -0.027574    0.705741  0.000000  1.0
   -0.027574    0.707741  0.000000  1.0
   -0.027574    0.709741  0.000000  1.0
   -0.027574    0.711741  0.000000  1.0
   -0.027574    0.713741  0.000000  1.0
   -0.027574    0.715741  0.000000  1.0
   -0.027574    0.717741  0.000000  1.0
   -0.027574    0.719741  0.000000  1.0
   -0.027574    0.721741  0.000000  1.0
   -0.027574    0.723741  0.000000  1.0
   -0.027574    0.725741  0.000000  1.0
   -0.027574    0.727741  0.000000  1.0
   -0.027574    0.729741  0.000000  1.0
   -0.027574    0.731741  0.000000  1.0
   -0.027574    0.733741  0.000000  1.0
   -0.027574    0.735741  0.000000  1.0
   -0.027574    0.737741  0.000000  1.0
   -0.027574    0.739741  0.000000  1.0
   -0.027574    0.741741  0.000000  1.0
   -0.027574    0.743741  0.000000  1.0
   -0.027574    0.745741  0.000000  1.0
   -0.027574    0.747741  0.000000  1.0
   -0.027574    0.749741  0.000000  1.0
   -0.027574    0.751741  0.000000  1.0
   -0.027574    0.753741  0.000000  1.0
   -0.027574    0.755741  0.000000  1.0
   -0.027574    0.757741  0.000000  1.0
   -0.027574    0.759741  0.000000  1.0
   -0.027574    0.761741  0.000000  1.0
   -0.027574    0.763741  0.000000  1.0
   -0.027574    0.765741  0.000000  1.0
   -0.027574    0.767741  0.000000  1.0
   -0.027574    0.769741  0.000000  1.0
   -0.027574    0.771741  0.000000  1.0
   -0.027574    0.773741  0.000000  1.0
   -0.027574    0.775741  0.000000  1.0
   -0.027574    0.777741  0.000000  1.0
   -0.027574    0.779741  0.000000  1.0
   -0.027574    0.781741  0.000000  1.0
   -0.027574    0.783741  0.000000  1.0
   -0.025574    0.703741  0.000000  1.0
   -0.025574    0.705741  0.000000  1.0
   -0.025574    0.707741  0.000000  1.0
   -0.025574    0.709741  0.000000  1.0
   -0.025574    0.711741  0.000000  1.0
   -0.025574    0.713741  0.000000  1.0
   -0.025574    0.715741  0.000000  1.0
   -0.025574    0.717741  0.000000  1.0
   -0.025574    0.719741  0.000000  1.0
   -0.025574    0.721741  0.000000  1.0
   -0.025574    0.723741  0.000000  1.0
   -0.025574    0.725741  0.000000  1.0
   -0.025574    0.727741  0.000000  1.0
   -0.025574    0.729741  0.000000  1.0
   -0.025574    0.731741  0.000000  1.0
   -0.025574    0.733741  0.000000  1.0
   -0.025574    0.735741  0.000000  1.0
   -0.025574    0.737741  0.000000  1.0
   -0.025574    0.739741  0.000000  1.0
   -0.025574    0.741741  0.000000  1.0
   -0.025574    0.743741  0.000000  1.0
   -0.025574    0.745741  0.000000  1.0
   -0.025574    0.747741  0.000000  1.0
   -0.025574    0.749741  0.000000  1.0
   -0.025574    0.751741  0.000000  1.0
   -0.025574    0.753741  0.000000  1.0
   -0.025574    0.755741  0.000000  1.0
   -0.025574    0.757741  0.000000  1.0
   -0.025574    0.759741  0.000000  1.0
   -0.025574    0.761741  0.000000  1.0
   -0.025574    0.763741  0.000000  1.0
   -0.025574    0.765741  0.000000  1.0
   -0.025574    0.767741  0.000000  1.0
   -0.025574    0.769741  0.000000  1.0
   -0.025574    0.771741  0.000000  1.0
   -0.025574    0.773741  0.000000  1.0
   -0.025574    0.775741  0.000000  1.0
   -0.025574    0.777741  0.000000  1.0
   -0.025574    0.779741  0.000000  1.0
   -0.025574    0.781741  0.000000  1.0
   -0.025574    0.783741  0.000000  1.0
