&CONTROL
  calculation = 'bands'
  prefix = 'graphene26.0zoom'
  outdir = './tmp'
  pseudo_dir = './'
  verbosity = 'high'
/
&SYSTEM
  ibrav = 0
  nat = 2
  ntyp = 1
  ecutwfc = 40.0
  nosym = .true.
  noinv = .true.
  nbnd = 8
/
&ELECTRONS
/
ATOMIC_SPECIES
  C  12.011 C.upf
CELL_PARAMETERS {bohr}
  5.828664  0.000000  0.000000
  2.914332  3.834303  0.000000
  0.000000  0.000000  28.346456
ATOMIC_POSITIONS {crystal}
  C  -0.000650  0.001299  0.000000
  C  0.333983  0.332034  0.000000
K_POINTS {tpiba}
1681
   -0.007213   -0.812528  0.000000  1.0
   -0.007213   -0.810528  0.000000  1.0
   -0.007213   -0.808528  0.000000  1.0
   -0.007213   -0.806528  0.000000  1.0
   -0.007213   -0.804528  0.000000  1.0
   -0.007213   -0.802528  0.000000  1.0
   -0.007213   -0.800528  0.000000  1.0
   -0.007213   -0.798528  0.000000  1.0
   -0.007213   -0.796528  0.000000  1.0
   -0.007213   -0.794528  0.000000  1.0
   -0.007213   -0.792528  0.000000  1.0
   -0.007213   -0.790528  0.000000  1.0
   -0.007213   -0.788528  0.000000  1.0
   -0.007213   -0.786528  0.000000  1.0
   -0.007213   -0.784528  0.000000  1.0
   -0.007213   -0.782528  0.000000  1.0
   -0.007213   -0.780528  0.000000  1.0
   -0.007213   -0.778528  0.000000  1.0
   -0.007213   -0.776528  0.000000  1.0
   -0.007213   -0.774528  0.000000  1.0
   -0.007213   -0.772528  0.000000  1.0
   -0.007213   -0.770528  0.000000  1.0
   -0.007213   -0.768528  0.000000  1.0
   -0.007213   -0.766528  0.000000  1.0
   -0.007213   -0.764528  0.000000  1.0
   -0.007213   -0.762528  0.000000  1.0
   -0.007213   -0.760528  0.000000  1.0
   -0.007213   -0.758528  0.000000  1.0
   -0.007213   -0.756528  0.000000  1.0
   -0.007213   -0.754528  0.000000  1.0
   -0.007213   -0.752528  0.000000  1.0
   -0.007213   -0.750528  0.000000  1.0
   -0.007213   -0.748528  0.000000  1.0
   -0.007213   -0.746528  0.000000  1.0
   -0.007213   -0.744528  0.000000  1.0
   -0.007213   -0.742528  0.000000  1.0
   -0.007213   -0.740528  0.000000  1.0
   -0.007213   -0.738528  0.000000  1.0
   -0.007213   -0.736528  0.000000  1.0
   -0.007213   -0.734528  0.000000  1.0
   -0.007213   -0.732528  0.000000  1.0
   -0.005213   -0.812528  0.000000  1.0
   -0.005213   -0.810528  0.000000  1.0
   -0.005213   -0.808528  0.000000  1.0
   -0.005213   -0.806528  0.000000  1.0
   -0.005213   -0.804528  0.000000  1.0
   -0.005213   -0.802528  0.000000  1.0
   -0.005213   -0.800528  0.000000  1.0
   -0.005213   -0.798528  0.000000  1.0
   -0.005213   -0.796528  0.000000  1.0
   -0.005213   -0.794528  0.000000  1.0
   -0.005213   -0.792528  0.000000  1.0
   -0.005213   -0.790528  0.000000  1.0
   -0.005213   -0.788528  0.000000  1.0
   -0.005213   -0.786528  0.000000  1.0
   -0.005213   -0.784528  0.000000  1.0
   -0.005213   -0.782528  0.000000  1.0
   -0.005213   -0.780528  0.000000  1.0
   -0.005213   -0.778528  0.000000  1.0
   -0.005213   -0.776528  0.000000  1.0
   -0.005213   -0.774528  0.000000  1.0
   -0.005213   -0.772528  0.000000  1.0
   -0.005213   -0.770528  0.000000  1.0
   -0.005213   -0.768528  0.000000  1.0
   -0.005213   -0.766528  0.000000  1.0
   -0.005213   -0.764528  0.000000  1.0
   -0.005213   -0.762528  0.000000  1.0
   -0.005213   -0.760528  0.000000  1.0
   -0.005213   -0.758528  0.000000  1.0
   -0.005213   -0.756528  0.000000  1.0
   -0.005213   -0.754528  0.000000  1.0
   -0.005213   -0.752528  0.000000  1.0
   -0.005213   -0.750528  0.000000  1.0
   -0.005213   -0.748528  0.000000  1.0
   -0.005213   -0.746528  0.000000  1.0
   -0.005213   -0.744528  0.000000  1.0
   -0.005213   -0.742528  0.000000  1.0
   -0.005213   -0.740528  0.000000  1.0
   -0.005213   -0.738528  0.000000  1.0
   -0.005213   -0.736528  0.000000  1.0
   -0.005213   -0.734528  0.000000  1.0
   -0.005213   -0.732528  0.000000  1.0
   -0.003213   -0.812528  0.000000  1.0
   -0.003213   -0.810528  0.000000  1.0
   -0.003213   -0.808528  0.000000  1.0
   -0.003213   -0.806528  0.000000  1.0
   -0.003213   -0.804528  0.000000  1.0
   -0.003213   -0.802528  0.000000  1.0
   -0.003213   -0.800528  0.000000  1.0
   -0.003213   -0.798528  0.000000  1.0
   -0.003213   -0.796528  0.000000  1.0
   -0.003213   -0.794528  0.000000  1.0
   -0.003213   -0.792528  0.000000  1.0
   -0.003213   -0.790528  0.000000  1.0
   -0.003213   -0.788528  0.000000  1.0
   -0.003213   -0.786528  0.000000  1.0
   -0.003213   -0.784528  0.000000  1.0
   -0.003213   -0.782528  0.000000  1.0
   -0.003213   -0.780528  0.000000  1.0
   -0.003213   -0.778528  0.000000  1.0
   -0.003213   -0.776528  0.000000  1.0
   -0.003213   -0.774528  0.000000  1.0
   -0.003213   -0.772528  0.000000  1.0
   -0.003213   -0.770528  0.000000  1.0
   -0.003213   -0.768528  0.000000  1.0
   -0.003213   -0.766528  0.000000  1.0
   -0.003213   -0.764528  0.000000  1.0
   -0.003213   -0.762528  0.000000  1.0
   -0.003213   -0.760528  0.000000  1.0
   -0.003213   -0.758528  0.000000  1.0
   -0.003213   -0.756528  0.000000  1.0
   -0.003213   -0.754528  0.000000  1.0
   -0.003213   -0.752528  0.000000  1.0
   -0.003213   -0.750528  0.000000  1.0
   -0.003213   -0.748528  0.000000  1.0
   -0.003213   -0.746528  0.000000  1.0
   -0.003213   -0.744528  0.000000  1.0
   -0.003213   -0.742528  0.000000  1.0
   -0.003213   -0.740528  0.000000  1.0
   -0.003213   -0.738528  0.000000  1.0
   -0.003213   -0.736528  0.000000  1.0
   -0.003213   -0.734528  0.000000  1.0
   -0.003213   -0.732528  0.000000  1.0
   -0.001213   -0.812528  0.000000  1.0
   -0.001213   -0.810528  0.000000  1.0
   -0.001213   -0.808528  0.000000  1.0
   -0.001213   -0.806528  0.000000  1.0
   -0.001213   -0.804528  0.000000  1.0
   -0.001213   -0.802528  0.000000  1.0
   -0.001213   -0.800528  0.000000  1.0
   -0.001213   -0.798528  0.000000  1.0
   -0.001213   -0.796528  0.000000  1.0
   -0.001213   -0.794528  0.000000  1.0
   -0.001213   -0.792528  0.000000  1.0
   -0.001213   -0.790528  0.000000  1.0
   -0.001213   -0.788528  0.000000  1.0
   -0.001213   -0.786528  0.000000  1.0
   -0.001213   -0.784528  0.000000  1.0
   -0.001213   -0.782528  0.000000  1.0
   -0.001213   -0.780528  0.000000  1.0
   -0.001213   -0.778528  0.000000  1.0
   -0.001213   -0.776528  0.000000  1.0
   -0.001213   -0.774528  0.000000  1.0
   -0.001213   -0.772528  0.000000  1.0
   -0.001213   -0.770528  0.000000  1.0
   -0.001213   -0.768528  0.000000  1.0
   -0.001213   -0.766528  0.000000  1.0
   -0.001213   -0.764528  0.000000  1.0
   -0.001213   -0.762528  0.000000  1.0
   -0.001213   -0.760528  0.000000  1.0
   -0.001213   -0.758528  0.000000  1.0
   -0.001213   -0.756528  0.000000  1.0
   -0.001213   -0.754528  0.000000  1.0
   -0.001213   -0.752528  0.000000  1.0
   -0.001213   -0.750528  0.000000  1.0
   -0.001213   -0.748528  0.000000  1.0
   -0.001213   -0.746528  0.000000  1.0
   -0.001213   -0.744528  0.000000  1.0
   -0.001213   -0.742528  0.000000  1.0
   -0.001213   -0.740528  0.000000  1.0
   -0.001213   -0.738528  0.000000  1.0
   -0.001213   -0.736528  0.000000  1.0
   -0.001213   -0.734528  0.000000  1.0
   -0.001213   -0.732528  0.000000  1.0
    0.000787   -0.812528  0.000000  1.0
    0.000787   -0.810528  0.000000  1.0
    0.000787   -0.808528  0.000000  1.0
    0.000787   -0.806528  0.000000  1.0
    0.000787   -0.804528  0.000000  1.0
    0.000787   -0.802528  0.000000  1.0
    0.000787   -0.800528  0.000000  1.0
    0.000787   -0.798528  0.000000  1.0
    0.000787   -0.796528  0.000000  1.0
    0.000787   -0.794528  0.000000  1.0
    0.000787   -0.792528  0.000000  1.0
    0.000787   -0.790528  0.000000  1.0
    0.000787   -0.788528  0.000000  1.0
    0.000787   -0.786528  0.000000  1.0
    0.000787   -0.784528  0.000000  1.0
    0.000787   -0.782528  0.000000  1.0
    0.000787   -0.780528  0.000000  1.0
    0.000787   -0.778528  0.000000  1.0
    0.000787   -0.776528  0.000000  1.0
    0.000787   -0.774528  0.000000  1.0
    0.000787   -0.772528  0.000000  1.0
    0.000787   -0.770528  0.000000  1.0
    0.000787   -0.768528  0.000000  1.0
    0.000787   -0.766528  0.000000  1.0
    0.000787   -0.764528  0.000000  1.0
    0.000787   -0.762528  0.000000  1.0
    0.000787   -0.760528  0.000000  1.0
    0.000787   -0.758528  0.000000  1.0
    0.000787   -0.756528  0.000000  1.0
    0.000787   -0.754528  0.000000  1.0
    0.000787   -0.752528  0.000000  1.0
    0.000787   -0.750528  0.000000  1.0
    0.000787   -0.748528  0.000000  1.0
    0.000787   -0.746528  0.000000  1.0
    0.000787   -0.744528  0.000000  1.0
    0.000787   -0.742528  0.000000  1.0
    0.000787   -0.740528  0.000000  1.0
    0.000787   -0.738528  0.000000  1.0
    0.000787   -0.736528  0.000000  1.0
    0.000787   -0.734528  0.000000  1.0
    0.000787   -0.732528  0.000000  1.0
    0.002787   -0.812528  0.000000  1.0
    0.002787   -0.810528  0.000000  1.0
    0.002787   -0.808528  0.000000  1.0
    0.002787   -0.806528  0.000000  1.0
    0.002787   -0.804528  0.000000  1.0
    0.002787   -0.802528  0.000000  1.0
    0.002787   -0.800528  0.000000  1.0
    0.002787   -0.798528  0.000000  1.0
    0.002787   -0.796528  0.000000  1.0
    0.002787   -0.794528  0.000000  1.0
    0.002787   -0.792528  0.000000  1.0
    0.002787   -0.790528  0.000000  1.0
    0.002787   -0.788528  0.000000  1.0
    0.002787   -0.786528  0.000000  1.0
    0.002787   -0.784528  0.000000  1.0
    0.002787   -0.782528  0.000000  1.0
    0.002787   -0.780528  0.000000  1.0
    0.002787   -0.778528  0.000000  1.0
    0.002787   -0.776528  0.000000  1.0
    0.002787   -0.774528  0.000000  1.0
    0.002787   -0.772528  0.000000  1.0
    0.002787   -0.770528  0.000000  1.0
    0.002787   -0.768528  0.000000  1.0
    0.002787   -0.766528  0.000000  1.0
    0.002787   -0.764528  0.000000  1.0
    0.002787   -0.762528  0.000000  1.0
    0.002787   -0.760528  0.000000  1.0
    0.002787   -0.758528  0.000000  1.0
    0.002787   -0.756528  0.000000  1.0
    0.002787   -0.754528  0.000000  1.0
    0.002787   -0.752528  0.000000  1.0
    0.002787   -0.750528  0.000000  1.0
    0.002787   -0.748528  0.000000  1.0
    0.002787   -0.746528  0.000000  1.0
    0.002787   -0.744528  0.000000  1.0
    0.002787   -0.742528  0.000000  1.0
    0.002787   -0.740528  0.000000  1.0
    0.002787   -0.738528  0.000000  1.0
    0.002787   -0.736528  0.000000  1.0
    0.002787   -0.734528  0.000000  1.0
    0.002787   -0.732528  0.000000  1.0
    0.004787   -0.812528  0.000000  1.0
    0.004787   -0.810528  0.000000  1.0
    0.004787   -0.808528  0.000000  1.0
    0.004787   -0.806528  0.000000  1.0
    0.004787   -0.804528  0.000000  1.0
    0.004787   -0.802528  0.000000  1.0
    0.004787   -0.800528  0.000000  1.0
    0.004787   -0.798528  0.000000  1.0
    0.004787   -0.796528  0.000000  1.0
    0.004787   -0.794528  0.000000  1.0
    0.004787   -0.792528  0.000000  1.0
    0.004787   -0.790528  0.000000  1.0
    0.004787   -0.788528  0.000000  1.0
    0.004787   -0.786528  0.000000  1.0
    0.004787   -0.784528  0.000000  1.0
    0.004787   -0.782528  0.000000  1.0
    0.004787   -0.780528  0.000000  1.0
    0.004787   -0.778528  0.000000  1.0
    0.004787   -0.776528  0.000000  1.0
    0.004787   -0.774528  0.000000  1.0
    0.004787   -0.772528  0.000000  1.0
    0.004787   -0.770528  0.000000  1.0
    0.004787   -0.768528  0.000000  1.0
    0.004787   -0.766528  0.000000  1.0
    0.004787   -0.764528  0.000000  1.0
    0.004787   -0.762528  0.000000  1.0
    0.004787   -0.760528  0.000000  1.0
    0.004787   -0.758528  0.000000  1.0
    0.004787   -0.756528  0.000000  1.0
    0.004787   -0.754528  0.000000  1.0
    0.004787   -0.752528  0.000000  1.0
    0.004787   -0.750528  0.000000  1.0
    0.004787   -0.748528  0.000000  1.0
    0.004787   -0.746528  0.000000  1.0
    0.004787   -0.744528  0.000000  1.0
    0.004787   -0.742528  0.000000  1.0
    0.004787   -0.740528  0.000000  1.0
    0.004787   -0.738528  0.000000  1.0
    0.004787   -0.736528  0.000000  1.0
    0.004787   -0.734528  0.000000  1.0
    0.004787   -0.732528  0.000000  1.0
    0.006787   -0.812528  0.000000  1.0
    0.006787   -0.810528  0.000000  1.0
    0.006787   -0.808528  0.000000  1.0
    0.006787   -0.806528  0.000000  1.0
    0.006787   -0.804528  0.000000  1.0
    0.006787   -0.802528  0.000000  1.0
    0.006787   -0.800528  0.000000  1.0
    0.006787   -0.798528  0.000000  1.0
    0.006787   -0.796528  0.000000  1.0
    0.006787   -0.794528  0.000000  1.0
    0.006787   -0.792528  0.000000  1.0
    0.006787   -0.790528  0.000000  1.0
    0.006787   -0.788528  0.000000  1.0
    0.006787   -0.786528  0.000000  1.0
    0.006787   -0.784528  0.000000  1.0
    0.006787   -0.782528  0.000000  1.0
    0.006787   -0.780528  0.000000  1.0
    0.006787   -0.778528  0.000000  1.0
    0.006787   -0.776528  0.000000  1.0
    0.006787   -0.774528  0.000000  1.0
    0.006787   -0.772528  0.000000  1.0
    0.006787   -0.770528  0.000000  1.0
    0.006787   -0.768528  0.000000  1.0
    0.006787   -0.766528  0.000000  1.0
    0.006787   -0.764528  0.000000  1.0
    0.006787   -0.762528  0.000000  1.0
    0.006787   -0.760528  0.000000  1.0
    0.006787   -0.758528  0.000000  1.0
    0.006787   -0.756528  0.000000  1.0
    0.006787   -0.754528  0.000000  1.0
    0.006787   -0.752528  0.000000  1.0
    0.006787   -0.750528  0.000000  1.0
    0.006787   -0.748528  0.000000  1.0
    0.006787   -0.746528  0.000000  1.0
    0.006787   -0.744528  0.000000  1.0
    0.006787   -0.742528  0.000000  1.0
    0.006787   -0.740528  0.000000  1.0
    0.006787   -0.738528  0.000000  1.0
    0.006787   -0.736528  0.000000  1.0
    0.006787   -0.734528  0.000000  1.0
    0.006787   -0.732528  0.000000  1.0
    0.008787   -0.812528  0.000000  1.0
    0.008787   -0.810528  0.000000  1.0
    0.008787   -0.808528  0.000000  1.0
    0.008787   -0.806528  0.000000  1.0
    0.008787   -0.804528  0.000000  1.0
    0.008787   -0.802528  0.000000  1.0
    0.008787   -0.800528  0.000000  1.0
    0.008787   -0.798528  0.000000  1.0
    0.008787   -0.796528  0.000000  1.0
    0.008787   -0.794528  0.000000  1.0
    0.008787   -0.792528  0.000000  1.0
    0.008787   -0.790528  0.000000  1.0
    0.008787   -0.788528  0.000000  1.0
    0.008787   -0.786528  0.000000  1.0
    0.008787   -0.784528  0.000000  1.0
    0.008787   -0.782528  0.000000  1.0
    0.008787   -0.780528  0.000000  1.0
    0.008787   -0.778528  0.000000  1.0
    0.008787   -0.776528  0.000000  1.0
    0.008787   -0.774528  0.000000  1.0
    0.008787   -0.772528  0.000000  1.0
    0.008787   -0.770528  0.000000  1.0
    0.008787   -0.768528  0.000000  1.0
    0.008787   -0.766528  0.000000  1.0
    0.008787   -0.764528  0.000000  1.0
    0.008787   -0.762528  0.000000  1.0
    0.008787   -0.760528  0.000000  1.0
    0.008787   -0.758528  0.000000  1.0
    0.008787   -0.756528  0.000000  1.0
    0.008787   -0.754528  0.000000  1.0
    0.008787   -0.752528  0.000000  1.0
    0.008787   -0.750528  0.000000  1.0
    0.008787   -0.748528  0.000000  1.0
    0.008787   -0.746528  0.000000  1.0
    0.008787   -0.744528  0.000000  1.0
    0.008787   -0.742528  0.000000  1.0
    0.008787   -0.740528  0.000000  1.0
    0.008787   -0.738528  0.000000  1.0
    0.008787   -0.736528  0.000000  1.0
    0.008787   -0.734528  0.000000  1.0
    0.008787   -0.732528  0.000000  1.0
    0.010787   -0.812528  0.000000  1.0
    0.010787   -0.810528  0.000000  1.0
    0.010787   -0.808528  0.000000  1.0
    0.010787   -0.806528  0.000000  1.0
    0.010787   -0.804528  0.000000  1.0
    0.010787   -0.802528  0.000000  1.0
    0.010787   -0.800528  0.000000  1.0
    0.010787   -0.798528  0.000000  1.0
    0.010787   -0.796528  0.000000  1.0
    0.010787   -0.794528  0.000000  1.0
    0.010787   -0.792528  0.000000  1.0
    0.010787   -0.790528  0.000000  1.0
    0.010787   -0.788528  0.000000  1.0
    0.010787   -0.786528  0.000000  1.0
    0.010787   -0.784528  0.000000  1.0
    0.010787   -0.782528  0.000000  1.0
    0.010787   -0.780528  0.000000  1.0
    0.010787   -0.778528  0.000000  1.0
    0.010787   -0.776528  0.000000  1.0
    0.010787   -0.774528  0.000000  1.0
    0.010787   -0.772528  0.000000  1.0
    0.010787   -0.770528  0.000000  1.0
    0.010787   -0.768528  0.000000  1.0
    0.010787   -0.766528  0.000000  1.0
    0.010787   -0.764528  0.000000  1.0
    0.010787   -0.762528  0.000000  1.0
    0.010787   -0.760528  0.000000  1.0
    0.010787   -0.758528  0.000000  1.0
    0.010787   -0.756528  0.000000  1.0
    0.010787   -0.754528  0.000000  1.0
    0.010787   -0.752528  0.000000  1.0
    0.010787   -0.750528  0.000000  1.0
    0.010787   -0.748528  0.000000  1.0
    0.010787   -0.746528  0.000000  1.0
    0.010787   -0.744528  0.000000  1.0
    0.010787   -0.742528  0.000000  1.0
    0.010787   -0.740528  0.000000  1.0
    0.010787   -0.738528  0.000000  1.0
    0.010787   -0.736528  0.000000  1.0
    0.010787   -0.734528  0.000000  1.0
    0.010787   -0.732528  0.000000  1.0
    0.012787   -0.812528  0.000000  1.0
    0.012787   -0.810528  0.000000  1.0
    0.012787   -0.808528  0.000000  1.0
    0.012787   -0.806528  0.000000  1.0
    0.012787   -0.804528  0.000000  1.0
    0.012787   -0.802528  0.000000  1.0
    0.012787   -0.800528  0.000000  1.0
    0.012787   -0.798528  0.000000  1.0
    0.012787   -0.796528  0.000000  1.0
    0.012787   -0.794528  0.000000  1.0
    0.012787   -0.792528  0.000000  1.0
    0.012787   -0.790528  0.000000  1.0
    0.012787   -0.788528  0.000000  1.0
    0.012787   -0.786528  0.000000  1.0
    0.012787   -0.784528  0.000000  1.0
    0.012787   -0.782528  0.000000  1.0
    0.012787   -0.780528  0.000000  1.0
    0.012787   -0.778528  0.000000  1.0
    0.012787   -0.776528  0.000000  1.0
    0.012787   -0.774528  0.000000  1.0
    0.012787   -0.772528  0.000000  1.0
    0.012787   -0.770528  0.000000  1.0
    0.012787   -0.768528  0.000000  1.0
    0.012787   -0.766528  0.000000  1.0
    0.012787   -0.764528  0.000000  1.0
    0.012787   -0.762528  0.000000  1.0
    0.012787   -0.760528  0.000000  1.0
    0.012787   -0.758528  0.000000  1.0
    0.012787   -0.756528  0.000000  1.0
    0.012787   -0.754528  0.000000  1.0
    0.012787   -0.752528  0.000000  1.0
    0.012787   -0.750528  0.000000  1.0
    0.012787   -0.748528  0.000000  1.0
    0.012787   -0.746528  0.000000  1.0
    0.012787   -0.744528  0.000000  1.0
    0.012787   -0.742528  0.000000  1.0
    0.012787   -0.740528  0.000000  1.0
    0.012787   -0.738528  0.000000  1.0
    0.012787   -0.736528  0.000000  1.0
    0.012787   -0.734528  0.000000  1.0
    0.012787   -0.732528  0.000000  1.0
    0.014787   -0.812528  0.000000  1.0
    0.014787   -0.810528  0.000000  1.0
    0.014787   -0.808528  0.000000  1.0
    0.014787   -0.806528  0.000000  1.0
    0.014787   -0.804528  0.000000  1.0
    0.014787   -0.802528  0.000000  1.0
    0.014787   -0.800528  0.000000  1.0
    0.014787   -0.798528  0.000000  1.0
    0.014787   -0.796528  0.000000  1.0
    0.014787   -0.794528  0.000000  1.0
    0.014787   -0.792528  0.000000  1.0
    0.014787   -0.790528  0.000000  1.0
    0.014787   -0.788528  0.000000  1.0
    0.014787   -0.786528  0.000000  1.0
    0.014787   -0.784528  0.000000  1.0
    0.014787   -0.782528  0.000000  1.0
    0.014787   -0.780528  0.000000  1.0
    0.014787   -0.778528  0.000000  1.0
    0.014787   -0.776528  0.000000  1.0
    0.014787   -0.774528  0.000000  1.0
    0.014787   -0.772528  0.000000  1.0
    0.014787   -0.770528  0.000000  1.0
    0.014787   -0.768528  0.000000  1.0
    0.014787   -0.766528  0.000000  1.0
    0.014787   -0.764528  0.000000  1.0
    0.014787   -0.762528  0.000000  1.0
    0.014787   -0.760528  0.000000  1.0
    0.014787   -0.758528  0.000000  1.0
    0.014787   -0.756528  0.000000  1.0
    0.014787   -0.754528  0.000000  1.0
    0.014787   -0.752528  0.000000  1.0
    0.014787   -0.750528  0.000000  1.0
    0.014787   -0.748528  0.000000  1.0
    0.014787   -0.746528  0.000000  1.0
    0.014787   -0.744528  0.000000  1.0
    0.014787   -0.742528  0.000000  1.0
    0.014787   -0.740528  0.000000  1.0
    0.014787   -0.738528  0.000000  1.0
    0.014787   -0.736528  0.000000  1.0
    0.014787   -0.734528  0.000000  1.0
    0.014787   -0.732528  0.000000  1.0
    0.016787   -0.812528  0.000000  1.0
    0.016787   -0.810528  0.000000  1.0
    0.016787   -0.808528  0.000000  1.0
    0.016787   -0.806528  0.000000  1.0
    0.016787   -0.804528  0.000000  1.0
    0.016787   -0.802528  0.000000  1.0
    0.016787   -0.800528  0.000000  1.0
    0.016787   -0.798528  0.000000  1.0
    0.016787   -0.796528  0.000000  1.0
    0.016787   -0.794528  0.000000  1.0
    0.016787   -0.792528  0.000000  1.0
    0.016787   -0.790528  0.000000  1.0
    0.016787   -0.788528  0.000000  1.0
    0.016787   -0.786528  0.000000  1.0
    0.016787   -0.784528  0.000000  1.0
    0.016787   -0.782528  0.000000  1.0
    0.016787   -0.780528  0.000000  1.0
    0.016787   -0.778528  0.000000  1.0
    0.016787   -0.776528  0.000000  1.0
    0.016787   -0.774528  0.000000  1.0
    0.016787   -0.772528  0.000000  1.0
    0.016787   -0.770528  0.000000  1.0
    0.016787   -0.768528  0.000000  1.0
    0.016787   -0.766528  0.000000  1.0
    0.016787   -0.764528  0.000000  1.0
    0.016787   -0.762528  0.000000  1.0
    0.016787   -0.760528  0.000000  1.0
    0.016787   -0.758528  0.000000  1.0
    0.016787   -0.756528  0.000000  1.0
    0.016787   -0.754528  0.000000  1.0
    0.016787   -0.752528  0.000000  1.0
    0.016787   -0.750528  0.000000  1.0
    0.016787   -0.748528  0.000000  1.0
    0.016787   -0.746528  0.000000  1.0
    0.016787   -0.744528  0.000000  1.0
    0.016787   -0.742528  0.000000  1.0
    0.016787   -0.740528  0.000000  1.0
    0.016787   -0.738528  0.000000  1.0
    0.016787   -0.736528  0.000000  1.0
    0.016787   -0.734528  0.000000  1.0
    0.016787   -0.732528  0.000000  1.0
    0.018787   -0.812528  0.000000  1.0
    0.018787   -0.810528  0.000000  1.0
    0.018787   -0.808528  0.000000  1.0
    0.018787   -0.806528  0.000000  1.0
    0.018787   -0.804528  0.000000  1.0
    0.018787   -0.802528  0.000000  1.0
    0.018787   -0.800528  0.000000  1.0
    0.018787   -0.798528  0.000000  1.0
    0.018787   -0.796528  0.000000  1.0
    0.018787   -0.794528  0.000000  1.0
    0.018787   -0.792528  0.000000  1.0
    0.018787   -0.790528  0.000000  1.0
    0.018787   -0.788528  0.000000  1.0
    0.018787   -0.786528  0.000000  1.0
    0.018787   -0.784528  0.000000  1.0
    0.018787   -0.782528  0.000000  1.0
    0.018787   -0.780528  0.000000  1.0
    0.018787   -0.778528  0.000000  1.0
    0.018787   -0.776528  0.000000  1.0
    0.018787   -0.774528  0.000000  1.0
    0.018787   -0.772528  0.000000  1.0
    0.018787   -0.770528  0.000000  1.0
    0.018787   -0.768528  0.000000  1.0
    0.018787   -0.766528  0.000000  1.0
    0.018787   -0.764528  0.000000  1.0
    0.018787   -0.762528  0.000000  1.0
    0.018787   -0.760528  0.000000  1.0
    0.018787   -0.758528  0.000000  1.0
    0.018787   -0.756528  0.000000  1.0
    0.018787   -0.754528  0.000000  1.0
    0.018787   -0.752528  0.000000  1.0
    0.018787   -0.750528  0.000000  1.0
    0.018787   -0.748528  0.000000  1.0
    0.018787   -0.746528  0.000000  1.0
    0.018787   -0.744528  0.000000  1.0
    0.018787   -0.742528  0.000000  1.0
    0.018787   -0.740528  0.000000  1.0
    0.018787   -0.738528  0.000000  1.0
    0.018787   -0.736528  0.000000  1.0
    0.018787   -0.734528  0.000000  1.0
    0.018787   -0.732528  0.000000  1.0
    0.020787   -0.812528  0.000000  1.0
    0.020787   -0.810528  0.000000  1.0
    0.020787   -0.808528  0.000000  1.0
    0.020787   -0.806528  0.000000  1.0
    0.020787   -0.804528  0.000000  1.0
    0.020787   -0.802528  0.000000  1.0
    0.020787   -0.800528  0.000000  1.0
    0.020787   -0.798528  0.000000  1.0
    0.020787   -0.796528  0.000000  1.0
    0.020787   -0.794528  0.000000  1.0
    0.020787   -0.792528  0.000000  1.0
    0.020787   -0.790528  0.000000  1.0
    0.020787   -0.788528  0.000000  1.0
    0.020787   -0.786528  0.000000  1.0
    0.020787   -0.784528  0.000000  1.0
    0.020787   -0.782528  0.000000  1.0
    0.020787   -0.780528  0.000000  1.0
    0.020787   -0.778528  0.000000  1.0
    0.020787   -0.776528  0.000000  1.0
    0.020787   -0.774528  0.000000  1.0
    0.020787   -0.772528  0.000000  1.0
    0.020787   -0.770528  0.000000  1.0
    0.020787   -0.768528  0.000000  1.0
    0.020787   -0.766528  0.000000  1.0
    0.020787   -0.764528  0.000000  1.0
    0.020787   -0.762528  0.000000  1.0
    0.020787   -0.760528  0.000000  1.0
    0.020787   -0.758528  0.000000  1.0
    0.020787   -0.756528  0.000000  1.0
    0.020787   -0.754528  0.000000  1.0
    0.020787   -0.752528  0.000000  1.0
    0.020787   -0.750528  0.000000  1.0
    0.020787   -0.748528  0.000000  1.0
    0.020787   -0.746528  0.000000  1.0
    0.020787   -0.744528  0.000000  1.0
    0.020787   -0.742528  0.000000  1.0
    0.020787   -0.740528  0.000000  1.0
    0.020787   -0.738528  0.000000  1.0
    0.020787   -0.736528  0.000000  1.0
    0.020787   -0.734528  0.000000  1.0
    0.020787   -0.732528  0.000000  1.0
    0.022787   -0.812528  0.000000  1.0
    0.022787   -0.810528  0.000000  1.0
    0.022787   -0.808528  0.000000  1.0
    0.022787   -0.806528  0.000000  1.0
    0.022787   -0.804528  0.000000  1.0
    0.022787   -0.802528  0.000000  1.0
    0.022787   -0.800528  0.000000  1.0
    0.022787   -0.798528  0.000000  1.0
    0.022787   -0.796528  0.000000  1.0
    0.022787   -0.794528  0.000000  1.0
    0.022787   -0.792528  0.000000  1.0
    0.022787   -0.790528  0.000000  1.0
    0.022787   -0.788528  0.000000  1.0
    0.022787   -0.786528  0.000000  1.0
    0.022787   -0.784528  0.000000  1.0
    0.022787   -0.782528  0.000000  1.0
    0.022787   -0.780528  0.000000  1.0
    0.022787   -0.778528  0.000000  1.0
    0.022787   -0.776528  0.000000  1.0
    0.022787   -0.774528  0.000000  1.0
    0.022787   -0.772528  0.000000  1.0
    0.022787   -0.770528  0.000000  1.0
    0.022787   -0.768528  0.000000  1.0
    0.022787   -0.766528  0.000000  1.0
    0.022787   -0.764528  0.000000  1.0
    0.022787   -0.762528  0.000000  1.0
    0.022787   -0.760528  0.000000  1.0
    0.022787   -0.758528  0.000000  1.0
    0.022787   -0.756528  0.000000  1.0
    0.022787   -0.754528  0.000000  1.0
    0.022787   -0.752528  0.000000  1.0
    0.022787   -0.750528  0.000000  1.0
    0.022787   -0.748528  0.000000  1.0
    0.022787   -0.746528  0.000000  1.0
    0.022787   -0.744528  0.000000  1.0
    0.022787   -0.742528  0.000000  1.0
    0.022787   -0.740528  0.000000  1.0
    0.022787   -0.738528  0.000000  1.0
    0.022787   -0.736528  0.000000  1.0
    0.022787   -0.734528  0.000000  1.0
    0.022787   -0.732528  0.000000  1.0
    0.024787   -0.812528  0.000000  1.0
    0.024787   -0.810528  0.000000  1.0
    0.024787   -0.808528  0.000000  1.0
    0.024787   -0.806528  0.000000  1.0
    0.024787   -0.804528  0.000000  1.0
    0.024787   -0.802528  0.000000  1.0
    0.024787   -0.800528  0.000000  1.0
    0.024787   -0.798528  0.000000  1.0
    0.024787   -0.796528  0.000000  1.0
    0.024787   -0.794528  0.000000  1.0
    0.024787   -0.792528  0.000000  1.0
    0.024787   -0.790528  0.000000  1.0
    0.024787   -0.788528  0.000000  1.0
    0.024787   -0.786528  0.000000  1.0
    0.024787   -0.784528  0.000000  1.0
    0.024787   -0.782528  0.000000  1.0
    0.024787   -0.780528  0.000000  1.0
    0.024787   -0.778528  0.000000  1.0
    0.024787   -0.776528  0.000000  1.0
    0.024787   -0.774528  0.000000  1.0
    0.024787   -0.772528  0.000000  1.0
    0.024787   -0.770528  0.000000  1.0
    0.024787   -0.768528  0.000000  1.0
    0.024787   -0.766528  0.000000  1.0
    0.024787   -0.764528  0.000000  1.0
    0.024787   -0.762528  0.000000  1.0
    0.024787   -0.760528  0.000000  1.0
    0.024787   -0.758528  0.000000  1.0
    0.024787   -0.756528  0.000000  1.0
    0.024787   -0.754528  0.000000  1.0
    0.024787   -0.752528  0.000000  1.0
    0.024787   -0.750528  0.000000  1.0
    0.024787   -0.748528  0.000000  1.0
    0.024787   -0.746528  0.000000  1.0
    0.024787   -0.744528  0.000000  1.0
    0.024787   -0.742528  0.000000  1.0
    0.024787   -0.740528  0.000000  1.0
    0.024787   -0.738528  0.000000  1.0
    0.024787   -0.736528  0.000000  1.0
    0.024787   -0.734528  0.000000  1.0
    0.024787   -0.732528  0.000000  1.0
    0.026787   -0.812528  0.000000  1.0
    0.026787   -0.810528  0.000000  1.0
    0.026787   -0.808528  0.000000  1.0
    0.026787   -0.806528  0.000000  1.0
    0.026787   -0.804528  0.000000  1.0
    0.026787   -0.802528  0.000000  1.0
    0.026787   -0.800528  0.000000  1.0
    0.026787   -0.798528  0.000000  1.0
    0.026787   -0.796528  0.000000  1.0
    0.026787   -0.794528  0.000000  1.0
    0.026787   -0.792528  0.000000  1.0
    0.026787   -0.790528  0.000000  1.0
    0.026787   -0.788528  0.000000  1.0
    0.026787   -0.786528  0.000000  1.0
    0.026787   -0.784528  0.000000  1.0
    0.026787   -0.782528  0.000000  1.0
    0.026787   -0.780528  0.000000  1.0
    0.026787   -0.778528  0.000000  1.0
    0.026787   -0.776528  0.000000  1.0
    0.026787   -0.774528  0.000000  1.0
    0.026787   -0.772528  0.000000  1.0
    0.026787   -0.770528  0.000000  1.0
    0.026787   -0.768528  0.000000  1.0
    0.026787   -0.766528  0.000000  1.0
    0.026787   -0.764528  0.000000  1.0
    0.026787   -0.762528  0.000000  1.0
    0.026787   -0.760528  0.000000  1.0
    0.026787   -0.758528  0.000000  1.0
    0.026787   -0.756528  0.000000  1.0
    0.026787   -0.754528  0.000000  1.0
    0.026787   -0.752528  0.000000  1.0
    0.026787   -0.750528  0.000000  1.0
    0.026787   -0.748528  0.000000  1.0
    0.026787   -0.746528  0.000000  1.0
    0.026787   -0.744528  0.000000  1.0
    0.026787   -0.742528  0.000000  1.0
    0.026787   -0.740528  0.000000  1.0
    0.026787   -0.738528  0.000000  1.0
    0.026787   -0.736528  0.000000  1.0
    0.026787   -0.734528  0.000000  1.0
    0.026787   -0.732528  0.000000  1.0
    0.028787   -0.812528  0.000000  1.0
    0.028787   -0.810528  0.000000  1.0
    0.028787   -0.808528  0.000000  1.0
    0.028787   -0.806528  0.000000  1.0
    0.028787   -0.804528  0.000000  1.0
    0.028787   -0.802528  0.000000  1.0
    0.028787   -0.800528  0.000000  1.0
    0.028787   -0.798528  0.000000  1.0
    0.028787   -0.796528  0.000000  1.0
    0.028787   -0.794528  0.000000  1.0
    0.028787   -0.792528  0.000000  1.0
    0.028787   -0.790528  0.000000  1.0
    0.028787   -0.788528  0.000000  1.0
    0.028787   -0.786528  0.000000  1.0
    0.028787   -0.784528  0.000000  1.0
    0.028787   -0.782528  0.000000  1.0
    0.028787   -0.780528  0.000000  1.0
    0.028787   -0.778528  0.000000  1.0
    0.028787   -0.776528  0.000000  1.0
    0.028787   -0.774528  0.000000  1.0
    0.028787   -0.772528  0.000000  1.0
    0.028787   -0.770528  0.000000  1.0
    0.028787   -0.768528  0.000000  1.0
    0.028787   -0.766528  0.000000  1.0
    0.028787   -0.764528  0.000000  1.0
    0.028787   -0.762528  0.000000  1.0
    0.028787   -0.760528  0.000000  1.0
    0.028787   -0.758528  0.000000  1.0
    0.028787   -0.756528  0.000000  1.0
    0.028787   -0.754528  0.000000  1.0
    0.028787   -0.752528  0.000000  1.0
    0.028787   -0.750528  0.000000  1.0
    0.028787   -0.748528  0.000000  1.0
    0.028787   -0.746528  0.000000  1.0
    0.028787   -0.744528  0.000000  1.0
    0.028787   -0.742528  0.000000  1.0
    0.028787   -0.740528  0.000000  1.0
    0.028787   -0.738528  0.000000  1.0
    0.028787   -0.736528  0.000000  1.0
    0.028787   -0.734528  0.000000  1.0
    0.028787   -0.732528  0.000000  1.0
    0.030787   -0.812528  0.000000  1.0
    0.030787   -0.810528  0.000000  1.0
    0.030787   -0.808528  0.000000  1.0
    0.030787   -0.806528  0.000000  1.0
    0.030787   -0.804528  0.000000  1.0
    0.030787   -0.802528  0.000000  1.0
    0.030787   -0.800528  0.000000  1.0
    0.030787   -0.798528  0.000000  1.0
    0.030787   -0.796528  0.000000  1.0
    0.030787   -0.794528  0.000000  1.0
    0.030787   -0.792528  0.000000  1.0
    0.030787   -0.790528  0.000000  1.0
    0.030787   -0.788528  0.000000  1.0
    0.030787   -0.786528  0.000000  1.0
    0.030787   -0.784528  0.000000  1.0
    0.030787   -0.782528  0.000000  1.0
    0.030787   -0.780528  0.000000  1.0
    0.030787   -0.778528  0.000000  1.0
    0.030787   -0.776528  0.000000  1.0
    0.030787   -0.774528  0.000000  1.0
    0.030787   -0.772528  0.000000  1.0
    0.030787   -0.770528  0.000000  1.0
    0.030787   -0.768528  0.000000  1.0
    0.030787   -0.766528  0.000000  1.0
    0.030787   -0.764528  0.000000  1.0
    0.030787   -0.762528  0.000000  1.0
    0.030787   -0.760528  0.000000  1.0
    0.030787   -0.758528  0.000000  1.0
    0.030787   -0.756528  0.000000  1.0
    0.030787   -0.754528  0.000000  1.0
    0.030787   -0.752528  0.000000  1.0
    0.030787   -0.750528  0.000000  1.0
    0.030787   -0.748528  0.000000  1.0
    0.030787   -0.746528  0.000000  1.0
    0.030787   -0.744528  0.000000  1.0
    0.030787   -0.742528  0.000000  1.0
    0.030787   -0.740528  0.000000  1.0
    0.030787   -0.738528  0.000000  1.0
    0.030787   -0.736528  0.000000  1.0
    0.030787   -0.734528  0.000000  1.0
    0.030787   -0.732528  0.000000  1.0
    0.032787   -0.812528  0.000000  1.0
    0.032787   -0.810528  0.000000  1.0
    0.032787   -0.808528  0.000000  1.0
    0.032787   -0.806528  0.000000  1.0
    0.032787   -0.804528  0.000000  1.0
    0.032787   -0.802528  0.000000  1.0
    0.032787   -0.800528  0.000000  1.0
    0.032787   -0.798528  0.000000  1.0
    0.032787   -0.796528  0.000000  1.0
    0.032787   -0.794528  0.000000  1.0
    0.032787   -0.792528  0.000000  1.0
    0.032787   -0.790528  0.000000  1.0
    0.032787   -0.788528  0.000000  1.0
    0.032787   -0.786528  0.000000  1.0
    0.032787   -0.784528  0.000000  1.0
    0.032787   -0.782528  0.000000  1.0
    0.032787   -0.780528  0.000000  1.0
    0.032787   -0.778528  0.000000  1.0
    0.032787   -0.776528  0.000000  1.0
    0.032787   -0.774528  0.000000  1.0
    0.032787   -0.772528  0.000000  1.0
    0.032787   -0.770528  0.000000  1.0
    0.032787   -0.768528  0.000000  1.0
    0.032787   -0.766528  0.000000  1.0
    0.032787   -0.764528  0.000000  1.0
    0.032787   -0.762528  0.000000  1.0
    0.032787   -0.760528  0.000000  1.0
    0.032787   -0.758528  0.000000  1.0
    0.032787   -0.756528  0.000000  1.0
    0.032787   -0.754528  0.000000  1.0
    0.032787   -0.752528  0.000000  1.0
    0.032787   -0.750528  0.000000  1.0
    0.032787   -0.748528  0.000000  1.0
    0.032787   -0.746528  0.000000  1.0
    0.032787   -0.744528  0.000000  1.0
    0.032787   -0.742528  0.000000  1.0
    0.032787   -0.740528  0.000000  1.0
    0.032787   -0.738528  0.000000  1.0
    0.032787   -0.736528  0.000000  1.0
    0.032787   -0.734528  0.000000  1.0
    0.032787   -0.732528  0.000000  1.0
    0.034787   -0.812528  0.000000  1.0
    0.034787   -0.810528  0.000000  1.0
    0.034787   -0.808528  0.000000  1.0
    0.034787   -0.806528  0.000000  1.0
    0.034787   -0.804528  0.000000  1.0
    0.034787   -0.802528  0.000000  1.0
    0.034787   -0.800528  0.000000  1.0
    0.034787   -0.798528  0.000000  1.0
    0.034787   -0.796528  0.000000  1.0
    0.034787   -0.794528  0.000000  1.0
    0.034787   -0.792528  0.000000  1.0
    0.034787   -0.790528  0.000000  1.0
    0.034787   -0.788528  0.000000  1.0
    0.034787   -0.786528  0.000000  1.0
    0.034787   -0.784528  0.000000  1.0
    0.034787   -0.782528  0.000000  1.0
    0.034787   -0.780528  0.000000  1.0
    0.034787   -0.778528  0.000000  1.0
    0.034787   -0.776528  0.000000  1.0
    0.034787   -0.774528  0.000000  1.0
    0.034787   -0.772528  0.000000  1.0
    0.034787   -0.770528  0.000000  1.0
    0.034787   -0.768528  0.000000  1.0
    0.034787   -0.766528  0.000000  1.0
    0.034787   -0.764528  0.000000  1.0
    0.034787   -0.762528  0.000000  1.0
    0.034787   -0.760528  0.000000  1.0
    0.034787   -0.758528  0.000000  1.0
    0.034787   -0.756528  0.000000  1.0
    0.034787   -0.754528  0.000000  1.0
    0.034787   -0.752528  0.000000  1.0
    0.034787   -0.750528  0.000000  1.0
    0.034787   -0.748528  0.000000  1.0
    0.034787   -0.746528  0.000000  1.0
    0.034787   -0.744528  0.000000  1.0
    0.034787   -0.742528  0.000000  1.0
    0.034787   -0.740528  0.000000  1.0
    0.034787   -0.738528  0.000000  1.0
    0.034787   -0.736528  0.000000  1.0
    0.034787   -0.734528  0.000000  1.0
    0.034787   -0.732528  0.000000  1.0
    0.036787   -0.812528  0.000000  1.0
    0.036787   -0.810528  0.000000  1.0
    0.036787   -0.808528  0.000000  1.0
    0.036787   -0.806528  0.000000  1.0
    0.036787   -0.804528  0.000000  1.0
    0.036787   -0.802528  0.000000  1.0
    0.036787   -0.800528  0.000000  1.0
    0.036787   -0.798528  0.000000  1.0
    0.036787   -0.796528  0.000000  1.0
    0.036787   -0.794528  0.000000  1.0
    0.036787   -0.792528  0.000000  1.0
    0.036787   -0.790528  0.000000  1.0
    0.036787   -0.788528  0.000000  1.0
    0.036787   -0.786528  0.000000  1.0
    0.036787   -0.784528  0.000000  1.0
    0.036787   -0.782528  0.000000  1.0
    0.036787   -0.780528  0.000000  1.0
    0.036787   -0.778528  0.000000  1.0
    0.036787   -0.776528  0.000000  1.0
    0.036787   -0.774528  0.000000  1.0
    0.036787   -0.772528  0.000000  1.0
    0.036787   -0.770528  0.000000  1.0
    0.036787   -0.768528  0.000000  1.0
    0.036787   -0.766528  0.000000  1.0
    0.036787   -0.764528  0.000000  1.0
    0.036787   -0.762528  0.000000  1.0
    0.036787   -0.760528  0.000000  1.0
    0.036787   -0.758528  0.000000  1.0
    0.036787   -0.756528  0.000000  1.0
    0.036787   -0.754528  0.000000  1.0
    0.036787   -0.752528  0.000000  1.0
    0.036787   -0.750528  0.000000  1.0
    0.036787   -0.748528  0.000000  1.0
    0.036787   -0.746528  0.000000  1.0
    0.036787   -0.744528  0.000000  1.0
    0.036787   -0.742528  0.000000  1.0
    0.036787   -0.740528  0.000000  1.0
    0.036787   -0.738528  0.000000  1.0
    0.036787   -0.736528  0.000000  1.0
    0.036787   -0.734528  0.000000  1.0
    0.036787   -0.732528  0.000000  1.0
    0.038787   -0.812528  0.000000  1.0
    0.038787   -0.810528  0.000000  1.0
    0.038787   -0.808528  0.000000  1.0
    0.038787   -0.806528  0.000000  1.0
    0.038787   -0.804528  0.000000  1.0
    0.038787   -0.802528  0.000000  1.0
    0.038787   -0.800528  0.000000  1.0
    0.038787   -0.798528  0.000000  1.0
    0.038787   -0.796528  0.000000  1.0
    0.038787   -0.794528  0.000000  1.0
    0.038787   -0.792528  0.000000  1.0
    0.038787   -0.790528  0.000000  1.0
    0.038787   -0.788528  0.000000  1.0
    0.038787   -0.786528  0.000000  1.0
    0.038787   -0.784528  0.000000  1.0
    0.038787   -0.782528  0.000000  1.0
    0.038787   -0.780528  0.000000  1.0
    0.038787   -0.778528  0.000000  1.0
    0.038787   -0.776528  0.000000  1.0
    0.038787   -0.774528  0.000000  1.0
    0.038787   -0.772528  0.000000  1.0
    0.038787   -0.770528  0.000000  1.0
    0.038787   -0.768528  0.000000  1.0
    0.038787   -0.766528  0.000000  1.0
    0.038787   -0.764528  0.000000  1.0
    0.038787   -0.762528  0.000000  1.0
    0.038787   -0.760528  0.000000  1.0
    0.038787   -0.758528  0.000000  1.0
    0.038787   -0.756528  0.000000  1.0
    0.038787   -0.754528  0.000000  1.0
    0.038787   -0.752528  0.000000  1.0
    0.038787   -0.750528  0.000000  1.0
    0.038787   -0.748528  0.000000  1.0
    0.038787   -0.746528  0.000000  1.0
    0.038787   -0.744528  0.000000  1.0
    0.038787   -0.742528  0.000000  1.0
    0.038787   -0.740528  0.000000  1.0
    0.038787   -0.738528  0.000000  1.0
    0.038787   -0.736528  0.000000  1.0
    0.038787   -0.734528  0.000000  1.0
    0.038787   -0.732528  0.000000  1.0
    0.040787   -0.812528  0.000000  1.0
    0.040787   -0.810528  0.000000  1.0
    0.040787   -0.808528  0.000000  1.0
    0.040787   -0.806528  0.000000  1.0
    0.040787   -0.804528  0.000000  1.0
    0.040787   -0.802528  0.000000  1.0
    0.040787   -0.800528  0.000000  1.0
    0.040787   -0.798528  0.000000  1.0
    0.040787   -0.796528  0.000000  1.0
    0.040787   -0.794528  0.000000  1.0
    0.040787   -0.792528  0.000000  1.0
    0.040787   -0.790528  0.000000  1.0
    0.040787   -0.788528  0.000000  1.0
    0.040787   -0.786528  0.000000  1.0
    0.040787   -0.784528  0.000000  1.0
    0.040787   -0.782528  0.000000  1.0
    0.040787   -0.780528  0.000000  1.0
    0.040787   -0.778528  0.000000  1.0
    0.040787   -0.776528  0.000000  1.0
    0.040787   -0.774528  0.000000  1.0
    0.040787   -0.772528  0.000000  1.0
    0.040787   -0.770528  0.000000  1.0
    0.040787   -0.768528  0.000000  1.0
    0.040787   -0.766528  0.000000  1.0
    0.040787   -0.764528  0.000000  1.0
    0.040787   -0.762528  0.000000  1.0
    0.040787   -0.760528  0.000000  1.0
    0.040787   -0.758528  0.000000  1.0
    0.040787   -0.756528  0.000000  1.0
    0.040787   -0.754528  0.000000  1.0
    0.040787   -0.752528  0.000000  1.0
    0.040787   -0.750528  0.000000  1.0
    0.040787   -0.748528  0.000000  1.0
    0.040787   -0.746528  0.000000  1.0
    0.040787   -0.744528  0.000000  1.0
    0.040787   -0.742528  0.000000  1.0
    0.040787   -0.740528  0.000000  1.0
    0.040787   -0.738528  0.000000  1.0
    0.040787   -0.736528  0.000000  1.0
    0.040787   -0.734528  0.000000  1.0
    0.040787   -0.732528  0.000000  1.0
    0.042787   -0.812528  0.000000  1.0
    0.042787   -0.810528  0.000000  1.0
    0.042787   -0.808528  0.000000  1.0
    0.042787   -0.806528  0.000000  1.0
    0.042787   -0.804528  0.000000  1.0
    0.042787   -0.802528  0.000000  1.0
    0.042787   -0.800528  0.000000  1.0
    0.042787   -0.798528  0.000000  1.0
    0.042787   -0.796528  0.000000  1.0
    0.042787   -0.794528  0.000000  1.0
    0.042787   -0.792528  0.000000  1.0
    0.042787   -0.790528  0.000000  1.0
    0.042787   -0.788528  0.000000  1.0
    0.042787   -0.786528  0.000000  1.0
    0.042787   -0.784528  0.000000  1.0
    0.042787   -0.782528  0.000000  1.0
    0.042787   -0.780528  0.000000  1.0
    0.042787   -0.778528  0.000000  1.0
    0.042787   -0.776528  0.000000  1.0
    0.042787   -0.774528  0.000000  1.0
    0.042787   -0.772528  0.000000  1.0
    0.042787   -0.770528  0.000000  1.0
    0.042787   -0.768528  0.000000  1.0
    0.042787   -0.766528  0.000000  1.0
    0.042787   -0.764528  0.000000  1.0
    0.042787   -0.762528  0.000000  1.0
    0.042787   -0.760528  0.000000  1.0
    0.042787   -0.758528  0.000000  1.0
    0.042787   -0.756528  0.000000  1.0
    0.042787   -0.754528  0.000000  1.0
    0.042787   -0.752528  0.000000  1.0
    0.042787   -0.750528  0.000000  1.0
    0.042787   -0.748528  0.000000  1.0
    0.042787   -0.746528  0.000000  1.0
    0.042787   -0.744528  0.000000  1.0
    0.042787   -0.742528  0.000000  1.0
    0.042787   -0.740528  0.000000  1.0
    0.042787   -0.738528  0.000000  1.0
    0.042787   -0.736528  0.000000  1.0
    0.042787   -0.734528  0.000000  1.0
    0.042787   -0.732528  0.000000  1.0
    0.044787   -0.812528  0.000000  1.0
    0.044787   -0.810528  0.000000  1.0
    0.044787   -0.808528  0.000000  1.0
    0.044787   -0.806528  0.000000  1.0
    0.044787   -0.804528  0.000000  1.0
    0.044787   -0.802528  0.000000  1.0
    0.044787   -0.800528  0.000000  1.0
    0.044787   -0.798528  0.000000  1.0
    0.044787   -0.796528  0.000000  1.0
    0.044787   -0.794528  0.000000  1.0
    0.044787   -0.792528  0.000000  1.0
    0.044787   -0.790528  0.000000  1.0
    0.044787   -0.788528  0.000000  1.0
    0.044787   -0.786528  0.000000  1.0
    0.044787   -0.784528  0.000000  1.0
    0.044787   -0.782528  0.000000  1.0
    0.044787   -0.780528  0.000000  1.0
    0.044787   -0.778528  0.000000  1.0
    0.044787   -0.776528  0.000000  1.0
    0.044787   -0.774528  0.000000  1.0
    0.044787   -0.772528  0.000000  1.0
    0.044787   -0.770528  0.000000  1.0
    0.044787   -0.768528  0.000000  1.0
    0.044787   -0.766528  0.000000  1.0
    0.044787   -0.764528  0.000000  1.0
    0.044787   -0.762528  0.000000  1.0
    0.044787   -0.760528  0.000000  1.0
    0.044787   -0.758528  0.000000  1.0
    0.044787   -0.756528  0.000000  1.0
    0.044787   -0.754528  0.000000  1.0
    0.044787   -0.752528  0.000000  1.0
    0.044787   -0.750528  0.000000  1.0
    0.044787   -0.748528  0.000000  1.0
    0.044787   -0.746528  0.000000  1.0
    0.044787   -0.744528  0.000000  1.0
    0.044787   -0.742528  0.000000  1.0
    0.044787   -0.740528  0.000000  1.0
    0.044787   -0.738528  0.000000  1.0
    0.044787   -0.736528  0.000000  1.0
    0.044787   -0.734528  0.000000  1.0
    0.044787   -0.732528  0.000000  1.0
    0.046787   -0.812528  0.000000  1.0
    0.046787   -0.810528  0.000000  1.0
    0.046787   -0.808528  0.000000  1.0
    0.046787   -0.806528  0.000000  1.0
    0.046787   -0.804528  0.000000  1.0
    0.046787   -0.802528  0.000000  1.0
    0.046787   -0.800528  0.000000  1.0
    0.046787   -0.798528  0.000000  1.0
    0.046787   -0.796528  0.000000  1.0
    0.046787   -0.794528  0.000000  1.0
    0.046787   -0.792528  0.000000  1.0
    0.046787   -0.790528  0.000000  1.0
    0.046787   -0.788528  0.000000  1.0
    0.046787   -0.786528  0.000000  1.0
    0.046787   -0.784528  0.000000  1.0
    0.046787   -0.782528  0.000000  1.0
    0.046787   -0.780528  0.000000  1.0
    0.046787   -0.778528  0.000000  1.0
    0.046787   -0.776528  0.000000  1.0
    0.046787   -0.774528  0.000000  1.0
    0.046787   -0.772528  0.000000  1.0
    0.046787   -0.770528  0.000000  1.0
    0.046787   -0.768528  0.000000  1.0
    0.046787   -0.766528  0.000000  1.0
    0.046787   -0.764528  0.000000  1.0
    0.046787   -0.762528  0.000000  1.0
    0.046787   -0.760528  0.000000  1.0
    0.046787   -0.758528  0.000000  1.0
    0.046787   -0.756528  0.000000  1.0
    0.046787   -0.754528  0.000000  1.0
    0.046787   -0.752528  0.000000  1.0
    0.046787   -0.750528  0.000000  1.0
    0.046787   -0.748528  0.000000  1.0
    0.046787   -0.746528  0.000000  1.0
    0.046787   -0.744528  0.000000  1.0
    0.046787   -0.742528  0.000000  1.0
    0.046787   -0.740528  0.000000  1.0
    0.046787   -0.738528  0.000000  1.0
    0.046787   -0.736528  0.000000  1.0
    0.046787   -0.734528  0.000000  1.0
    0.046787   -0.732528  0.000000  1.0
    0.048787   -0.812528  0.000000  1.0
    0.048787   -0.810528  0.000000  1.0
    0.048787   -0.808528  0.000000  1.0
    0.048787   -0.806528  0.000000  1.0
    0.048787   -0.804528  0.000000  1.0
    0.048787   -0.802528  0.000000  1.0
    0.048787   -0.800528  0.000000  1.0
    0.048787   -0.798528  0.000000  1.0
    0.048787   -0.796528  0.000000  1.0
    0.048787   -0.794528  0.000000  1.0
    0.048787   -0.792528  0.000000  1.0
    0.048787   -0.790528  0.000000  1.0
    0.048787   -0.788528  0.000000  1.0
    0.048787   -0.786528  0.000000  1.0
    0.048787   -0.784528  0.000000  1.0
    0.048787   -0.782528  0.000000  1.0
    0.048787   -0.780528  0.000000  1.0
    0.048787   -0.778528  0.000000  1.0
    0.048787   -0.776528  0.000000  1.0
    0.048787   -0.774528  0.000000  1.0
    0.048787   -0.772528  0.000000  1.0
    0.048787   -0.770528  0.000000  1.0
    0.048787   -0.768528  0.000000  1.0
    0.048787   -0.766528  0.000000  1.0
    0.048787   -0.764528  0.000000  1.0
    0.048787   -0.762528  0.000000  1.0
    0.048787   -0.760528  0.000000  1.0
    0.048787   -0.758528  0.000000  1.0
    0.048787   -0.756528  0.000000  1.0
    0.048787   -0.754528  0.000000  1.0
    0.048787   -0.752528  0.000000  1.0
    0.048787   -0.750528  0.000000  1.0
    0.048787   -0.748528  0.000000  1.0
    0.048787   -0.746528  0.000000  1.0
    0.048787   -0.744528  0.000000  1.0
    0.048787   -0.742528  0.000000  1.0
    0.048787   -0.740528  0.000000  1.0
    0.048787   -0.738528  0.000000  1.0
    0.048787   -0.736528  0.000000  1.0
    0.048787   -0.734528  0.000000  1.0
    0.048787   -0.732528  0.000000  1.0
    0.050787   -0.812528  0.000000  1.0
    0.050787   -0.810528  0.000000  1.0
    0.050787   -0.808528  0.000000  1.0
    0.050787   -0.806528  0.000000  1.0
    0.050787   -0.804528  0.000000  1.0
    0.050787   -0.802528  0.000000  1.0
    0.050787   -0.800528  0.000000  1.0
    0.050787   -0.798528  0.000000  1.0
    0.050787   -0.796528  0.000000  1.0
    0.050787   -0.794528  0.000000  1.0
    0.050787   -0.792528  0.000000  1.0
    0.050787   -0.790528  0.000000  1.0
    0.050787   -0.788528  0.000000  1.0
    0.050787   -0.786528  0.000000  1.0
    0.050787   -0.784528  0.000000  1.0
    0.050787   -0.782528  0.000000  1.0
    0.050787   -0.780528  0.000000  1.0
    0.050787   -0.778528  0.000000  1.0
    0.050787   -0.776528  0.000000  1.0
    0.050787   -0.774528  0.000000  1.0
    0.050787   -0.772528  0.000000  1.0
    0.050787   -0.770528  0.000000  1.0
    0.050787   -0.768528  0.000000  1.0
    0.050787   -0.766528  0.000000  1.0
    0.050787   -0.764528  0.000000  1.0
    0.050787   -0.762528  0.000000  1.0
    0.050787   -0.760528  0.000000  1.0
    0.050787   -0.758528  0.000000  1.0
    0.050787   -0.756528  0.000000  1.0
    0.050787   -0.754528  0.000000  1.0
    0.050787   -0.752528  0.000000  1.0
    0.050787   -0.750528  0.000000  1.0
    0.050787   -0.748528  0.000000  1.0
    0.050787   -0.746528  0.000000  1.0
    0.050787   -0.744528  0.000000  1.0
    0.050787   -0.742528  0.000000  1.0
    0.050787   -0.740528  0.000000  1.0
    0.050787   -0.738528  0.000000  1.0
    0.050787   -0.736528  0.000000  1.0
    0.050787   -0.734528  0.000000  1.0
    0.050787   -0.732528  0.000000  1.0
    0.052787   -0.812528  0.000000  1.0
    0.052787   -0.810528  0.000000  1.0
    0.052787   -0.808528  0.000000  1.0
    0.052787   -0.806528  0.000000  1.0
    0.052787   -0.804528  0.000000  1.0
    0.052787   -0.802528  0.000000  1.0
    0.052787   -0.800528  0.000000  1.0
    0.052787   -0.798528  0.000000  1.0
    0.052787   -0.796528  0.000000  1.0
    0.052787   -0.794528  0.000000  1.0
    0.052787   -0.792528  0.000000  1.0
    0.052787   -0.790528  0.000000  1.0
    0.052787   -0.788528  0.000000  1.0
    0.052787   -0.786528  0.000000  1.0
    0.052787   -0.784528  0.000000  1.0
    0.052787   -0.782528  0.000000  1.0
    0.052787   -0.780528  0.000000  1.0
    0.052787   -0.778528  0.000000  1.0
    0.052787   -0.776528  0.000000  1.0
    0.052787   -0.774528  0.000000  1.0
    0.052787   -0.772528  0.000000  1.0
    0.052787   -0.770528  0.000000  1.0
    0.052787   -0.768528  0.000000  1.0
    0.052787   -0.766528  0.000000  1.0
    0.052787   -0.764528  0.000000  1.0
    0.052787   -0.762528  0.000000  1.0
    0.052787   -0.760528  0.000000  1.0
    0.052787   -0.758528  0.000000  1.0
    0.052787   -0.756528  0.000000  1.0
    0.052787   -0.754528  0.000000  1.0
    0.052787   -0.752528  0.000000  1.0
    0.052787   -0.750528  0.000000  1.0
    0.052787   -0.748528  0.000000  1.0
    0.052787   -0.746528  0.000000  1.0
    0.052787   -0.744528  0.000000  1.0
    0.052787   -0.742528  0.000000  1.0
    0.052787   -0.740528  0.000000  1.0
    0.052787   -0.738528  0.000000  1.0
    0.052787   -0.736528  0.000000  1.0
    0.052787   -0.734528  0.000000  1.0
    0.052787   -0.732528  0.000000  1.0
    0.054787   -0.812528  0.000000  1.0
    0.054787   -0.810528  0.000000  1.0
    0.054787   -0.808528  0.000000  1.0
    0.054787   -0.806528  0.000000  1.0
    0.054787   -0.804528  0.000000  1.0
    0.054787   -0.802528  0.000000  1.0
    0.054787   -0.800528  0.000000  1.0
    0.054787   -0.798528  0.000000  1.0
    0.054787   -0.796528  0.000000  1.0
    0.054787   -0.794528  0.000000  1.0
    0.054787   -0.792528  0.000000  1.0
    0.054787   -0.790528  0.000000  1.0
    0.054787   -0.788528  0.000000  1.0
    0.054787   -0.786528  0.000000  1.0
    0.054787   -0.784528  0.000000  1.0
    0.054787   -0.782528  0.000000  1.0
    0.054787   -0.780528  0.000000  1.0
    0.054787   -0.778528  0.000000  1.0
    0.054787   -0.776528  0.000000  1.0
    0.054787   -0.774528  0.000000  1.0
    0.054787   -0.772528  0.000000  1.0
    0.054787   -0.770528  0.000000  1.0
    0.054787   -0.768528  0.000000  1.0
    0.054787   -0.766528  0.000000  1.0
    0.054787   -0.764528  0.000000  1.0
    0.054787   -0.762528  0.000000  1.0
    0.054787   -0.760528  0.000000  1.0
    0.054787   -0.758528  0.000000  1.0
    0.054787   -0.756528  0.000000  1.0
    0.054787   -0.754528  0.000000  1.0
    0.054787   -0.752528  0.000000  1.0
    0.054787   -0.750528  0.000000  1.0
    0.054787   -0.748528  0.000000  1.0
    0.054787   -0.746528  0.000000  1.0
    0.054787   -0.744528  0.000000  1.0
    0.054787   -0.742528  0.000000  1.0
    0.054787   -0.740528  0.000000  1.0
    0.054787   -0.738528  0.000000  1.0
    0.054787   -0.736528  0.000000  1.0
    0.054787   -0.734528  0.000000  1.0
    0.054787   -0.732528  0.000000  1.0
    0.056787   -0.812528  0.000000  1.0
    0.056787   -0.810528  0.000000  1.0
    0.056787   -0.808528  0.000000  1.0
    0.056787   -0.806528  0.000000  1.0
    0.056787   -0.804528  0.000000  1.0
    0.056787   -0.802528  0.000000  1.0
    0.056787   -0.800528  0.000000  1.0
    0.056787   -0.798528  0.000000  1.0
    0.056787   -0.796528  0.000000  1.0
    0.056787   -0.794528  0.000000  1.0
    0.056787   -0.792528  0.000000  1.0
    0.056787   -0.790528  0.000000  1.0
    0.056787   -0.788528  0.000000  1.0
    0.056787   -0.786528  0.000000  1.0
    0.056787   -0.784528  0.000000  1.0
    0.056787   -0.782528  0.000000  1.0
    0.056787   -0.780528  0.000000  1.0
    0.056787   -0.778528  0.000000  1.0
    0.056787   -0.776528  0.000000  1.0
    0.056787   -0.774528  0.000000  1.0
    0.056787   -0.772528  0.000000  1.0
    0.056787   -0.770528  0.000000  1.0
    0.056787   -0.768528  0.000000  1.0
    0.056787   -0.766528  0.000000  1.0
    0.056787   -0.764528  0.000000  1.0
    0.056787   -0.762528  0.000000  1.0
    0.056787   -0.760528  0.000000  1.0
    0.056787   -0.758528  0.000000  1.0
    0.056787   -0.756528  0.000000  1.0
    0.056787   -0.754528  0.000000  1.0
    0.056787   -0.752528  0.000000  1.0
    0.056787   -0.750528  0.000000  1.0
    0.056787   -0.748528  0.000000  1.0
    0.056787   -0.746528  0.000000  1.0
    0.056787   -0.744528  0.000000  1.0
    0.056787   -0.742528  0.000000  1.0
    0.056787   -0.740528  0.000000  1.0
    0.056787   -0.738528  0.000000  1.0
    0.056787   -0.736528  0.000000  1.0
    0.056787   -0.734528  0.000000  1.0
    0.056787   -0.732528  0.000000  1.0
    0.058787   -0.812528  0.000000  1.0
    0.058787   -0.810528  0.000000  1.0
    0.058787   -0.808528  0.000000  1.0
    0.058787   -0.806528  0.000000  1.0
    0.058787   -0.804528  0.000000  1.0
    0.058787   -0.802528  0.000000  1.0
    0.058787   -0.800528  0.000000  1.0
    0.058787   -0.798528  0.000000  1.0
    0.058787   -0.796528  0.000000  1.0
    0.058787   -0.794528  0.000000  1.0
    0.058787   -0.792528  0.000000  1.0
    0.058787   -0.790528  0.000000  1.0
    0.058787   -0.788528  0.000000  1.0
    0.058787   -0.786528  0.000000  1.0
    0.058787   -0.784528  0.000000  1.0
    0.058787   -0.782528  0.000000  1.0
    0.058787   -0.780528  0.000000  1.0
    0.058787   -0.778528  0.000000  1.0
    0.058787   -0.776528  0.000000  1.0
    0.058787   -0.774528  0.000000  1.0
    0.058787   -0.772528  0.000000  1.0
    0.058787   -0.770528  0.000000  1.0
    0.058787   -0.768528  0.000000  1.0
    0.058787   -0.766528  0.000000  1.0
    0.058787   -0.764528  0.000000  1.0
    0.058787   -0.762528  0.000000  1.0
    0.058787   -0.760528  0.000000  1.0
    0.058787   -0.758528  0.000000  1.0
    0.058787   -0.756528  0.000000  1.0
    0.058787   -0.754528  0.000000  1.0
    0.058787   -0.752528  0.000000  1.0
    0.058787   -0.750528  0.000000  1.0
    0.058787   -0.748528  0.000000  1.0
    0.058787   -0.746528  0.000000  1.0
    0.058787   -0.744528  0.000000  1.0
    0.058787   -0.742528  0.000000  1.0
    0.058787   -0.740528  0.000000  1.0
    0.058787   -0.738528  0.000000  1.0
    0.058787   -0.736528  0.000000  1.0
    0.058787   -0.734528  0.000000  1.0
    0.058787   -0.732528  0.000000  1.0
    0.060787   -0.812528  0.000000  1.0
    0.060787   -0.810528  0.000000  1.0
    0.060787   -0.808528  0.000000  1.0
    0.060787   -0.806528  0.000000  1.0
    0.060787   -0.804528  0.000000  1.0
    0.060787   -0.802528  0.000000  1.0
    0.060787   -0.800528  0.000000  1.0
    0.060787   -0.798528  0.000000  1.0
    0.060787   -0.796528  0.000000  1.0
    0.060787   -0.794528  0.000000  1.0
    0.060787   -0.792528  0.000000  1.0
    0.060787   -0.790528  0.000000  1.0
    0.060787   -0.788528  0.000000  1.0
    0.060787   -0.786528  0.000000  1.0
    0.060787   -0.784528  0.000000  1.0
    0.060787   -0.782528  0.000000  1.0
    0.060787   -0.780528  0.000000  1.0
    0.060787   -0.778528  0.000000  1.0
    0.060787   -0.776528  0.000000  1.0
    0.060787   -0.774528  0.000000  1.0
    0.060787   -0.772528  0.000000  1.0
    0.060787   -0.770528  0.000000  1.0
    0.060787   -0.768528  0.000000  1.0
    0.060787   -0.766528  0.000000  1.0
    0.060787   -0.764528  0.000000  1.0
    0.060787   -0.762528  0.000000  1.0
    0.060787   -0.760528  0.000000  1.0
    0.060787   -0.758528  0.000000  1.0
    0.060787   -0.756528  0.000000  1.0
    0.060787   -0.754528  0.000000  1.0
    0.060787   -0.752528  0.000000  1.0
    0.060787   -0.750528  0.000000  1.0
    0.060787   -0.748528  0.000000  1.0
    0.060787   -0.746528  0.000000  1.0
    0.060787   -0.744528  0.000000  1.0
    0.060787   -0.742528  0.000000  1.0
    0.060787   -0.740528  0.000000  1.0
    0.060787   -0.738528  0.000000  1.0
    0.060787   -0.736528  0.000000  1.0
    0.060787   -0.734528  0.000000  1.0
    0.060787   -0.732528  0.000000  1.0
    0.062787   -0.812528  0.000000  1.0
    0.062787   -0.810528  0.000000  1.0
    0.062787   -0.808528  0.000000  1.0
    0.062787   -0.806528  0.000000  1.0
    0.062787   -0.804528  0.000000  1.0
    0.062787   -0.802528  0.000000  1.0
    0.062787   -0.800528  0.000000  1.0
    0.062787   -0.798528  0.000000  1.0
    0.062787   -0.796528  0.000000  1.0
    0.062787   -0.794528  0.000000  1.0
    0.062787   -0.792528  0.000000  1.0
    0.062787   -0.790528  0.000000  1.0
    0.062787   -0.788528  0.000000  1.0
    0.062787   -0.786528  0.000000  1.0
    0.062787   -0.784528  0.000000  1.0
    0.062787   -0.782528  0.000000  1.0
    0.062787   -0.780528  0.000000  1.0
    0.062787   -0.778528  0.000000  1.0
    0.062787   -0.776528  0.000000  1.0
    0.062787   -0.774528  0.000000  1.0
    0.062787   -0.772528  0.000000  1.0
    0.062787   -0.770528  0.000000  1.0
    0.062787   -0.768528  0.000000  1.0
    0.062787   -0.766528  0.000000  1.0
    0.062787   -0.764528  0.000000  1.0
    0.062787   -0.762528  0.000000  1.0
    0.062787   -0.760528  0.000000  1.0
    0.062787   -0.758528  0.000000  1.0
    0.062787   -0.756528  0.000000  1.0
    0.062787   -0.754528  0.000000  1.0
    0.062787   -0.752528  0.000000  1.0
    0.062787   -0.750528  0.000000  1.0
    0.062787   -0.748528  0.000000  1.0
    0.062787   -0.746528  0.000000  1.0
    0.062787   -0.744528  0.000000  1.0
    0.062787   -0.742528  0.000000  1.0
    0.062787   -0.740528  0.000000  1.0
    0.062787   -0.738528  0.000000  1.0
    0.062787   -0.736528  0.000000  1.0
    0.062787   -0.734528  0.000000  1.0
    0.062787   -0.732528  0.000000  1.0
    0.064787   -0.812528  0.000000  1.0
    0.064787   -0.810528  0.000000  1.0
    0.064787   -0.808528  0.000000  1.0
    0.064787   -0.806528  0.000000  1.0
    0.064787   -0.804528  0.000000  1.0
    0.064787   -0.802528  0.000000  1.0
    0.064787   -0.800528  0.000000  1.0
    0.064787   -0.798528  0.000000  1.0
    0.064787   -0.796528  0.000000  1.0
    0.064787   -0.794528  0.000000  1.0
    0.064787   -0.792528  0.000000  1.0
    0.064787   -0.790528  0.000000  1.0
    0.064787   -0.788528  0.000000  1.0
    0.064787   -0.786528  0.000000  1.0
    0.064787   -0.784528  0.000000  1.0
    0.064787   -0.782528  0.000000  1.0
    0.064787   -0.780528  0.000000  1.0
    0.064787   -0.778528  0.000000  1.0
    0.064787   -0.776528  0.000000  1.0
    0.064787   -0.774528  0.000000  1.0
    0.064787   -0.772528  0.000000  1.0
    0.064787   -0.770528  0.000000  1.0
    0.064787   -0.768528  0.000000  1.0
    0.064787   -0.766528  0.000000  1.0
    0.064787   -0.764528  0.000000  1.0
    0.064787   -0.762528  0.000000  1.0
    0.064787   -0.760528  0.000000  1.0
    0.064787   -0.758528  0.000000  1.0
    0.064787   -0.756528  0.000000  1.0
    0.064787   -0.754528  0.000000  1.0
    0.064787   -0.752528  0.000000  1.0
    0.064787   -0.750528  0.000000  1.0
    0.064787   -0.748528  0.000000  1.0
    0.064787   -0.746528  0.000000  1.0
    0.064787   -0.744528  0.000000  1.0
    0.064787   -0.742528  0.000000  1.0
    0.064787   -0.740528  0.000000  1.0
    0.064787   -0.738528  0.000000  1.0
    0.064787   -0.736528  0.000000  1.0
    0.064787   -0.734528  0.000000  1.0
    0.064787   -0.732528  0.000000  1.0
    0.066787   -0.812528  0.000000  1.0
    0.066787   -0.810528  0.000000  1.0
    0.066787   -0.808528  0.000000  1.0
    0.066787   -0.806528  0.000000  1.0
    0.066787   -0.804528  0.000000  1.0
    0.066787   -0.802528  0.000000  1.0
    0.066787   -0.800528  0.000000  1.0
    0.066787   -0.798528  0.000000  1.0
    0.066787   -0.796528  0.000000  1.0
    0.066787   -0.794528  0.000000  1.0
    0.066787   -0.792528  0.000000  1.0
    0.066787   -0.790528  0.000000  1.0
    0.066787   -0.788528  0.000000  1.0
    0.066787   -0.786528  0.000000  1.0
    0.066787   -0.784528  0.000000  1.0
    0.066787   -0.782528  0.000000  1.0
    0.066787   -0.780528  0.000000  1.0
    0.066787   -0.778528  0.000000  1.0
    0.066787   -0.776528  0.000000  1.0
    0.066787   -0.774528  0.000000  1.0
    0.066787   -0.772528  0.000000  1.0
    0.066787   -0.770528  0.000000  1.0
    0.066787   -0.768528  0.000000  1.0
    0.066787   -0.766528  0.000000  1.0
    0.066787   -0.764528  0.000000  1.0
    0.066787   -0.762528  0.000000  1.0
    0.066787   -0.760528  0.000000  1.0
    0.066787   -0.758528  0.000000  1.0
    0.066787   -0.756528  0.000000  1.0
    0.066787   -0.754528  0.000000  1.0
    0.066787   -0.752528  0.000000  1.0
    0.066787   -0.750528  0.000000  1.0
    0.066787   -0.748528  0.000000  1.0
    0.066787   -0.746528  0.000000  1.0
    0.066787   -0.744528  0.000000  1.0
    0.066787   -0.742528  0.000000  1.0
    0.066787   -0.740528  0.000000  1.0
    0.066787   -0.738528  0.000000  1.0
    0.066787   -0.736528  0.000000  1.0
    0.066787   -0.734528  0.000000  1.0
    0.066787   -0.732528  0.000000  1.0
    0.068787   -0.812528  0.000000  1.0
    0.068787   -0.810528  0.000000  1.0
    0.068787   -0.808528  0.000000  1.0
    0.068787   -0.806528  0.000000  1.0
    0.068787   -0.804528  0.000000  1.0
    0.068787   -0.802528  0.000000  1.0
    0.068787   -0.800528  0.000000  1.0
    0.068787   -0.798528  0.000000  1.0
    0.068787   -0.796528  0.000000  1.0
    0.068787   -0.794528  0.000000  1.0
    0.068787   -0.792528  0.000000  1.0
    0.068787   -0.790528  0.000000  1.0
    0.068787   -0.788528  0.000000  1.0
    0.068787   -0.786528  0.000000  1.0
    0.068787   -0.784528  0.000000  1.0
    0.068787   -0.782528  0.000000  1.0
    0.068787   -0.780528  0.000000  1.0
    0.068787   -0.778528  0.000000  1.0
    0.068787   -0.776528  0.000000  1.0
    0.068787   -0.774528  0.000000  1.0
    0.068787   -0.772528  0.000000  1.0
    0.068787   -0.770528  0.000000  1.0
    0.068787   -0.768528  0.000000  1.0
    0.068787   -0.766528  0.000000  1.0
    0.068787   -0.764528  0.000000  1.0
    0.068787   -0.762528  0.000000  1.0
    0.068787   -0.760528  0.000000  1.0
    0.068787   -0.758528  0.000000  1.0
    0.068787   -0.756528  0.000000  1.0
    0.068787   -0.754528  0.000000  1.0
    0.068787   -0.752528  0.000000  1.0
    0.068787   -0.750528  0.000000  1.0
    0.068787   -0.748528  0.000000  1.0
    0.068787   -0.746528  0.000000  1.0
    0.068787   -0.744528  0.000000  1.0
    0.068787   -0.742528  0.000000  1.0
    0.068787   -0.740528  0.000000  1.0
    0.068787   -0.738528  0.000000  1.0
    0.068787   -0.736528  0.000000  1.0
    0.068787   -0.734528  0.000000  1.0
    0.068787   -0.732528  0.000000  1.0
    0.070787   -0.812528  0.000000  1.0
    0.070787   -0.810528  0.000000  1.0
    0.070787   -0.808528  0.000000  1.0
    0.070787   -0.806528  0.000000  1.0
    0.070787   -0.804528  0.000000  1.0
    0.070787   -0.802528  0.000000  1.0
    0.070787   -0.800528  0.000000  1.0
    0.070787   -0.798528  0.000000  1.0
    0.070787   -0.796528  0.000000  1.0
    0.070787   -0.794528  0.000000  1.0
    0.070787   -0.792528  0.000000  1.0
    0.070787   -0.790528  0.000000  1.0
    0.070787   -0.788528  0.000000  1.0
    0.070787   -0.786528  0.000000  1.0
    0.070787   -0.784528  0.000000  1.0
    0.070787   -0.782528  0.000000  1.0
    0.070787   -0.780528  0.000000  1.0
    0.070787   -0.778528  0.000000  1.0
    0.070787   -0.776528  0.000000  1.0
    0.070787   -0.774528  0.000000  1.0
    0.070787   -0.772528  0.000000  1.0
    0.070787   -0.770528  0.000000  1.0
    0.070787   -0.768528  0.000000  1.0
    0.070787   -0.766528  0.000000  1.0
    0.070787   -0.764528  0.000000  1.0
    0.070787   -0.762528  0.000000  1.0
    0.070787   -0.760528  0.000000  1.0
    0.070787   -0.758528  0.000000  1.0
    0.070787   -0.756528  0.000000  1.0
    0.070787   -0.754528  0.000000  1.0
    0.070787   -0.752528  0.000000  1.0
    0.070787   -0.750528  0.000000  1.0
    0.070787   -0.748528  0.000000  1.0
    0.070787   -0.746528  0.000000  1.0
    0.070787   -0.744528  0.000000  1.0
    0.070787   -0.742528  0.000000  1.0
    0.070787   -0.740528  0.000000  1.0
    0.070787   -0.738528  0.000000  1.0
    0.070787   -0.736528  0.000000  1.0
    0.070787   -0.734528  0.000000  1.0
    0.070787   -0.732528  0.000000  1.0
    0.072787   -0.812528  0.000000  1.0
    0.072787   -0.810528  0.000000  1.0
    0.072787   -0.808528  0.000000  1.0
    0.072787   -0.806528  0.000000  1.0
    0.072787   -0.804528  0.000000  1.0
    0.072787   -0.802528  0.000000  1.0
    0.072787   -0.800528  0.000000  1.0
    0.072787   -0.798528  0.000000  1.0
    0.072787   -0.796528  0.000000  1.0
    0.072787   -0.794528  0.000000  1.0
    0.072787   -0.792528  0.000000  1.0
    0.072787   -0.790528  0.000000  1.0
    0.072787   -0.788528  0.000000  1.0
    0.072787   -0.786528  0.000000  1.0
    0.072787   -0.784528  0.000000  1.0
    0.072787   -0.782528  0.000000  1.0
    0.072787   -0.780528  0.000000  1.0
    0.072787   -0.778528  0.000000  1.0
    0.072787   -0.776528  0.000000  1.0
    0.072787   -0.774528  0.000000  1.0
    0.072787   -0.772528  0.000000  1.0
    0.072787   -0.770528  0.000000  1.0
    0.072787   -0.768528  0.000000  1.0
    0.072787   -0.766528  0.000000  1.0
    0.072787   -0.764528  0.000000  1.0
    0.072787   -0.762528  0.000000  1.0
    0.072787   -0.760528  0.000000  1.0
    0.072787   -0.758528  0.000000  1.0
    0.072787   -0.756528  0.000000  1.0
    0.072787   -0.754528  0.000000  1.0
    0.072787   -0.752528  0.000000  1.0
    0.072787   -0.750528  0.000000  1.0
    0.072787   -0.748528  0.000000  1.0
    0.072787   -0.746528  0.000000  1.0
    0.072787   -0.744528  0.000000  1.0
    0.072787   -0.742528  0.000000  1.0
    0.072787   -0.740528  0.000000  1.0
    0.072787   -0.738528  0.000000  1.0
    0.072787   -0.736528  0.000000  1.0
    0.072787   -0.734528  0.000000  1.0
    0.072787   -0.732528  0.000000  1.0
