&CONTROL
  calculation = 'bands'
  prefix = 'graphene27.0zoom'
  outdir = './tmp'
  pseudo_dir = './'
  verbosity = 'high'
/
&SYSTEM
  ibrav = 0
  nat = 2
  ntyp = 1
  ecutwfc = 40.0
  nosym = .true.
  noinv = .true.
  nbnd = 8
/
&ELECTRONS
/
ATOMIC_SPECIES
  C  12.011 C.upf
CELL_PARAMETERS {bohr}
  5.874923  0.000000  0.000000
  2.937461  3.827693  0.000000
  0.000000  0.000000  28.346456
ATOMIC_POSITIONS {crystal}
  C  -0.000683  0.001365  0.000000
  C  0.334016  0.331968  0.000000
K_POINTS {tpiba}
1681
   -0.105574    0.714843  0.000000  1.0
   -0.105574    0.716843  0.000000  1.0
   -0.105574    0.718843  0.000000  1.0
   -0.105574    0.720843  0.000000  1.0
   -0.105574    0.722843  0.000000  1.0
   -0.105574    0.724843  0.000000  1.0
   -0.105574    0.726843  0.000000  1.0
   -0.105574    0.728843  0.000000  1.0
   -0.105574    0.730843  0.000000  1.0
   -0.105574    0.732843  0.000000  1.0
   -0.105574    0.734843  0.000000  1.0
   -0.105574    0.736843  0.000000  1.0
   -0.105574    0.738843  0.000000  1.0
   -0.105574    0.740843  0.000000  1.0
   -0.105574    0.742843  0.000000  1.0
   -0.105574    0.744843  0.000000  1.0
   -0.105574    0.746843  0.000000  1.0
   -0.105574    0.748843  0.000000  1.0
   -0.105574    0.750843  0.000000  1.0
   -0.105574    0.752843  0.000000  1.0
   -0.105574    0.754843  0.000000  1.0
   -0.105574    0.756843  0.000000  1.0
   -0.105574    0.758843  0.000000  1.0
   -0.105574    0.760843  0.000000  1.0
   -0.105574    0.762843  0.000000  1.0
   -0.105574    0.764843  0.000000  1.0
   -0.105574    0.766843  0.000000  1.0
   -0.105574    0.768843  0.000000  1.0
   -0.105574    0.770843  0.000000  1.0
   -0.105574    0.772843  0.000000  1.0
   -0.105574    0.774843  0.000000  1.0
   -0.105574    0.776843  0.000000  1.0
   -0.105574    0.778843  0.000000  1.0
   -0.105574    0.780843  0.000000  1.0
   -0.105574    0.782843  0.000000  1.0
   -0.105574    0.784843  0.000000  1.0
   -0.105574    0.786843  0.000000  1.0
   -0.105574    0.788843  0.000000  1.0
   -0.105574    0.790843  0.000000  1.0
   -0.105574    0.792843  0.000000  1.0
   -0.105574    0.794843  0.000000  1.0
   -0.103574    0.714843  0.000000  1.0
   -0.103574    0.716843  0.000000  1.0
   -0.103574    0.718843  0.000000  1.0
   -0.103574    0.720843  0.000000  1.0
   -0.103574    0.722843  0.000000  1.0
   -0.103574    0.724843  0.000000  1.0
   -0.103574    0.726843  0.000000  1.0
   -0.103574    0.728843  0.000000  1.0
   -0.103574    0.730843  0.000000  1.0
   -0.103574    0.732843  0.000000  1.0
   -0.103574    0.734843  0.000000  1.0
   -0.103574    0.736843  0.000000  1.0
   -0.103574    0.738843  0.000000  1.0
   -0.103574    0.740843  0.000000  1.0
   -0.103574    0.742843  0.000000  1.0
   -0.103574    0.744843  0.000000  1.0
   -0.103574    0.746843  0.000000  1.0
   -0.103574    0.748843  0.000000  1.0
   -0.103574    0.750843  0.000000  1.0
   -0.103574    0.752843  0.000000  1.0
   -0.103574    0.754843  0.000000  1.0
   -0.103574    0.756843  0.000000  1.0
   -0.103574    0.758843  0.000000  1.0
   -0.103574    0.760843  0.000000  1.0
   -0.103574    0.762843  0.000000  1.0
   -0.103574    0.764843  0.000000  1.0
   -0.103574    0.766843  0.000000  1.0
   -0.103574    0.768843  0.000000  1.0
   -0.103574    0.770843  0.000000  1.0
   -0.103574    0.772843  0.000000  1.0
   -0.103574    0.774843  0.000000  1.0
   -0.103574    0.776843  0.000000  1.0
   -0.103574    0.778843  0.000000  1.0
   -0.103574    0.780843  0.000000  1.0
   -0.103574    0.782843  0.000000  1.0
   -0.103574    0.784843  0.000000  1.0
   -0.103574    0.786843  0.000000  1.0
   -0.103574    0.788843  0.000000  1.0
   -0.103574    0.790843  0.000000  1.0
   -0.103574    0.792843  0.000000  1.0
   -0.103574    0.794843  0.000000  1.0
   -0.101574    0.714843  0.000000  1.0
   -0.101574    0.716843  0.000000  1.0
   -0.101574    0.718843  0.000000  1.0
   -0.101574    0.720843  0.000000  1.0
   -0.101574    0.722843  0.000000  1.0
   -0.101574    0.724843  0.000000  1.0
   -0.101574    0.726843  0.000000  1.0
   -0.101574    0.728843  0.000000  1.0
   -0.101574    0.730843  0.000000  1.0
   -0.101574    0.732843  0.000000  1.0
   -0.101574    0.734843  0.000000  1.0
   -0.101574    0.736843  0.000000  1.0
   -0.101574    0.738843  0.000000  1.0
   -0.101574    0.740843  0.000000  1.0
   -0.101574    0.742843  0.000000  1.0
   -0.101574    0.744843  0.000000  1.0
   -0.101574    0.746843  0.000000  1.0
   -0.101574    0.748843  0.000000  1.0
   -0.101574    0.750843  0.000000  1.0
   -0.101574    0.752843  0.000000  1.0
   -0.101574    0.754843  0.000000  1.0
   -0.101574    0.756843  0.000000  1.0
   -0.101574    0.758843  0.000000  1.0
   -0.101574    0.760843  0.000000  1.0
   -0.101574    0.762843  0.000000  1.0
   -0.101574    0.764843  0.000000  1.0
   -0.101574    0.766843  0.000000  1.0
   -0.101574    0.768843  0.000000  1.0
   -0.101574    0.770843  0.000000  1.0
   -0.101574    0.772843  0.000000  1.0
   -0.101574    0.774843  0.000000  1.0
   -0.101574    0.776843  0.000000  1.0
   -0.101574    0.778843  0.000000  1.0
   -0.101574    0.780843  0.000000  1.0
   -0.101574    0.782843  0.000000  1.0
   -0.101574    0.784843  0.000000  1.0
   -0.101574    0.786843  0.000000  1.0
   -0.101574    0.788843  0.000000  1.0
   -0.101574    0.790843  0.000000  1.0
   -0.101574    0.792843  0.000000  1.0
   -0.101574    0.794843  0.000000  1.0
   -0.099574    0.714843  0.000000  1.0
   -0.099574    0.716843  0.000000  1.0
   -0.099574    0.718843  0.000000  1.0
   -0.099574    0.720843  0.000000  1.0
   -0.099574    0.722843  0.000000  1.0
   -0.099574    0.724843  0.000000  1.0
   -0.099574    0.726843  0.000000  1.0
   -0.099574    0.728843  0.000000  1.0
   -0.099574    0.730843  0.000000  1.0
   -0.099574    0.732843  0.000000  1.0
   -0.099574    0.734843  0.000000  1.0
   -0.099574    0.736843  0.000000  1.0
   -0.099574    0.738843  0.000000  1.0
   -0.099574    0.740843  0.000000  1.0
   -0.099574    0.742843  0.000000  1.0
   -0.099574    0.744843  0.000000  1.0
   -0.099574    0.746843  0.000000  1.0
   -0.099574    0.748843  0.000000  1.0
   -0.099574    0.750843  0.000000  1.0
   -0.099574    0.752843  0.000000  1.0
   -0.099574    0.754843  0.000000  1.0
   -0.099574    0.756843  0.000000  1.0
   -0.099574    0.758843  0.000000  1.0
   -0.099574    0.760843  0.000000  1.0
   -0.099574    0.762843  0.000000  1.0
   -0.099574    0.764843  0.000000  1.0
   -0.099574    0.766843  0.000000  1.0
   -0.099574    0.768843  0.000000  1.0
   -0.099574    0.770843  0.000000  1.0
   -0.099574    0.772843  0.000000  1.0
   -0.099574    0.774843  0.000000  1.0
   -0.099574    0.776843  0.000000  1.0
   -0.099574    0.778843  0.000000  1.0
   -0.099574    0.780843  0.000000  1.0
   -0.099574    0.782843  0.000000  1.0
   -0.099574    0.784843  0.000000  1.0
   -0.099574    0.786843  0.000000  1.0
   -0.099574    0.788843  0.000000  1.0
   -0.099574    0.790843  0.000000  1.0
   -0.099574    0.792843  0.000000  1.0
   -0.099574    0.794843  0.000000  1.0
   -0.097574    0.714843  0.000000  1.0
   -0.097574    0.716843  0.000000  1.0
   -0.097574    0.718843  0.000000  1.0
   -0.097574    0.720843  0.000000  1.0
   -0.097574    0.722843  0.000000  1.0
   -0.097574    0.724843  0.000000  1.0
   -0.097574    0.726843  0.000000  1.0
   -0.097574    0.728843  0.000000  1.0
   -0.097574    0.730843  0.000000  1.0
   -0.097574    0.732843  0.000000  1.0
   -0.097574    0.734843  0.000000  1.0
   -0.097574    0.736843  0.000000  1.0
   -0.097574    0.738843  0.000000  1.0
   -0.097574    0.740843  0.000000  1.0
   -0.097574    0.742843  0.000000  1.0
   -0.097574    0.744843  0.000000  1.0
   -0.097574    0.746843  0.000000  1.0
   -0.097574    0.748843  0.000000  1.0
   -0.097574    0.750843  0.000000  1.0
   -0.097574    0.752843  0.000000  1.0
   -0.097574    0.754843  0.000000  1.0
   -0.097574    0.756843  0.000000  1.0
   -0.097574    0.758843  0.000000  1.0
   -0.097574    0.760843  0.000000  1.0
   -0.097574    0.762843  0.000000  1.0
   -0.097574    0.764843  0.000000  1.0
   -0.097574    0.766843  0.000000  1.0
   -0.097574    0.768843  0.000000  1.0
   -0.097574    0.770843  0.000000  1.0
   -0.097574    0.772843  0.000000  1.0
   -0.097574    0.774843  0.000000  1.0
   -0.097574    0.776843  0.000000  1.0
   -0.097574    0.778843  0.000000  1.0
   -0.097574    0.780843  0.000000  1.0
   -0.097574    0.782843  0.000000  1.0
   -0.097574    0.784843  0.000000  1.0
   -0.097574    0.786843  0.000000  1.0
   -0.097574    0.788843  0.000000  1.0
   -0.097574    0.790843  0.000000  1.0
   -0.097574    0.792843  0.000000  1.0
   -0.097574    0.794843  0.000000  1.0
   -0.095574    0.714843  0.000000  1.0
   -0.095574    0.716843  0.000000  1.0
   -0.095574    0.718843  0.000000  1.0
   -0.095574    0.720843  0.000000  1.0
   -0.095574    0.722843  0.000000  1.0
   -0.095574    0.724843  0.000000  1.0
   -0.095574    0.726843  0.000000  1.0
   -0.095574    0.728843  0.000000  1.0
   -0.095574    0.730843  0.000000  1.0
   -0.095574    0.732843  0.000000  1.0
   -0.095574    0.734843  0.000000  1.0
   -0.095574    0.736843  0.000000  1.0
   -0.095574    0.738843  0.000000  1.0
   -0.095574    0.740843  0.000000  1.0
   -0.095574    0.742843  0.000000  1.0
   -0.095574    0.744843  0.000000  1.0
   -0.095574    0.746843  0.000000  1.0
   -0.095574    0.748843  0.000000  1.0
   -0.095574    0.750843  0.000000  1.0
   -0.095574    0.752843  0.000000  1.0
   -0.095574    0.754843  0.000000  1.0
   -0.095574    0.756843  0.000000  1.0
   -0.095574    0.758843  0.000000  1.0
   -0.095574    0.760843  0.000000  1.0
   -0.095574    0.762843  0.000000  1.0
   -0.095574    0.764843  0.000000  1.0
   -0.095574    0.766843  0.000000  1.0
   -0.095574    0.768843  0.000000  1.0
   -0.095574    0.770843  0.000000  1.0
   -0.095574    0.772843  0.000000  1.0
   -0.095574    0.774843  0.000000  1.0
   -0.095574    0.776843  0.000000  1.0
   -0.095574    0.778843  0.000000  1.0
   -0.095574    0.780843  0.000000  1.0
   -0.095574    0.782843  0.000000  1.0
   -0.095574    0.784843  0.000000  1.0
   -0.095574    0.786843  0.000000  1.0
   -0.095574    0.788843  0.000000  1.0
   -0.095574    0.790843  0.000000  1.0
   -0.095574    0.792843  0.000000  1.0
   -0.095574    0.794843  0.000000  1.0
   -0.093574    0.714843  0.000000  1.0
   -0.093574    0.716843  0.000000  1.0
   -0.093574    0.718843  0.000000  1.0
   -0.093574    0.720843  0.000000  1.0
   -0.093574    0.722843  0.000000  1.0
   -0.093574    0.724843  0.000000  1.0
   -0.093574    0.726843  0.000000  1.0
   -0.093574    0.728843  0.000000  1.0
   -0.093574    0.730843  0.000000  1.0
   -0.093574    0.732843  0.000000  1.0
   -0.093574    0.734843  0.000000  1.0
   -0.093574    0.736843  0.000000  1.0
   -0.093574    0.738843  0.000000  1.0
   -0.093574    0.740843  0.000000  1.0
   -0.093574    0.742843  0.000000  1.0
   -0.093574    0.744843  0.000000  1.0
   -0.093574    0.746843  0.000000  1.0
   -0.093574    0.748843  0.000000  1.0
   -0.093574    0.750843  0.000000  1.0
   -0.093574    0.752843  0.000000  1.0
   -0.093574    0.754843  0.000000  1.0
   -0.093574    0.756843  0.000000  1.0
   -0.093574    0.758843  0.000000  1.0
   -0.093574    0.760843  0.000000  1.0
   -0.093574    0.762843  0.000000  1.0
   -0.093574    0.764843  0.000000  1.0
   -0.093574    0.766843  0.000000  1.0
   -0.093574    0.768843  0.000000  1.0
   -0.093574    0.770843  0.000000  1.0
   -0.093574    0.772843  0.000000  1.0
   -0.093574    0.774843  0.000000  1.0
   -0.093574    0.776843  0.000000  1.0
   -0.093574    0.778843  0.000000  1.0
   -0.093574    0.780843  0.000000  1.0
   -0.093574    0.782843  0.000000  1.0
   -0.093574    0.784843  0.000000  1.0
   -0.093574    0.786843  0.000000  1.0
   -0.093574    0.788843  0.000000  1.0
   -0.093574    0.790843  0.000000  1.0
   -0.093574    0.792843  0.000000  1.0
   -0.093574    0.794843  0.000000  1.0
   -0.091574    0.714843  0.000000  1.0
   -0.091574    0.716843  0.000000  1.0
   -0.091574    0.718843  0.000000  1.0
   -0.091574    0.720843  0.000000  1.0
   -0.091574    0.722843  0.000000  1.0
   -0.091574    0.724843  0.000000  1.0
   -0.091574    0.726843  0.000000  1.0
   -0.091574    0.728843  0.000000  1.0
   -0.091574    0.730843  0.000000  1.0
   -0.091574    0.732843  0.000000  1.0
   -0.091574    0.734843  0.000000  1.0
   -0.091574    0.736843  0.000000  1.0
   -0.091574    0.738843  0.000000  1.0
   -0.091574    0.740843  0.000000  1.0
   -0.091574    0.742843  0.000000  1.0
   -0.091574    0.744843  0.000000  1.0
   -0.091574    0.746843  0.000000  1.0
   -0.091574    0.748843  0.000000  1.0
   -0.091574    0.750843  0.000000  1.0
   -0.091574    0.752843  0.000000  1.0
   -0.091574    0.754843  0.000000  1.0
   -0.091574    0.756843  0.000000  1.0
   -0.091574    0.758843  0.000000  1.0
   -0.091574    0.760843  0.000000  1.0
   -0.091574    0.762843  0.000000  1.0
   -0.091574    0.764843  0.000000  1.0
   -0.091574    0.766843  0.000000  1.0
   -0.091574    0.768843  0.000000  1.0
   -0.091574    0.770843  0.000000  1.0
   -0.091574    0.772843  0.000000  1.0
   -0.091574    0.774843  0.000000  1.0
   -0.091574    0.776843  0.000000  1.0
   -0.091574    0.778843  0.000000  1.0
   -0.091574    0.780843  0.000000  1.0
   -0.091574    0.782843  0.000000  1.0
   -0.091574    0.784843  0.000000  1.0
   -0.091574    0.786843  0.000000  1.0
   -0.091574    0.788843  0.000000  1.0
   -0.091574    0.790843  0.000000  1.0
   -0.091574    0.792843  0.000000  1.0
   -0.091574    0.794843  0.000000  1.0
   -0.089574    0.714843  0.000000  1.0
   -0.089574    0.716843  0.000000  1.0
   -0.089574    0.718843  0.000000  1.0
   -0.089574    0.720843  0.000000  1.0
   -0.089574    0.722843  0.000000  1.0
   -0.089574    0.724843  0.000000  1.0
   -0.089574    0.726843  0.000000  1.0
   -0.089574    0.728843  0.000000  1.0
   -0.089574    0.730843  0.000000  1.0
   -0.089574    0.732843  0.000000  1.0
   -0.089574    0.734843  0.000000  1.0
   -0.089574    0.736843  0.000000  1.0
   -0.089574    0.738843  0.000000  1.0
   -0.089574    0.740843  0.000000  1.0
   -0.089574    0.742843  0.000000  1.0
   -0.089574    0.744843  0.000000  1.0
   -0.089574    0.746843  0.000000  1.0
   -0.089574    0.748843  0.000000  1.0
   -0.089574    0.750843  0.000000  1.0
   -0.089574    0.752843  0.000000  1.0
   -0.089574    0.754843  0.000000  1.0
   -0.089574    0.756843  0.000000  1.0
   -0.089574    0.758843  0.000000  1.0
   -0.089574    0.760843  0.000000  1.0
   -0.089574    0.762843  0.000000  1.0
   -0.089574    0.764843  0.000000  1.0
   -0.089574    0.766843  0.000000  1.0
   -0.089574    0.768843  0.000000  1.0
   -0.089574    0.770843  0.000000  1.0
   -0.089574    0.772843  0.000000  1.0
   -0.089574    0.774843  0.000000  1.0
   -0.089574    0.776843  0.000000  1.0
   -0.089574    0.778843  0.000000  1.0
   -0.089574    0.780843  0.000000  1.0
   -0.089574    0.782843  0.000000  1.0
   -0.089574    0.784843  0.000000  1.0
   -0.089574    0.786843  0.000000  1.0
   -0.089574    0.788843  0.000000  1.0
   -0.089574    0.790843  0.000000  1.0
   -0.089574    0.792843  0.000000  1.0
   -0.089574    0.794843  0.000000  1.0
   -0.087574    0.714843  0.000000  1.0
   -0.087574    0.716843  0.000000  1.0
   -0.087574    0.718843  0.000000  1.0
   -0.087574    0.720843  0.000000  1.0
   -0.087574    0.722843  0.000000  1.0
   -0.087574    0.724843  0.000000  1.0
   -0.087574    0.726843  0.000000  1.0
   -0.087574    0.728843  0.000000  1.0
   -0.087574    0.730843  0.000000  1.0
   -0.087574    0.732843  0.000000  1.0
   -0.087574    0.734843  0.000000  1.0
   -0.087574    0.736843  0.000000  1.0
   -0.087574    0.738843  0.000000  1.0
   -0.087574    0.740843  0.000000  1.0
   -0.087574    0.742843  0.000000  1.0
   -0.087574    0.744843  0.000000  1.0
   -0.087574    0.746843  0.000000  1.0
   -0.087574    0.748843  0.000000  1.0
   -0.087574    0.750843  0.000000  1.0
   -0.087574    0.752843  0.000000  1.0
   -0.087574    0.754843  0.000000  1.0
   -0.087574    0.756843  0.000000  1.0
   -0.087574    0.758843  0.000000  1.0
   -0.087574    0.760843  0.000000  1.0
   -0.087574    0.762843  0.000000  1.0
   -0.087574    0.764843  0.000000  1.0
   -0.087574    0.766843  0.000000  1.0
   -0.087574    0.768843  0.000000  1.0
   -0.087574    0.770843  0.000000  1.0
   -0.087574    0.772843  0.000000  1.0
   -0.087574    0.774843  0.000000  1.0
   -0.087574    0.776843  0.000000  1.0
   -0.087574    0.778843  0.000000  1.0
   -0.087574    0.780843  0.000000  1.0
   -0.087574    0.782843  0.000000  1.0
   -0.087574    0.784843  0.000000  1.0
   -0.087574    0.786843  0.000000  1.0
   -0.087574    0.788843  0.000000  1.0
   -0.087574    0.790843  0.000000  1.0
   -0.087574    0.792843  0.000000  1.0
   -0.087574    0.794843  0.000000  1.0
   -0.085574    0.714843  0.000000  1.0
   -0.085574    0.716843  0.000000  1.0
   -0.085574    0.718843  0.000000  1.0
   -0.085574    0.720843  0.000000  1.0
   -0.085574    0.722843  0.000000  1.0
   -0.085574    0.724843  0.000000  1.0
   -0.085574    0.726843  0.000000  1.0
   -0.085574    0.728843  0.000000  1.0
   -0.085574    0.730843  0.000000  1.0
   -0.085574    0.732843  0.000000  1.0
   -0.085574    0.734843  0.000000  1.0
   -0.085574    0.736843  0.000000  1.0
   -0.085574    0.738843  0.000000  1.0
   -0.085574    0.740843  0.000000  1.0
   -0.085574    0.742843  0.000000  1.0
   -0.085574    0.744843  0.000000  1.0
   -0.085574    0.746843  0.000000  1.0
   -0.085574    0.748843  0.000000  1.0
   -0.085574    0.750843  0.000000  1.0
   -0.085574    0.752843  0.000000  1.0
   -0.085574    0.754843  0.000000  1.0
   -0.085574    0.756843  0.000000  1.0
   -0.085574    0.758843  0.000000  1.0
   -0.085574    0.760843  0.000000  1.0
   -0.085574    0.762843  0.000000  1.0
   -0.085574    0.764843  0.000000  1.0
   -0.085574    0.766843  0.000000  1.0
   -0.085574    0.768843  0.000000  1.0
   -0.085574    0.770843  0.000000  1.0
   -0.085574    0.772843  0.000000  1.0
   -0.085574    0.774843  0.000000  1.0
   -0.085574    0.776843  0.000000  1.0
   -0.085574    0.778843  0.000000  1.0
   -0.085574    0.780843  0.000000  1.0
   -0.085574    0.782843  0.000000  1.0
   -0.085574    0.784843  0.000000  1.0
   -0.085574    0.786843  0.000000  1.0
   -0.085574    0.788843  0.000000  1.0
   -0.085574    0.790843  0.000000  1.0
   -0.085574    0.792843  0.000000  1.0
   -0.085574    0.794843  0.000000  1.0
   -0.083574    0.714843  0.000000  1.0
   -0.083574    0.716843  0.000000  1.0
   -0.083574    0.718843  0.000000  1.0
   -0.083574    0.720843  0.000000  1.0
   -0.083574    0.722843  0.000000  1.0
   -0.083574    0.724843  0.000000  1.0
   -0.083574    0.726843  0.000000  1.0
   -0.083574    0.728843  0.000000  1.0
   -0.083574    0.730843  0.000000  1.0
   -0.083574    0.732843  0.000000  1.0
   -0.083574    0.734843  0.000000  1.0
   -0.083574    0.736843  0.000000  1.0
   -0.083574    0.738843  0.000000  1.0
   -0.083574    0.740843  0.000000  1.0
   -0.083574    0.742843  0.000000  1.0
   -0.083574    0.744843  0.000000  1.0
   -0.083574    0.746843  0.000000  1.0
   -0.083574    0.748843  0.000000  1.0
   -0.083574    0.750843  0.000000  1.0
   -0.083574    0.752843  0.000000  1.0
   -0.083574    0.754843  0.000000  1.0
   -0.083574    0.756843  0.000000  1.0
   -0.083574    0.758843  0.000000  1.0
   -0.083574    0.760843  0.000000  1.0
   -0.083574    0.762843  0.000000  1.0
   -0.083574    0.764843  0.000000  1.0
   -0.083574    0.766843  0.000000  1.0
   -0.083574    0.768843  0.000000  1.0
   -0.083574    0.770843  0.000000  1.0
   -0.083574    0.772843  0.000000  1.0
   -0.083574    0.774843  0.000000  1.0
   -0.083574    0.776843  0.000000  1.0
   -0.083574    0.778843  0.000000  1.0
   -0.083574    0.780843  0.000000  1.0
   -0.083574    0.782843  0.000000  1.0
   -0.083574    0.784843  0.000000  1.0
   -0.083574    0.786843  0.000000  1.0
   -0.083574    0.788843  0.000000  1.0
   -0.083574    0.790843  0.000000  1.0
   -0.083574    0.792843  0.000000  1.0
   -0.083574    0.794843  0.000000  1.0
   -0.081574    0.714843  0.000000  1.0
   -0.081574    0.716843  0.000000  1.0
   -0.081574    0.718843  0.000000  1.0
   -0.081574    0.720843  0.000000  1.0
   -0.081574    0.722843  0.000000  1.0
   -0.081574    0.724843  0.000000  1.0
   -0.081574    0.726843  0.000000  1.0
   -0.081574    0.728843  0.000000  1.0
   -0.081574    0.730843  0.000000  1.0
   -0.081574    0.732843  0.000000  1.0
   -0.081574    0.734843  0.000000  1.0
   -0.081574    0.736843  0.000000  1.0
   -0.081574    0.738843  0.000000  1.0
   -0.081574    0.740843  0.000000  1.0
   -0.081574    0.742843  0.000000  1.0
   -0.081574    0.744843  0.000000  1.0
   -0.081574    0.746843  0.000000  1.0
   -0.081574    0.748843  0.000000  1.0
   -0.081574    0.750843  0.000000  1.0
   -0.081574    0.752843  0.000000  1.0
   -0.081574    0.754843  0.000000  1.0
   -0.081574    0.756843  0.000000  1.0
   -0.081574    0.758843  0.000000  1.0
   -0.081574    0.760843  0.000000  1.0
   -0.081574    0.762843  0.000000  1.0
   -0.081574    0.764843  0.000000  1.0
   -0.081574    0.766843  0.000000  1.0
   -0.081574    0.768843  0.000000  1.0
   -0.081574    0.770843  0.000000  1.0
   -0.081574    0.772843  0.000000  1.0
   -0.081574    0.774843  0.000000  1.0
   -0.081574    0.776843  0.000000  1.0
   -0.081574    0.778843  0.000000  1.0
   -0.081574    0.780843  0.000000  1.0
   -0.081574    0.782843  0.000000  1.0
   -0.081574    0.784843  0.000000  1.0
   -0.081574    0.786843  0.000000  1.0
   -0.081574    0.788843  0.000000  1.0
   -0.081574    0.790843  0.000000  1.0
   -0.081574    0.792843  0.000000  1.0
   -0.081574    0.794843  0.000000  1.0
   -0.079574    0.714843  0.000000  1.0
   -0.079574    0.716843  0.000000  1.0
   -0.079574    0.718843  0.000000  1.0
   -0.079574    0.720843  0.000000  1.0
   -0.079574    0.722843  0.000000  1.0
   -0.079574    0.724843  0.000000  1.0
   -0.079574    0.726843  0.000000  1.0
   -0.079574    0.728843  0.000000  1.0
   -0.079574    0.730843  0.000000  1.0
   -0.079574    0.732843  0.000000  1.0
   -0.079574    0.734843  0.000000  1.0
   -0.079574    0.736843  0.000000  1.0
   -0.079574    0.738843  0.000000  1.0
   -0.079574    0.740843  0.000000  1.0
   -0.079574    0.742843  0.000000  1.0
   -0.079574    0.744843  0.000000  1.0
   -0.079574    0.746843  0.000000  1.0
   -0.079574    0.748843  0.000000  1.0
   -0.079574    0.750843  0.000000  1.0
   -0.079574    0.752843  0.000000  1.0
   -0.079574    0.754843  0.000000  1.0
   -0.079574    0.756843  0.000000  1.0
   -0.079574    0.758843  0.000000  1.0
   -0.079574    0.760843  0.000000  1.0
   -0.079574    0.762843  0.000000  1.0
   -0.079574    0.764843  0.000000  1.0
   -0.079574    0.766843  0.000000  1.0
   -0.079574    0.768843  0.000000  1.0
   -0.079574    0.770843  0.000000  1.0
   -0.079574    0.772843  0.000000  1.0
   -0.079574    0.774843  0.000000  1.0
   -0.079574    0.776843  0.000000  1.0
   -0.079574    0.778843  0.000000  1.0
   -0.079574    0.780843  0.000000  1.0
   -0.079574    0.782843  0.000000  1.0
   -0.079574    0.784843  0.000000  1.0
   -0.079574    0.786843  0.000000  1.0
   -0.079574    0.788843  0.000000  1.0
   -0.079574    0.790843  0.000000  1.0
   -0.079574    0.792843  0.000000  1.0
   -0.079574    0.794843  0.000000  1.0
   -0.077574    0.714843  0.000000  1.0
   -0.077574    0.716843  0.000000  1.0
   -0.077574    0.718843  0.000000  1.0
   -0.077574    0.720843  0.000000  1.0
   -0.077574    0.722843  0.000000  1.0
   -0.077574    0.724843  0.000000  1.0
   -0.077574    0.726843  0.000000  1.0
   -0.077574    0.728843  0.000000  1.0
   -0.077574    0.730843  0.000000  1.0
   -0.077574    0.732843  0.000000  1.0
   -0.077574    0.734843  0.000000  1.0
   -0.077574    0.736843  0.000000  1.0
   -0.077574    0.738843  0.000000  1.0
   -0.077574    0.740843  0.000000  1.0
   -0.077574    0.742843  0.000000  1.0
   -0.077574    0.744843  0.000000  1.0
   -0.077574    0.746843  0.000000  1.0
   -0.077574    0.748843  0.000000  1.0
   -0.077574    0.750843  0.000000  1.0
   -0.077574    0.752843  0.000000  1.0
   -0.077574    0.754843  0.000000  1.0
   -0.077574    0.756843  0.000000  1.0
   -0.077574    0.758843  0.000000  1.0
   -0.077574    0.760843  0.000000  1.0
   -0.077574    0.762843  0.000000  1.0
   -0.077574    0.764843  0.000000  1.0
   -0.077574    0.766843  0.000000  1.0
   -0.077574    0.768843  0.000000  1.0
   -0.077574    0.770843  0.000000  1.0
   -0.077574    0.772843  0.000000  1.0
   -0.077574    0.774843  0.000000  1.0
   -0.077574    0.776843  0.000000  1.0
   -0.077574    0.778843  0.000000  1.0
   -0.077574    0.780843  0.000000  1.0
   -0.077574    0.782843  0.000000  1.0
   -0.077574    0.784843  0.000000  1.0
   -0.077574    0.786843  0.000000  1.0
   -0.077574    0.788843  0.000000  1.0
   -0.077574    0.790843  0.000000  1.0
   -0.077574    0.792843  0.000000  1.0
   -0.077574    0.794843  0.000000  1.0
   -0.075574    0.714843  0.000000  1.0
   -0.075574    0.716843  0.000000  1.0
   -0.075574    0.718843  0.000000  1.0
   -0.075574    0.720843  0.000000  1.0
   -0.075574    0.722843  0.000000  1.0
   -0.075574    0.724843  0.000000  1.0
   -0.075574    0.726843  0.000000  1.0
   -0.075574    0.728843  0.000000  1.0
   -0.075574    0.730843  0.000000  1.0
   -0.075574    0.732843  0.000000  1.0
   -0.075574    0.734843  0.000000  1.0
   -0.075574    0.736843  0.000000  1.0
   -0.075574    0.738843  0.000000  1.0
   -0.075574    0.740843  0.000000  1.0
   -0.075574    0.742843  0.000000  1.0
   -0.075574    0.744843  0.000000  1.0
   -0.075574    0.746843  0.000000  1.0
   -0.075574    0.748843  0.000000  1.0
   -0.075574    0.750843  0.000000  1.0
   -0.075574    0.752843  0.000000  1.0
   -0.075574    0.754843  0.000000  1.0
   -0.075574    0.756843  0.000000  1.0
   -0.075574    0.758843  0.000000  1.0
   -0.075574    0.760843  0.000000  1.0
   -0.075574    0.762843  0.000000  1.0
   -0.075574    0.764843  0.000000  1.0
   -0.075574    0.766843  0.000000  1.0
   -0.075574    0.768843  0.000000  1.0
   -0.075574    0.770843  0.000000  1.0
   -0.075574    0.772843  0.000000  1.0
   -0.075574    0.774843  0.000000  1.0
   -0.075574    0.776843  0.000000  1.0
   -0.075574    0.778843  0.000000  1.0
   -0.075574    0.780843  0.000000  1.0
   -0.075574    0.782843  0.000000  1.0
   -0.075574    0.784843  0.000000  1.0
   -0.075574    0.786843  0.000000  1.0
   -0.075574    0.788843  0.000000  1.0
   -0.075574    0.790843  0.000000  1.0
   -0.075574    0.792843  0.000000  1.0
   -0.075574    0.794843  0.000000  1.0
   -0.073574    0.714843  0.000000  1.0
   -0.073574    0.716843  0.000000  1.0
   -0.073574    0.718843  0.000000  1.0
   -0.073574    0.720843  0.000000  1.0
   -0.073574    0.722843  0.000000  1.0
   -0.073574    0.724843  0.000000  1.0
   -0.073574    0.726843  0.000000  1.0
   -0.073574    0.728843  0.000000  1.0
   -0.073574    0.730843  0.000000  1.0
   -0.073574    0.732843  0.000000  1.0
   -0.073574    0.734843  0.000000  1.0
   -0.073574    0.736843  0.000000  1.0
   -0.073574    0.738843  0.000000  1.0
   -0.073574    0.740843  0.000000  1.0
   -0.073574    0.742843  0.000000  1.0
   -0.073574    0.744843  0.000000  1.0
   -0.073574    0.746843  0.000000  1.0
   -0.073574    0.748843  0.000000  1.0
   -0.073574    0.750843  0.000000  1.0
   -0.073574    0.752843  0.000000  1.0
   -0.073574    0.754843  0.000000  1.0
   -0.073574    0.756843  0.000000  1.0
   -0.073574    0.758843  0.000000  1.0
   -0.073574    0.760843  0.000000  1.0
   -0.073574    0.762843  0.000000  1.0
   -0.073574    0.764843  0.000000  1.0
   -0.073574    0.766843  0.000000  1.0
   -0.073574    0.768843  0.000000  1.0
   -0.073574    0.770843  0.000000  1.0
   -0.073574    0.772843  0.000000  1.0
   -0.073574    0.774843  0.000000  1.0
   -0.073574    0.776843  0.000000  1.0
   -0.073574    0.778843  0.000000  1.0
   -0.073574    0.780843  0.000000  1.0
   -0.073574    0.782843  0.000000  1.0
   -0.073574    0.784843  0.000000  1.0
   -0.073574    0.786843  0.000000  1.0
   -0.073574    0.788843  0.000000  1.0
   -0.073574    0.790843  0.000000  1.0
   -0.073574    0.792843  0.000000  1.0
   -0.073574    0.794843  0.000000  1.0
   -0.071574    0.714843  0.000000  1.0
   -0.071574    0.716843  0.000000  1.0
   -0.071574    0.718843  0.000000  1.0
   -0.071574    0.720843  0.000000  1.0
   -0.071574    0.722843  0.000000  1.0
   -0.071574    0.724843  0.000000  1.0
   -0.071574    0.726843  0.000000  1.0
   -0.071574    0.728843  0.000000  1.0
   -0.071574    0.730843  0.000000  1.0
   -0.071574    0.732843  0.000000  1.0
   -0.071574    0.734843  0.000000  1.0
   -0.071574    0.736843  0.000000  1.0
   -0.071574    0.738843  0.000000  1.0
   -0.071574    0.740843  0.000000  1.0
   -0.071574    0.742843  0.000000  1.0
   -0.071574    0.744843  0.000000  1.0
   -0.071574    0.746843  0.000000  1.0
   -0.071574    0.748843  0.000000  1.0
   -0.071574    0.750843  0.000000  1.0
   -0.071574    0.752843  0.000000  1.0
   -0.071574    0.754843  0.000000  1.0
   -0.071574    0.756843  0.000000  1.0
   -0.071574    0.758843  0.000000  1.0
   -0.071574    0.760843  0.000000  1.0
   -0.071574    0.762843  0.000000  1.0
   -0.071574    0.764843  0.000000  1.0
   -0.071574    0.766843  0.000000  1.0
   -0.071574    0.768843  0.000000  1.0
   -0.071574    0.770843  0.000000  1.0
   -0.071574    0.772843  0.000000  1.0
   -0.071574    0.774843  0.000000  1.0
   -0.071574    0.776843  0.000000  1.0
   -0.071574    0.778843  0.000000  1.0
   -0.071574    0.780843  0.000000  1.0
   -0.071574    0.782843  0.000000  1.0
   -0.071574    0.784843  0.000000  1.0
   -0.071574    0.786843  0.000000  1.0
   -0.071574    0.788843  0.000000  1.0
   -0.071574    0.790843  0.000000  1.0
   -0.071574    0.792843  0.000000  1.0
   -0.071574    0.794843  0.000000  1.0
   -0.069574    0.714843  0.000000  1.0
   -0.069574    0.716843  0.000000  1.0
   -0.069574    0.718843  0.000000  1.0
   -0.069574    0.720843  0.000000  1.0
   -0.069574    0.722843  0.000000  1.0
   -0.069574    0.724843  0.000000  1.0
   -0.069574    0.726843  0.000000  1.0
   -0.069574    0.728843  0.000000  1.0
   -0.069574    0.730843  0.000000  1.0
   -0.069574    0.732843  0.000000  1.0
   -0.069574    0.734843  0.000000  1.0
   -0.069574    0.736843  0.000000  1.0
   -0.069574    0.738843  0.000000  1.0
   -0.069574    0.740843  0.000000  1.0
   -0.069574    0.742843  0.000000  1.0
   -0.069574    0.744843  0.000000  1.0
   -0.069574    0.746843  0.000000  1.0
   -0.069574    0.748843  0.000000  1.0
   -0.069574    0.750843  0.000000  1.0
   -0.069574    0.752843  0.000000  1.0
   -0.069574    0.754843  0.000000  1.0
   -0.069574    0.756843  0.000000  1.0
   -0.069574    0.758843  0.000000  1.0
   -0.069574    0.760843  0.000000  1.0
   -0.069574    0.762843  0.000000  1.0
   -0.069574    0.764843  0.000000  1.0
   -0.069574    0.766843  0.000000  1.0
   -0.069574    0.768843  0.000000  1.0
   -0.069574    0.770843  0.000000  1.0
   -0.069574    0.772843  0.000000  1.0
   -0.069574    0.774843  0.000000  1.0
   -0.069574    0.776843  0.000000  1.0
   -0.069574    0.778843  0.000000  1.0
   -0.069574    0.780843  0.000000  1.0
   -0.069574    0.782843  0.000000  1.0
   -0.069574    0.784843  0.000000  1.0
   -0.069574    0.786843  0.000000  1.0
   -0.069574    0.788843  0.000000  1.0
   -0.069574    0.790843  0.000000  1.0
   -0.069574    0.792843  0.000000  1.0
   -0.069574    0.794843  0.000000  1.0
   -0.067574    0.714843  0.000000  1.0
   -0.067574    0.716843  0.000000  1.0
   -0.067574    0.718843  0.000000  1.0
   -0.067574    0.720843  0.000000  1.0
   -0.067574    0.722843  0.000000  1.0
   -0.067574    0.724843  0.000000  1.0
   -0.067574    0.726843  0.000000  1.0
   -0.067574    0.728843  0.000000  1.0
   -0.067574    0.730843  0.000000  1.0
   -0.067574    0.732843  0.000000  1.0
   -0.067574    0.734843  0.000000  1.0
   -0.067574    0.736843  0.000000  1.0
   -0.067574    0.738843  0.000000  1.0
   -0.067574    0.740843  0.000000  1.0
   -0.067574    0.742843  0.000000  1.0
   -0.067574    0.744843  0.000000  1.0
   -0.067574    0.746843  0.000000  1.0
   -0.067574    0.748843  0.000000  1.0
   -0.067574    0.750843  0.000000  1.0
   -0.067574    0.752843  0.000000  1.0
   -0.067574    0.754843  0.000000  1.0
   -0.067574    0.756843  0.000000  1.0
   -0.067574    0.758843  0.000000  1.0
   -0.067574    0.760843  0.000000  1.0
   -0.067574    0.762843  0.000000  1.0
   -0.067574    0.764843  0.000000  1.0
   -0.067574    0.766843  0.000000  1.0
   -0.067574    0.768843  0.000000  1.0
   -0.067574    0.770843  0.000000  1.0
   -0.067574    0.772843  0.000000  1.0
   -0.067574    0.774843  0.000000  1.0
   -0.067574    0.776843  0.000000  1.0
   -0.067574    0.778843  0.000000  1.0
   -0.067574    0.780843  0.000000  1.0
   -0.067574    0.782843  0.000000  1.0
   -0.067574    0.784843  0.000000  1.0
   -0.067574    0.786843  0.000000  1.0
   -0.067574    0.788843  0.000000  1.0
   -0.067574    0.790843  0.000000  1.0
   -0.067574    0.792843  0.000000  1.0
   -0.067574    0.794843  0.000000  1.0
   -0.065574    0.714843  0.000000  1.0
   -0.065574    0.716843  0.000000  1.0
   -0.065574    0.718843  0.000000  1.0
   -0.065574    0.720843  0.000000  1.0
   -0.065574    0.722843  0.000000  1.0
   -0.065574    0.724843  0.000000  1.0
   -0.065574    0.726843  0.000000  1.0
   -0.065574    0.728843  0.000000  1.0
   -0.065574    0.730843  0.000000  1.0
   -0.065574    0.732843  0.000000  1.0
   -0.065574    0.734843  0.000000  1.0
   -0.065574    0.736843  0.000000  1.0
   -0.065574    0.738843  0.000000  1.0
   -0.065574    0.740843  0.000000  1.0
   -0.065574    0.742843  0.000000  1.0
   -0.065574    0.744843  0.000000  1.0
   -0.065574    0.746843  0.000000  1.0
   -0.065574    0.748843  0.000000  1.0
   -0.065574    0.750843  0.000000  1.0
   -0.065574    0.752843  0.000000  1.0
   -0.065574    0.754843  0.000000  1.0
   -0.065574    0.756843  0.000000  1.0
   -0.065574    0.758843  0.000000  1.0
   -0.065574    0.760843  0.000000  1.0
   -0.065574    0.762843  0.000000  1.0
   -0.065574    0.764843  0.000000  1.0
   -0.065574    0.766843  0.000000  1.0
   -0.065574    0.768843  0.000000  1.0
   -0.065574    0.770843  0.000000  1.0
   -0.065574    0.772843  0.000000  1.0
   -0.065574    0.774843  0.000000  1.0
   -0.065574    0.776843  0.000000  1.0
   -0.065574    0.778843  0.000000  1.0
   -0.065574    0.780843  0.000000  1.0
   -0.065574    0.782843  0.000000  1.0
   -0.065574    0.784843  0.000000  1.0
   -0.065574    0.786843  0.000000  1.0
   -0.065574    0.788843  0.000000  1.0
   -0.065574    0.790843  0.000000  1.0
   -0.065574    0.792843  0.000000  1.0
   -0.065574    0.794843  0.000000  1.0
   -0.063574    0.714843  0.000000  1.0
   -0.063574    0.716843  0.000000  1.0
   -0.063574    0.718843  0.000000  1.0
   -0.063574    0.720843  0.000000  1.0
   -0.063574    0.722843  0.000000  1.0
   -0.063574    0.724843  0.000000  1.0
   -0.063574    0.726843  0.000000  1.0
   -0.063574    0.728843  0.000000  1.0
   -0.063574    0.730843  0.000000  1.0
   -0.063574    0.732843  0.000000  1.0
   -0.063574    0.734843  0.000000  1.0
   -0.063574    0.736843  0.000000  1.0
   -0.063574    0.738843  0.000000  1.0
   -0.063574    0.740843  0.000000  1.0
   -0.063574    0.742843  0.000000  1.0
   -0.063574    0.744843  0.000000  1.0
   -0.063574    0.746843  0.000000  1.0
   -0.063574    0.748843  0.000000  1.0
   -0.063574    0.750843  0.000000  1.0
   -0.063574    0.752843  0.000000  1.0
   -0.063574    0.754843  0.000000  1.0
   -0.063574    0.756843  0.000000  1.0
   -0.063574    0.758843  0.000000  1.0
   -0.063574    0.760843  0.000000  1.0
   -0.063574    0.762843  0.000000  1.0
   -0.063574    0.764843  0.000000  1.0
   -0.063574    0.766843  0.000000  1.0
   -0.063574    0.768843  0.000000  1.0
   -0.063574    0.770843  0.000000  1.0
   -0.063574    0.772843  0.000000  1.0
   -0.063574    0.774843  0.000000  1.0
   -0.063574    0.776843  0.000000  1.0
   -0.063574    0.778843  0.000000  1.0
   -0.063574    0.780843  0.000000  1.0
   -0.063574    0.782843  0.000000  1.0
   -0.063574    0.784843  0.000000  1.0
   -0.063574    0.786843  0.000000  1.0
   -0.063574    0.788843  0.000000  1.0
   -0.063574    0.790843  0.000000  1.0
   -0.063574    0.792843  0.000000  1.0
   -0.063574    0.794843  0.000000  1.0
   -0.061574    0.714843  0.000000  1.0
   -0.061574    0.716843  0.000000  1.0
   -0.061574    0.718843  0.000000  1.0
   -0.061574    0.720843  0.000000  1.0
   -0.061574    0.722843  0.000000  1.0
   -0.061574    0.724843  0.000000  1.0
   -0.061574    0.726843  0.000000  1.0
   -0.061574    0.728843  0.000000  1.0
   -0.061574    0.730843  0.000000  1.0
   -0.061574    0.732843  0.000000  1.0
   -0.061574    0.734843  0.000000  1.0
   -0.061574    0.736843  0.000000  1.0
   -0.061574    0.738843  0.000000  1.0
   -0.061574    0.740843  0.000000  1.0
   -0.061574    0.742843  0.000000  1.0
   -0.061574    0.744843  0.000000  1.0
   -0.061574    0.746843  0.000000  1.0
   -0.061574    0.748843  0.000000  1.0
   -0.061574    0.750843  0.000000  1.0
   -0.061574    0.752843  0.000000  1.0
   -0.061574    0.754843  0.000000  1.0
   -0.061574    0.756843  0.000000  1.0
   -0.061574    0.758843  0.000000  1.0
   -0.061574    0.760843  0.000000  1.0
   -0.061574    0.762843  0.000000  1.0
   -0.061574    0.764843  0.000000  1.0
   -0.061574    0.766843  0.000000  1.0
   -0.061574    0.768843  0.000000  1.0
   -0.061574    0.770843  0.000000  1.0
   -0.061574    0.772843  0.000000  1.0
   -0.061574    0.774843  0.000000  1.0
   -0.061574    0.776843  0.000000  1.0
   -0.061574    0.778843  0.000000  1.0
   -0.061574    0.780843  0.000000  1.0
   -0.061574    0.782843  0.000000  1.0
   -0.061574    0.784843  0.000000  1.0
   -0.061574    0.786843  0.000000  1.0
   -0.061574    0.788843  0.000000  1.0
   -0.061574    0.790843  0.000000  1.0
   -0.061574    0.792843  0.000000  1.0
   -0.061574    0.794843  0.000000  1.0
   -0.059574    0.714843  0.000000  1.0
   -0.059574    0.716843  0.000000  1.0
   -0.059574    0.718843  0.000000  1.0
   -0.059574    0.720843  0.000000  1.0
   -0.059574    0.722843  0.000000  1.0
   -0.059574    0.724843  0.000000  1.0
   -0.059574    0.726843  0.000000  1.0
   -0.059574    0.728843  0.000000  1.0
   -0.059574    0.730843  0.000000  1.0
   -0.059574    0.732843  0.000000  1.0
   -0.059574    0.734843  0.000000  1.0
   -0.059574    0.736843  0.000000  1.0
   -0.059574    0.738843  0.000000  1.0
   -0.059574    0.740843  0.000000  1.0
   -0.059574    0.742843  0.000000  1.0
   -0.059574    0.744843  0.000000  1.0
   -0.059574    0.746843  0.000000  1.0
   -0.059574    0.748843  0.000000  1.0
   -0.059574    0.750843  0.000000  1.0
   -0.059574    0.752843  0.000000  1.0
   -0.059574    0.754843  0.000000  1.0
   -0.059574    0.756843  0.000000  1.0
   -0.059574    0.758843  0.000000  1.0
   -0.059574    0.760843  0.000000  1.0
   -0.059574    0.762843  0.000000  1.0
   -0.059574    0.764843  0.000000  1.0
   -0.059574    0.766843  0.000000  1.0
   -0.059574    0.768843  0.000000  1.0
   -0.059574    0.770843  0.000000  1.0
   -0.059574    0.772843  0.000000  1.0
   -0.059574    0.774843  0.000000  1.0
   -0.059574    0.776843  0.000000  1.0
   -0.059574    0.778843  0.000000  1.0
   -0.059574    0.780843  0.000000  1.0
   -0.059574    0.782843  0.000000  1.0
   -0.059574    0.784843  0.000000  1.0
   -0.059574    0.786843  0.000000  1.0
   -0.059574    0.788843  0.000000  1.0
   -0.059574    0.790843  0.000000  1.0
   -0.059574    0.792843  0.000000  1.0
   -0.059574    0.794843  0.000000  1.0
   -0.057574    0.714843  0.000000  1.0
   -0.057574    0.716843  0.000000  1.0
   -0.057574    0.718843  0.000000  1.0
   -0.057574    0.720843  0.000000  1.0
   -0.057574    0.722843  0.000000  1.0
   -0.057574    0.724843  0.000000  1.0
   -0.057574    0.726843  0.000000  1.0
   -0.057574    0.728843  0.000000  1.0
   -0.057574    0.730843  0.000000  1.0
   -0.057574    0.732843  0.000000  1.0
   -0.057574    0.734843  0.000000  1.0
   -0.057574    0.736843  0.000000  1.0
   -0.057574    0.738843  0.000000  1.0
   -0.057574    0.740843  0.000000  1.0
   -0.057574    0.742843  0.000000  1.0
   -0.057574    0.744843  0.000000  1.0
   -0.057574    0.746843  0.000000  1.0
   -0.057574    0.748843  0.000000  1.0
   -0.057574    0.750843  0.000000  1.0
   -0.057574    0.752843  0.000000  1.0
   -0.057574    0.754843  0.000000  1.0
   -0.057574    0.756843  0.000000  1.0
   -0.057574    0.758843  0.000000  1.0
   -0.057574    0.760843  0.000000  1.0
   -0.057574    0.762843  0.000000  1.0
   -0.057574    0.764843  0.000000  1.0
   -0.057574    0.766843  0.000000  1.0
   -0.057574    0.768843  0.000000  1.0
   -0.057574    0.770843  0.000000  1.0
   -0.057574    0.772843  0.000000  1.0
   -0.057574    0.774843  0.000000  1.0
   -0.057574    0.776843  0.000000  1.0
   -0.057574    0.778843  0.000000  1.0
   -0.057574    0.780843  0.000000  1.0
   -0.057574    0.782843  0.000000  1.0
   -0.057574    0.784843  0.000000  1.0
   -0.057574    0.786843  0.000000  1.0
   -0.057574    0.788843  0.000000  1.0
   -0.057574    0.790843  0.000000  1.0
   -0.057574    0.792843  0.000000  1.0
   -0.057574    0.794843  0.000000  1.0
   -0.055574    0.714843  0.000000  1.0
   -0.055574    0.716843  0.000000  1.0
   -0.055574    0.718843  0.000000  1.0
   -0.055574    0.720843  0.000000  1.0
   -0.055574    0.722843  0.000000  1.0
   -0.055574    0.724843  0.000000  1.0
   -0.055574    0.726843  0.000000  1.0
   -0.055574    0.728843  0.000000  1.0
   -0.055574    0.730843  0.000000  1.0
   -0.055574    0.732843  0.000000  1.0
   -0.055574    0.734843  0.000000  1.0
   -0.055574    0.736843  0.000000  1.0
   -0.055574    0.738843  0.000000  1.0
   -0.055574    0.740843  0.000000  1.0
   -0.055574    0.742843  0.000000  1.0
   -0.055574    0.744843  0.000000  1.0
   -0.055574    0.746843  0.000000  1.0
   -0.055574    0.748843  0.000000  1.0
   -0.055574    0.750843  0.000000  1.0
   -0.055574    0.752843  0.000000  1.0
   -0.055574    0.754843  0.000000  1.0
   -0.055574    0.756843  0.000000  1.0
   -0.055574    0.758843  0.000000  1.0
   -0.055574    0.760843  0.000000  1.0
   -0.055574    0.762843  0.000000  1.0
   -0.055574    0.764843  0.000000  1.0
   -0.055574    0.766843  0.000000  1.0
   -0.055574    0.768843  0.000000  1.0
   -0.055574    0.770843  0.000000  1.0
   -0.055574    0.772843  0.000000  1.0
   -0.055574    0.774843  0.000000  1.0
   -0.055574    0.776843  0.000000  1.0
   -0.055574    0.778843  0.000000  1.0
   -0.055574    0.780843  0.000000  1.0
   -0.055574    0.782843  0.000000  1.0
   -0.055574    0.784843  0.000000  1.0
   -0.055574    0.786843  0.000000  1.0
   -0.055574    0.788843  0.000000  1.0
   -0.055574    0.790843  0.000000  1.0
   -0.055574    0.792843  0.000000  1.0
   -0.055574    0.794843  0.000000  1.0
   -0.053574    0.714843  0.000000  1.0
   -0.053574    0.716843  0.000000  1.0
   -0.053574    0.718843  0.000000  1.0
   -0.053574    0.720843  0.000000  1.0
   -0.053574    0.722843  0.000000  1.0
   -0.053574    0.724843  0.000000  1.0
   -0.053574    0.726843  0.000000  1.0
   -0.053574    0.728843  0.000000  1.0
   -0.053574    0.730843  0.000000  1.0
   -0.053574    0.732843  0.000000  1.0
   -0.053574    0.734843  0.000000  1.0
   -0.053574    0.736843  0.000000  1.0
   -0.053574    0.738843  0.000000  1.0
   -0.053574    0.740843  0.000000  1.0
   -0.053574    0.742843  0.000000  1.0
   -0.053574    0.744843  0.000000  1.0
   -0.053574    0.746843  0.000000  1.0
   -0.053574    0.748843  0.000000  1.0
   -0.053574    0.750843  0.000000  1.0
   -0.053574    0.752843  0.000000  1.0
   -0.053574    0.754843  0.000000  1.0
   -0.053574    0.756843  0.000000  1.0
   -0.053574    0.758843  0.000000  1.0
   -0.053574    0.760843  0.000000  1.0
   -0.053574    0.762843  0.000000  1.0
   -0.053574    0.764843  0.000000  1.0
   -0.053574    0.766843  0.000000  1.0
   -0.053574    0.768843  0.000000  1.0
   -0.053574    0.770843  0.000000  1.0
   -0.053574    0.772843  0.000000  1.0
   -0.053574    0.774843  0.000000  1.0
   -0.053574    0.776843  0.000000  1.0
   -0.053574    0.778843  0.000000  1.0
   -0.053574    0.780843  0.000000  1.0
   -0.053574    0.782843  0.000000  1.0
   -0.053574    0.784843  0.000000  1.0
   -0.053574    0.786843  0.000000  1.0
   -0.053574    0.788843  0.000000  1.0
   -0.053574    0.790843  0.000000  1.0
   -0.053574    0.792843  0.000000  1.0
   -0.053574    0.794843  0.000000  1.0
   -0.051574    0.714843  0.000000  1.0
   -0.051574    0.716843  0.000000  1.0
   -0.051574    0.718843  0.000000  1.0
   -0.051574    0.720843  0.000000  1.0
   -0.051574    0.722843  0.000000  1.0
   -0.051574    0.724843  0.000000  1.0
   -0.051574    0.726843  0.000000  1.0
   -0.051574    0.728843  0.000000  1.0
   -0.051574    0.730843  0.000000  1.0
   -0.051574    0.732843  0.000000  1.0
   -0.051574    0.734843  0.000000  1.0
   -0.051574    0.736843  0.000000  1.0
   -0.051574    0.738843  0.000000  1.0
   -0.051574    0.740843  0.000000  1.0
   -0.051574    0.742843  0.000000  1.0
   -0.051574    0.744843  0.000000  1.0
   -0.051574    0.746843  0.000000  1.0
   -0.051574    0.748843  0.000000  1.0
   -0.051574    0.750843  0.000000  1.0
   -0.051574    0.752843  0.000000  1.0
   -0.051574    0.754843  0.000000  1.0
   -0.051574    0.756843  0.000000  1.0
   -0.051574    0.758843  0.000000  1.0
   -0.051574    0.760843  0.000000  1.0
   -0.051574    0.762843  0.000000  1.0
   -0.051574    0.764843  0.000000  1.0
   -0.051574    0.766843  0.000000  1.0
   -0.051574    0.768843  0.000000  1.0
   -0.051574    0.770843  0.000000  1.0
   -0.051574    0.772843  0.000000  1.0
   -0.051574    0.774843  0.000000  1.0
   -0.051574    0.776843  0.000000  1.0
   -0.051574    0.778843  0.000000  1.0
   -0.051574    0.780843  0.000000  1.0
   -0.051574    0.782843  0.000000  1.0
   -0.051574    0.784843  0.000000  1.0
   -0.051574    0.786843  0.000000  1.0
   -0.051574    0.788843  0.000000  1.0
   -0.051574    0.790843  0.000000  1.0
   -0.051574    0.792843  0.000000  1.0
   -0.051574    0.794843  0.000000  1.0
   -0.049574    0.714843  0.000000  1.0
   -0.049574    0.716843  0.000000  1.0
   -0.049574    0.718843  0.000000  1.0
   -0.049574    0.720843  0.000000  1.0
   -0.049574    0.722843  0.000000  1.0
   -0.049574    0.724843  0.000000  1.0
   -0.049574    0.726843  0.000000  1.0
   -0.049574    0.728843  0.000000  1.0
   -0.049574    0.730843  0.000000  1.0
   -0.049574    0.732843  0.000000  1.0
   -0.049574    0.734843  0.000000  1.0
   -0.049574    0.736843  0.000000  1.0
   -0.049574    0.738843  0.000000  1.0
   -0.049574    0.740843  0.000000  1.0
   -0.049574    0.742843  0.000000  1.0
   -0.049574    0.744843  0.000000  1.0
   -0.049574    0.746843  0.000000  1.0
   -0.049574    0.748843  0.000000  1.0
   -0.049574    0.750843  0.000000  1.0
   -0.049574    0.752843  0.000000  1.0
   -0.049574    0.754843  0.000000  1.0
   -0.049574    0.756843  0.000000  1.0
   -0.049574    0.758843  0.000000  1.0
   -0.049574    0.760843  0.000000  1.0
   -0.049574    0.762843  0.000000  1.0
   -0.049574    0.764843  0.000000  1.0
   -0.049574    0.766843  0.000000  1.0
   -0.049574    0.768843  0.000000  1.0
   -0.049574    0.770843  0.000000  1.0
   -0.049574    0.772843  0.000000  1.0
   -0.049574    0.774843  0.000000  1.0
   -0.049574    0.776843  0.000000  1.0
   -0.049574    0.778843  0.000000  1.0
   -0.049574    0.780843  0.000000  1.0
   -0.049574    0.782843  0.000000  1.0
   -0.049574    0.784843  0.000000  1.0
   -0.049574    0.786843  0.000000  1.0
   -0.049574    0.788843  0.000000  1.0
   -0.049574    0.790843  0.000000  1.0
   -0.049574    0.792843  0.000000  1.0
   -0.049574    0.794843  0.000000  1.0
   -0.047574    0.714843  0.000000  1.0
   -0.047574    0.716843  0.000000  1.0
   -0.047574    0.718843  0.000000  1.0
   -0.047574    0.720843  0.000000  1.0
   -0.047574    0.722843  0.000000  1.0
   -0.047574    0.724843  0.000000  1.0
   -0.047574    0.726843  0.000000  1.0
   -0.047574    0.728843  0.000000  1.0
   -0.047574    0.730843  0.000000  1.0
   -0.047574    0.732843  0.000000  1.0
   -0.047574    0.734843  0.000000  1.0
   -0.047574    0.736843  0.000000  1.0
   -0.047574    0.738843  0.000000  1.0
   -0.047574    0.740843  0.000000  1.0
   -0.047574    0.742843  0.000000  1.0
   -0.047574    0.744843  0.000000  1.0
   -0.047574    0.746843  0.000000  1.0
   -0.047574    0.748843  0.000000  1.0
   -0.047574    0.750843  0.000000  1.0
   -0.047574    0.752843  0.000000  1.0
   -0.047574    0.754843  0.000000  1.0
   -0.047574    0.756843  0.000000  1.0
   -0.047574    0.758843  0.000000  1.0
   -0.047574    0.760843  0.000000  1.0
   -0.047574    0.762843  0.000000  1.0
   -0.047574    0.764843  0.000000  1.0
   -0.047574    0.766843  0.000000  1.0
   -0.047574    0.768843  0.000000  1.0
   -0.047574    0.770843  0.000000  1.0
   -0.047574    0.772843  0.000000  1.0
   -0.047574    0.774843  0.000000  1.0
   -0.047574    0.776843  0.000000  1.0
   -0.047574    0.778843  0.000000  1.0
   -0.047574    0.780843  0.000000  1.0
   -0.047574    0.782843  0.000000  1.0
   -0.047574    0.784843  0.000000  1.0
   -0.047574    0.786843  0.000000  1.0
   -0.047574    0.788843  0.000000  1.0
   -0.047574    0.790843  0.000000  1.0
   -0.047574    0.792843  0.000000  1.0
   -0.047574    0.794843  0.000000  1.0
   -0.045574    0.714843  0.000000  1.0
   -0.045574    0.716843  0.000000  1.0
   -0.045574    0.718843  0.000000  1.0
   -0.045574    0.720843  0.000000  1.0
   -0.045574    0.722843  0.000000  1.0
   -0.045574    0.724843  0.000000  1.0
   -0.045574    0.726843  0.000000  1.0
   -0.045574    0.728843  0.000000  1.0
   -0.045574    0.730843  0.000000  1.0
   -0.045574    0.732843  0.000000  1.0
   -0.045574    0.734843  0.000000  1.0
   -0.045574    0.736843  0.000000  1.0
   -0.045574    0.738843  0.000000  1.0
   -0.045574    0.740843  0.000000  1.0
   -0.045574    0.742843  0.000000  1.0
   -0.045574    0.744843  0.000000  1.0
   -0.045574    0.746843  0.000000  1.0
   -0.045574    0.748843  0.000000  1.0
   -0.045574    0.750843  0.000000  1.0
   -0.045574    0.752843  0.000000  1.0
   -0.045574    0.754843  0.000000  1.0
   -0.045574    0.756843  0.000000  1.0
   -0.045574    0.758843  0.000000  1.0
   -0.045574    0.760843  0.000000  1.0
   -0.045574    0.762843  0.000000  1.0
   -0.045574    0.764843  0.000000  1.0
   -0.045574    0.766843  0.000000  1.0
   -0.045574    0.768843  0.000000  1.0
   -0.045574    0.770843  0.000000  1.0
   -0.045574    0.772843  0.000000  1.0
   -0.045574    0.774843  0.000000  1.0
   -0.045574    0.776843  0.000000  1.0
   -0.045574    0.778843  0.000000  1.0
   -0.045574    0.780843  0.000000  1.0
   -0.045574    0.782843  0.000000  1.0
   -0.045574    0.784843  0.000000  1.0
   -0.045574    0.786843  0.000000  1.0
   -0.045574    0.788843  0.000000  1.0
   -0.045574    0.790843  0.000000  1.0
   -0.045574    0.792843  0.000000  1.0
   -0.045574    0.794843  0.000000  1.0
   -0.043574    0.714843  0.000000  1.0
   -0.043574    0.716843  0.000000  1.0
   -0.043574    0.718843  0.000000  1.0
   -0.043574    0.720843  0.000000  1.0
   -0.043574    0.722843  0.000000  1.0
   -0.043574    0.724843  0.000000  1.0
   -0.043574    0.726843  0.000000  1.0
   -0.043574    0.728843  0.000000  1.0
   -0.043574    0.730843  0.000000  1.0
   -0.043574    0.732843  0.000000  1.0
   -0.043574    0.734843  0.000000  1.0
   -0.043574    0.736843  0.000000  1.0
   -0.043574    0.738843  0.000000  1.0
   -0.043574    0.740843  0.000000  1.0
   -0.043574    0.742843  0.000000  1.0
   -0.043574    0.744843  0.000000  1.0
   -0.043574    0.746843  0.000000  1.0
   -0.043574    0.748843  0.000000  1.0
   -0.043574    0.750843  0.000000  1.0
   -0.043574    0.752843  0.000000  1.0
   -0.043574    0.754843  0.000000  1.0
   -0.043574    0.756843  0.000000  1.0
   -0.043574    0.758843  0.000000  1.0
   -0.043574    0.760843  0.000000  1.0
   -0.043574    0.762843  0.000000  1.0
   -0.043574    0.764843  0.000000  1.0
   -0.043574    0.766843  0.000000  1.0
   -0.043574    0.768843  0.000000  1.0
   -0.043574    0.770843  0.000000  1.0
   -0.043574    0.772843  0.000000  1.0
   -0.043574    0.774843  0.000000  1.0
   -0.043574    0.776843  0.000000  1.0
   -0.043574    0.778843  0.000000  1.0
   -0.043574    0.780843  0.000000  1.0
   -0.043574    0.782843  0.000000  1.0
   -0.043574    0.784843  0.000000  1.0
   -0.043574    0.786843  0.000000  1.0
   -0.043574    0.788843  0.000000  1.0
   -0.043574    0.790843  0.000000  1.0
   -0.043574    0.792843  0.000000  1.0
   -0.043574    0.794843  0.000000  1.0
   -0.041574    0.714843  0.000000  1.0
   -0.041574    0.716843  0.000000  1.0
   -0.041574    0.718843  0.000000  1.0
   -0.041574    0.720843  0.000000  1.0
   -0.041574    0.722843  0.000000  1.0
   -0.041574    0.724843  0.000000  1.0
   -0.041574    0.726843  0.000000  1.0
   -0.041574    0.728843  0.000000  1.0
   -0.041574    0.730843  0.000000  1.0
   -0.041574    0.732843  0.000000  1.0
   -0.041574    0.734843  0.000000  1.0
   -0.041574    0.736843  0.000000  1.0
   -0.041574    0.738843  0.000000  1.0
   -0.041574    0.740843  0.000000  1.0
   -0.041574    0.742843  0.000000  1.0
   -0.041574    0.744843  0.000000  1.0
   -0.041574    0.746843  0.000000  1.0
   -0.041574    0.748843  0.000000  1.0
   -0.041574    0.750843  0.000000  1.0
   -0.041574    0.752843  0.000000  1.0
   -0.041574    0.754843  0.000000  1.0
   -0.041574    0.756843  0.000000  1.0
   -0.041574    0.758843  0.000000  1.0
   -0.041574    0.760843  0.000000  1.0
   -0.041574    0.762843  0.000000  1.0
   -0.041574    0.764843  0.000000  1.0
   -0.041574    0.766843  0.000000  1.0
   -0.041574    0.768843  0.000000  1.0
   -0.041574    0.770843  0.000000  1.0
   -0.041574    0.772843  0.000000  1.0
   -0.041574    0.774843  0.000000  1.0
   -0.041574    0.776843  0.000000  1.0
   -0.041574    0.778843  0.000000  1.0
   -0.041574    0.780843  0.000000  1.0
   -0.041574    0.782843  0.000000  1.0
   -0.041574    0.784843  0.000000  1.0
   -0.041574    0.786843  0.000000  1.0
   -0.041574    0.788843  0.000000  1.0
   -0.041574    0.790843  0.000000  1.0
   -0.041574    0.792843  0.000000  1.0
   -0.041574    0.794843  0.000000  1.0
   -0.039574    0.714843  0.000000  1.0
   -0.039574    0.716843  0.000000  1.0
   -0.039574    0.718843  0.000000  1.0
   -0.039574    0.720843  0.000000  1.0
   -0.039574    0.722843  0.000000  1.0
   -0.039574    0.724843  0.000000  1.0
   -0.039574    0.726843  0.000000  1.0
   -0.039574    0.728843  0.000000  1.0
   -0.039574    0.730843  0.000000  1.0
   -0.039574    0.732843  0.000000  1.0
   -0.039574    0.734843  0.000000  1.0
   -0.039574    0.736843  0.000000  1.0
   -0.039574    0.738843  0.000000  1.0
   -0.039574    0.740843  0.000000  1.0
   -0.039574    0.742843  0.000000  1.0
   -0.039574    0.744843  0.000000  1.0
   -0.039574    0.746843  0.000000  1.0
   -0.039574    0.748843  0.000000  1.0
   -0.039574    0.750843  0.000000  1.0
   -0.039574    0.752843  0.000000  1.0
   -0.039574    0.754843  0.000000  1.0
   -0.039574    0.756843  0.000000  1.0
   -0.039574    0.758843  0.000000  1.0
   -0.039574    0.760843  0.000000  1.0
   -0.039574    0.762843  0.000000  1.0
   -0.039574    0.764843  0.000000  1.0
   -0.039574    0.766843  0.000000  1.0
   -0.039574    0.768843  0.000000  1.0
   -0.039574    0.770843  0.000000  1.0
   -0.039574    0.772843  0.000000  1.0
   -0.039574    0.774843  0.000000  1.0
   -0.039574    0.776843  0.000000  1.0
   -0.039574    0.778843  0.000000  1.0
   -0.039574    0.780843  0.000000  1.0
   -0.039574    0.782843  0.000000  1.0
   -0.039574    0.784843  0.000000  1.0
   -0.039574    0.786843  0.000000  1.0
   -0.039574    0.788843  0.000000  1.0
   -0.039574    0.790843  0.000000  1.0
   -0.039574    0.792843  0.000000  1.0
   -0.039574    0.794843  0.000000  1.0
   -0.037574    0.714843  0.000000  1.0
   -0.037574    0.716843  0.000000  1.0
   -0.037574    0.718843  0.000000  1.0
   -0.037574    0.720843  0.000000  1.0
   -0.037574    0.722843  0.000000  1.0
   -0.037574    0.724843  0.000000  1.0
   -0.037574    0.726843  0.000000  1.0
   -0.037574    0.728843  0.000000  1.0
   -0.037574    0.730843  0.000000  1.0
   -0.037574    0.732843  0.000000  1.0
   -0.037574    0.734843  0.000000  1.0
   -0.037574    0.736843  0.000000  1.0
   -0.037574    0.738843  0.000000  1.0
   -0.037574    0.740843  0.000000  1.0
   -0.037574    0.742843  0.000000  1.0
   -0.037574    0.744843  0.000000  1.0
   -0.037574    0.746843  0.000000  1.0
   -0.037574    0.748843  0.000000  1.0
   -0.037574    0.750843  0.000000  1.0
   -0.037574    0.752843  0.000000  1.0
   -0.037574    0.754843  0.000000  1.0
   -0.037574    0.756843  0.000000  1.0
   -0.037574    0.758843  0.000000  1.0
   -0.037574    0.760843  0.000000  1.0
   -0.037574    0.762843  0.000000  1.0
   -0.037574    0.764843  0.000000  1.0
   -0.037574    0.766843  0.000000  1.0
   -0.037574    0.768843  0.000000  1.0
   -0.037574    0.770843  0.000000  1.0
   -0.037574    0.772843  0.000000  1.0
   -0.037574    0.774843  0.000000  1.0
   -0.037574    0.776843  0.000000  1.0
   -0.037574    0.778843  0.000000  1.0
   -0.037574    0.780843  0.000000  1.0
   -0.037574    0.782843  0.000000  1.0
   -0.037574    0.784843  0.000000  1.0
   -0.037574    0.786843  0.000000  1.0
   -0.037574    0.788843  0.000000  1.0
   -0.037574    0.790843  0.000000  1.0
   -0.037574    0.792843  0.000000  1.0
   -0.037574    0.794843  0.000000  1.0
   -0.035574    0.714843  0.000000  1.0
   -0.035574    0.716843  0.000000  1.0
   -0.035574    0.718843  0.000000  1.0
   -0.035574    0.720843  0.000000  1.0
   -0.035574    0.722843  0.000000  1.0
   -0.035574    0.724843  0.000000  1.0
   -0.035574    0.726843  0.000000  1.0
   -0.035574    0.728843  0.000000  1.0
   -0.035574    0.730843  0.000000  1.0
   -0.035574    0.732843  0.000000  1.0
   -0.035574    0.734843  0.000000  1.0
   -0.035574    0.736843  0.000000  1.0
   -0.035574    0.738843  0.000000  1.0
   -0.035574    0.740843  0.000000  1.0
   -0.035574    0.742843  0.000000  1.0
   -0.035574    0.744843  0.000000  1.0
   -0.035574    0.746843  0.000000  1.0
   -0.035574    0.748843  0.000000  1.0
   -0.035574    0.750843  0.000000  1.0
   -0.035574    0.752843  0.000000  1.0
   -0.035574    0.754843  0.000000  1.0
   -0.035574    0.756843  0.000000  1.0
   -0.035574    0.758843  0.000000  1.0
   -0.035574    0.760843  0.000000  1.0
   -0.035574    0.762843  0.000000  1.0
   -0.035574    0.764843  0.000000  1.0
   -0.035574    0.766843  0.000000  1.0
   -0.035574    0.768843  0.000000  1.0
   -0.035574    0.770843  0.000000  1.0
   -0.035574    0.772843  0.000000  1.0
   -0.035574    0.774843  0.000000  1.0
   -0.035574    0.776843  0.000000  1.0
   -0.035574    0.778843  0.000000  1.0
   -0.035574    0.780843  0.000000  1.0
   -0.035574    0.782843  0.000000  1.0
   -0.035574    0.784843  0.000000  1.0
   -0.035574    0.786843  0.000000  1.0
   -0.035574    0.788843  0.000000  1.0
   -0.035574    0.790843  0.000000  1.0
   -0.035574    0.792843  0.000000  1.0
   -0.035574    0.794843  0.000000  1.0
   -0.033574    0.714843  0.000000  1.0
   -0.033574    0.716843  0.000000  1.0
   -0.033574    0.718843  0.000000  1.0
   -0.033574    0.720843  0.000000  1.0
   -0.033574    0.722843  0.000000  1.0
   -0.033574    0.724843  0.000000  1.0
   -0.033574    0.726843  0.000000  1.0
   -0.033574    0.728843  0.000000  1.0
   -0.033574    0.730843  0.000000  1.0
   -0.033574    0.732843  0.000000  1.0
   -0.033574    0.734843  0.000000  1.0
   -0.033574    0.736843  0.000000  1.0
   -0.033574    0.738843  0.000000  1.0
   -0.033574    0.740843  0.000000  1.0
   -0.033574    0.742843  0.000000  1.0
   -0.033574    0.744843  0.000000  1.0
   -0.033574    0.746843  0.000000  1.0
   -0.033574    0.748843  0.000000  1.0
   -0.033574    0.750843  0.000000  1.0
   -0.033574    0.752843  0.000000  1.0
   -0.033574    0.754843  0.000000  1.0
   -0.033574    0.756843  0.000000  1.0
   -0.033574    0.758843  0.000000  1.0
   -0.033574    0.760843  0.000000  1.0
   -0.033574    0.762843  0.000000  1.0
   -0.033574    0.764843  0.000000  1.0
   -0.033574    0.766843  0.000000  1.0
   -0.033574    0.768843  0.000000  1.0
   -0.033574    0.770843  0.000000  1.0
   -0.033574    0.772843  0.000000  1.0
   -0.033574    0.774843  0.000000  1.0
   -0.033574    0.776843  0.000000  1.0
   -0.033574    0.778843  0.000000  1.0
   -0.033574    0.780843  0.000000  1.0
   -0.033574    0.782843  0.000000  1.0
   -0.033574    0.784843  0.000000  1.0
   -0.033574    0.786843  0.000000  1.0
   -0.033574    0.788843  0.000000  1.0
   -0.033574    0.790843  0.000000  1.0
   -0.033574    0.792843  0.000000  1.0
   -0.033574    0.794843  0.000000  1.0
   -0.031574    0.714843  0.000000  1.0
   -0.031574    0.716843  0.000000  1.0
   -0.031574    0.718843  0.000000  1.0
   -0.031574    0.720843  0.000000  1.0
   -0.031574    0.722843  0.000000  1.0
   -0.031574    0.724843  0.000000  1.0
   -0.031574    0.726843  0.000000  1.0
   -0.031574    0.728843  0.000000  1.0
   -0.031574    0.730843  0.000000  1.0
   -0.031574    0.732843  0.000000  1.0
   -0.031574    0.734843  0.000000  1.0
   -0.031574    0.736843  0.000000  1.0
   -0.031574    0.738843  0.000000  1.0
   -0.031574    0.740843  0.000000  1.0
   -0.031574    0.742843  0.000000  1.0
   -0.031574    0.744843  0.000000  1.0
   -0.031574    0.746843  0.000000  1.0
   -0.031574    0.748843  0.000000  1.0
   -0.031574    0.750843  0.000000  1.0
   -0.031574    0.752843  0.000000  1.0
   -0.031574    0.754843  0.000000  1.0
   -0.031574    0.756843  0.000000  1.0
   -0.031574    0.758843  0.000000  1.0
   -0.031574    0.760843  0.000000  1.0
   -0.031574    0.762843  0.000000  1.0
   -0.031574    0.764843  0.000000  1.0
   -0.031574    0.766843  0.000000  1.0
   -0.031574    0.768843  0.000000  1.0
   -0.031574    0.770843  0.000000  1.0
   -0.031574    0.772843  0.000000  1.0
   -0.031574    0.774843  0.000000  1.0
   -0.031574    0.776843  0.000000  1.0
   -0.031574    0.778843  0.000000  1.0
   -0.031574    0.780843  0.000000  1.0
   -0.031574    0.782843  0.000000  1.0
   -0.031574    0.784843  0.000000  1.0
   -0.031574    0.786843  0.000000  1.0
   -0.031574    0.788843  0.000000  1.0
   -0.031574    0.790843  0.000000  1.0
   -0.031574    0.792843  0.000000  1.0
   -0.031574    0.794843  0.000000  1.0
   -0.029574    0.714843  0.000000  1.0
   -0.029574    0.716843  0.000000  1.0
   -0.029574    0.718843  0.000000  1.0
   -0.029574    0.720843  0.000000  1.0
   -0.029574    0.722843  0.000000  1.0
   -0.029574    0.724843  0.000000  1.0
   -0.029574    0.726843  0.000000  1.0
   -0.029574    0.728843  0.000000  1.0
   -0.029574    0.730843  0.000000  1.0
   -0.029574    0.732843  0.000000  1.0
   -0.029574    0.734843  0.000000  1.0
   -0.029574    0.736843  0.000000  1.0
   -0.029574    0.738843  0.000000  1.0
   -0.029574    0.740843  0.000000  1.0
   -0.029574    0.742843  0.000000  1.0
   -0.029574    0.744843  0.000000  1.0
   -0.029574    0.746843  0.000000  1.0
   -0.029574    0.748843  0.000000  1.0
   -0.029574    0.750843  0.000000  1.0
   -0.029574    0.752843  0.000000  1.0
   -0.029574    0.754843  0.000000  1.0
   -0.029574    0.756843  0.000000  1.0
   -0.029574    0.758843  0.000000  1.0
   -0.029574    0.760843  0.000000  1.0
   -0.029574    0.762843  0.000000  1.0
   -0.029574    0.764843  0.000000  1.0
   -0.029574    0.766843  0.000000  1.0
   -0.029574    0.768843  0.000000  1.0
   -0.029574    0.770843  0.000000  1.0
   -0.029574    0.772843  0.000000  1.0
   -0.029574    0.774843  0.000000  1.0
   -0.029574    0.776843  0.000000  1.0
   -0.029574    0.778843  0.000000  1.0
   -0.029574    0.780843  0.000000  1.0
   -0.029574    0.782843  0.000000  1.0
   -0.029574    0.784843  0.000000  1.0
   -0.029574    0.786843  0.000000  1.0
   -0.029574    0.788843  0.000000  1.0
   -0.029574    0.790843  0.000000  1.0
   -0.029574    0.792843  0.000000  1.0
   -0.029574    0.794843  0.000000  1.0
   -0.027574    0.714843  0.000000  1.0
   -0.027574    0.716843  0.000000  1.0
   -0.027574    0.718843  0.000000  1.0
   -0.027574    0.720843  0.000000  1.0
   -0.027574    0.722843  0.000000  1.0
   -0.027574    0.724843  0.000000  1.0
   -0.027574    0.726843  0.000000  1.0
   -0.027574    0.728843  0.000000  1.0
   -0.027574    0.730843  0.000000  1.0
   -0.027574    0.732843  0.000000  1.0
   -0.027574    0.734843  0.000000  1.0
   -0.027574    0.736843  0.000000  1.0
   -0.027574    0.738843  0.000000  1.0
   -0.027574    0.740843  0.000000  1.0
   -0.027574    0.742843  0.000000  1.0
   -0.027574    0.744843  0.000000  1.0
   -0.027574    0.746843  0.000000  1.0
   -0.027574    0.748843  0.000000  1.0
   -0.027574    0.750843  0.000000  1.0
   -0.027574    0.752843  0.000000  1.0
   -0.027574    0.754843  0.000000  1.0
   -0.027574    0.756843  0.000000  1.0
   -0.027574    0.758843  0.000000  1.0
   -0.027574    0.760843  0.000000  1.0
   -0.027574    0.762843  0.000000  1.0
   -0.027574    0.764843  0.000000  1.0
   -0.027574    0.766843  0.000000  1.0
   -0.027574    0.768843  0.000000  1.0
   -0.027574    0.770843  0.000000  1.0
   -0.027574    0.772843  0.000000  1.0
   -0.027574    0.774843  0.000000  1.0
   -0.027574    0.776843  0.000000  1.0
   -0.027574    0.778843  0.000000  1.0
   -0.027574    0.780843  0.000000  1.0
   -0.027574    0.782843  0.000000  1.0
   -0.027574    0.784843  0.000000  1.0
   -0.027574    0.786843  0.000000  1.0
   -0.027574    0.788843  0.000000  1.0
   -0.027574    0.790843  0.000000  1.0
   -0.027574    0.792843  0.000000  1.0
   -0.027574    0.794843  0.000000  1.0
   -0.025574    0.714843  0.000000  1.0
   -0.025574    0.716843  0.000000  1.0
   -0.025574    0.718843  0.000000  1.0
   -0.025574    0.720843  0.000000  1.0
   -0.025574    0.722843  0.000000  1.0
   -0.025574    0.724843  0.000000  1.0
   -0.025574    0.726843  0.000000  1.0
   -0.025574    0.728843  0.000000  1.0
   -0.025574    0.730843  0.000000  1.0
   -0.025574    0.732843  0.000000  1.0
   -0.025574    0.734843  0.000000  1.0
   -0.025574    0.736843  0.000000  1.0
   -0.025574    0.738843  0.000000  1.0
   -0.025574    0.740843  0.000000  1.0
   -0.025574    0.742843  0.000000  1.0
   -0.025574    0.744843  0.000000  1.0
   -0.025574    0.746843  0.000000  1.0
   -0.025574    0.748843  0.000000  1.0
   -0.025574    0.750843  0.000000  1.0
   -0.025574    0.752843  0.000000  1.0
   -0.025574    0.754843  0.000000  1.0
   -0.025574    0.756843  0.000000  1.0
   -0.025574    0.758843  0.000000  1.0
   -0.025574    0.760843  0.000000  1.0
   -0.025574    0.762843  0.000000  1.0
   -0.025574    0.764843  0.000000  1.0
   -0.025574    0.766843  0.000000  1.0
   -0.025574    0.768843  0.000000  1.0
   -0.025574    0.770843  0.000000  1.0
   -0.025574    0.772843  0.000000  1.0
   -0.025574    0.774843  0.000000  1.0
   -0.025574    0.776843  0.000000  1.0
   -0.025574    0.778843  0.000000  1.0
   -0.025574    0.780843  0.000000  1.0
   -0.025574    0.782843  0.000000  1.0
   -0.025574    0.784843  0.000000  1.0
   -0.025574    0.786843  0.000000  1.0
   -0.025574    0.788843  0.000000  1.0
   -0.025574    0.790843  0.000000  1.0
   -0.025574    0.792843  0.000000  1.0
   -0.025574    0.794843  0.000000  1.0
