&CONTROL
  calculation = 'bands'
  prefix = 'graphene28.0zoom'
  outdir = './tmp'
  pseudo_dir = './'
  verbosity = 'high'
/
&SYSTEM
  ibrav = 0
  nat = 2
  ntyp = 1
  ecutwfc = 40.0
  nosym = .true.
  noinv = .true.
  nbnd = 8
/
&ELECTRONS
/
ATOMIC_SPECIES
  C  12.011 C.upf
CELL_PARAMETERS {bohr}
  5.921182  0.000000  0.000000
  2.960591  3.821082  0.000000
  0.000000  0.000000  28.346456
ATOMIC_POSITIONS {crystal}
  C  -0.000786  0.001572  0.000000
  C  0.334119  0.331761  0.000000
K_POINTS {tpiba}
1681
    0.041967   -0.814804  0.000000  1.0
    0.041967   -0.812804  0.000000  1.0
    0.041967   -0.810804  0.000000  1.0
    0.041967   -0.808804  0.000000  1.0
    0.041967   -0.806804  0.000000  1.0
    0.041967   -0.804804  0.000000  1.0
    0.041967   -0.802804  0.000000  1.0
    0.041967   -0.800804  0.000000  1.0
    0.041967   -0.798804  0.000000  1.0
    0.041967   -0.796804  0.000000  1.0
    0.041967   -0.794804  0.000000  1.0
    0.041967   -0.792804  0.000000  1.0
    0.041967   -0.790804  0.000000  1.0
    0.041967   -0.788804  0.000000  1.0
    0.041967   -0.786804  0.000000  1.0
    0.041967   -0.784804  0.000000  1.0
    0.041967   -0.782804  0.000000  1.0
    0.041967   -0.780804  0.000000  1.0
    0.041967   -0.778804  0.000000  1.0
    0.041967   -0.776804  0.000000  1.0
    0.041967   -0.774804  0.000000  1.0
    0.041967   -0.772804  0.000000  1.0
    0.041967   -0.770804  0.000000  1.0
    0.041967   -0.768804  0.000000  1.0
    0.041967   -0.766804  0.000000  1.0
    0.041967   -0.764804  0.000000  1.0
    0.041967   -0.762804  0.000000  1.0
    0.041967   -0.760804  0.000000  1.0
    0.041967   -0.758804  0.000000  1.0
    0.041967   -0.756804  0.000000  1.0
    0.041967   -0.754804  0.000000  1.0
    0.041967   -0.752804  0.000000  1.0
    0.041967   -0.750804  0.000000  1.0
    0.041967   -0.748804  0.000000  1.0
    0.041967   -0.746804  0.000000  1.0
    0.041967   -0.744804  0.000000  1.0
    0.041967   -0.742804  0.000000  1.0
    0.041967   -0.740804  0.000000  1.0
    0.041967   -0.738804  0.000000  1.0
    0.041967   -0.736804  0.000000  1.0
    0.041967   -0.734804  0.000000  1.0
    0.043967   -0.814804  0.000000  1.0
    0.043967   -0.812804  0.000000  1.0
    0.043967   -0.810804  0.000000  1.0
    0.043967   -0.808804  0.000000  1.0
    0.043967   -0.806804  0.000000  1.0
    0.043967   -0.804804  0.000000  1.0
    0.043967   -0.802804  0.000000  1.0
    0.043967   -0.800804  0.000000  1.0
    0.043967   -0.798804  0.000000  1.0
    0.043967   -0.796804  0.000000  1.0
    0.043967   -0.794804  0.000000  1.0
    0.043967   -0.792804  0.000000  1.0
    0.043967   -0.790804  0.000000  1.0
    0.043967   -0.788804  0.000000  1.0
    0.043967   -0.786804  0.000000  1.0
    0.043967   -0.784804  0.000000  1.0
    0.043967   -0.782804  0.000000  1.0
    0.043967   -0.780804  0.000000  1.0
    0.043967   -0.778804  0.000000  1.0
    0.043967   -0.776804  0.000000  1.0
    0.043967   -0.774804  0.000000  1.0
    0.043967   -0.772804  0.000000  1.0
    0.043967   -0.770804  0.000000  1.0
    0.043967   -0.768804  0.000000  1.0
    0.043967   -0.766804  0.000000  1.0
    0.043967   -0.764804  0.000000  1.0
    0.043967   -0.762804  0.000000  1.0
    0.043967   -0.760804  0.000000  1.0
    0.043967   -0.758804  0.000000  1.0
    0.043967   -0.756804  0.000000  1.0
    0.043967   -0.754804  0.000000  1.0
    0.043967   -0.752804  0.000000  1.0
    0.043967   -0.750804  0.000000  1.0
    0.043967   -0.748804  0.000000  1.0
    0.043967   -0.746804  0.000000  1.0
    0.043967   -0.744804  0.000000  1.0
    0.043967   -0.742804  0.000000  1.0
    0.043967   -0.740804  0.000000  1.0
    0.043967   -0.738804  0.000000  1.0
    0.043967   -0.736804  0.000000  1.0
    0.043967   -0.734804  0.000000  1.0
    0.045967   -0.814804  0.000000  1.0
    0.045967   -0.812804  0.000000  1.0
    0.045967   -0.810804  0.000000  1.0
    0.045967   -0.808804  0.000000  1.0
    0.045967   -0.806804  0.000000  1.0
    0.045967   -0.804804  0.000000  1.0
    0.045967   -0.802804  0.000000  1.0
    0.045967   -0.800804  0.000000  1.0
    0.045967   -0.798804  0.000000  1.0
    0.045967   -0.796804  0.000000  1.0
    0.045967   -0.794804  0.000000  1.0
    0.045967   -0.792804  0.000000  1.0
    0.045967   -0.790804  0.000000  1.0
    0.045967   -0.788804  0.000000  1.0
    0.045967   -0.786804  0.000000  1.0
    0.045967   -0.784804  0.000000  1.0
    0.045967   -0.782804  0.000000  1.0
    0.045967   -0.780804  0.000000  1.0
    0.045967   -0.778804  0.000000  1.0
    0.045967   -0.776804  0.000000  1.0
    0.045967   -0.774804  0.000000  1.0
    0.045967   -0.772804  0.000000  1.0
    0.045967   -0.770804  0.000000  1.0
    0.045967   -0.768804  0.000000  1.0
    0.045967   -0.766804  0.000000  1.0
    0.045967   -0.764804  0.000000  1.0
    0.045967   -0.762804  0.000000  1.0
    0.045967   -0.760804  0.000000  1.0
    0.045967   -0.758804  0.000000  1.0
    0.045967   -0.756804  0.000000  1.0
    0.045967   -0.754804  0.000000  1.0
    0.045967   -0.752804  0.000000  1.0
    0.045967   -0.750804  0.000000  1.0
    0.045967   -0.748804  0.000000  1.0
    0.045967   -0.746804  0.000000  1.0
    0.045967   -0.744804  0.000000  1.0
    0.045967   -0.742804  0.000000  1.0
    0.045967   -0.740804  0.000000  1.0
    0.045967   -0.738804  0.000000  1.0
    0.045967   -0.736804  0.000000  1.0
    0.045967   -0.734804  0.000000  1.0
    0.047967   -0.814804  0.000000  1.0
    0.047967   -0.812804  0.000000  1.0
    0.047967   -0.810804  0.000000  1.0
    0.047967   -0.808804  0.000000  1.0
    0.047967   -0.806804  0.000000  1.0
    0.047967   -0.804804  0.000000  1.0
    0.047967   -0.802804  0.000000  1.0
    0.047967   -0.800804  0.000000  1.0
    0.047967   -0.798804  0.000000  1.0
    0.047967   -0.796804  0.000000  1.0
    0.047967   -0.794804  0.000000  1.0
    0.047967   -0.792804  0.000000  1.0
    0.047967   -0.790804  0.000000  1.0
    0.047967   -0.788804  0.000000  1.0
    0.047967   -0.786804  0.000000  1.0
    0.047967   -0.784804  0.000000  1.0
    0.047967   -0.782804  0.000000  1.0
    0.047967   -0.780804  0.000000  1.0
    0.047967   -0.778804  0.000000  1.0
    0.047967   -0.776804  0.000000  1.0
    0.047967   -0.774804  0.000000  1.0
    0.047967   -0.772804  0.000000  1.0
    0.047967   -0.770804  0.000000  1.0
    0.047967   -0.768804  0.000000  1.0
    0.047967   -0.766804  0.000000  1.0
    0.047967   -0.764804  0.000000  1.0
    0.047967   -0.762804  0.000000  1.0
    0.047967   -0.760804  0.000000  1.0
    0.047967   -0.758804  0.000000  1.0
    0.047967   -0.756804  0.000000  1.0
    0.047967   -0.754804  0.000000  1.0
    0.047967   -0.752804  0.000000  1.0
    0.047967   -0.750804  0.000000  1.0
    0.047967   -0.748804  0.000000  1.0
    0.047967   -0.746804  0.000000  1.0
    0.047967   -0.744804  0.000000  1.0
    0.047967   -0.742804  0.000000  1.0
    0.047967   -0.740804  0.000000  1.0
    0.047967   -0.738804  0.000000  1.0
    0.047967   -0.736804  0.000000  1.0
    0.047967   -0.734804  0.000000  1.0
    0.049967   -0.814804  0.000000  1.0
    0.049967   -0.812804  0.000000  1.0
    0.049967   -0.810804  0.000000  1.0
    0.049967   -0.808804  0.000000  1.0
    0.049967   -0.806804  0.000000  1.0
    0.049967   -0.804804  0.000000  1.0
    0.049967   -0.802804  0.000000  1.0
    0.049967   -0.800804  0.000000  1.0
    0.049967   -0.798804  0.000000  1.0
    0.049967   -0.796804  0.000000  1.0
    0.049967   -0.794804  0.000000  1.0
    0.049967   -0.792804  0.000000  1.0
    0.049967   -0.790804  0.000000  1.0
    0.049967   -0.788804  0.000000  1.0
    0.049967   -0.786804  0.000000  1.0
    0.049967   -0.784804  0.000000  1.0
    0.049967   -0.782804  0.000000  1.0
    0.049967   -0.780804  0.000000  1.0
    0.049967   -0.778804  0.000000  1.0
    0.049967   -0.776804  0.000000  1.0
    0.049967   -0.774804  0.000000  1.0
    0.049967   -0.772804  0.000000  1.0
    0.049967   -0.770804  0.000000  1.0
    0.049967   -0.768804  0.000000  1.0
    0.049967   -0.766804  0.000000  1.0
    0.049967   -0.764804  0.000000  1.0
    0.049967   -0.762804  0.000000  1.0
    0.049967   -0.760804  0.000000  1.0
    0.049967   -0.758804  0.000000  1.0
    0.049967   -0.756804  0.000000  1.0
    0.049967   -0.754804  0.000000  1.0
    0.049967   -0.752804  0.000000  1.0
    0.049967   -0.750804  0.000000  1.0
    0.049967   -0.748804  0.000000  1.0
    0.049967   -0.746804  0.000000  1.0
    0.049967   -0.744804  0.000000  1.0
    0.049967   -0.742804  0.000000  1.0
    0.049967   -0.740804  0.000000  1.0
    0.049967   -0.738804  0.000000  1.0
    0.049967   -0.736804  0.000000  1.0
    0.049967   -0.734804  0.000000  1.0
    0.051967   -0.814804  0.000000  1.0
    0.051967   -0.812804  0.000000  1.0
    0.051967   -0.810804  0.000000  1.0
    0.051967   -0.808804  0.000000  1.0
    0.051967   -0.806804  0.000000  1.0
    0.051967   -0.804804  0.000000  1.0
    0.051967   -0.802804  0.000000  1.0
    0.051967   -0.800804  0.000000  1.0
    0.051967   -0.798804  0.000000  1.0
    0.051967   -0.796804  0.000000  1.0
    0.051967   -0.794804  0.000000  1.0
    0.051967   -0.792804  0.000000  1.0
    0.051967   -0.790804  0.000000  1.0
    0.051967   -0.788804  0.000000  1.0
    0.051967   -0.786804  0.000000  1.0
    0.051967   -0.784804  0.000000  1.0
    0.051967   -0.782804  0.000000  1.0
    0.051967   -0.780804  0.000000  1.0
    0.051967   -0.778804  0.000000  1.0
    0.051967   -0.776804  0.000000  1.0
    0.051967   -0.774804  0.000000  1.0
    0.051967   -0.772804  0.000000  1.0
    0.051967   -0.770804  0.000000  1.0
    0.051967   -0.768804  0.000000  1.0
    0.051967   -0.766804  0.000000  1.0
    0.051967   -0.764804  0.000000  1.0
    0.051967   -0.762804  0.000000  1.0
    0.051967   -0.760804  0.000000  1.0
    0.051967   -0.758804  0.000000  1.0
    0.051967   -0.756804  0.000000  1.0
    0.051967   -0.754804  0.000000  1.0
    0.051967   -0.752804  0.000000  1.0
    0.051967   -0.750804  0.000000  1.0
    0.051967   -0.748804  0.000000  1.0
    0.051967   -0.746804  0.000000  1.0
    0.051967   -0.744804  0.000000  1.0
    0.051967   -0.742804  0.000000  1.0
    0.051967   -0.740804  0.000000  1.0
    0.051967   -0.738804  0.000000  1.0
    0.051967   -0.736804  0.000000  1.0
    0.051967   -0.734804  0.000000  1.0
    0.053967   -0.814804  0.000000  1.0
    0.053967   -0.812804  0.000000  1.0
    0.053967   -0.810804  0.000000  1.0
    0.053967   -0.808804  0.000000  1.0
    0.053967   -0.806804  0.000000  1.0
    0.053967   -0.804804  0.000000  1.0
    0.053967   -0.802804  0.000000  1.0
    0.053967   -0.800804  0.000000  1.0
    0.053967   -0.798804  0.000000  1.0
    0.053967   -0.796804  0.000000  1.0
    0.053967   -0.794804  0.000000  1.0
    0.053967   -0.792804  0.000000  1.0
    0.053967   -0.790804  0.000000  1.0
    0.053967   -0.788804  0.000000  1.0
    0.053967   -0.786804  0.000000  1.0
    0.053967   -0.784804  0.000000  1.0
    0.053967   -0.782804  0.000000  1.0
    0.053967   -0.780804  0.000000  1.0
    0.053967   -0.778804  0.000000  1.0
    0.053967   -0.776804  0.000000  1.0
    0.053967   -0.774804  0.000000  1.0
    0.053967   -0.772804  0.000000  1.0
    0.053967   -0.770804  0.000000  1.0
    0.053967   -0.768804  0.000000  1.0
    0.053967   -0.766804  0.000000  1.0
    0.053967   -0.764804  0.000000  1.0
    0.053967   -0.762804  0.000000  1.0
    0.053967   -0.760804  0.000000  1.0
    0.053967   -0.758804  0.000000  1.0
    0.053967   -0.756804  0.000000  1.0
    0.053967   -0.754804  0.000000  1.0
    0.053967   -0.752804  0.000000  1.0
    0.053967   -0.750804  0.000000  1.0
    0.053967   -0.748804  0.000000  1.0
    0.053967   -0.746804  0.000000  1.0
    0.053967   -0.744804  0.000000  1.0
    0.053967   -0.742804  0.000000  1.0
    0.053967   -0.740804  0.000000  1.0
    0.053967   -0.738804  0.000000  1.0
    0.053967   -0.736804  0.000000  1.0
    0.053967   -0.734804  0.000000  1.0
    0.055967   -0.814804  0.000000  1.0
    0.055967   -0.812804  0.000000  1.0
    0.055967   -0.810804  0.000000  1.0
    0.055967   -0.808804  0.000000  1.0
    0.055967   -0.806804  0.000000  1.0
    0.055967   -0.804804  0.000000  1.0
    0.055967   -0.802804  0.000000  1.0
    0.055967   -0.800804  0.000000  1.0
    0.055967   -0.798804  0.000000  1.0
    0.055967   -0.796804  0.000000  1.0
    0.055967   -0.794804  0.000000  1.0
    0.055967   -0.792804  0.000000  1.0
    0.055967   -0.790804  0.000000  1.0
    0.055967   -0.788804  0.000000  1.0
    0.055967   -0.786804  0.000000  1.0
    0.055967   -0.784804  0.000000  1.0
    0.055967   -0.782804  0.000000  1.0
    0.055967   -0.780804  0.000000  1.0
    0.055967   -0.778804  0.000000  1.0
    0.055967   -0.776804  0.000000  1.0
    0.055967   -0.774804  0.000000  1.0
    0.055967   -0.772804  0.000000  1.0
    0.055967   -0.770804  0.000000  1.0
    0.055967   -0.768804  0.000000  1.0
    0.055967   -0.766804  0.000000  1.0
    0.055967   -0.764804  0.000000  1.0
    0.055967   -0.762804  0.000000  1.0
    0.055967   -0.760804  0.000000  1.0
    0.055967   -0.758804  0.000000  1.0
    0.055967   -0.756804  0.000000  1.0
    0.055967   -0.754804  0.000000  1.0
    0.055967   -0.752804  0.000000  1.0
    0.055967   -0.750804  0.000000  1.0
    0.055967   -0.748804  0.000000  1.0
    0.055967   -0.746804  0.000000  1.0
    0.055967   -0.744804  0.000000  1.0
    0.055967   -0.742804  0.000000  1.0
    0.055967   -0.740804  0.000000  1.0
    0.055967   -0.738804  0.000000  1.0
    0.055967   -0.736804  0.000000  1.0
    0.055967   -0.734804  0.000000  1.0
    0.057967   -0.814804  0.000000  1.0
    0.057967   -0.812804  0.000000  1.0
    0.057967   -0.810804  0.000000  1.0
    0.057967   -0.808804  0.000000  1.0
    0.057967   -0.806804  0.000000  1.0
    0.057967   -0.804804  0.000000  1.0
    0.057967   -0.802804  0.000000  1.0
    0.057967   -0.800804  0.000000  1.0
    0.057967   -0.798804  0.000000  1.0
    0.057967   -0.796804  0.000000  1.0
    0.057967   -0.794804  0.000000  1.0
    0.057967   -0.792804  0.000000  1.0
    0.057967   -0.790804  0.000000  1.0
    0.057967   -0.788804  0.000000  1.0
    0.057967   -0.786804  0.000000  1.0
    0.057967   -0.784804  0.000000  1.0
    0.057967   -0.782804  0.000000  1.0
    0.057967   -0.780804  0.000000  1.0
    0.057967   -0.778804  0.000000  1.0
    0.057967   -0.776804  0.000000  1.0
    0.057967   -0.774804  0.000000  1.0
    0.057967   -0.772804  0.000000  1.0
    0.057967   -0.770804  0.000000  1.0
    0.057967   -0.768804  0.000000  1.0
    0.057967   -0.766804  0.000000  1.0
    0.057967   -0.764804  0.000000  1.0
    0.057967   -0.762804  0.000000  1.0
    0.057967   -0.760804  0.000000  1.0
    0.057967   -0.758804  0.000000  1.0
    0.057967   -0.756804  0.000000  1.0
    0.057967   -0.754804  0.000000  1.0
    0.057967   -0.752804  0.000000  1.0
    0.057967   -0.750804  0.000000  1.0
    0.057967   -0.748804  0.000000  1.0
    0.057967   -0.746804  0.000000  1.0
    0.057967   -0.744804  0.000000  1.0
    0.057967   -0.742804  0.000000  1.0
    0.057967   -0.740804  0.000000  1.0
    0.057967   -0.738804  0.000000  1.0
    0.057967   -0.736804  0.000000  1.0
    0.057967   -0.734804  0.000000  1.0
    0.059967   -0.814804  0.000000  1.0
    0.059967   -0.812804  0.000000  1.0
    0.059967   -0.810804  0.000000  1.0
    0.059967   -0.808804  0.000000  1.0
    0.059967   -0.806804  0.000000  1.0
    0.059967   -0.804804  0.000000  1.0
    0.059967   -0.802804  0.000000  1.0
    0.059967   -0.800804  0.000000  1.0
    0.059967   -0.798804  0.000000  1.0
    0.059967   -0.796804  0.000000  1.0
    0.059967   -0.794804  0.000000  1.0
    0.059967   -0.792804  0.000000  1.0
    0.059967   -0.790804  0.000000  1.0
    0.059967   -0.788804  0.000000  1.0
    0.059967   -0.786804  0.000000  1.0
    0.059967   -0.784804  0.000000  1.0
    0.059967   -0.782804  0.000000  1.0
    0.059967   -0.780804  0.000000  1.0
    0.059967   -0.778804  0.000000  1.0
    0.059967   -0.776804  0.000000  1.0
    0.059967   -0.774804  0.000000  1.0
    0.059967   -0.772804  0.000000  1.0
    0.059967   -0.770804  0.000000  1.0
    0.059967   -0.768804  0.000000  1.0
    0.059967   -0.766804  0.000000  1.0
    0.059967   -0.764804  0.000000  1.0
    0.059967   -0.762804  0.000000  1.0
    0.059967   -0.760804  0.000000  1.0
    0.059967   -0.758804  0.000000  1.0
    0.059967   -0.756804  0.000000  1.0
    0.059967   -0.754804  0.000000  1.0
    0.059967   -0.752804  0.000000  1.0
    0.059967   -0.750804  0.000000  1.0
    0.059967   -0.748804  0.000000  1.0
    0.059967   -0.746804  0.000000  1.0
    0.059967   -0.744804  0.000000  1.0
    0.059967   -0.742804  0.000000  1.0
    0.059967   -0.740804  0.000000  1.0
    0.059967   -0.738804  0.000000  1.0
    0.059967   -0.736804  0.000000  1.0
    0.059967   -0.734804  0.000000  1.0
    0.061967   -0.814804  0.000000  1.0
    0.061967   -0.812804  0.000000  1.0
    0.061967   -0.810804  0.000000  1.0
    0.061967   -0.808804  0.000000  1.0
    0.061967   -0.806804  0.000000  1.0
    0.061967   -0.804804  0.000000  1.0
    0.061967   -0.802804  0.000000  1.0
    0.061967   -0.800804  0.000000  1.0
    0.061967   -0.798804  0.000000  1.0
    0.061967   -0.796804  0.000000  1.0
    0.061967   -0.794804  0.000000  1.0
    0.061967   -0.792804  0.000000  1.0
    0.061967   -0.790804  0.000000  1.0
    0.061967   -0.788804  0.000000  1.0
    0.061967   -0.786804  0.000000  1.0
    0.061967   -0.784804  0.000000  1.0
    0.061967   -0.782804  0.000000  1.0
    0.061967   -0.780804  0.000000  1.0
    0.061967   -0.778804  0.000000  1.0
    0.061967   -0.776804  0.000000  1.0
    0.061967   -0.774804  0.000000  1.0
    0.061967   -0.772804  0.000000  1.0
    0.061967   -0.770804  0.000000  1.0
    0.061967   -0.768804  0.000000  1.0
    0.061967   -0.766804  0.000000  1.0
    0.061967   -0.764804  0.000000  1.0
    0.061967   -0.762804  0.000000  1.0
    0.061967   -0.760804  0.000000  1.0
    0.061967   -0.758804  0.000000  1.0
    0.061967   -0.756804  0.000000  1.0
    0.061967   -0.754804  0.000000  1.0
    0.061967   -0.752804  0.000000  1.0
    0.061967   -0.750804  0.000000  1.0
    0.061967   -0.748804  0.000000  1.0
    0.061967   -0.746804  0.000000  1.0
    0.061967   -0.744804  0.000000  1.0
    0.061967   -0.742804  0.000000  1.0
    0.061967   -0.740804  0.000000  1.0
    0.061967   -0.738804  0.000000  1.0
    0.061967   -0.736804  0.000000  1.0
    0.061967   -0.734804  0.000000  1.0
    0.063967   -0.814804  0.000000  1.0
    0.063967   -0.812804  0.000000  1.0
    0.063967   -0.810804  0.000000  1.0
    0.063967   -0.808804  0.000000  1.0
    0.063967   -0.806804  0.000000  1.0
    0.063967   -0.804804  0.000000  1.0
    0.063967   -0.802804  0.000000  1.0
    0.063967   -0.800804  0.000000  1.0
    0.063967   -0.798804  0.000000  1.0
    0.063967   -0.796804  0.000000  1.0
    0.063967   -0.794804  0.000000  1.0
    0.063967   -0.792804  0.000000  1.0
    0.063967   -0.790804  0.000000  1.0
    0.063967   -0.788804  0.000000  1.0
    0.063967   -0.786804  0.000000  1.0
    0.063967   -0.784804  0.000000  1.0
    0.063967   -0.782804  0.000000  1.0
    0.063967   -0.780804  0.000000  1.0
    0.063967   -0.778804  0.000000  1.0
    0.063967   -0.776804  0.000000  1.0
    0.063967   -0.774804  0.000000  1.0
    0.063967   -0.772804  0.000000  1.0
    0.063967   -0.770804  0.000000  1.0
    0.063967   -0.768804  0.000000  1.0
    0.063967   -0.766804  0.000000  1.0
    0.063967   -0.764804  0.000000  1.0
    0.063967   -0.762804  0.000000  1.0
    0.063967   -0.760804  0.000000  1.0
    0.063967   -0.758804  0.000000  1.0
    0.063967   -0.756804  0.000000  1.0
    0.063967   -0.754804  0.000000  1.0
    0.063967   -0.752804  0.000000  1.0
    0.063967   -0.750804  0.000000  1.0
    0.063967   -0.748804  0.000000  1.0
    0.063967   -0.746804  0.000000  1.0
    0.063967   -0.744804  0.000000  1.0
    0.063967   -0.742804  0.000000  1.0
    0.063967   -0.740804  0.000000  1.0
    0.063967   -0.738804  0.000000  1.0
    0.063967   -0.736804  0.000000  1.0
    0.063967   -0.734804  0.000000  1.0
    0.065967   -0.814804  0.000000  1.0
    0.065967   -0.812804  0.000000  1.0
    0.065967   -0.810804  0.000000  1.0
    0.065967   -0.808804  0.000000  1.0
    0.065967   -0.806804  0.000000  1.0
    0.065967   -0.804804  0.000000  1.0
    0.065967   -0.802804  0.000000  1.0
    0.065967   -0.800804  0.000000  1.0
    0.065967   -0.798804  0.000000  1.0
    0.065967   -0.796804  0.000000  1.0
    0.065967   -0.794804  0.000000  1.0
    0.065967   -0.792804  0.000000  1.0
    0.065967   -0.790804  0.000000  1.0
    0.065967   -0.788804  0.000000  1.0
    0.065967   -0.786804  0.000000  1.0
    0.065967   -0.784804  0.000000  1.0
    0.065967   -0.782804  0.000000  1.0
    0.065967   -0.780804  0.000000  1.0
    0.065967   -0.778804  0.000000  1.0
    0.065967   -0.776804  0.000000  1.0
    0.065967   -0.774804  0.000000  1.0
    0.065967   -0.772804  0.000000  1.0
    0.065967   -0.770804  0.000000  1.0
    0.065967   -0.768804  0.000000  1.0
    0.065967   -0.766804  0.000000  1.0
    0.065967   -0.764804  0.000000  1.0
    0.065967   -0.762804  0.000000  1.0
    0.065967   -0.760804  0.000000  1.0
    0.065967   -0.758804  0.000000  1.0
    0.065967   -0.756804  0.000000  1.0
    0.065967   -0.754804  0.000000  1.0
    0.065967   -0.752804  0.000000  1.0
    0.065967   -0.750804  0.000000  1.0
    0.065967   -0.748804  0.000000  1.0
    0.065967   -0.746804  0.000000  1.0
    0.065967   -0.744804  0.000000  1.0
    0.065967   -0.742804  0.000000  1.0
    0.065967   -0.740804  0.000000  1.0
    0.065967   -0.738804  0.000000  1.0
    0.065967   -0.736804  0.000000  1.0
    0.065967   -0.734804  0.000000  1.0
    0.067967   -0.814804  0.000000  1.0
    0.067967   -0.812804  0.000000  1.0
    0.067967   -0.810804  0.000000  1.0
    0.067967   -0.808804  0.000000  1.0
    0.067967   -0.806804  0.000000  1.0
    0.067967   -0.804804  0.000000  1.0
    0.067967   -0.802804  0.000000  1.0
    0.067967   -0.800804  0.000000  1.0
    0.067967   -0.798804  0.000000  1.0
    0.067967   -0.796804  0.000000  1.0
    0.067967   -0.794804  0.000000  1.0
    0.067967   -0.792804  0.000000  1.0
    0.067967   -0.790804  0.000000  1.0
    0.067967   -0.788804  0.000000  1.0
    0.067967   -0.786804  0.000000  1.0
    0.067967   -0.784804  0.000000  1.0
    0.067967   -0.782804  0.000000  1.0
    0.067967   -0.780804  0.000000  1.0
    0.067967   -0.778804  0.000000  1.0
    0.067967   -0.776804  0.000000  1.0
    0.067967   -0.774804  0.000000  1.0
    0.067967   -0.772804  0.000000  1.0
    0.067967   -0.770804  0.000000  1.0
    0.067967   -0.768804  0.000000  1.0
    0.067967   -0.766804  0.000000  1.0
    0.067967   -0.764804  0.000000  1.0
    0.067967   -0.762804  0.000000  1.0
    0.067967   -0.760804  0.000000  1.0
    0.067967   -0.758804  0.000000  1.0
    0.067967   -0.756804  0.000000  1.0
    0.067967   -0.754804  0.000000  1.0
    0.067967   -0.752804  0.000000  1.0
    0.067967   -0.750804  0.000000  1.0
    0.067967   -0.748804  0.000000  1.0
    0.067967   -0.746804  0.000000  1.0
    0.067967   -0.744804  0.000000  1.0
    0.067967   -0.742804  0.000000  1.0
    0.067967   -0.740804  0.000000  1.0
    0.067967   -0.738804  0.000000  1.0
    0.067967   -0.736804  0.000000  1.0
    0.067967   -0.734804  0.000000  1.0
    0.069967   -0.814804  0.000000  1.0
    0.069967   -0.812804  0.000000  1.0
    0.069967   -0.810804  0.000000  1.0
    0.069967   -0.808804  0.000000  1.0
    0.069967   -0.806804  0.000000  1.0
    0.069967   -0.804804  0.000000  1.0
    0.069967   -0.802804  0.000000  1.0
    0.069967   -0.800804  0.000000  1.0
    0.069967   -0.798804  0.000000  1.0
    0.069967   -0.796804  0.000000  1.0
    0.069967   -0.794804  0.000000  1.0
    0.069967   -0.792804  0.000000  1.0
    0.069967   -0.790804  0.000000  1.0
    0.069967   -0.788804  0.000000  1.0
    0.069967   -0.786804  0.000000  1.0
    0.069967   -0.784804  0.000000  1.0
    0.069967   -0.782804  0.000000  1.0
    0.069967   -0.780804  0.000000  1.0
    0.069967   -0.778804  0.000000  1.0
    0.069967   -0.776804  0.000000  1.0
    0.069967   -0.774804  0.000000  1.0
    0.069967   -0.772804  0.000000  1.0
    0.069967   -0.770804  0.000000  1.0
    0.069967   -0.768804  0.000000  1.0
    0.069967   -0.766804  0.000000  1.0
    0.069967   -0.764804  0.000000  1.0
    0.069967   -0.762804  0.000000  1.0
    0.069967   -0.760804  0.000000  1.0
    0.069967   -0.758804  0.000000  1.0
    0.069967   -0.756804  0.000000  1.0
    0.069967   -0.754804  0.000000  1.0
    0.069967   -0.752804  0.000000  1.0
    0.069967   -0.750804  0.000000  1.0
    0.069967   -0.748804  0.000000  1.0
    0.069967   -0.746804  0.000000  1.0
    0.069967   -0.744804  0.000000  1.0
    0.069967   -0.742804  0.000000  1.0
    0.069967   -0.740804  0.000000  1.0
    0.069967   -0.738804  0.000000  1.0
    0.069967   -0.736804  0.000000  1.0
    0.069967   -0.734804  0.000000  1.0
    0.071967   -0.814804  0.000000  1.0
    0.071967   -0.812804  0.000000  1.0
    0.071967   -0.810804  0.000000  1.0
    0.071967   -0.808804  0.000000  1.0
    0.071967   -0.806804  0.000000  1.0
    0.071967   -0.804804  0.000000  1.0
    0.071967   -0.802804  0.000000  1.0
    0.071967   -0.800804  0.000000  1.0
    0.071967   -0.798804  0.000000  1.0
    0.071967   -0.796804  0.000000  1.0
    0.071967   -0.794804  0.000000  1.0
    0.071967   -0.792804  0.000000  1.0
    0.071967   -0.790804  0.000000  1.0
    0.071967   -0.788804  0.000000  1.0
    0.071967   -0.786804  0.000000  1.0
    0.071967   -0.784804  0.000000  1.0
    0.071967   -0.782804  0.000000  1.0
    0.071967   -0.780804  0.000000  1.0
    0.071967   -0.778804  0.000000  1.0
    0.071967   -0.776804  0.000000  1.0
    0.071967   -0.774804  0.000000  1.0
    0.071967   -0.772804  0.000000  1.0
    0.071967   -0.770804  0.000000  1.0
    0.071967   -0.768804  0.000000  1.0
    0.071967   -0.766804  0.000000  1.0
    0.071967   -0.764804  0.000000  1.0
    0.071967   -0.762804  0.000000  1.0
    0.071967   -0.760804  0.000000  1.0
    0.071967   -0.758804  0.000000  1.0
    0.071967   -0.756804  0.000000  1.0
    0.071967   -0.754804  0.000000  1.0
    0.071967   -0.752804  0.000000  1.0
    0.071967   -0.750804  0.000000  1.0
    0.071967   -0.748804  0.000000  1.0
    0.071967   -0.746804  0.000000  1.0
    0.071967   -0.744804  0.000000  1.0
    0.071967   -0.742804  0.000000  1.0
    0.071967   -0.740804  0.000000  1.0
    0.071967   -0.738804  0.000000  1.0
    0.071967   -0.736804  0.000000  1.0
    0.071967   -0.734804  0.000000  1.0
    0.073967   -0.814804  0.000000  1.0
    0.073967   -0.812804  0.000000  1.0
    0.073967   -0.810804  0.000000  1.0
    0.073967   -0.808804  0.000000  1.0
    0.073967   -0.806804  0.000000  1.0
    0.073967   -0.804804  0.000000  1.0
    0.073967   -0.802804  0.000000  1.0
    0.073967   -0.800804  0.000000  1.0
    0.073967   -0.798804  0.000000  1.0
    0.073967   -0.796804  0.000000  1.0
    0.073967   -0.794804  0.000000  1.0
    0.073967   -0.792804  0.000000  1.0
    0.073967   -0.790804  0.000000  1.0
    0.073967   -0.788804  0.000000  1.0
    0.073967   -0.786804  0.000000  1.0
    0.073967   -0.784804  0.000000  1.0
    0.073967   -0.782804  0.000000  1.0
    0.073967   -0.780804  0.000000  1.0
    0.073967   -0.778804  0.000000  1.0
    0.073967   -0.776804  0.000000  1.0
    0.073967   -0.774804  0.000000  1.0
    0.073967   -0.772804  0.000000  1.0
    0.073967   -0.770804  0.000000  1.0
    0.073967   -0.768804  0.000000  1.0
    0.073967   -0.766804  0.000000  1.0
    0.073967   -0.764804  0.000000  1.0
    0.073967   -0.762804  0.000000  1.0
    0.073967   -0.760804  0.000000  1.0
    0.073967   -0.758804  0.000000  1.0
    0.073967   -0.756804  0.000000  1.0
    0.073967   -0.754804  0.000000  1.0
    0.073967   -0.752804  0.000000  1.0
    0.073967   -0.750804  0.000000  1.0
    0.073967   -0.748804  0.000000  1.0
    0.073967   -0.746804  0.000000  1.0
    0.073967   -0.744804  0.000000  1.0
    0.073967   -0.742804  0.000000  1.0
    0.073967   -0.740804  0.000000  1.0
    0.073967   -0.738804  0.000000  1.0
    0.073967   -0.736804  0.000000  1.0
    0.073967   -0.734804  0.000000  1.0
    0.075967   -0.814804  0.000000  1.0
    0.075967   -0.812804  0.000000  1.0
    0.075967   -0.810804  0.000000  1.0
    0.075967   -0.808804  0.000000  1.0
    0.075967   -0.806804  0.000000  1.0
    0.075967   -0.804804  0.000000  1.0
    0.075967   -0.802804  0.000000  1.0
    0.075967   -0.800804  0.000000  1.0
    0.075967   -0.798804  0.000000  1.0
    0.075967   -0.796804  0.000000  1.0
    0.075967   -0.794804  0.000000  1.0
    0.075967   -0.792804  0.000000  1.0
    0.075967   -0.790804  0.000000  1.0
    0.075967   -0.788804  0.000000  1.0
    0.075967   -0.786804  0.000000  1.0
    0.075967   -0.784804  0.000000  1.0
    0.075967   -0.782804  0.000000  1.0
    0.075967   -0.780804  0.000000  1.0
    0.075967   -0.778804  0.000000  1.0
    0.075967   -0.776804  0.000000  1.0
    0.075967   -0.774804  0.000000  1.0
    0.075967   -0.772804  0.000000  1.0
    0.075967   -0.770804  0.000000  1.0
    0.075967   -0.768804  0.000000  1.0
    0.075967   -0.766804  0.000000  1.0
    0.075967   -0.764804  0.000000  1.0
    0.075967   -0.762804  0.000000  1.0
    0.075967   -0.760804  0.000000  1.0
    0.075967   -0.758804  0.000000  1.0
    0.075967   -0.756804  0.000000  1.0
    0.075967   -0.754804  0.000000  1.0
    0.075967   -0.752804  0.000000  1.0
    0.075967   -0.750804  0.000000  1.0
    0.075967   -0.748804  0.000000  1.0
    0.075967   -0.746804  0.000000  1.0
    0.075967   -0.744804  0.000000  1.0
    0.075967   -0.742804  0.000000  1.0
    0.075967   -0.740804  0.000000  1.0
    0.075967   -0.738804  0.000000  1.0
    0.075967   -0.736804  0.000000  1.0
    0.075967   -0.734804  0.000000  1.0
    0.077967   -0.814804  0.000000  1.0
    0.077967   -0.812804  0.000000  1.0
    0.077967   -0.810804  0.000000  1.0
    0.077967   -0.808804  0.000000  1.0
    0.077967   -0.806804  0.000000  1.0
    0.077967   -0.804804  0.000000  1.0
    0.077967   -0.802804  0.000000  1.0
    0.077967   -0.800804  0.000000  1.0
    0.077967   -0.798804  0.000000  1.0
    0.077967   -0.796804  0.000000  1.0
    0.077967   -0.794804  0.000000  1.0
    0.077967   -0.792804  0.000000  1.0
    0.077967   -0.790804  0.000000  1.0
    0.077967   -0.788804  0.000000  1.0
    0.077967   -0.786804  0.000000  1.0
    0.077967   -0.784804  0.000000  1.0
    0.077967   -0.782804  0.000000  1.0
    0.077967   -0.780804  0.000000  1.0
    0.077967   -0.778804  0.000000  1.0
    0.077967   -0.776804  0.000000  1.0
    0.077967   -0.774804  0.000000  1.0
    0.077967   -0.772804  0.000000  1.0
    0.077967   -0.770804  0.000000  1.0
    0.077967   -0.768804  0.000000  1.0
    0.077967   -0.766804  0.000000  1.0
    0.077967   -0.764804  0.000000  1.0
    0.077967   -0.762804  0.000000  1.0
    0.077967   -0.760804  0.000000  1.0
    0.077967   -0.758804  0.000000  1.0
    0.077967   -0.756804  0.000000  1.0
    0.077967   -0.754804  0.000000  1.0
    0.077967   -0.752804  0.000000  1.0
    0.077967   -0.750804  0.000000  1.0
    0.077967   -0.748804  0.000000  1.0
    0.077967   -0.746804  0.000000  1.0
    0.077967   -0.744804  0.000000  1.0
    0.077967   -0.742804  0.000000  1.0
    0.077967   -0.740804  0.000000  1.0
    0.077967   -0.738804  0.000000  1.0
    0.077967   -0.736804  0.000000  1.0
    0.077967   -0.734804  0.000000  1.0
    0.079967   -0.814804  0.000000  1.0
    0.079967   -0.812804  0.000000  1.0
    0.079967   -0.810804  0.000000  1.0
    0.079967   -0.808804  0.000000  1.0
    0.079967   -0.806804  0.000000  1.0
    0.079967   -0.804804  0.000000  1.0
    0.079967   -0.802804  0.000000  1.0
    0.079967   -0.800804  0.000000  1.0
    0.079967   -0.798804  0.000000  1.0
    0.079967   -0.796804  0.000000  1.0
    0.079967   -0.794804  0.000000  1.0
    0.079967   -0.792804  0.000000  1.0
    0.079967   -0.790804  0.000000  1.0
    0.079967   -0.788804  0.000000  1.0
    0.079967   -0.786804  0.000000  1.0
    0.079967   -0.784804  0.000000  1.0
    0.079967   -0.782804  0.000000  1.0
    0.079967   -0.780804  0.000000  1.0
    0.079967   -0.778804  0.000000  1.0
    0.079967   -0.776804  0.000000  1.0
    0.079967   -0.774804  0.000000  1.0
    0.079967   -0.772804  0.000000  1.0
    0.079967   -0.770804  0.000000  1.0
    0.079967   -0.768804  0.000000  1.0
    0.079967   -0.766804  0.000000  1.0
    0.079967   -0.764804  0.000000  1.0
    0.079967   -0.762804  0.000000  1.0
    0.079967   -0.760804  0.000000  1.0
    0.079967   -0.758804  0.000000  1.0
    0.079967   -0.756804  0.000000  1.0
    0.079967   -0.754804  0.000000  1.0
    0.079967   -0.752804  0.000000  1.0
    0.079967   -0.750804  0.000000  1.0
    0.079967   -0.748804  0.000000  1.0
    0.079967   -0.746804  0.000000  1.0
    0.079967   -0.744804  0.000000  1.0
    0.079967   -0.742804  0.000000  1.0
    0.079967   -0.740804  0.000000  1.0
    0.079967   -0.738804  0.000000  1.0
    0.079967   -0.736804  0.000000  1.0
    0.079967   -0.734804  0.000000  1.0
    0.081967   -0.814804  0.000000  1.0
    0.081967   -0.812804  0.000000  1.0
    0.081967   -0.810804  0.000000  1.0
    0.081967   -0.808804  0.000000  1.0
    0.081967   -0.806804  0.000000  1.0
    0.081967   -0.804804  0.000000  1.0
    0.081967   -0.802804  0.000000  1.0
    0.081967   -0.800804  0.000000  1.0
    0.081967   -0.798804  0.000000  1.0
    0.081967   -0.796804  0.000000  1.0
    0.081967   -0.794804  0.000000  1.0
    0.081967   -0.792804  0.000000  1.0
    0.081967   -0.790804  0.000000  1.0
    0.081967   -0.788804  0.000000  1.0
    0.081967   -0.786804  0.000000  1.0
    0.081967   -0.784804  0.000000  1.0
    0.081967   -0.782804  0.000000  1.0
    0.081967   -0.780804  0.000000  1.0
    0.081967   -0.778804  0.000000  1.0
    0.081967   -0.776804  0.000000  1.0
    0.081967   -0.774804  0.000000  1.0
    0.081967   -0.772804  0.000000  1.0
    0.081967   -0.770804  0.000000  1.0
    0.081967   -0.768804  0.000000  1.0
    0.081967   -0.766804  0.000000  1.0
    0.081967   -0.764804  0.000000  1.0
    0.081967   -0.762804  0.000000  1.0
    0.081967   -0.760804  0.000000  1.0
    0.081967   -0.758804  0.000000  1.0
    0.081967   -0.756804  0.000000  1.0
    0.081967   -0.754804  0.000000  1.0
    0.081967   -0.752804  0.000000  1.0
    0.081967   -0.750804  0.000000  1.0
    0.081967   -0.748804  0.000000  1.0
    0.081967   -0.746804  0.000000  1.0
    0.081967   -0.744804  0.000000  1.0
    0.081967   -0.742804  0.000000  1.0
    0.081967   -0.740804  0.000000  1.0
    0.081967   -0.738804  0.000000  1.0
    0.081967   -0.736804  0.000000  1.0
    0.081967   -0.734804  0.000000  1.0
    0.083967   -0.814804  0.000000  1.0
    0.083967   -0.812804  0.000000  1.0
    0.083967   -0.810804  0.000000  1.0
    0.083967   -0.808804  0.000000  1.0
    0.083967   -0.806804  0.000000  1.0
    0.083967   -0.804804  0.000000  1.0
    0.083967   -0.802804  0.000000  1.0
    0.083967   -0.800804  0.000000  1.0
    0.083967   -0.798804  0.000000  1.0
    0.083967   -0.796804  0.000000  1.0
    0.083967   -0.794804  0.000000  1.0
    0.083967   -0.792804  0.000000  1.0
    0.083967   -0.790804  0.000000  1.0
    0.083967   -0.788804  0.000000  1.0
    0.083967   -0.786804  0.000000  1.0
    0.083967   -0.784804  0.000000  1.0
    0.083967   -0.782804  0.000000  1.0
    0.083967   -0.780804  0.000000  1.0
    0.083967   -0.778804  0.000000  1.0
    0.083967   -0.776804  0.000000  1.0
    0.083967   -0.774804  0.000000  1.0
    0.083967   -0.772804  0.000000  1.0
    0.083967   -0.770804  0.000000  1.0
    0.083967   -0.768804  0.000000  1.0
    0.083967   -0.766804  0.000000  1.0
    0.083967   -0.764804  0.000000  1.0
    0.083967   -0.762804  0.000000  1.0
    0.083967   -0.760804  0.000000  1.0
    0.083967   -0.758804  0.000000  1.0
    0.083967   -0.756804  0.000000  1.0
    0.083967   -0.754804  0.000000  1.0
    0.083967   -0.752804  0.000000  1.0
    0.083967   -0.750804  0.000000  1.0
    0.083967   -0.748804  0.000000  1.0
    0.083967   -0.746804  0.000000  1.0
    0.083967   -0.744804  0.000000  1.0
    0.083967   -0.742804  0.000000  1.0
    0.083967   -0.740804  0.000000  1.0
    0.083967   -0.738804  0.000000  1.0
    0.083967   -0.736804  0.000000  1.0
    0.083967   -0.734804  0.000000  1.0
    0.085967   -0.814804  0.000000  1.0
    0.085967   -0.812804  0.000000  1.0
    0.085967   -0.810804  0.000000  1.0
    0.085967   -0.808804  0.000000  1.0
    0.085967   -0.806804  0.000000  1.0
    0.085967   -0.804804  0.000000  1.0
    0.085967   -0.802804  0.000000  1.0
    0.085967   -0.800804  0.000000  1.0
    0.085967   -0.798804  0.000000  1.0
    0.085967   -0.796804  0.000000  1.0
    0.085967   -0.794804  0.000000  1.0
    0.085967   -0.792804  0.000000  1.0
    0.085967   -0.790804  0.000000  1.0
    0.085967   -0.788804  0.000000  1.0
    0.085967   -0.786804  0.000000  1.0
    0.085967   -0.784804  0.000000  1.0
    0.085967   -0.782804  0.000000  1.0
    0.085967   -0.780804  0.000000  1.0
    0.085967   -0.778804  0.000000  1.0
    0.085967   -0.776804  0.000000  1.0
    0.085967   -0.774804  0.000000  1.0
    0.085967   -0.772804  0.000000  1.0
    0.085967   -0.770804  0.000000  1.0
    0.085967   -0.768804  0.000000  1.0
    0.085967   -0.766804  0.000000  1.0
    0.085967   -0.764804  0.000000  1.0
    0.085967   -0.762804  0.000000  1.0
    0.085967   -0.760804  0.000000  1.0
    0.085967   -0.758804  0.000000  1.0
    0.085967   -0.756804  0.000000  1.0
    0.085967   -0.754804  0.000000  1.0
    0.085967   -0.752804  0.000000  1.0
    0.085967   -0.750804  0.000000  1.0
    0.085967   -0.748804  0.000000  1.0
    0.085967   -0.746804  0.000000  1.0
    0.085967   -0.744804  0.000000  1.0
    0.085967   -0.742804  0.000000  1.0
    0.085967   -0.740804  0.000000  1.0
    0.085967   -0.738804  0.000000  1.0
    0.085967   -0.736804  0.000000  1.0
    0.085967   -0.734804  0.000000  1.0
    0.087967   -0.814804  0.000000  1.0
    0.087967   -0.812804  0.000000  1.0
    0.087967   -0.810804  0.000000  1.0
    0.087967   -0.808804  0.000000  1.0
    0.087967   -0.806804  0.000000  1.0
    0.087967   -0.804804  0.000000  1.0
    0.087967   -0.802804  0.000000  1.0
    0.087967   -0.800804  0.000000  1.0
    0.087967   -0.798804  0.000000  1.0
    0.087967   -0.796804  0.000000  1.0
    0.087967   -0.794804  0.000000  1.0
    0.087967   -0.792804  0.000000  1.0
    0.087967   -0.790804  0.000000  1.0
    0.087967   -0.788804  0.000000  1.0
    0.087967   -0.786804  0.000000  1.0
    0.087967   -0.784804  0.000000  1.0
    0.087967   -0.782804  0.000000  1.0
    0.087967   -0.780804  0.000000  1.0
    0.087967   -0.778804  0.000000  1.0
    0.087967   -0.776804  0.000000  1.0
    0.087967   -0.774804  0.000000  1.0
    0.087967   -0.772804  0.000000  1.0
    0.087967   -0.770804  0.000000  1.0
    0.087967   -0.768804  0.000000  1.0
    0.087967   -0.766804  0.000000  1.0
    0.087967   -0.764804  0.000000  1.0
    0.087967   -0.762804  0.000000  1.0
    0.087967   -0.760804  0.000000  1.0
    0.087967   -0.758804  0.000000  1.0
    0.087967   -0.756804  0.000000  1.0
    0.087967   -0.754804  0.000000  1.0
    0.087967   -0.752804  0.000000  1.0
    0.087967   -0.750804  0.000000  1.0
    0.087967   -0.748804  0.000000  1.0
    0.087967   -0.746804  0.000000  1.0
    0.087967   -0.744804  0.000000  1.0
    0.087967   -0.742804  0.000000  1.0
    0.087967   -0.740804  0.000000  1.0
    0.087967   -0.738804  0.000000  1.0
    0.087967   -0.736804  0.000000  1.0
    0.087967   -0.734804  0.000000  1.0
    0.089967   -0.814804  0.000000  1.0
    0.089967   -0.812804  0.000000  1.0
    0.089967   -0.810804  0.000000  1.0
    0.089967   -0.808804  0.000000  1.0
    0.089967   -0.806804  0.000000  1.0
    0.089967   -0.804804  0.000000  1.0
    0.089967   -0.802804  0.000000  1.0
    0.089967   -0.800804  0.000000  1.0
    0.089967   -0.798804  0.000000  1.0
    0.089967   -0.796804  0.000000  1.0
    0.089967   -0.794804  0.000000  1.0
    0.089967   -0.792804  0.000000  1.0
    0.089967   -0.790804  0.000000  1.0
    0.089967   -0.788804  0.000000  1.0
    0.089967   -0.786804  0.000000  1.0
    0.089967   -0.784804  0.000000  1.0
    0.089967   -0.782804  0.000000  1.0
    0.089967   -0.780804  0.000000  1.0
    0.089967   -0.778804  0.000000  1.0
    0.089967   -0.776804  0.000000  1.0
    0.089967   -0.774804  0.000000  1.0
    0.089967   -0.772804  0.000000  1.0
    0.089967   -0.770804  0.000000  1.0
    0.089967   -0.768804  0.000000  1.0
    0.089967   -0.766804  0.000000  1.0
    0.089967   -0.764804  0.000000  1.0
    0.089967   -0.762804  0.000000  1.0
    0.089967   -0.760804  0.000000  1.0
    0.089967   -0.758804  0.000000  1.0
    0.089967   -0.756804  0.000000  1.0
    0.089967   -0.754804  0.000000  1.0
    0.089967   -0.752804  0.000000  1.0
    0.089967   -0.750804  0.000000  1.0
    0.089967   -0.748804  0.000000  1.0
    0.089967   -0.746804  0.000000  1.0
    0.089967   -0.744804  0.000000  1.0
    0.089967   -0.742804  0.000000  1.0
    0.089967   -0.740804  0.000000  1.0
    0.089967   -0.738804  0.000000  1.0
    0.089967   -0.736804  0.000000  1.0
    0.089967   -0.734804  0.000000  1.0
    0.091967   -0.814804  0.000000  1.0
    0.091967   -0.812804  0.000000  1.0
    0.091967   -0.810804  0.000000  1.0
    0.091967   -0.808804  0.000000  1.0
    0.091967   -0.806804  0.000000  1.0
    0.091967   -0.804804  0.000000  1.0
    0.091967   -0.802804  0.000000  1.0
    0.091967   -0.800804  0.000000  1.0
    0.091967   -0.798804  0.000000  1.0
    0.091967   -0.796804  0.000000  1.0
    0.091967   -0.794804  0.000000  1.0
    0.091967   -0.792804  0.000000  1.0
    0.091967   -0.790804  0.000000  1.0
    0.091967   -0.788804  0.000000  1.0
    0.091967   -0.786804  0.000000  1.0
    0.091967   -0.784804  0.000000  1.0
    0.091967   -0.782804  0.000000  1.0
    0.091967   -0.780804  0.000000  1.0
    0.091967   -0.778804  0.000000  1.0
    0.091967   -0.776804  0.000000  1.0
    0.091967   -0.774804  0.000000  1.0
    0.091967   -0.772804  0.000000  1.0
    0.091967   -0.770804  0.000000  1.0
    0.091967   -0.768804  0.000000  1.0
    0.091967   -0.766804  0.000000  1.0
    0.091967   -0.764804  0.000000  1.0
    0.091967   -0.762804  0.000000  1.0
    0.091967   -0.760804  0.000000  1.0
    0.091967   -0.758804  0.000000  1.0
    0.091967   -0.756804  0.000000  1.0
    0.091967   -0.754804  0.000000  1.0
    0.091967   -0.752804  0.000000  1.0
    0.091967   -0.750804  0.000000  1.0
    0.091967   -0.748804  0.000000  1.0
    0.091967   -0.746804  0.000000  1.0
    0.091967   -0.744804  0.000000  1.0
    0.091967   -0.742804  0.000000  1.0
    0.091967   -0.740804  0.000000  1.0
    0.091967   -0.738804  0.000000  1.0
    0.091967   -0.736804  0.000000  1.0
    0.091967   -0.734804  0.000000  1.0
    0.093967   -0.814804  0.000000  1.0
    0.093967   -0.812804  0.000000  1.0
    0.093967   -0.810804  0.000000  1.0
    0.093967   -0.808804  0.000000  1.0
    0.093967   -0.806804  0.000000  1.0
    0.093967   -0.804804  0.000000  1.0
    0.093967   -0.802804  0.000000  1.0
    0.093967   -0.800804  0.000000  1.0
    0.093967   -0.798804  0.000000  1.0
    0.093967   -0.796804  0.000000  1.0
    0.093967   -0.794804  0.000000  1.0
    0.093967   -0.792804  0.000000  1.0
    0.093967   -0.790804  0.000000  1.0
    0.093967   -0.788804  0.000000  1.0
    0.093967   -0.786804  0.000000  1.0
    0.093967   -0.784804  0.000000  1.0
    0.093967   -0.782804  0.000000  1.0
    0.093967   -0.780804  0.000000  1.0
    0.093967   -0.778804  0.000000  1.0
    0.093967   -0.776804  0.000000  1.0
    0.093967   -0.774804  0.000000  1.0
    0.093967   -0.772804  0.000000  1.0
    0.093967   -0.770804  0.000000  1.0
    0.093967   -0.768804  0.000000  1.0
    0.093967   -0.766804  0.000000  1.0
    0.093967   -0.764804  0.000000  1.0
    0.093967   -0.762804  0.000000  1.0
    0.093967   -0.760804  0.000000  1.0
    0.093967   -0.758804  0.000000  1.0
    0.093967   -0.756804  0.000000  1.0
    0.093967   -0.754804  0.000000  1.0
    0.093967   -0.752804  0.000000  1.0
    0.093967   -0.750804  0.000000  1.0
    0.093967   -0.748804  0.000000  1.0
    0.093967   -0.746804  0.000000  1.0
    0.093967   -0.744804  0.000000  1.0
    0.093967   -0.742804  0.000000  1.0
    0.093967   -0.740804  0.000000  1.0
    0.093967   -0.738804  0.000000  1.0
    0.093967   -0.736804  0.000000  1.0
    0.093967   -0.734804  0.000000  1.0
    0.095967   -0.814804  0.000000  1.0
    0.095967   -0.812804  0.000000  1.0
    0.095967   -0.810804  0.000000  1.0
    0.095967   -0.808804  0.000000  1.0
    0.095967   -0.806804  0.000000  1.0
    0.095967   -0.804804  0.000000  1.0
    0.095967   -0.802804  0.000000  1.0
    0.095967   -0.800804  0.000000  1.0
    0.095967   -0.798804  0.000000  1.0
    0.095967   -0.796804  0.000000  1.0
    0.095967   -0.794804  0.000000  1.0
    0.095967   -0.792804  0.000000  1.0
    0.095967   -0.790804  0.000000  1.0
    0.095967   -0.788804  0.000000  1.0
    0.095967   -0.786804  0.000000  1.0
    0.095967   -0.784804  0.000000  1.0
    0.095967   -0.782804  0.000000  1.0
    0.095967   -0.780804  0.000000  1.0
    0.095967   -0.778804  0.000000  1.0
    0.095967   -0.776804  0.000000  1.0
    0.095967   -0.774804  0.000000  1.0
    0.095967   -0.772804  0.000000  1.0
    0.095967   -0.770804  0.000000  1.0
    0.095967   -0.768804  0.000000  1.0
    0.095967   -0.766804  0.000000  1.0
    0.095967   -0.764804  0.000000  1.0
    0.095967   -0.762804  0.000000  1.0
    0.095967   -0.760804  0.000000  1.0
    0.095967   -0.758804  0.000000  1.0
    0.095967   -0.756804  0.000000  1.0
    0.095967   -0.754804  0.000000  1.0
    0.095967   -0.752804  0.000000  1.0
    0.095967   -0.750804  0.000000  1.0
    0.095967   -0.748804  0.000000  1.0
    0.095967   -0.746804  0.000000  1.0
    0.095967   -0.744804  0.000000  1.0
    0.095967   -0.742804  0.000000  1.0
    0.095967   -0.740804  0.000000  1.0
    0.095967   -0.738804  0.000000  1.0
    0.095967   -0.736804  0.000000  1.0
    0.095967   -0.734804  0.000000  1.0
    0.097967   -0.814804  0.000000  1.0
    0.097967   -0.812804  0.000000  1.0
    0.097967   -0.810804  0.000000  1.0
    0.097967   -0.808804  0.000000  1.0
    0.097967   -0.806804  0.000000  1.0
    0.097967   -0.804804  0.000000  1.0
    0.097967   -0.802804  0.000000  1.0
    0.097967   -0.800804  0.000000  1.0
    0.097967   -0.798804  0.000000  1.0
    0.097967   -0.796804  0.000000  1.0
    0.097967   -0.794804  0.000000  1.0
    0.097967   -0.792804  0.000000  1.0
    0.097967   -0.790804  0.000000  1.0
    0.097967   -0.788804  0.000000  1.0
    0.097967   -0.786804  0.000000  1.0
    0.097967   -0.784804  0.000000  1.0
    0.097967   -0.782804  0.000000  1.0
    0.097967   -0.780804  0.000000  1.0
    0.097967   -0.778804  0.000000  1.0
    0.097967   -0.776804  0.000000  1.0
    0.097967   -0.774804  0.000000  1.0
    0.097967   -0.772804  0.000000  1.0
    0.097967   -0.770804  0.000000  1.0
    0.097967   -0.768804  0.000000  1.0
    0.097967   -0.766804  0.000000  1.0
    0.097967   -0.764804  0.000000  1.0
    0.097967   -0.762804  0.000000  1.0
    0.097967   -0.760804  0.000000  1.0
    0.097967   -0.758804  0.000000  1.0
    0.097967   -0.756804  0.000000  1.0
    0.097967   -0.754804  0.000000  1.0
    0.097967   -0.752804  0.000000  1.0
    0.097967   -0.750804  0.000000  1.0
    0.097967   -0.748804  0.000000  1.0
    0.097967   -0.746804  0.000000  1.0
    0.097967   -0.744804  0.000000  1.0
    0.097967   -0.742804  0.000000  1.0
    0.097967   -0.740804  0.000000  1.0
    0.097967   -0.738804  0.000000  1.0
    0.097967   -0.736804  0.000000  1.0
    0.097967   -0.734804  0.000000  1.0
    0.099967   -0.814804  0.000000  1.0
    0.099967   -0.812804  0.000000  1.0
    0.099967   -0.810804  0.000000  1.0
    0.099967   -0.808804  0.000000  1.0
    0.099967   -0.806804  0.000000  1.0
    0.099967   -0.804804  0.000000  1.0
    0.099967   -0.802804  0.000000  1.0
    0.099967   -0.800804  0.000000  1.0
    0.099967   -0.798804  0.000000  1.0
    0.099967   -0.796804  0.000000  1.0
    0.099967   -0.794804  0.000000  1.0
    0.099967   -0.792804  0.000000  1.0
    0.099967   -0.790804  0.000000  1.0
    0.099967   -0.788804  0.000000  1.0
    0.099967   -0.786804  0.000000  1.0
    0.099967   -0.784804  0.000000  1.0
    0.099967   -0.782804  0.000000  1.0
    0.099967   -0.780804  0.000000  1.0
    0.099967   -0.778804  0.000000  1.0
    0.099967   -0.776804  0.000000  1.0
    0.099967   -0.774804  0.000000  1.0
    0.099967   -0.772804  0.000000  1.0
    0.099967   -0.770804  0.000000  1.0
    0.099967   -0.768804  0.000000  1.0
    0.099967   -0.766804  0.000000  1.0
    0.099967   -0.764804  0.000000  1.0
    0.099967   -0.762804  0.000000  1.0
    0.099967   -0.760804  0.000000  1.0
    0.099967   -0.758804  0.000000  1.0
    0.099967   -0.756804  0.000000  1.0
    0.099967   -0.754804  0.000000  1.0
    0.099967   -0.752804  0.000000  1.0
    0.099967   -0.750804  0.000000  1.0
    0.099967   -0.748804  0.000000  1.0
    0.099967   -0.746804  0.000000  1.0
    0.099967   -0.744804  0.000000  1.0
    0.099967   -0.742804  0.000000  1.0
    0.099967   -0.740804  0.000000  1.0
    0.099967   -0.738804  0.000000  1.0
    0.099967   -0.736804  0.000000  1.0
    0.099967   -0.734804  0.000000  1.0
    0.101967   -0.814804  0.000000  1.0
    0.101967   -0.812804  0.000000  1.0
    0.101967   -0.810804  0.000000  1.0
    0.101967   -0.808804  0.000000  1.0
    0.101967   -0.806804  0.000000  1.0
    0.101967   -0.804804  0.000000  1.0
    0.101967   -0.802804  0.000000  1.0
    0.101967   -0.800804  0.000000  1.0
    0.101967   -0.798804  0.000000  1.0
    0.101967   -0.796804  0.000000  1.0
    0.101967   -0.794804  0.000000  1.0
    0.101967   -0.792804  0.000000  1.0
    0.101967   -0.790804  0.000000  1.0
    0.101967   -0.788804  0.000000  1.0
    0.101967   -0.786804  0.000000  1.0
    0.101967   -0.784804  0.000000  1.0
    0.101967   -0.782804  0.000000  1.0
    0.101967   -0.780804  0.000000  1.0
    0.101967   -0.778804  0.000000  1.0
    0.101967   -0.776804  0.000000  1.0
    0.101967   -0.774804  0.000000  1.0
    0.101967   -0.772804  0.000000  1.0
    0.101967   -0.770804  0.000000  1.0
    0.101967   -0.768804  0.000000  1.0
    0.101967   -0.766804  0.000000  1.0
    0.101967   -0.764804  0.000000  1.0
    0.101967   -0.762804  0.000000  1.0
    0.101967   -0.760804  0.000000  1.0
    0.101967   -0.758804  0.000000  1.0
    0.101967   -0.756804  0.000000  1.0
    0.101967   -0.754804  0.000000  1.0
    0.101967   -0.752804  0.000000  1.0
    0.101967   -0.750804  0.000000  1.0
    0.101967   -0.748804  0.000000  1.0
    0.101967   -0.746804  0.000000  1.0
    0.101967   -0.744804  0.000000  1.0
    0.101967   -0.742804  0.000000  1.0
    0.101967   -0.740804  0.000000  1.0
    0.101967   -0.738804  0.000000  1.0
    0.101967   -0.736804  0.000000  1.0
    0.101967   -0.734804  0.000000  1.0
    0.103967   -0.814804  0.000000  1.0
    0.103967   -0.812804  0.000000  1.0
    0.103967   -0.810804  0.000000  1.0
    0.103967   -0.808804  0.000000  1.0
    0.103967   -0.806804  0.000000  1.0
    0.103967   -0.804804  0.000000  1.0
    0.103967   -0.802804  0.000000  1.0
    0.103967   -0.800804  0.000000  1.0
    0.103967   -0.798804  0.000000  1.0
    0.103967   -0.796804  0.000000  1.0
    0.103967   -0.794804  0.000000  1.0
    0.103967   -0.792804  0.000000  1.0
    0.103967   -0.790804  0.000000  1.0
    0.103967   -0.788804  0.000000  1.0
    0.103967   -0.786804  0.000000  1.0
    0.103967   -0.784804  0.000000  1.0
    0.103967   -0.782804  0.000000  1.0
    0.103967   -0.780804  0.000000  1.0
    0.103967   -0.778804  0.000000  1.0
    0.103967   -0.776804  0.000000  1.0
    0.103967   -0.774804  0.000000  1.0
    0.103967   -0.772804  0.000000  1.0
    0.103967   -0.770804  0.000000  1.0
    0.103967   -0.768804  0.000000  1.0
    0.103967   -0.766804  0.000000  1.0
    0.103967   -0.764804  0.000000  1.0
    0.103967   -0.762804  0.000000  1.0
    0.103967   -0.760804  0.000000  1.0
    0.103967   -0.758804  0.000000  1.0
    0.103967   -0.756804  0.000000  1.0
    0.103967   -0.754804  0.000000  1.0
    0.103967   -0.752804  0.000000  1.0
    0.103967   -0.750804  0.000000  1.0
    0.103967   -0.748804  0.000000  1.0
    0.103967   -0.746804  0.000000  1.0
    0.103967   -0.744804  0.000000  1.0
    0.103967   -0.742804  0.000000  1.0
    0.103967   -0.740804  0.000000  1.0
    0.103967   -0.738804  0.000000  1.0
    0.103967   -0.736804  0.000000  1.0
    0.103967   -0.734804  0.000000  1.0
    0.105967   -0.814804  0.000000  1.0
    0.105967   -0.812804  0.000000  1.0
    0.105967   -0.810804  0.000000  1.0
    0.105967   -0.808804  0.000000  1.0
    0.105967   -0.806804  0.000000  1.0
    0.105967   -0.804804  0.000000  1.0
    0.105967   -0.802804  0.000000  1.0
    0.105967   -0.800804  0.000000  1.0
    0.105967   -0.798804  0.000000  1.0
    0.105967   -0.796804  0.000000  1.0
    0.105967   -0.794804  0.000000  1.0
    0.105967   -0.792804  0.000000  1.0
    0.105967   -0.790804  0.000000  1.0
    0.105967   -0.788804  0.000000  1.0
    0.105967   -0.786804  0.000000  1.0
    0.105967   -0.784804  0.000000  1.0
    0.105967   -0.782804  0.000000  1.0
    0.105967   -0.780804  0.000000  1.0
    0.105967   -0.778804  0.000000  1.0
    0.105967   -0.776804  0.000000  1.0
    0.105967   -0.774804  0.000000  1.0
    0.105967   -0.772804  0.000000  1.0
    0.105967   -0.770804  0.000000  1.0
    0.105967   -0.768804  0.000000  1.0
    0.105967   -0.766804  0.000000  1.0
    0.105967   -0.764804  0.000000  1.0
    0.105967   -0.762804  0.000000  1.0
    0.105967   -0.760804  0.000000  1.0
    0.105967   -0.758804  0.000000  1.0
    0.105967   -0.756804  0.000000  1.0
    0.105967   -0.754804  0.000000  1.0
    0.105967   -0.752804  0.000000  1.0
    0.105967   -0.750804  0.000000  1.0
    0.105967   -0.748804  0.000000  1.0
    0.105967   -0.746804  0.000000  1.0
    0.105967   -0.744804  0.000000  1.0
    0.105967   -0.742804  0.000000  1.0
    0.105967   -0.740804  0.000000  1.0
    0.105967   -0.738804  0.000000  1.0
    0.105967   -0.736804  0.000000  1.0
    0.105967   -0.734804  0.000000  1.0
    0.107967   -0.814804  0.000000  1.0
    0.107967   -0.812804  0.000000  1.0
    0.107967   -0.810804  0.000000  1.0
    0.107967   -0.808804  0.000000  1.0
    0.107967   -0.806804  0.000000  1.0
    0.107967   -0.804804  0.000000  1.0
    0.107967   -0.802804  0.000000  1.0
    0.107967   -0.800804  0.000000  1.0
    0.107967   -0.798804  0.000000  1.0
    0.107967   -0.796804  0.000000  1.0
    0.107967   -0.794804  0.000000  1.0
    0.107967   -0.792804  0.000000  1.0
    0.107967   -0.790804  0.000000  1.0
    0.107967   -0.788804  0.000000  1.0
    0.107967   -0.786804  0.000000  1.0
    0.107967   -0.784804  0.000000  1.0
    0.107967   -0.782804  0.000000  1.0
    0.107967   -0.780804  0.000000  1.0
    0.107967   -0.778804  0.000000  1.0
    0.107967   -0.776804  0.000000  1.0
    0.107967   -0.774804  0.000000  1.0
    0.107967   -0.772804  0.000000  1.0
    0.107967   -0.770804  0.000000  1.0
    0.107967   -0.768804  0.000000  1.0
    0.107967   -0.766804  0.000000  1.0
    0.107967   -0.764804  0.000000  1.0
    0.107967   -0.762804  0.000000  1.0
    0.107967   -0.760804  0.000000  1.0
    0.107967   -0.758804  0.000000  1.0
    0.107967   -0.756804  0.000000  1.0
    0.107967   -0.754804  0.000000  1.0
    0.107967   -0.752804  0.000000  1.0
    0.107967   -0.750804  0.000000  1.0
    0.107967   -0.748804  0.000000  1.0
    0.107967   -0.746804  0.000000  1.0
    0.107967   -0.744804  0.000000  1.0
    0.107967   -0.742804  0.000000  1.0
    0.107967   -0.740804  0.000000  1.0
    0.107967   -0.738804  0.000000  1.0
    0.107967   -0.736804  0.000000  1.0
    0.107967   -0.734804  0.000000  1.0
    0.109967   -0.814804  0.000000  1.0
    0.109967   -0.812804  0.000000  1.0
    0.109967   -0.810804  0.000000  1.0
    0.109967   -0.808804  0.000000  1.0
    0.109967   -0.806804  0.000000  1.0
    0.109967   -0.804804  0.000000  1.0
    0.109967   -0.802804  0.000000  1.0
    0.109967   -0.800804  0.000000  1.0
    0.109967   -0.798804  0.000000  1.0
    0.109967   -0.796804  0.000000  1.0
    0.109967   -0.794804  0.000000  1.0
    0.109967   -0.792804  0.000000  1.0
    0.109967   -0.790804  0.000000  1.0
    0.109967   -0.788804  0.000000  1.0
    0.109967   -0.786804  0.000000  1.0
    0.109967   -0.784804  0.000000  1.0
    0.109967   -0.782804  0.000000  1.0
    0.109967   -0.780804  0.000000  1.0
    0.109967   -0.778804  0.000000  1.0
    0.109967   -0.776804  0.000000  1.0
    0.109967   -0.774804  0.000000  1.0
    0.109967   -0.772804  0.000000  1.0
    0.109967   -0.770804  0.000000  1.0
    0.109967   -0.768804  0.000000  1.0
    0.109967   -0.766804  0.000000  1.0
    0.109967   -0.764804  0.000000  1.0
    0.109967   -0.762804  0.000000  1.0
    0.109967   -0.760804  0.000000  1.0
    0.109967   -0.758804  0.000000  1.0
    0.109967   -0.756804  0.000000  1.0
    0.109967   -0.754804  0.000000  1.0
    0.109967   -0.752804  0.000000  1.0
    0.109967   -0.750804  0.000000  1.0
    0.109967   -0.748804  0.000000  1.0
    0.109967   -0.746804  0.000000  1.0
    0.109967   -0.744804  0.000000  1.0
    0.109967   -0.742804  0.000000  1.0
    0.109967   -0.740804  0.000000  1.0
    0.109967   -0.738804  0.000000  1.0
    0.109967   -0.736804  0.000000  1.0
    0.109967   -0.734804  0.000000  1.0
    0.111967   -0.814804  0.000000  1.0
    0.111967   -0.812804  0.000000  1.0
    0.111967   -0.810804  0.000000  1.0
    0.111967   -0.808804  0.000000  1.0
    0.111967   -0.806804  0.000000  1.0
    0.111967   -0.804804  0.000000  1.0
    0.111967   -0.802804  0.000000  1.0
    0.111967   -0.800804  0.000000  1.0
    0.111967   -0.798804  0.000000  1.0
    0.111967   -0.796804  0.000000  1.0
    0.111967   -0.794804  0.000000  1.0
    0.111967   -0.792804  0.000000  1.0
    0.111967   -0.790804  0.000000  1.0
    0.111967   -0.788804  0.000000  1.0
    0.111967   -0.786804  0.000000  1.0
    0.111967   -0.784804  0.000000  1.0
    0.111967   -0.782804  0.000000  1.0
    0.111967   -0.780804  0.000000  1.0
    0.111967   -0.778804  0.000000  1.0
    0.111967   -0.776804  0.000000  1.0
    0.111967   -0.774804  0.000000  1.0
    0.111967   -0.772804  0.000000  1.0
    0.111967   -0.770804  0.000000  1.0
    0.111967   -0.768804  0.000000  1.0
    0.111967   -0.766804  0.000000  1.0
    0.111967   -0.764804  0.000000  1.0
    0.111967   -0.762804  0.000000  1.0
    0.111967   -0.760804  0.000000  1.0
    0.111967   -0.758804  0.000000  1.0
    0.111967   -0.756804  0.000000  1.0
    0.111967   -0.754804  0.000000  1.0
    0.111967   -0.752804  0.000000  1.0
    0.111967   -0.750804  0.000000  1.0
    0.111967   -0.748804  0.000000  1.0
    0.111967   -0.746804  0.000000  1.0
    0.111967   -0.744804  0.000000  1.0
    0.111967   -0.742804  0.000000  1.0
    0.111967   -0.740804  0.000000  1.0
    0.111967   -0.738804  0.000000  1.0
    0.111967   -0.736804  0.000000  1.0
    0.111967   -0.734804  0.000000  1.0
    0.113967   -0.814804  0.000000  1.0
    0.113967   -0.812804  0.000000  1.0
    0.113967   -0.810804  0.000000  1.0
    0.113967   -0.808804  0.000000  1.0
    0.113967   -0.806804  0.000000  1.0
    0.113967   -0.804804  0.000000  1.0
    0.113967   -0.802804  0.000000  1.0
    0.113967   -0.800804  0.000000  1.0
    0.113967   -0.798804  0.000000  1.0
    0.113967   -0.796804  0.000000  1.0
    0.113967   -0.794804  0.000000  1.0
    0.113967   -0.792804  0.000000  1.0
    0.113967   -0.790804  0.000000  1.0
    0.113967   -0.788804  0.000000  1.0
    0.113967   -0.786804  0.000000  1.0
    0.113967   -0.784804  0.000000  1.0
    0.113967   -0.782804  0.000000  1.0
    0.113967   -0.780804  0.000000  1.0
    0.113967   -0.778804  0.000000  1.0
    0.113967   -0.776804  0.000000  1.0
    0.113967   -0.774804  0.000000  1.0
    0.113967   -0.772804  0.000000  1.0
    0.113967   -0.770804  0.000000  1.0
    0.113967   -0.768804  0.000000  1.0
    0.113967   -0.766804  0.000000  1.0
    0.113967   -0.764804  0.000000  1.0
    0.113967   -0.762804  0.000000  1.0
    0.113967   -0.760804  0.000000  1.0
    0.113967   -0.758804  0.000000  1.0
    0.113967   -0.756804  0.000000  1.0
    0.113967   -0.754804  0.000000  1.0
    0.113967   -0.752804  0.000000  1.0
    0.113967   -0.750804  0.000000  1.0
    0.113967   -0.748804  0.000000  1.0
    0.113967   -0.746804  0.000000  1.0
    0.113967   -0.744804  0.000000  1.0
    0.113967   -0.742804  0.000000  1.0
    0.113967   -0.740804  0.000000  1.0
    0.113967   -0.738804  0.000000  1.0
    0.113967   -0.736804  0.000000  1.0
    0.113967   -0.734804  0.000000  1.0
    0.115967   -0.814804  0.000000  1.0
    0.115967   -0.812804  0.000000  1.0
    0.115967   -0.810804  0.000000  1.0
    0.115967   -0.808804  0.000000  1.0
    0.115967   -0.806804  0.000000  1.0
    0.115967   -0.804804  0.000000  1.0
    0.115967   -0.802804  0.000000  1.0
    0.115967   -0.800804  0.000000  1.0
    0.115967   -0.798804  0.000000  1.0
    0.115967   -0.796804  0.000000  1.0
    0.115967   -0.794804  0.000000  1.0
    0.115967   -0.792804  0.000000  1.0
    0.115967   -0.790804  0.000000  1.0
    0.115967   -0.788804  0.000000  1.0
    0.115967   -0.786804  0.000000  1.0
    0.115967   -0.784804  0.000000  1.0
    0.115967   -0.782804  0.000000  1.0
    0.115967   -0.780804  0.000000  1.0
    0.115967   -0.778804  0.000000  1.0
    0.115967   -0.776804  0.000000  1.0
    0.115967   -0.774804  0.000000  1.0
    0.115967   -0.772804  0.000000  1.0
    0.115967   -0.770804  0.000000  1.0
    0.115967   -0.768804  0.000000  1.0
    0.115967   -0.766804  0.000000  1.0
    0.115967   -0.764804  0.000000  1.0
    0.115967   -0.762804  0.000000  1.0
    0.115967   -0.760804  0.000000  1.0
    0.115967   -0.758804  0.000000  1.0
    0.115967   -0.756804  0.000000  1.0
    0.115967   -0.754804  0.000000  1.0
    0.115967   -0.752804  0.000000  1.0
    0.115967   -0.750804  0.000000  1.0
    0.115967   -0.748804  0.000000  1.0
    0.115967   -0.746804  0.000000  1.0
    0.115967   -0.744804  0.000000  1.0
    0.115967   -0.742804  0.000000  1.0
    0.115967   -0.740804  0.000000  1.0
    0.115967   -0.738804  0.000000  1.0
    0.115967   -0.736804  0.000000  1.0
    0.115967   -0.734804  0.000000  1.0
    0.117967   -0.814804  0.000000  1.0
    0.117967   -0.812804  0.000000  1.0
    0.117967   -0.810804  0.000000  1.0
    0.117967   -0.808804  0.000000  1.0
    0.117967   -0.806804  0.000000  1.0
    0.117967   -0.804804  0.000000  1.0
    0.117967   -0.802804  0.000000  1.0
    0.117967   -0.800804  0.000000  1.0
    0.117967   -0.798804  0.000000  1.0
    0.117967   -0.796804  0.000000  1.0
    0.117967   -0.794804  0.000000  1.0
    0.117967   -0.792804  0.000000  1.0
    0.117967   -0.790804  0.000000  1.0
    0.117967   -0.788804  0.000000  1.0
    0.117967   -0.786804  0.000000  1.0
    0.117967   -0.784804  0.000000  1.0
    0.117967   -0.782804  0.000000  1.0
    0.117967   -0.780804  0.000000  1.0
    0.117967   -0.778804  0.000000  1.0
    0.117967   -0.776804  0.000000  1.0
    0.117967   -0.774804  0.000000  1.0
    0.117967   -0.772804  0.000000  1.0
    0.117967   -0.770804  0.000000  1.0
    0.117967   -0.768804  0.000000  1.0
    0.117967   -0.766804  0.000000  1.0
    0.117967   -0.764804  0.000000  1.0
    0.117967   -0.762804  0.000000  1.0
    0.117967   -0.760804  0.000000  1.0
    0.117967   -0.758804  0.000000  1.0
    0.117967   -0.756804  0.000000  1.0
    0.117967   -0.754804  0.000000  1.0
    0.117967   -0.752804  0.000000  1.0
    0.117967   -0.750804  0.000000  1.0
    0.117967   -0.748804  0.000000  1.0
    0.117967   -0.746804  0.000000  1.0
    0.117967   -0.744804  0.000000  1.0
    0.117967   -0.742804  0.000000  1.0
    0.117967   -0.740804  0.000000  1.0
    0.117967   -0.738804  0.000000  1.0
    0.117967   -0.736804  0.000000  1.0
    0.117967   -0.734804  0.000000  1.0
    0.119967   -0.814804  0.000000  1.0
    0.119967   -0.812804  0.000000  1.0
    0.119967   -0.810804  0.000000  1.0
    0.119967   -0.808804  0.000000  1.0
    0.119967   -0.806804  0.000000  1.0
    0.119967   -0.804804  0.000000  1.0
    0.119967   -0.802804  0.000000  1.0
    0.119967   -0.800804  0.000000  1.0
    0.119967   -0.798804  0.000000  1.0
    0.119967   -0.796804  0.000000  1.0
    0.119967   -0.794804  0.000000  1.0
    0.119967   -0.792804  0.000000  1.0
    0.119967   -0.790804  0.000000  1.0
    0.119967   -0.788804  0.000000  1.0
    0.119967   -0.786804  0.000000  1.0
    0.119967   -0.784804  0.000000  1.0
    0.119967   -0.782804  0.000000  1.0
    0.119967   -0.780804  0.000000  1.0
    0.119967   -0.778804  0.000000  1.0
    0.119967   -0.776804  0.000000  1.0
    0.119967   -0.774804  0.000000  1.0
    0.119967   -0.772804  0.000000  1.0
    0.119967   -0.770804  0.000000  1.0
    0.119967   -0.768804  0.000000  1.0
    0.119967   -0.766804  0.000000  1.0
    0.119967   -0.764804  0.000000  1.0
    0.119967   -0.762804  0.000000  1.0
    0.119967   -0.760804  0.000000  1.0
    0.119967   -0.758804  0.000000  1.0
    0.119967   -0.756804  0.000000  1.0
    0.119967   -0.754804  0.000000  1.0
    0.119967   -0.752804  0.000000  1.0
    0.119967   -0.750804  0.000000  1.0
    0.119967   -0.748804  0.000000  1.0
    0.119967   -0.746804  0.000000  1.0
    0.119967   -0.744804  0.000000  1.0
    0.119967   -0.742804  0.000000  1.0
    0.119967   -0.740804  0.000000  1.0
    0.119967   -0.738804  0.000000  1.0
    0.119967   -0.736804  0.000000  1.0
    0.119967   -0.734804  0.000000  1.0
    0.121967   -0.814804  0.000000  1.0
    0.121967   -0.812804  0.000000  1.0
    0.121967   -0.810804  0.000000  1.0
    0.121967   -0.808804  0.000000  1.0
    0.121967   -0.806804  0.000000  1.0
    0.121967   -0.804804  0.000000  1.0
    0.121967   -0.802804  0.000000  1.0
    0.121967   -0.800804  0.000000  1.0
    0.121967   -0.798804  0.000000  1.0
    0.121967   -0.796804  0.000000  1.0
    0.121967   -0.794804  0.000000  1.0
    0.121967   -0.792804  0.000000  1.0
    0.121967   -0.790804  0.000000  1.0
    0.121967   -0.788804  0.000000  1.0
    0.121967   -0.786804  0.000000  1.0
    0.121967   -0.784804  0.000000  1.0
    0.121967   -0.782804  0.000000  1.0
    0.121967   -0.780804  0.000000  1.0
    0.121967   -0.778804  0.000000  1.0
    0.121967   -0.776804  0.000000  1.0
    0.121967   -0.774804  0.000000  1.0
    0.121967   -0.772804  0.000000  1.0
    0.121967   -0.770804  0.000000  1.0
    0.121967   -0.768804  0.000000  1.0
    0.121967   -0.766804  0.000000  1.0
    0.121967   -0.764804  0.000000  1.0
    0.121967   -0.762804  0.000000  1.0
    0.121967   -0.760804  0.000000  1.0
    0.121967   -0.758804  0.000000  1.0
    0.121967   -0.756804  0.000000  1.0
    0.121967   -0.754804  0.000000  1.0
    0.121967   -0.752804  0.000000  1.0
    0.121967   -0.750804  0.000000  1.0
    0.121967   -0.748804  0.000000  1.0
    0.121967   -0.746804  0.000000  1.0
    0.121967   -0.744804  0.000000  1.0
    0.121967   -0.742804  0.000000  1.0
    0.121967   -0.740804  0.000000  1.0
    0.121967   -0.738804  0.000000  1.0
    0.121967   -0.736804  0.000000  1.0
    0.121967   -0.734804  0.000000  1.0
