&CONTROL
  calculation = 'bands'
  prefix = 'graphene25.5zoom'
  outdir = './tmp'
  pseudo_dir = './'
  verbosity = 'high'
/
&SYSTEM
  ibrav = 0
  nat = 2
  ntyp = 1
  ecutwfc = 40.0
  nosym = .true.
  noinv = .true.
  nbnd = 8
/
&ELECTRONS
/
ATOMIC_SPECIES
  C  12.011 C.upf
CELL_PARAMETERS {bohr}
  5.805534  0.000000  0.000000
  2.902767  3.837608  0.000000
  0.000000  0.000000  28.346456
ATOMIC_POSITIONS {crystal}
  C  -0.000675  0.001350  0.000000
  C  0.334008  0.331983  0.000000
K_POINTS {tpiba}
1681
   -0.040000    0.704000  0.000000  1.0
   -0.040000    0.706000  0.000000  1.0
   -0.040000    0.708000  0.000000  1.0
   -0.040000    0.710000  0.000000  1.0
   -0.040000    0.712000  0.000000  1.0
   -0.040000    0.714000  0.000000  1.0
   -0.040000    0.716000  0.000000  1.0
   -0.040000    0.718000  0.000000  1.0
   -0.040000    0.720000  0.000000  1.0
   -0.040000    0.722000  0.000000  1.0
   -0.040000    0.724000  0.000000  1.0
   -0.040000    0.726000  0.000000  1.0
   -0.040000    0.728000  0.000000  1.0
   -0.040000    0.730000  0.000000  1.0
   -0.040000    0.732000  0.000000  1.0
   -0.040000    0.734000  0.000000  1.0
   -0.040000    0.736000  0.000000  1.0
   -0.040000    0.738000  0.000000  1.0
   -0.040000    0.740000  0.000000  1.0
   -0.040000    0.742000  0.000000  1.0
   -0.040000    0.744000  0.000000  1.0
   -0.040000    0.746000  0.000000  1.0
   -0.040000    0.748000  0.000000  1.0
   -0.040000    0.750000  0.000000  1.0
   -0.040000    0.752000  0.000000  1.0
   -0.040000    0.754000  0.000000  1.0
   -0.040000    0.756000  0.000000  1.0
   -0.040000    0.758000  0.000000  1.0
   -0.040000    0.760000  0.000000  1.0
   -0.040000    0.762000  0.000000  1.0
   -0.040000    0.764000  0.000000  1.0
   -0.040000    0.766000  0.000000  1.0
   -0.040000    0.768000  0.000000  1.0
   -0.040000    0.770000  0.000000  1.0
   -0.040000    0.772000  0.000000  1.0
   -0.040000    0.774000  0.000000  1.0
   -0.040000    0.776000  0.000000  1.0
   -0.040000    0.778000  0.000000  1.0
   -0.040000    0.780000  0.000000  1.0
   -0.040000    0.782000  0.000000  1.0
   -0.040000    0.784000  0.000000  1.0
   -0.038000    0.704000  0.000000  1.0
   -0.038000    0.706000  0.000000  1.0
   -0.038000    0.708000  0.000000  1.0
   -0.038000    0.710000  0.000000  1.0
   -0.038000    0.712000  0.000000  1.0
   -0.038000    0.714000  0.000000  1.0
   -0.038000    0.716000  0.000000  1.0
   -0.038000    0.718000  0.000000  1.0
   -0.038000    0.720000  0.000000  1.0
   -0.038000    0.722000  0.000000  1.0
   -0.038000    0.724000  0.000000  1.0
   -0.038000    0.726000  0.000000  1.0
   -0.038000    0.728000  0.000000  1.0
   -0.038000    0.730000  0.000000  1.0
   -0.038000    0.732000  0.000000  1.0
   -0.038000    0.734000  0.000000  1.0
   -0.038000    0.736000  0.000000  1.0
   -0.038000    0.738000  0.000000  1.0
   -0.038000    0.740000  0.000000  1.0
   -0.038000    0.742000  0.000000  1.0
   -0.038000    0.744000  0.000000  1.0
   -0.038000    0.746000  0.000000  1.0
   -0.038000    0.748000  0.000000  1.0
   -0.038000    0.750000  0.000000  1.0
   -0.038000    0.752000  0.000000  1.0
   -0.038000    0.754000  0.000000  1.0
   -0.038000    0.756000  0.000000  1.0
   -0.038000    0.758000  0.000000  1.0
   -0.038000    0.760000  0.000000  1.0
   -0.038000    0.762000  0.000000  1.0
   -0.038000    0.764000  0.000000  1.0
   -0.038000    0.766000  0.000000  1.0
   -0.038000    0.768000  0.000000  1.0
   -0.038000    0.770000  0.000000  1.0
   -0.038000    0.772000  0.000000  1.0
   -0.038000    0.774000  0.000000  1.0
   -0.038000    0.776000  0.000000  1.0
   -0.038000    0.778000  0.000000  1.0
   -0.038000    0.780000  0.000000  1.0
   -0.038000    0.782000  0.000000  1.0
   -0.038000    0.784000  0.000000  1.0
   -0.036000    0.704000  0.000000  1.0
   -0.036000    0.706000  0.000000  1.0
   -0.036000    0.708000  0.000000  1.0
   -0.036000    0.710000  0.000000  1.0
   -0.036000    0.712000  0.000000  1.0
   -0.036000    0.714000  0.000000  1.0
   -0.036000    0.716000  0.000000  1.0
   -0.036000    0.718000  0.000000  1.0
   -0.036000    0.720000  0.000000  1.0
   -0.036000    0.722000  0.000000  1.0
   -0.036000    0.724000  0.000000  1.0
   -0.036000    0.726000  0.000000  1.0
   -0.036000    0.728000  0.000000  1.0
   -0.036000    0.730000  0.000000  1.0
   -0.036000    0.732000  0.000000  1.0
   -0.036000    0.734000  0.000000  1.0
   -0.036000    0.736000  0.000000  1.0
   -0.036000    0.738000  0.000000  1.0
   -0.036000    0.740000  0.000000  1.0
   -0.036000    0.742000  0.000000  1.0
   -0.036000    0.744000  0.000000  1.0
   -0.036000    0.746000  0.000000  1.0
   -0.036000    0.748000  0.000000  1.0
   -0.036000    0.750000  0.000000  1.0
   -0.036000    0.752000  0.000000  1.0
   -0.036000    0.754000  0.000000  1.0
   -0.036000    0.756000  0.000000  1.0
   -0.036000    0.758000  0.000000  1.0
   -0.036000    0.760000  0.000000  1.0
   -0.036000    0.762000  0.000000  1.0
   -0.036000    0.764000  0.000000  1.0
   -0.036000    0.766000  0.000000  1.0
   -0.036000    0.768000  0.000000  1.0
   -0.036000    0.770000  0.000000  1.0
   -0.036000    0.772000  0.000000  1.0
   -0.036000    0.774000  0.000000  1.0
   -0.036000    0.776000  0.000000  1.0
   -0.036000    0.778000  0.000000  1.0
   -0.036000    0.780000  0.000000  1.0
   -0.036000    0.782000  0.000000  1.0
   -0.036000    0.784000  0.000000  1.0
   -0.034000    0.704000  0.000000  1.0
   -0.034000    0.706000  0.000000  1.0
   -0.034000    0.708000  0.000000  1.0
   -0.034000    0.710000  0.000000  1.0
   -0.034000    0.712000  0.000000  1.0
   -0.034000    0.714000  0.000000  1.0
   -0.034000    0.716000  0.000000  1.0
   -0.034000    0.718000  0.000000  1.0
   -0.034000    0.720000  0.000000  1.0
   -0.034000    0.722000  0.000000  1.0
   -0.034000    0.724000  0.000000  1.0
   -0.034000    0.726000  0.000000  1.0
   -0.034000    0.728000  0.000000  1.0
   -0.034000    0.730000  0.000000  1.0
   -0.034000    0.732000  0.000000  1.0
   -0.034000    0.734000  0.000000  1.0
   -0.034000    0.736000  0.000000  1.0
   -0.034000    0.738000  0.000000  1.0
   -0.034000    0.740000  0.000000  1.0
   -0.034000    0.742000  0.000000  1.0
   -0.034000    0.744000  0.000000  1.0
   -0.034000    0.746000  0.000000  1.0
   -0.034000    0.748000  0.000000  1.0
   -0.034000    0.750000  0.000000  1.0
   -0.034000    0.752000  0.000000  1.0
   -0.034000    0.754000  0.000000  1.0
   -0.034000    0.756000  0.000000  1.0
   -0.034000    0.758000  0.000000  1.0
   -0.034000    0.760000  0.000000  1.0
   -0.034000    0.762000  0.000000  1.0
   -0.034000    0.764000  0.000000  1.0
   -0.034000    0.766000  0.000000  1.0
   -0.034000    0.768000  0.000000  1.0
   -0.034000    0.770000  0.000000  1.0
   -0.034000    0.772000  0.000000  1.0
   -0.034000    0.774000  0.000000  1.0
   -0.034000    0.776000  0.000000  1.0
   -0.034000    0.778000  0.000000  1.0
   -0.034000    0.780000  0.000000  1.0
   -0.034000    0.782000  0.000000  1.0
   -0.034000    0.784000  0.000000  1.0
   -0.032000    0.704000  0.000000  1.0
   -0.032000    0.706000  0.000000  1.0
   -0.032000    0.708000  0.000000  1.0
   -0.032000    0.710000  0.000000  1.0
   -0.032000    0.712000  0.000000  1.0
   -0.032000    0.714000  0.000000  1.0
   -0.032000    0.716000  0.000000  1.0
   -0.032000    0.718000  0.000000  1.0
   -0.032000    0.720000  0.000000  1.0
   -0.032000    0.722000  0.000000  1.0
   -0.032000    0.724000  0.000000  1.0
   -0.032000    0.726000  0.000000  1.0
   -0.032000    0.728000  0.000000  1.0
   -0.032000    0.730000  0.000000  1.0
   -0.032000    0.732000  0.000000  1.0
   -0.032000    0.734000  0.000000  1.0
   -0.032000    0.736000  0.000000  1.0
   -0.032000    0.738000  0.000000  1.0
   -0.032000    0.740000  0.000000  1.0
   -0.032000    0.742000  0.000000  1.0
   -0.032000    0.744000  0.000000  1.0
   -0.032000    0.746000  0.000000  1.0
   -0.032000    0.748000  0.000000  1.0
   -0.032000    0.750000  0.000000  1.0
   -0.032000    0.752000  0.000000  1.0
   -0.032000    0.754000  0.000000  1.0
   -0.032000    0.756000  0.000000  1.0
   -0.032000    0.758000  0.000000  1.0
   -0.032000    0.760000  0.000000  1.0
   -0.032000    0.762000  0.000000  1.0
   -0.032000    0.764000  0.000000  1.0
   -0.032000    0.766000  0.000000  1.0
   -0.032000    0.768000  0.000000  1.0
   -0.032000    0.770000  0.000000  1.0
   -0.032000    0.772000  0.000000  1.0
   -0.032000    0.774000  0.000000  1.0
   -0.032000    0.776000  0.000000  1.0
   -0.032000    0.778000  0.000000  1.0
   -0.032000    0.780000  0.000000  1.0
   -0.032000    0.782000  0.000000  1.0
   -0.032000    0.784000  0.000000  1.0
   -0.030000    0.704000  0.000000  1.0
   -0.030000    0.706000  0.000000  1.0
   -0.030000    0.708000  0.000000  1.0
   -0.030000    0.710000  0.000000  1.0
   -0.030000    0.712000  0.000000  1.0
   -0.030000    0.714000  0.000000  1.0
   -0.030000    0.716000  0.000000  1.0
   -0.030000    0.718000  0.000000  1.0
   -0.030000    0.720000  0.000000  1.0
   -0.030000    0.722000  0.000000  1.0
   -0.030000    0.724000  0.000000  1.0
   -0.030000    0.726000  0.000000  1.0
   -0.030000    0.728000  0.000000  1.0
   -0.030000    0.730000  0.000000  1.0
   -0.030000    0.732000  0.000000  1.0
   -0.030000    0.734000  0.000000  1.0
   -0.030000    0.736000  0.000000  1.0
   -0.030000    0.738000  0.000000  1.0
   -0.030000    0.740000  0.000000  1.0
   -0.030000    0.742000  0.000000  1.0
   -0.030000    0.744000  0.000000  1.0
   -0.030000    0.746000  0.000000  1.0
   -0.030000    0.748000  0.000000  1.0
   -0.030000    0.750000  0.000000  1.0
   -0.030000    0.752000  0.000000  1.0
   -0.030000    0.754000  0.000000  1.0
   -0.030000    0.756000  0.000000  1.0
   -0.030000    0.758000  0.000000  1.0
   -0.030000    0.760000  0.000000  1.0
   -0.030000    0.762000  0.000000  1.0
   -0.030000    0.764000  0.000000  1.0
   -0.030000    0.766000  0.000000  1.0
   -0.030000    0.768000  0.000000  1.0
   -0.030000    0.770000  0.000000  1.0
   -0.030000    0.772000  0.000000  1.0
   -0.030000    0.774000  0.000000  1.0
   -0.030000    0.776000  0.000000  1.0
   -0.030000    0.778000  0.000000  1.0
   -0.030000    0.780000  0.000000  1.0
   -0.030000    0.782000  0.000000  1.0
   -0.030000    0.784000  0.000000  1.0
   -0.028000    0.704000  0.000000  1.0
   -0.028000    0.706000  0.000000  1.0
   -0.028000    0.708000  0.000000  1.0
   -0.028000    0.710000  0.000000  1.0
   -0.028000    0.712000  0.000000  1.0
   -0.028000    0.714000  0.000000  1.0
   -0.028000    0.716000  0.000000  1.0
   -0.028000    0.718000  0.000000  1.0
   -0.028000    0.720000  0.000000  1.0
   -0.028000    0.722000  0.000000  1.0
   -0.028000    0.724000  0.000000  1.0
   -0.028000    0.726000  0.000000  1.0
   -0.028000    0.728000  0.000000  1.0
   -0.028000    0.730000  0.000000  1.0
   -0.028000    0.732000  0.000000  1.0
   -0.028000    0.734000  0.000000  1.0
   -0.028000    0.736000  0.000000  1.0
   -0.028000    0.738000  0.000000  1.0
   -0.028000    0.740000  0.000000  1.0
   -0.028000    0.742000  0.000000  1.0
   -0.028000    0.744000  0.000000  1.0
   -0.028000    0.746000  0.000000  1.0
   -0.028000    0.748000  0.000000  1.0
   -0.028000    0.750000  0.000000  1.0
   -0.028000    0.752000  0.000000  1.0
   -0.028000    0.754000  0.000000  1.0
   -0.028000    0.756000  0.000000  1.0
   -0.028000    0.758000  0.000000  1.0
   -0.028000    0.760000  0.000000  1.0
   -0.028000    0.762000  0.000000  1.0
   -0.028000    0.764000  0.000000  1.0
   -0.028000    0.766000  0.000000  1.0
   -0.028000    0.768000  0.000000  1.0
   -0.028000    0.770000  0.000000  1.0
   -0.028000    0.772000  0.000000  1.0
   -0.028000    0.774000  0.000000  1.0
   -0.028000    0.776000  0.000000  1.0
   -0.028000    0.778000  0.000000  1.0
   -0.028000    0.780000  0.000000  1.0
   -0.028000    0.782000  0.000000  1.0
   -0.028000    0.784000  0.000000  1.0
   -0.026000    0.704000  0.000000  1.0
   -0.026000    0.706000  0.000000  1.0
   -0.026000    0.708000  0.000000  1.0
   -0.026000    0.710000  0.000000  1.0
   -0.026000    0.712000  0.000000  1.0
   -0.026000    0.714000  0.000000  1.0
   -0.026000    0.716000  0.000000  1.0
   -0.026000    0.718000  0.000000  1.0
   -0.026000    0.720000  0.000000  1.0
   -0.026000    0.722000  0.000000  1.0
   -0.026000    0.724000  0.000000  1.0
   -0.026000    0.726000  0.000000  1.0
   -0.026000    0.728000  0.000000  1.0
   -0.026000    0.730000  0.000000  1.0
   -0.026000    0.732000  0.000000  1.0
   -0.026000    0.734000  0.000000  1.0
   -0.026000    0.736000  0.000000  1.0
   -0.026000    0.738000  0.000000  1.0
   -0.026000    0.740000  0.000000  1.0
   -0.026000    0.742000  0.000000  1.0
   -0.026000    0.744000  0.000000  1.0
   -0.026000    0.746000  0.000000  1.0
   -0.026000    0.748000  0.000000  1.0
   -0.026000    0.750000  0.000000  1.0
   -0.026000    0.752000  0.000000  1.0
   -0.026000    0.754000  0.000000  1.0
   -0.026000    0.756000  0.000000  1.0
   -0.026000    0.758000  0.000000  1.0
   -0.026000    0.760000  0.000000  1.0
   -0.026000    0.762000  0.000000  1.0
   -0.026000    0.764000  0.000000  1.0
   -0.026000    0.766000  0.000000  1.0
   -0.026000    0.768000  0.000000  1.0
   -0.026000    0.770000  0.000000  1.0
   -0.026000    0.772000  0.000000  1.0
   -0.026000    0.774000  0.000000  1.0
   -0.026000    0.776000  0.000000  1.0
   -0.026000    0.778000  0.000000  1.0
   -0.026000    0.780000  0.000000  1.0
   -0.026000    0.782000  0.000000  1.0
   -0.026000    0.784000  0.000000  1.0
   -0.024000    0.704000  0.000000  1.0
   -0.024000    0.706000  0.000000  1.0
   -0.024000    0.708000  0.000000  1.0
   -0.024000    0.710000  0.000000  1.0
   -0.024000    0.712000  0.000000  1.0
   -0.024000    0.714000  0.000000  1.0
   -0.024000    0.716000  0.000000  1.0
   -0.024000    0.718000  0.000000  1.0
   -0.024000    0.720000  0.000000  1.0
   -0.024000    0.722000  0.000000  1.0
   -0.024000    0.724000  0.000000  1.0
   -0.024000    0.726000  0.000000  1.0
   -0.024000    0.728000  0.000000  1.0
   -0.024000    0.730000  0.000000  1.0
   -0.024000    0.732000  0.000000  1.0
   -0.024000    0.734000  0.000000  1.0
   -0.024000    0.736000  0.000000  1.0
   -0.024000    0.738000  0.000000  1.0
   -0.024000    0.740000  0.000000  1.0
   -0.024000    0.742000  0.000000  1.0
   -0.024000    0.744000  0.000000  1.0
   -0.024000    0.746000  0.000000  1.0
   -0.024000    0.748000  0.000000  1.0
   -0.024000    0.750000  0.000000  1.0
   -0.024000    0.752000  0.000000  1.0
   -0.024000    0.754000  0.000000  1.0
   -0.024000    0.756000  0.000000  1.0
   -0.024000    0.758000  0.000000  1.0
   -0.024000    0.760000  0.000000  1.0
   -0.024000    0.762000  0.000000  1.0
   -0.024000    0.764000  0.000000  1.0
   -0.024000    0.766000  0.000000  1.0
   -0.024000    0.768000  0.000000  1.0
   -0.024000    0.770000  0.000000  1.0
   -0.024000    0.772000  0.000000  1.0
   -0.024000    0.774000  0.000000  1.0
   -0.024000    0.776000  0.000000  1.0
   -0.024000    0.778000  0.000000  1.0
   -0.024000    0.780000  0.000000  1.0
   -0.024000    0.782000  0.000000  1.0
   -0.024000    0.784000  0.000000  1.0
   -0.022000    0.704000  0.000000  1.0
   -0.022000    0.706000  0.000000  1.0
   -0.022000    0.708000  0.000000  1.0
   -0.022000    0.710000  0.000000  1.0
   -0.022000    0.712000  0.000000  1.0
   -0.022000    0.714000  0.000000  1.0
   -0.022000    0.716000  0.000000  1.0
   -0.022000    0.718000  0.000000  1.0
   -0.022000    0.720000  0.000000  1.0
   -0.022000    0.722000  0.000000  1.0
   -0.022000    0.724000  0.000000  1.0
   -0.022000    0.726000  0.000000  1.0
   -0.022000    0.728000  0.000000  1.0
   -0.022000    0.730000  0.000000  1.0
   -0.022000    0.732000  0.000000  1.0
   -0.022000    0.734000  0.000000  1.0
   -0.022000    0.736000  0.000000  1.0
   -0.022000    0.738000  0.000000  1.0
   -0.022000    0.740000  0.000000  1.0
   -0.022000    0.742000  0.000000  1.0
   -0.022000    0.744000  0.000000  1.0
   -0.022000    0.746000  0.000000  1.0
   -0.022000    0.748000  0.000000  1.0
   -0.022000    0.750000  0.000000  1.0
   -0.022000    0.752000  0.000000  1.0
   -0.022000    0.754000  0.000000  1.0
   -0.022000    0.756000  0.000000  1.0
   -0.022000    0.758000  0.000000  1.0
   -0.022000    0.760000  0.000000  1.0
   -0.022000    0.762000  0.000000  1.0
   -0.022000    0.764000  0.000000  1.0
   -0.022000    0.766000  0.000000  1.0
   -0.022000    0.768000  0.000000  1.0
   -0.022000    0.770000  0.000000  1.0
   -0.022000    0.772000  0.000000  1.0
   -0.022000    0.774000  0.000000  1.0
   -0.022000    0.776000  0.000000  1.0
   -0.022000    0.778000  0.000000  1.0
   -0.022000    0.780000  0.000000  1.0
   -0.022000    0.782000  0.000000  1.0
   -0.022000    0.784000  0.000000  1.0
   -0.020000    0.704000  0.000000  1.0
   -0.020000    0.706000  0.000000  1.0
   -0.020000    0.708000  0.000000  1.0
   -0.020000    0.710000  0.000000  1.0
   -0.020000    0.712000  0.000000  1.0
   -0.020000    0.714000  0.000000  1.0
   -0.020000    0.716000  0.000000  1.0
   -0.020000    0.718000  0.000000  1.0
   -0.020000    0.720000  0.000000  1.0
   -0.020000    0.722000  0.000000  1.0
   -0.020000    0.724000  0.000000  1.0
   -0.020000    0.726000  0.000000  1.0
   -0.020000    0.728000  0.000000  1.0
   -0.020000    0.730000  0.000000  1.0
   -0.020000    0.732000  0.000000  1.0
   -0.020000    0.734000  0.000000  1.0
   -0.020000    0.736000  0.000000  1.0
   -0.020000    0.738000  0.000000  1.0
   -0.020000    0.740000  0.000000  1.0
   -0.020000    0.742000  0.000000  1.0
   -0.020000    0.744000  0.000000  1.0
   -0.020000    0.746000  0.000000  1.0
   -0.020000    0.748000  0.000000  1.0
   -0.020000    0.750000  0.000000  1.0
   -0.020000    0.752000  0.000000  1.0
   -0.020000    0.754000  0.000000  1.0
   -0.020000    0.756000  0.000000  1.0
   -0.020000    0.758000  0.000000  1.0
   -0.020000    0.760000  0.000000  1.0
   -0.020000    0.762000  0.000000  1.0
   -0.020000    0.764000  0.000000  1.0
   -0.020000    0.766000  0.000000  1.0
   -0.020000    0.768000  0.000000  1.0
   -0.020000    0.770000  0.000000  1.0
   -0.020000    0.772000  0.000000  1.0
   -0.020000    0.774000  0.000000  1.0
   -0.020000    0.776000  0.000000  1.0
   -0.020000    0.778000  0.000000  1.0
   -0.020000    0.780000  0.000000  1.0
   -0.020000    0.782000  0.000000  1.0
   -0.020000    0.784000  0.000000  1.0
   -0.018000    0.704000  0.000000  1.0
   -0.018000    0.706000  0.000000  1.0
   -0.018000    0.708000  0.000000  1.0
   -0.018000    0.710000  0.000000  1.0
   -0.018000    0.712000  0.000000  1.0
   -0.018000    0.714000  0.000000  1.0
   -0.018000    0.716000  0.000000  1.0
   -0.018000    0.718000  0.000000  1.0
   -0.018000    0.720000  0.000000  1.0
   -0.018000    0.722000  0.000000  1.0
   -0.018000    0.724000  0.000000  1.0
   -0.018000    0.726000  0.000000  1.0
   -0.018000    0.728000  0.000000  1.0
   -0.018000    0.730000  0.000000  1.0
   -0.018000    0.732000  0.000000  1.0
   -0.018000    0.734000  0.000000  1.0
   -0.018000    0.736000  0.000000  1.0
   -0.018000    0.738000  0.000000  1.0
   -0.018000    0.740000  0.000000  1.0
   -0.018000    0.742000  0.000000  1.0
   -0.018000    0.744000  0.000000  1.0
   -0.018000    0.746000  0.000000  1.0
   -0.018000    0.748000  0.000000  1.0
   -0.018000    0.750000  0.000000  1.0
   -0.018000    0.752000  0.000000  1.0
   -0.018000    0.754000  0.000000  1.0
   -0.018000    0.756000  0.000000  1.0
   -0.018000    0.758000  0.000000  1.0
   -0.018000    0.760000  0.000000  1.0
   -0.018000    0.762000  0.000000  1.0
   -0.018000    0.764000  0.000000  1.0
   -0.018000    0.766000  0.000000  1.0
   -0.018000    0.768000  0.000000  1.0
   -0.018000    0.770000  0.000000  1.0
   -0.018000    0.772000  0.000000  1.0
   -0.018000    0.774000  0.000000  1.0
   -0.018000    0.776000  0.000000  1.0
   -0.018000    0.778000  0.000000  1.0
   -0.018000    0.780000  0.000000  1.0
   -0.018000    0.782000  0.000000  1.0
   -0.018000    0.784000  0.000000  1.0
   -0.016000    0.704000  0.000000  1.0
   -0.016000    0.706000  0.000000  1.0
   -0.016000    0.708000  0.000000  1.0
   -0.016000    0.710000  0.000000  1.0
   -0.016000    0.712000  0.000000  1.0
   -0.016000    0.714000  0.000000  1.0
   -0.016000    0.716000  0.000000  1.0
   -0.016000    0.718000  0.000000  1.0
   -0.016000    0.720000  0.000000  1.0
   -0.016000    0.722000  0.000000  1.0
   -0.016000    0.724000  0.000000  1.0
   -0.016000    0.726000  0.000000  1.0
   -0.016000    0.728000  0.000000  1.0
   -0.016000    0.730000  0.000000  1.0
   -0.016000    0.732000  0.000000  1.0
   -0.016000    0.734000  0.000000  1.0
   -0.016000    0.736000  0.000000  1.0
   -0.016000    0.738000  0.000000  1.0
   -0.016000    0.740000  0.000000  1.0
   -0.016000    0.742000  0.000000  1.0
   -0.016000    0.744000  0.000000  1.0
   -0.016000    0.746000  0.000000  1.0
   -0.016000    0.748000  0.000000  1.0
   -0.016000    0.750000  0.000000  1.0
   -0.016000    0.752000  0.000000  1.0
   -0.016000    0.754000  0.000000  1.0
   -0.016000    0.756000  0.000000  1.0
   -0.016000    0.758000  0.000000  1.0
   -0.016000    0.760000  0.000000  1.0
   -0.016000    0.762000  0.000000  1.0
   -0.016000    0.764000  0.000000  1.0
   -0.016000    0.766000  0.000000  1.0
   -0.016000    0.768000  0.000000  1.0
   -0.016000    0.770000  0.000000  1.0
   -0.016000    0.772000  0.000000  1.0
   -0.016000    0.774000  0.000000  1.0
   -0.016000    0.776000  0.000000  1.0
   -0.016000    0.778000  0.000000  1.0
   -0.016000    0.780000  0.000000  1.0
   -0.016000    0.782000  0.000000  1.0
   -0.016000    0.784000  0.000000  1.0
   -0.014000    0.704000  0.000000  1.0
   -0.014000    0.706000  0.000000  1.0
   -0.014000    0.708000  0.000000  1.0
   -0.014000    0.710000  0.000000  1.0
   -0.014000    0.712000  0.000000  1.0
   -0.014000    0.714000  0.000000  1.0
   -0.014000    0.716000  0.000000  1.0
   -0.014000    0.718000  0.000000  1.0
   -0.014000    0.720000  0.000000  1.0
   -0.014000    0.722000  0.000000  1.0
   -0.014000    0.724000  0.000000  1.0
   -0.014000    0.726000  0.000000  1.0
   -0.014000    0.728000  0.000000  1.0
   -0.014000    0.730000  0.000000  1.0
   -0.014000    0.732000  0.000000  1.0
   -0.014000    0.734000  0.000000  1.0
   -0.014000    0.736000  0.000000  1.0
   -0.014000    0.738000  0.000000  1.0
   -0.014000    0.740000  0.000000  1.0
   -0.014000    0.742000  0.000000  1.0
   -0.014000    0.744000  0.000000  1.0
   -0.014000    0.746000  0.000000  1.0
   -0.014000    0.748000  0.000000  1.0
   -0.014000    0.750000  0.000000  1.0
   -0.014000    0.752000  0.000000  1.0
   -0.014000    0.754000  0.000000  1.0
   -0.014000    0.756000  0.000000  1.0
   -0.014000    0.758000  0.000000  1.0
   -0.014000    0.760000  0.000000  1.0
   -0.014000    0.762000  0.000000  1.0
   -0.014000    0.764000  0.000000  1.0
   -0.014000    0.766000  0.000000  1.0
   -0.014000    0.768000  0.000000  1.0
   -0.014000    0.770000  0.000000  1.0
   -0.014000    0.772000  0.000000  1.0
   -0.014000    0.774000  0.000000  1.0
   -0.014000    0.776000  0.000000  1.0
   -0.014000    0.778000  0.000000  1.0
   -0.014000    0.780000  0.000000  1.0
   -0.014000    0.782000  0.000000  1.0
   -0.014000    0.784000  0.000000  1.0
   -0.012000    0.704000  0.000000  1.0
   -0.012000    0.706000  0.000000  1.0
   -0.012000    0.708000  0.000000  1.0
   -0.012000    0.710000  0.000000  1.0
   -0.012000    0.712000  0.000000  1.0
   -0.012000    0.714000  0.000000  1.0
   -0.012000    0.716000  0.000000  1.0
   -0.012000    0.718000  0.000000  1.0
   -0.012000    0.720000  0.000000  1.0
   -0.012000    0.722000  0.000000  1.0
   -0.012000    0.724000  0.000000  1.0
   -0.012000    0.726000  0.000000  1.0
   -0.012000    0.728000  0.000000  1.0
   -0.012000    0.730000  0.000000  1.0
   -0.012000    0.732000  0.000000  1.0
   -0.012000    0.734000  0.000000  1.0
   -0.012000    0.736000  0.000000  1.0
   -0.012000    0.738000  0.000000  1.0
   -0.012000    0.740000  0.000000  1.0
   -0.012000    0.742000  0.000000  1.0
   -0.012000    0.744000  0.000000  1.0
   -0.012000    0.746000  0.000000  1.0
   -0.012000    0.748000  0.000000  1.0
   -0.012000    0.750000  0.000000  1.0
   -0.012000    0.752000  0.000000  1.0
   -0.012000    0.754000  0.000000  1.0
   -0.012000    0.756000  0.000000  1.0
   -0.012000    0.758000  0.000000  1.0
   -0.012000    0.760000  0.000000  1.0
   -0.012000    0.762000  0.000000  1.0
   -0.012000    0.764000  0.000000  1.0
   -0.012000    0.766000  0.000000  1.0
   -0.012000    0.768000  0.000000  1.0
   -0.012000    0.770000  0.000000  1.0
   -0.012000    0.772000  0.000000  1.0
   -0.012000    0.774000  0.000000  1.0
   -0.012000    0.776000  0.000000  1.0
   -0.012000    0.778000  0.000000  1.0
   -0.012000    0.780000  0.000000  1.0
   -0.012000    0.782000  0.000000  1.0
   -0.012000    0.784000  0.000000  1.0
   -0.010000    0.704000  0.000000  1.0
   -0.010000    0.706000  0.000000  1.0
   -0.010000    0.708000  0.000000  1.0
   -0.010000    0.710000  0.000000  1.0
   -0.010000    0.712000  0.000000  1.0
   -0.010000    0.714000  0.000000  1.0
   -0.010000    0.716000  0.000000  1.0
   -0.010000    0.718000  0.000000  1.0
   -0.010000    0.720000  0.000000  1.0
   -0.010000    0.722000  0.000000  1.0
   -0.010000    0.724000  0.000000  1.0
   -0.010000    0.726000  0.000000  1.0
   -0.010000    0.728000  0.000000  1.0
   -0.010000    0.730000  0.000000  1.0
   -0.010000    0.732000  0.000000  1.0
   -0.010000    0.734000  0.000000  1.0
   -0.010000    0.736000  0.000000  1.0
   -0.010000    0.738000  0.000000  1.0
   -0.010000    0.740000  0.000000  1.0
   -0.010000    0.742000  0.000000  1.0
   -0.010000    0.744000  0.000000  1.0
   -0.010000    0.746000  0.000000  1.0
   -0.010000    0.748000  0.000000  1.0
   -0.010000    0.750000  0.000000  1.0
   -0.010000    0.752000  0.000000  1.0
   -0.010000    0.754000  0.000000  1.0
   -0.010000    0.756000  0.000000  1.0
   -0.010000    0.758000  0.000000  1.0
   -0.010000    0.760000  0.000000  1.0
   -0.010000    0.762000  0.000000  1.0
   -0.010000    0.764000  0.000000  1.0
   -0.010000    0.766000  0.000000  1.0
   -0.010000    0.768000  0.000000  1.0
   -0.010000    0.770000  0.000000  1.0
   -0.010000    0.772000  0.000000  1.0
   -0.010000    0.774000  0.000000  1.0
   -0.010000    0.776000  0.000000  1.0
   -0.010000    0.778000  0.000000  1.0
   -0.010000    0.780000  0.000000  1.0
   -0.010000    0.782000  0.000000  1.0
   -0.010000    0.784000  0.000000  1.0
   -0.008000    0.704000  0.000000  1.0
   -0.008000    0.706000  0.000000  1.0
   -0.008000    0.708000  0.000000  1.0
   -0.008000    0.710000  0.000000  1.0
   -0.008000    0.712000  0.000000  1.0
   -0.008000    0.714000  0.000000  1.0
   -0.008000    0.716000  0.000000  1.0
   -0.008000    0.718000  0.000000  1.0
   -0.008000    0.720000  0.000000  1.0
   -0.008000    0.722000  0.000000  1.0
   -0.008000    0.724000  0.000000  1.0
   -0.008000    0.726000  0.000000  1.0
   -0.008000    0.728000  0.000000  1.0
   -0.008000    0.730000  0.000000  1.0
   -0.008000    0.732000  0.000000  1.0
   -0.008000    0.734000  0.000000  1.0
   -0.008000    0.736000  0.000000  1.0
   -0.008000    0.738000  0.000000  1.0
   -0.008000    0.740000  0.000000  1.0
   -0.008000    0.742000  0.000000  1.0
   -0.008000    0.744000  0.000000  1.0
   -0.008000    0.746000  0.000000  1.0
   -0.008000    0.748000  0.000000  1.0
   -0.008000    0.750000  0.000000  1.0
   -0.008000    0.752000  0.000000  1.0
   -0.008000    0.754000  0.000000  1.0
   -0.008000    0.756000  0.000000  1.0
   -0.008000    0.758000  0.000000  1.0
   -0.008000    0.760000  0.000000  1.0
   -0.008000    0.762000  0.000000  1.0
   -0.008000    0.764000  0.000000  1.0
   -0.008000    0.766000  0.000000  1.0
   -0.008000    0.768000  0.000000  1.0
   -0.008000    0.770000  0.000000  1.0
   -0.008000    0.772000  0.000000  1.0
   -0.008000    0.774000  0.000000  1.0
   -0.008000    0.776000  0.000000  1.0
   -0.008000    0.778000  0.000000  1.0
   -0.008000    0.780000  0.000000  1.0
   -0.008000    0.782000  0.000000  1.0
   -0.008000    0.784000  0.000000  1.0
   -0.006000    0.704000  0.000000  1.0
   -0.006000    0.706000  0.000000  1.0
   -0.006000    0.708000  0.000000  1.0
   -0.006000    0.710000  0.000000  1.0
   -0.006000    0.712000  0.000000  1.0
   -0.006000    0.714000  0.000000  1.0
   -0.006000    0.716000  0.000000  1.0
   -0.006000    0.718000  0.000000  1.0
   -0.006000    0.720000  0.000000  1.0
   -0.006000    0.722000  0.000000  1.0
   -0.006000    0.724000  0.000000  1.0
   -0.006000    0.726000  0.000000  1.0
   -0.006000    0.728000  0.000000  1.0
   -0.006000    0.730000  0.000000  1.0
   -0.006000    0.732000  0.000000  1.0
   -0.006000    0.734000  0.000000  1.0
   -0.006000    0.736000  0.000000  1.0
   -0.006000    0.738000  0.000000  1.0
   -0.006000    0.740000  0.000000  1.0
   -0.006000    0.742000  0.000000  1.0
   -0.006000    0.744000  0.000000  1.0
   -0.006000    0.746000  0.000000  1.0
   -0.006000    0.748000  0.000000  1.0
   -0.006000    0.750000  0.000000  1.0
   -0.006000    0.752000  0.000000  1.0
   -0.006000    0.754000  0.000000  1.0
   -0.006000    0.756000  0.000000  1.0
   -0.006000    0.758000  0.000000  1.0
   -0.006000    0.760000  0.000000  1.0
   -0.006000    0.762000  0.000000  1.0
   -0.006000    0.764000  0.000000  1.0
   -0.006000    0.766000  0.000000  1.0
   -0.006000    0.768000  0.000000  1.0
   -0.006000    0.770000  0.000000  1.0
   -0.006000    0.772000  0.000000  1.0
   -0.006000    0.774000  0.000000  1.0
   -0.006000    0.776000  0.000000  1.0
   -0.006000    0.778000  0.000000  1.0
   -0.006000    0.780000  0.000000  1.0
   -0.006000    0.782000  0.000000  1.0
   -0.006000    0.784000  0.000000  1.0
   -0.004000    0.704000  0.000000  1.0
   -0.004000    0.706000  0.000000  1.0
   -0.004000    0.708000  0.000000  1.0
   -0.004000    0.710000  0.000000  1.0
   -0.004000    0.712000  0.000000  1.0
   -0.004000    0.714000  0.000000  1.0
   -0.004000    0.716000  0.000000  1.0
   -0.004000    0.718000  0.000000  1.0
   -0.004000    0.720000  0.000000  1.0
   -0.004000    0.722000  0.000000  1.0
   -0.004000    0.724000  0.000000  1.0
   -0.004000    0.726000  0.000000  1.0
   -0.004000    0.728000  0.000000  1.0
   -0.004000    0.730000  0.000000  1.0
   -0.004000    0.732000  0.000000  1.0
   -0.004000    0.734000  0.000000  1.0
   -0.004000    0.736000  0.000000  1.0
   -0.004000    0.738000  0.000000  1.0
   -0.004000    0.740000  0.000000  1.0
   -0.004000    0.742000  0.000000  1.0
   -0.004000    0.744000  0.000000  1.0
   -0.004000    0.746000  0.000000  1.0
   -0.004000    0.748000  0.000000  1.0
   -0.004000    0.750000  0.000000  1.0
   -0.004000    0.752000  0.000000  1.0
   -0.004000    0.754000  0.000000  1.0
   -0.004000    0.756000  0.000000  1.0
   -0.004000    0.758000  0.000000  1.0
   -0.004000    0.760000  0.000000  1.0
   -0.004000    0.762000  0.000000  1.0
   -0.004000    0.764000  0.000000  1.0
   -0.004000    0.766000  0.000000  1.0
   -0.004000    0.768000  0.000000  1.0
   -0.004000    0.770000  0.000000  1.0
   -0.004000    0.772000  0.000000  1.0
   -0.004000    0.774000  0.000000  1.0
   -0.004000    0.776000  0.000000  1.0
   -0.004000    0.778000  0.000000  1.0
   -0.004000    0.780000  0.000000  1.0
   -0.004000    0.782000  0.000000  1.0
   -0.004000    0.784000  0.000000  1.0
   -0.002000    0.704000  0.000000  1.0
   -0.002000    0.706000  0.000000  1.0
   -0.002000    0.708000  0.000000  1.0
   -0.002000    0.710000  0.000000  1.0
   -0.002000    0.712000  0.000000  1.0
   -0.002000    0.714000  0.000000  1.0
   -0.002000    0.716000  0.000000  1.0
   -0.002000    0.718000  0.000000  1.0
   -0.002000    0.720000  0.000000  1.0
   -0.002000    0.722000  0.000000  1.0
   -0.002000    0.724000  0.000000  1.0
   -0.002000    0.726000  0.000000  1.0
   -0.002000    0.728000  0.000000  1.0
   -0.002000    0.730000  0.000000  1.0
   -0.002000    0.732000  0.000000  1.0
   -0.002000    0.734000  0.000000  1.0
   -0.002000    0.736000  0.000000  1.0
   -0.002000    0.738000  0.000000  1.0
   -0.002000    0.740000  0.000000  1.0
   -0.002000    0.742000  0.000000  1.0
   -0.002000    0.744000  0.000000  1.0
   -0.002000    0.746000  0.000000  1.0
   -0.002000    0.748000  0.000000  1.0
   -0.002000    0.750000  0.000000  1.0
   -0.002000    0.752000  0.000000  1.0
   -0.002000    0.754000  0.000000  1.0
   -0.002000    0.756000  0.000000  1.0
   -0.002000    0.758000  0.000000  1.0
   -0.002000    0.760000  0.000000  1.0
   -0.002000    0.762000  0.000000  1.0
   -0.002000    0.764000  0.000000  1.0
   -0.002000    0.766000  0.000000  1.0
   -0.002000    0.768000  0.000000  1.0
   -0.002000    0.770000  0.000000  1.0
   -0.002000    0.772000  0.000000  1.0
   -0.002000    0.774000  0.000000  1.0
   -0.002000    0.776000  0.000000  1.0
   -0.002000    0.778000  0.000000  1.0
   -0.002000    0.780000  0.000000  1.0
   -0.002000    0.782000  0.000000  1.0
   -0.002000    0.784000  0.000000  1.0
    0.000000    0.704000  0.000000  1.0
    0.000000    0.706000  0.000000  1.0
    0.000000    0.708000  0.000000  1.0
    0.000000    0.710000  0.000000  1.0
    0.000000    0.712000  0.000000  1.0
    0.000000    0.714000  0.000000  1.0
    0.000000    0.716000  0.000000  1.0
    0.000000    0.718000  0.000000  1.0
    0.000000    0.720000  0.000000  1.0
    0.000000    0.722000  0.000000  1.0
    0.000000    0.724000  0.000000  1.0
    0.000000    0.726000  0.000000  1.0
    0.000000    0.728000  0.000000  1.0
    0.000000    0.730000  0.000000  1.0
    0.000000    0.732000  0.000000  1.0
    0.000000    0.734000  0.000000  1.0
    0.000000    0.736000  0.000000  1.0
    0.000000    0.738000  0.000000  1.0
    0.000000    0.740000  0.000000  1.0
    0.000000    0.742000  0.000000  1.0
    0.000000    0.744000  0.000000  1.0
    0.000000    0.746000  0.000000  1.0
    0.000000    0.748000  0.000000  1.0
    0.000000    0.750000  0.000000  1.0
    0.000000    0.752000  0.000000  1.0
    0.000000    0.754000  0.000000  1.0
    0.000000    0.756000  0.000000  1.0
    0.000000    0.758000  0.000000  1.0
    0.000000    0.760000  0.000000  1.0
    0.000000    0.762000  0.000000  1.0
    0.000000    0.764000  0.000000  1.0
    0.000000    0.766000  0.000000  1.0
    0.000000    0.768000  0.000000  1.0
    0.000000    0.770000  0.000000  1.0
    0.000000    0.772000  0.000000  1.0
    0.000000    0.774000  0.000000  1.0
    0.000000    0.776000  0.000000  1.0
    0.000000    0.778000  0.000000  1.0
    0.000000    0.780000  0.000000  1.0
    0.000000    0.782000  0.000000  1.0
    0.000000    0.784000  0.000000  1.0
    0.002000    0.704000  0.000000  1.0
    0.002000    0.706000  0.000000  1.0
    0.002000    0.708000  0.000000  1.0
    0.002000    0.710000  0.000000  1.0
    0.002000    0.712000  0.000000  1.0
    0.002000    0.714000  0.000000  1.0
    0.002000    0.716000  0.000000  1.0
    0.002000    0.718000  0.000000  1.0
    0.002000    0.720000  0.000000  1.0
    0.002000    0.722000  0.000000  1.0
    0.002000    0.724000  0.000000  1.0
    0.002000    0.726000  0.000000  1.0
    0.002000    0.728000  0.000000  1.0
    0.002000    0.730000  0.000000  1.0
    0.002000    0.732000  0.000000  1.0
    0.002000    0.734000  0.000000  1.0
    0.002000    0.736000  0.000000  1.0
    0.002000    0.738000  0.000000  1.0
    0.002000    0.740000  0.000000  1.0
    0.002000    0.742000  0.000000  1.0
    0.002000    0.744000  0.000000  1.0
    0.002000    0.746000  0.000000  1.0
    0.002000    0.748000  0.000000  1.0
    0.002000    0.750000  0.000000  1.0
    0.002000    0.752000  0.000000  1.0
    0.002000    0.754000  0.000000  1.0
    0.002000    0.756000  0.000000  1.0
    0.002000    0.758000  0.000000  1.0
    0.002000    0.760000  0.000000  1.0
    0.002000    0.762000  0.000000  1.0
    0.002000    0.764000  0.000000  1.0
    0.002000    0.766000  0.000000  1.0
    0.002000    0.768000  0.000000  1.0
    0.002000    0.770000  0.000000  1.0
    0.002000    0.772000  0.000000  1.0
    0.002000    0.774000  0.000000  1.0
    0.002000    0.776000  0.000000  1.0
    0.002000    0.778000  0.000000  1.0
    0.002000    0.780000  0.000000  1.0
    0.002000    0.782000  0.000000  1.0
    0.002000    0.784000  0.000000  1.0
    0.004000    0.704000  0.000000  1.0
    0.004000    0.706000  0.000000  1.0
    0.004000    0.708000  0.000000  1.0
    0.004000    0.710000  0.000000  1.0
    0.004000    0.712000  0.000000  1.0
    0.004000    0.714000  0.000000  1.0
    0.004000    0.716000  0.000000  1.0
    0.004000    0.718000  0.000000  1.0
    0.004000    0.720000  0.000000  1.0
    0.004000    0.722000  0.000000  1.0
    0.004000    0.724000  0.000000  1.0
    0.004000    0.726000  0.000000  1.0
    0.004000    0.728000  0.000000  1.0
    0.004000    0.730000  0.000000  1.0
    0.004000    0.732000  0.000000  1.0
    0.004000    0.734000  0.000000  1.0
    0.004000    0.736000  0.000000  1.0
    0.004000    0.738000  0.000000  1.0
    0.004000    0.740000  0.000000  1.0
    0.004000    0.742000  0.000000  1.0
    0.004000    0.744000  0.000000  1.0
    0.004000    0.746000  0.000000  1.0
    0.004000    0.748000  0.000000  1.0
    0.004000    0.750000  0.000000  1.0
    0.004000    0.752000  0.000000  1.0
    0.004000    0.754000  0.000000  1.0
    0.004000    0.756000  0.000000  1.0
    0.004000    0.758000  0.000000  1.0
    0.004000    0.760000  0.000000  1.0
    0.004000    0.762000  0.000000  1.0
    0.004000    0.764000  0.000000  1.0
    0.004000    0.766000  0.000000  1.0
    0.004000    0.768000  0.000000  1.0
    0.004000    0.770000  0.000000  1.0
    0.004000    0.772000  0.000000  1.0
    0.004000    0.774000  0.000000  1.0
    0.004000    0.776000  0.000000  1.0
    0.004000    0.778000  0.000000  1.0
    0.004000    0.780000  0.000000  1.0
    0.004000    0.782000  0.000000  1.0
    0.004000    0.784000  0.000000  1.0
    0.006000    0.704000  0.000000  1.0
    0.006000    0.706000  0.000000  1.0
    0.006000    0.708000  0.000000  1.0
    0.006000    0.710000  0.000000  1.0
    0.006000    0.712000  0.000000  1.0
    0.006000    0.714000  0.000000  1.0
    0.006000    0.716000  0.000000  1.0
    0.006000    0.718000  0.000000  1.0
    0.006000    0.720000  0.000000  1.0
    0.006000    0.722000  0.000000  1.0
    0.006000    0.724000  0.000000  1.0
    0.006000    0.726000  0.000000  1.0
    0.006000    0.728000  0.000000  1.0
    0.006000    0.730000  0.000000  1.0
    0.006000    0.732000  0.000000  1.0
    0.006000    0.734000  0.000000  1.0
    0.006000    0.736000  0.000000  1.0
    0.006000    0.738000  0.000000  1.0
    0.006000    0.740000  0.000000  1.0
    0.006000    0.742000  0.000000  1.0
    0.006000    0.744000  0.000000  1.0
    0.006000    0.746000  0.000000  1.0
    0.006000    0.748000  0.000000  1.0
    0.006000    0.750000  0.000000  1.0
    0.006000    0.752000  0.000000  1.0
    0.006000    0.754000  0.000000  1.0
    0.006000    0.756000  0.000000  1.0
    0.006000    0.758000  0.000000  1.0
    0.006000    0.760000  0.000000  1.0
    0.006000    0.762000  0.000000  1.0
    0.006000    0.764000  0.000000  1.0
    0.006000    0.766000  0.000000  1.0
    0.006000    0.768000  0.000000  1.0
    0.006000    0.770000  0.000000  1.0
    0.006000    0.772000  0.000000  1.0
    0.006000    0.774000  0.000000  1.0
    0.006000    0.776000  0.000000  1.0
    0.006000    0.778000  0.000000  1.0
    0.006000    0.780000  0.000000  1.0
    0.006000    0.782000  0.000000  1.0
    0.006000    0.784000  0.000000  1.0
    0.008000    0.704000  0.000000  1.0
    0.008000    0.706000  0.000000  1.0
    0.008000    0.708000  0.000000  1.0
    0.008000    0.710000  0.000000  1.0
    0.008000    0.712000  0.000000  1.0
    0.008000    0.714000  0.000000  1.0
    0.008000    0.716000  0.000000  1.0
    0.008000    0.718000  0.000000  1.0
    0.008000    0.720000  0.000000  1.0
    0.008000    0.722000  0.000000  1.0
    0.008000    0.724000  0.000000  1.0
    0.008000    0.726000  0.000000  1.0
    0.008000    0.728000  0.000000  1.0
    0.008000    0.730000  0.000000  1.0
    0.008000    0.732000  0.000000  1.0
    0.008000    0.734000  0.000000  1.0
    0.008000    0.736000  0.000000  1.0
    0.008000    0.738000  0.000000  1.0
    0.008000    0.740000  0.000000  1.0
    0.008000    0.742000  0.000000  1.0
    0.008000    0.744000  0.000000  1.0
    0.008000    0.746000  0.000000  1.0
    0.008000    0.748000  0.000000  1.0
    0.008000    0.750000  0.000000  1.0
    0.008000    0.752000  0.000000  1.0
    0.008000    0.754000  0.000000  1.0
    0.008000    0.756000  0.000000  1.0
    0.008000    0.758000  0.000000  1.0
    0.008000    0.760000  0.000000  1.0
    0.008000    0.762000  0.000000  1.0
    0.008000    0.764000  0.000000  1.0
    0.008000    0.766000  0.000000  1.0
    0.008000    0.768000  0.000000  1.0
    0.008000    0.770000  0.000000  1.0
    0.008000    0.772000  0.000000  1.0
    0.008000    0.774000  0.000000  1.0
    0.008000    0.776000  0.000000  1.0
    0.008000    0.778000  0.000000  1.0
    0.008000    0.780000  0.000000  1.0
    0.008000    0.782000  0.000000  1.0
    0.008000    0.784000  0.000000  1.0
    0.010000    0.704000  0.000000  1.0
    0.010000    0.706000  0.000000  1.0
    0.010000    0.708000  0.000000  1.0
    0.010000    0.710000  0.000000  1.0
    0.010000    0.712000  0.000000  1.0
    0.010000    0.714000  0.000000  1.0
    0.010000    0.716000  0.000000  1.0
    0.010000    0.718000  0.000000  1.0
    0.010000    0.720000  0.000000  1.0
    0.010000    0.722000  0.000000  1.0
    0.010000    0.724000  0.000000  1.0
    0.010000    0.726000  0.000000  1.0
    0.010000    0.728000  0.000000  1.0
    0.010000    0.730000  0.000000  1.0
    0.010000    0.732000  0.000000  1.0
    0.010000    0.734000  0.000000  1.0
    0.010000    0.736000  0.000000  1.0
    0.010000    0.738000  0.000000  1.0
    0.010000    0.740000  0.000000  1.0
    0.010000    0.742000  0.000000  1.0
    0.010000    0.744000  0.000000  1.0
    0.010000    0.746000  0.000000  1.0
    0.010000    0.748000  0.000000  1.0
    0.010000    0.750000  0.000000  1.0
    0.010000    0.752000  0.000000  1.0
    0.010000    0.754000  0.000000  1.0
    0.010000    0.756000  0.000000  1.0
    0.010000    0.758000  0.000000  1.0
    0.010000    0.760000  0.000000  1.0
    0.010000    0.762000  0.000000  1.0
    0.010000    0.764000  0.000000  1.0
    0.010000    0.766000  0.000000  1.0
    0.010000    0.768000  0.000000  1.0
    0.010000    0.770000  0.000000  1.0
    0.010000    0.772000  0.000000  1.0
    0.010000    0.774000  0.000000  1.0
    0.010000    0.776000  0.000000  1.0
    0.010000    0.778000  0.000000  1.0
    0.010000    0.780000  0.000000  1.0
    0.010000    0.782000  0.000000  1.0
    0.010000    0.784000  0.000000  1.0
    0.012000    0.704000  0.000000  1.0
    0.012000    0.706000  0.000000  1.0
    0.012000    0.708000  0.000000  1.0
    0.012000    0.710000  0.000000  1.0
    0.012000    0.712000  0.000000  1.0
    0.012000    0.714000  0.000000  1.0
    0.012000    0.716000  0.000000  1.0
    0.012000    0.718000  0.000000  1.0
    0.012000    0.720000  0.000000  1.0
    0.012000    0.722000  0.000000  1.0
    0.012000    0.724000  0.000000  1.0
    0.012000    0.726000  0.000000  1.0
    0.012000    0.728000  0.000000  1.0
    0.012000    0.730000  0.000000  1.0
    0.012000    0.732000  0.000000  1.0
    0.012000    0.734000  0.000000  1.0
    0.012000    0.736000  0.000000  1.0
    0.012000    0.738000  0.000000  1.0
    0.012000    0.740000  0.000000  1.0
    0.012000    0.742000  0.000000  1.0
    0.012000    0.744000  0.000000  1.0
    0.012000    0.746000  0.000000  1.0
    0.012000    0.748000  0.000000  1.0
    0.012000    0.750000  0.000000  1.0
    0.012000    0.752000  0.000000  1.0
    0.012000    0.754000  0.000000  1.0
    0.012000    0.756000  0.000000  1.0
    0.012000    0.758000  0.000000  1.0
    0.012000    0.760000  0.000000  1.0
    0.012000    0.762000  0.000000  1.0
    0.012000    0.764000  0.000000  1.0
    0.012000    0.766000  0.000000  1.0
    0.012000    0.768000  0.000000  1.0
    0.012000    0.770000  0.000000  1.0
    0.012000    0.772000  0.000000  1.0
    0.012000    0.774000  0.000000  1.0
    0.012000    0.776000  0.000000  1.0
    0.012000    0.778000  0.000000  1.0
    0.012000    0.780000  0.000000  1.0
    0.012000    0.782000  0.000000  1.0
    0.012000    0.784000  0.000000  1.0
    0.014000    0.704000  0.000000  1.0
    0.014000    0.706000  0.000000  1.0
    0.014000    0.708000  0.000000  1.0
    0.014000    0.710000  0.000000  1.0
    0.014000    0.712000  0.000000  1.0
    0.014000    0.714000  0.000000  1.0
    0.014000    0.716000  0.000000  1.0
    0.014000    0.718000  0.000000  1.0
    0.014000    0.720000  0.000000  1.0
    0.014000    0.722000  0.000000  1.0
    0.014000    0.724000  0.000000  1.0
    0.014000    0.726000  0.000000  1.0
    0.014000    0.728000  0.000000  1.0
    0.014000    0.730000  0.000000  1.0
    0.014000    0.732000  0.000000  1.0
    0.014000    0.734000  0.000000  1.0
    0.014000    0.736000  0.000000  1.0
    0.014000    0.738000  0.000000  1.0
    0.014000    0.740000  0.000000  1.0
    0.014000    0.742000  0.000000  1.0
    0.014000    0.744000  0.000000  1.0
    0.014000    0.746000  0.000000  1.0
    0.014000    0.748000  0.000000  1.0
    0.014000    0.750000  0.000000  1.0
    0.014000    0.752000  0.000000  1.0
    0.014000    0.754000  0.000000  1.0
    0.014000    0.756000  0.000000  1.0
    0.014000    0.758000  0.000000  1.0
    0.014000    0.760000  0.000000  1.0
    0.014000    0.762000  0.000000  1.0
    0.014000    0.764000  0.000000  1.0
    0.014000    0.766000  0.000000  1.0
    0.014000    0.768000  0.000000  1.0
    0.014000    0.770000  0.000000  1.0
    0.014000    0.772000  0.000000  1.0
    0.014000    0.774000  0.000000  1.0
    0.014000    0.776000  0.000000  1.0
    0.014000    0.778000  0.000000  1.0
    0.014000    0.780000  0.000000  1.0
    0.014000    0.782000  0.000000  1.0
    0.014000    0.784000  0.000000  1.0
    0.016000    0.704000  0.000000  1.0
    0.016000    0.706000  0.000000  1.0
    0.016000    0.708000  0.000000  1.0
    0.016000    0.710000  0.000000  1.0
    0.016000    0.712000  0.000000  1.0
    0.016000    0.714000  0.000000  1.0
    0.016000    0.716000  0.000000  1.0
    0.016000    0.718000  0.000000  1.0
    0.016000    0.720000  0.000000  1.0
    0.016000    0.722000  0.000000  1.0
    0.016000    0.724000  0.000000  1.0
    0.016000    0.726000  0.000000  1.0
    0.016000    0.728000  0.000000  1.0
    0.016000    0.730000  0.000000  1.0
    0.016000    0.732000  0.000000  1.0
    0.016000    0.734000  0.000000  1.0
    0.016000    0.736000  0.000000  1.0
    0.016000    0.738000  0.000000  1.0
    0.016000    0.740000  0.000000  1.0
    0.016000    0.742000  0.000000  1.0
    0.016000    0.744000  0.000000  1.0
    0.016000    0.746000  0.000000  1.0
    0.016000    0.748000  0.000000  1.0
    0.016000    0.750000  0.000000  1.0
    0.016000    0.752000  0.000000  1.0
    0.016000    0.754000  0.000000  1.0
    0.016000    0.756000  0.000000  1.0
    0.016000    0.758000  0.000000  1.0
    0.016000    0.760000  0.000000  1.0
    0.016000    0.762000  0.000000  1.0
    0.016000    0.764000  0.000000  1.0
    0.016000    0.766000  0.000000  1.0
    0.016000    0.768000  0.000000  1.0
    0.016000    0.770000  0.000000  1.0
    0.016000    0.772000  0.000000  1.0
    0.016000    0.774000  0.000000  1.0
    0.016000    0.776000  0.000000  1.0
    0.016000    0.778000  0.000000  1.0
    0.016000    0.780000  0.000000  1.0
    0.016000    0.782000  0.000000  1.0
    0.016000    0.784000  0.000000  1.0
    0.018000    0.704000  0.000000  1.0
    0.018000    0.706000  0.000000  1.0
    0.018000    0.708000  0.000000  1.0
    0.018000    0.710000  0.000000  1.0
    0.018000    0.712000  0.000000  1.0
    0.018000    0.714000  0.000000  1.0
    0.018000    0.716000  0.000000  1.0
    0.018000    0.718000  0.000000  1.0
    0.018000    0.720000  0.000000  1.0
    0.018000    0.722000  0.000000  1.0
    0.018000    0.724000  0.000000  1.0
    0.018000    0.726000  0.000000  1.0
    0.018000    0.728000  0.000000  1.0
    0.018000    0.730000  0.000000  1.0
    0.018000    0.732000  0.000000  1.0
    0.018000    0.734000  0.000000  1.0
    0.018000    0.736000  0.000000  1.0
    0.018000    0.738000  0.000000  1.0
    0.018000    0.740000  0.000000  1.0
    0.018000    0.742000  0.000000  1.0
    0.018000    0.744000  0.000000  1.0
    0.018000    0.746000  0.000000  1.0
    0.018000    0.748000  0.000000  1.0
    0.018000    0.750000  0.000000  1.0
    0.018000    0.752000  0.000000  1.0
    0.018000    0.754000  0.000000  1.0
    0.018000    0.756000  0.000000  1.0
    0.018000    0.758000  0.000000  1.0
    0.018000    0.760000  0.000000  1.0
    0.018000    0.762000  0.000000  1.0
    0.018000    0.764000  0.000000  1.0
    0.018000    0.766000  0.000000  1.0
    0.018000    0.768000  0.000000  1.0
    0.018000    0.770000  0.000000  1.0
    0.018000    0.772000  0.000000  1.0
    0.018000    0.774000  0.000000  1.0
    0.018000    0.776000  0.000000  1.0
    0.018000    0.778000  0.000000  1.0
    0.018000    0.780000  0.000000  1.0
    0.018000    0.782000  0.000000  1.0
    0.018000    0.784000  0.000000  1.0
    0.020000    0.704000  0.000000  1.0
    0.020000    0.706000  0.000000  1.0
    0.020000    0.708000  0.000000  1.0
    0.020000    0.710000  0.000000  1.0
    0.020000    0.712000  0.000000  1.0
    0.020000    0.714000  0.000000  1.0
    0.020000    0.716000  0.000000  1.0
    0.020000    0.718000  0.000000  1.0
    0.020000    0.720000  0.000000  1.0
    0.020000    0.722000  0.000000  1.0
    0.020000    0.724000  0.000000  1.0
    0.020000    0.726000  0.000000  1.0
    0.020000    0.728000  0.000000  1.0
    0.020000    0.730000  0.000000  1.0
    0.020000    0.732000  0.000000  1.0
    0.020000    0.734000  0.000000  1.0
    0.020000    0.736000  0.000000  1.0
    0.020000    0.738000  0.000000  1.0
    0.020000    0.740000  0.000000  1.0
    0.020000    0.742000  0.000000  1.0
    0.020000    0.744000  0.000000  1.0
    0.020000    0.746000  0.000000  1.0
    0.020000    0.748000  0.000000  1.0
    0.020000    0.750000  0.000000  1.0
    0.020000    0.752000  0.000000  1.0
    0.020000    0.754000  0.000000  1.0
    0.020000    0.756000  0.000000  1.0
    0.020000    0.758000  0.000000  1.0
    0.020000    0.760000  0.000000  1.0
    0.020000    0.762000  0.000000  1.0
    0.020000    0.764000  0.000000  1.0
    0.020000    0.766000  0.000000  1.0
    0.020000    0.768000  0.000000  1.0
    0.020000    0.770000  0.000000  1.0
    0.020000    0.772000  0.000000  1.0
    0.020000    0.774000  0.000000  1.0
    0.020000    0.776000  0.000000  1.0
    0.020000    0.778000  0.000000  1.0
    0.020000    0.780000  0.000000  1.0
    0.020000    0.782000  0.000000  1.0
    0.020000    0.784000  0.000000  1.0
    0.022000    0.704000  0.000000  1.0
    0.022000    0.706000  0.000000  1.0
    0.022000    0.708000  0.000000  1.0
    0.022000    0.710000  0.000000  1.0
    0.022000    0.712000  0.000000  1.0
    0.022000    0.714000  0.000000  1.0
    0.022000    0.716000  0.000000  1.0
    0.022000    0.718000  0.000000  1.0
    0.022000    0.720000  0.000000  1.0
    0.022000    0.722000  0.000000  1.0
    0.022000    0.724000  0.000000  1.0
    0.022000    0.726000  0.000000  1.0
    0.022000    0.728000  0.000000  1.0
    0.022000    0.730000  0.000000  1.0
    0.022000    0.732000  0.000000  1.0
    0.022000    0.734000  0.000000  1.0
    0.022000    0.736000  0.000000  1.0
    0.022000    0.738000  0.000000  1.0
    0.022000    0.740000  0.000000  1.0
    0.022000    0.742000  0.000000  1.0
    0.022000    0.744000  0.000000  1.0
    0.022000    0.746000  0.000000  1.0
    0.022000    0.748000  0.000000  1.0
    0.022000    0.750000  0.000000  1.0
    0.022000    0.752000  0.000000  1.0
    0.022000    0.754000  0.000000  1.0
    0.022000    0.756000  0.000000  1.0
    0.022000    0.758000  0.000000  1.0
    0.022000    0.760000  0.000000  1.0
    0.022000    0.762000  0.000000  1.0
    0.022000    0.764000  0.000000  1.0
    0.022000    0.766000  0.000000  1.0
    0.022000    0.768000  0.000000  1.0
    0.022000    0.770000  0.000000  1.0
    0.022000    0.772000  0.000000  1.0
    0.022000    0.774000  0.000000  1.0
    0.022000    0.776000  0.000000  1.0
    0.022000    0.778000  0.000000  1.0
    0.022000    0.780000  0.000000  1.0
    0.022000    0.782000  0.000000  1.0
    0.022000    0.784000  0.000000  1.0
    0.024000    0.704000  0.000000  1.0
    0.024000    0.706000  0.000000  1.0
    0.024000    0.708000  0.000000  1.0
    0.024000    0.710000  0.000000  1.0
    0.024000    0.712000  0.000000  1.0
    0.024000    0.714000  0.000000  1.0
    0.024000    0.716000  0.000000  1.0
    0.024000    0.718000  0.000000  1.0
    0.024000    0.720000  0.000000  1.0
    0.024000    0.722000  0.000000  1.0
    0.024000    0.724000  0.000000  1.0
    0.024000    0.726000  0.000000  1.0
    0.024000    0.728000  0.000000  1.0
    0.024000    0.730000  0.000000  1.0
    0.024000    0.732000  0.000000  1.0
    0.024000    0.734000  0.000000  1.0
    0.024000    0.736000  0.000000  1.0
    0.024000    0.738000  0.000000  1.0
    0.024000    0.740000  0.000000  1.0
    0.024000    0.742000  0.000000  1.0
    0.024000    0.744000  0.000000  1.0
    0.024000    0.746000  0.000000  1.0
    0.024000    0.748000  0.000000  1.0
    0.024000    0.750000  0.000000  1.0
    0.024000    0.752000  0.000000  1.0
    0.024000    0.754000  0.000000  1.0
    0.024000    0.756000  0.000000  1.0
    0.024000    0.758000  0.000000  1.0
    0.024000    0.760000  0.000000  1.0
    0.024000    0.762000  0.000000  1.0
    0.024000    0.764000  0.000000  1.0
    0.024000    0.766000  0.000000  1.0
    0.024000    0.768000  0.000000  1.0
    0.024000    0.770000  0.000000  1.0
    0.024000    0.772000  0.000000  1.0
    0.024000    0.774000  0.000000  1.0
    0.024000    0.776000  0.000000  1.0
    0.024000    0.778000  0.000000  1.0
    0.024000    0.780000  0.000000  1.0
    0.024000    0.782000  0.000000  1.0
    0.024000    0.784000  0.000000  1.0
    0.026000    0.704000  0.000000  1.0
    0.026000    0.706000  0.000000  1.0
    0.026000    0.708000  0.000000  1.0
    0.026000    0.710000  0.000000  1.0
    0.026000    0.712000  0.000000  1.0
    0.026000    0.714000  0.000000  1.0
    0.026000    0.716000  0.000000  1.0
    0.026000    0.718000  0.000000  1.0
    0.026000    0.720000  0.000000  1.0
    0.026000    0.722000  0.000000  1.0
    0.026000    0.724000  0.000000  1.0
    0.026000    0.726000  0.000000  1.0
    0.026000    0.728000  0.000000  1.0
    0.026000    0.730000  0.000000  1.0
    0.026000    0.732000  0.000000  1.0
    0.026000    0.734000  0.000000  1.0
    0.026000    0.736000  0.000000  1.0
    0.026000    0.738000  0.000000  1.0
    0.026000    0.740000  0.000000  1.0
    0.026000    0.742000  0.000000  1.0
    0.026000    0.744000  0.000000  1.0
    0.026000    0.746000  0.000000  1.0
    0.026000    0.748000  0.000000  1.0
    0.026000    0.750000  0.000000  1.0
    0.026000    0.752000  0.000000  1.0
    0.026000    0.754000  0.000000  1.0
    0.026000    0.756000  0.000000  1.0
    0.026000    0.758000  0.000000  1.0
    0.026000    0.760000  0.000000  1.0
    0.026000    0.762000  0.000000  1.0
    0.026000    0.764000  0.000000  1.0
    0.026000    0.766000  0.000000  1.0
    0.026000    0.768000  0.000000  1.0
    0.026000    0.770000  0.000000  1.0
    0.026000    0.772000  0.000000  1.0
    0.026000    0.774000  0.000000  1.0
    0.026000    0.776000  0.000000  1.0
    0.026000    0.778000  0.000000  1.0
    0.026000    0.780000  0.000000  1.0
    0.026000    0.782000  0.000000  1.0
    0.026000    0.784000  0.000000  1.0
    0.028000    0.704000  0.000000  1.0
    0.028000    0.706000  0.000000  1.0
    0.028000    0.708000  0.000000  1.0
    0.028000    0.710000  0.000000  1.0
    0.028000    0.712000  0.000000  1.0
    0.028000    0.714000  0.000000  1.0
    0.028000    0.716000  0.000000  1.0
    0.028000    0.718000  0.000000  1.0
    0.028000    0.720000  0.000000  1.0
    0.028000    0.722000  0.000000  1.0
    0.028000    0.724000  0.000000  1.0
    0.028000    0.726000  0.000000  1.0
    0.028000    0.728000  0.000000  1.0
    0.028000    0.730000  0.000000  1.0
    0.028000    0.732000  0.000000  1.0
    0.028000    0.734000  0.000000  1.0
    0.028000    0.736000  0.000000  1.0
    0.028000    0.738000  0.000000  1.0
    0.028000    0.740000  0.000000  1.0
    0.028000    0.742000  0.000000  1.0
    0.028000    0.744000  0.000000  1.0
    0.028000    0.746000  0.000000  1.0
    0.028000    0.748000  0.000000  1.0
    0.028000    0.750000  0.000000  1.0
    0.028000    0.752000  0.000000  1.0
    0.028000    0.754000  0.000000  1.0
    0.028000    0.756000  0.000000  1.0
    0.028000    0.758000  0.000000  1.0
    0.028000    0.760000  0.000000  1.0
    0.028000    0.762000  0.000000  1.0
    0.028000    0.764000  0.000000  1.0
    0.028000    0.766000  0.000000  1.0
    0.028000    0.768000  0.000000  1.0
    0.028000    0.770000  0.000000  1.0
    0.028000    0.772000  0.000000  1.0
    0.028000    0.774000  0.000000  1.0
    0.028000    0.776000  0.000000  1.0
    0.028000    0.778000  0.000000  1.0
    0.028000    0.780000  0.000000  1.0
    0.028000    0.782000  0.000000  1.0
    0.028000    0.784000  0.000000  1.0
    0.030000    0.704000  0.000000  1.0
    0.030000    0.706000  0.000000  1.0
    0.030000    0.708000  0.000000  1.0
    0.030000    0.710000  0.000000  1.0
    0.030000    0.712000  0.000000  1.0
    0.030000    0.714000  0.000000  1.0
    0.030000    0.716000  0.000000  1.0
    0.030000    0.718000  0.000000  1.0
    0.030000    0.720000  0.000000  1.0
    0.030000    0.722000  0.000000  1.0
    0.030000    0.724000  0.000000  1.0
    0.030000    0.726000  0.000000  1.0
    0.030000    0.728000  0.000000  1.0
    0.030000    0.730000  0.000000  1.0
    0.030000    0.732000  0.000000  1.0
    0.030000    0.734000  0.000000  1.0
    0.030000    0.736000  0.000000  1.0
    0.030000    0.738000  0.000000  1.0
    0.030000    0.740000  0.000000  1.0
    0.030000    0.742000  0.000000  1.0
    0.030000    0.744000  0.000000  1.0
    0.030000    0.746000  0.000000  1.0
    0.030000    0.748000  0.000000  1.0
    0.030000    0.750000  0.000000  1.0
    0.030000    0.752000  0.000000  1.0
    0.030000    0.754000  0.000000  1.0
    0.030000    0.756000  0.000000  1.0
    0.030000    0.758000  0.000000  1.0
    0.030000    0.760000  0.000000  1.0
    0.030000    0.762000  0.000000  1.0
    0.030000    0.764000  0.000000  1.0
    0.030000    0.766000  0.000000  1.0
    0.030000    0.768000  0.000000  1.0
    0.030000    0.770000  0.000000  1.0
    0.030000    0.772000  0.000000  1.0
    0.030000    0.774000  0.000000  1.0
    0.030000    0.776000  0.000000  1.0
    0.030000    0.778000  0.000000  1.0
    0.030000    0.780000  0.000000  1.0
    0.030000    0.782000  0.000000  1.0
    0.030000    0.784000  0.000000  1.0
    0.032000    0.704000  0.000000  1.0
    0.032000    0.706000  0.000000  1.0
    0.032000    0.708000  0.000000  1.0
    0.032000    0.710000  0.000000  1.0
    0.032000    0.712000  0.000000  1.0
    0.032000    0.714000  0.000000  1.0
    0.032000    0.716000  0.000000  1.0
    0.032000    0.718000  0.000000  1.0
    0.032000    0.720000  0.000000  1.0
    0.032000    0.722000  0.000000  1.0
    0.032000    0.724000  0.000000  1.0
    0.032000    0.726000  0.000000  1.0
    0.032000    0.728000  0.000000  1.0
    0.032000    0.730000  0.000000  1.0
    0.032000    0.732000  0.000000  1.0
    0.032000    0.734000  0.000000  1.0
    0.032000    0.736000  0.000000  1.0
    0.032000    0.738000  0.000000  1.0
    0.032000    0.740000  0.000000  1.0
    0.032000    0.742000  0.000000  1.0
    0.032000    0.744000  0.000000  1.0
    0.032000    0.746000  0.000000  1.0
    0.032000    0.748000  0.000000  1.0
    0.032000    0.750000  0.000000  1.0
    0.032000    0.752000  0.000000  1.0
    0.032000    0.754000  0.000000  1.0
    0.032000    0.756000  0.000000  1.0
    0.032000    0.758000  0.000000  1.0
    0.032000    0.760000  0.000000  1.0
    0.032000    0.762000  0.000000  1.0
    0.032000    0.764000  0.000000  1.0
    0.032000    0.766000  0.000000  1.0
    0.032000    0.768000  0.000000  1.0
    0.032000    0.770000  0.000000  1.0
    0.032000    0.772000  0.000000  1.0
    0.032000    0.774000  0.000000  1.0
    0.032000    0.776000  0.000000  1.0
    0.032000    0.778000  0.000000  1.0
    0.032000    0.780000  0.000000  1.0
    0.032000    0.782000  0.000000  1.0
    0.032000    0.784000  0.000000  1.0
    0.034000    0.704000  0.000000  1.0
    0.034000    0.706000  0.000000  1.0
    0.034000    0.708000  0.000000  1.0
    0.034000    0.710000  0.000000  1.0
    0.034000    0.712000  0.000000  1.0
    0.034000    0.714000  0.000000  1.0
    0.034000    0.716000  0.000000  1.0
    0.034000    0.718000  0.000000  1.0
    0.034000    0.720000  0.000000  1.0
    0.034000    0.722000  0.000000  1.0
    0.034000    0.724000  0.000000  1.0
    0.034000    0.726000  0.000000  1.0
    0.034000    0.728000  0.000000  1.0
    0.034000    0.730000  0.000000  1.0
    0.034000    0.732000  0.000000  1.0
    0.034000    0.734000  0.000000  1.0
    0.034000    0.736000  0.000000  1.0
    0.034000    0.738000  0.000000  1.0
    0.034000    0.740000  0.000000  1.0
    0.034000    0.742000  0.000000  1.0
    0.034000    0.744000  0.000000  1.0
    0.034000    0.746000  0.000000  1.0
    0.034000    0.748000  0.000000  1.0
    0.034000    0.750000  0.000000  1.0
    0.034000    0.752000  0.000000  1.0
    0.034000    0.754000  0.000000  1.0
    0.034000    0.756000  0.000000  1.0
    0.034000    0.758000  0.000000  1.0
    0.034000    0.760000  0.000000  1.0
    0.034000    0.762000  0.000000  1.0
    0.034000    0.764000  0.000000  1.0
    0.034000    0.766000  0.000000  1.0
    0.034000    0.768000  0.000000  1.0
    0.034000    0.770000  0.000000  1.0
    0.034000    0.772000  0.000000  1.0
    0.034000    0.774000  0.000000  1.0
    0.034000    0.776000  0.000000  1.0
    0.034000    0.778000  0.000000  1.0
    0.034000    0.780000  0.000000  1.0
    0.034000    0.782000  0.000000  1.0
    0.034000    0.784000  0.000000  1.0
    0.036000    0.704000  0.000000  1.0
    0.036000    0.706000  0.000000  1.0
    0.036000    0.708000  0.000000  1.0
    0.036000    0.710000  0.000000  1.0
    0.036000    0.712000  0.000000  1.0
    0.036000    0.714000  0.000000  1.0
    0.036000    0.716000  0.000000  1.0
    0.036000    0.718000  0.000000  1.0
    0.036000    0.720000  0.000000  1.0
    0.036000    0.722000  0.000000  1.0
    0.036000    0.724000  0.000000  1.0
    0.036000    0.726000  0.000000  1.0
    0.036000    0.728000  0.000000  1.0
    0.036000    0.730000  0.000000  1.0
    0.036000    0.732000  0.000000  1.0
    0.036000    0.734000  0.000000  1.0
    0.036000    0.736000  0.000000  1.0
    0.036000    0.738000  0.000000  1.0
    0.036000    0.740000  0.000000  1.0
    0.036000    0.742000  0.000000  1.0
    0.036000    0.744000  0.000000  1.0
    0.036000    0.746000  0.000000  1.0
    0.036000    0.748000  0.000000  1.0
    0.036000    0.750000  0.000000  1.0
    0.036000    0.752000  0.000000  1.0
    0.036000    0.754000  0.000000  1.0
    0.036000    0.756000  0.000000  1.0
    0.036000    0.758000  0.000000  1.0
    0.036000    0.760000  0.000000  1.0
    0.036000    0.762000  0.000000  1.0
    0.036000    0.764000  0.000000  1.0
    0.036000    0.766000  0.000000  1.0
    0.036000    0.768000  0.000000  1.0
    0.036000    0.770000  0.000000  1.0
    0.036000    0.772000  0.000000  1.0
    0.036000    0.774000  0.000000  1.0
    0.036000    0.776000  0.000000  1.0
    0.036000    0.778000  0.000000  1.0
    0.036000    0.780000  0.000000  1.0
    0.036000    0.782000  0.000000  1.0
    0.036000    0.784000  0.000000  1.0
    0.038000    0.704000  0.000000  1.0
    0.038000    0.706000  0.000000  1.0
    0.038000    0.708000  0.000000  1.0
    0.038000    0.710000  0.000000  1.0
    0.038000    0.712000  0.000000  1.0
    0.038000    0.714000  0.000000  1.0
    0.038000    0.716000  0.000000  1.0
    0.038000    0.718000  0.000000  1.0
    0.038000    0.720000  0.000000  1.0
    0.038000    0.722000  0.000000  1.0
    0.038000    0.724000  0.000000  1.0
    0.038000    0.726000  0.000000  1.0
    0.038000    0.728000  0.000000  1.0
    0.038000    0.730000  0.000000  1.0
    0.038000    0.732000  0.000000  1.0
    0.038000    0.734000  0.000000  1.0
    0.038000    0.736000  0.000000  1.0
    0.038000    0.738000  0.000000  1.0
    0.038000    0.740000  0.000000  1.0
    0.038000    0.742000  0.000000  1.0
    0.038000    0.744000  0.000000  1.0
    0.038000    0.746000  0.000000  1.0
    0.038000    0.748000  0.000000  1.0
    0.038000    0.750000  0.000000  1.0
    0.038000    0.752000  0.000000  1.0
    0.038000    0.754000  0.000000  1.0
    0.038000    0.756000  0.000000  1.0
    0.038000    0.758000  0.000000  1.0
    0.038000    0.760000  0.000000  1.0
    0.038000    0.762000  0.000000  1.0
    0.038000    0.764000  0.000000  1.0
    0.038000    0.766000  0.000000  1.0
    0.038000    0.768000  0.000000  1.0
    0.038000    0.770000  0.000000  1.0
    0.038000    0.772000  0.000000  1.0
    0.038000    0.774000  0.000000  1.0
    0.038000    0.776000  0.000000  1.0
    0.038000    0.778000  0.000000  1.0
    0.038000    0.780000  0.000000  1.0
    0.038000    0.782000  0.000000  1.0
    0.038000    0.784000  0.000000  1.0
    0.040000    0.704000  0.000000  1.0
    0.040000    0.706000  0.000000  1.0
    0.040000    0.708000  0.000000  1.0
    0.040000    0.710000  0.000000  1.0
    0.040000    0.712000  0.000000  1.0
    0.040000    0.714000  0.000000  1.0
    0.040000    0.716000  0.000000  1.0
    0.040000    0.718000  0.000000  1.0
    0.040000    0.720000  0.000000  1.0
    0.040000    0.722000  0.000000  1.0
    0.040000    0.724000  0.000000  1.0
    0.040000    0.726000  0.000000  1.0
    0.040000    0.728000  0.000000  1.0
    0.040000    0.730000  0.000000  1.0
    0.040000    0.732000  0.000000  1.0
    0.040000    0.734000  0.000000  1.0
    0.040000    0.736000  0.000000  1.0
    0.040000    0.738000  0.000000  1.0
    0.040000    0.740000  0.000000  1.0
    0.040000    0.742000  0.000000  1.0
    0.040000    0.744000  0.000000  1.0
    0.040000    0.746000  0.000000  1.0
    0.040000    0.748000  0.000000  1.0
    0.040000    0.750000  0.000000  1.0
    0.040000    0.752000  0.000000  1.0
    0.040000    0.754000  0.000000  1.0
    0.040000    0.756000  0.000000  1.0
    0.040000    0.758000  0.000000  1.0
    0.040000    0.760000  0.000000  1.0
    0.040000    0.762000  0.000000  1.0
    0.040000    0.764000  0.000000  1.0
    0.040000    0.766000  0.000000  1.0
    0.040000    0.768000  0.000000  1.0
    0.040000    0.770000  0.000000  1.0
    0.040000    0.772000  0.000000  1.0
    0.040000    0.774000  0.000000  1.0
    0.040000    0.776000  0.000000  1.0
    0.040000    0.778000  0.000000  1.0
    0.040000    0.780000  0.000000  1.0
    0.040000    0.782000  0.000000  1.0
    0.040000    0.784000  0.000000  1.0
