    1.722997995433370       -0.2882720687657861        9.3461816579178189E-006 
   3.6785949063606379E-004   -1.324357838078110       -9.4141849530572793E-006 
  -7.4395362334571283E-004    1.249020470198144        1.6545186779937188E-002 
   8.9726839766758210E-008   2.0975616287906192E-004   0.2387742792311870      
   3.8167696699364076E-007  -1.1176128396819809E-004  -0.2068502859315289      
    2.866022063324088       -9.3186270420463442E-007  -1.8491652973808686E-006 
   -3.086295938054876        1.7991500459957952E-006   4.7856154248490773E-006 
    5.025375781415774        2.1928407750544283E-003   4.5032219082450603E-007 
   -7.330719028045420       -1.9502031382071846E-003    6.640569859260795      
   3.7258650927797639E-006  -1.9408576101139392E-003   -9.585395726640666      
   0.8620350159733855       -7.5324827944737967E-007  -5.0383454599262267E-006 
    2.730973523520612        1.5876135153337493E-003    3.586281951962099      
    1.722882160962258       -0.2880665707633692        8.1304914198686753E-006 
  -3.5726561061800240E-004    1.324295497508059       -7.4716379173216811E-006 
   1.6670069716225930E-004   -1.249371721613388        1.6526060594102630E-002 
   1.9889640041572499E-007   1.3302333924753235E-004  -0.2382900780493898      
   2.1848645212794132E-007  -9.2669901626983757E-005   0.2065388609031244      
    2.865910481979014        1.0711323739177784E-006   7.7119338605462639E-007 
   -3.086165099474065       -1.4957107940601534E-006  -2.6985845801485444E-006 
    5.024706651344832        1.6464528989373348E-003  -1.0933746307832578E-006 
   -7.328934989410037       -1.1146517763355225E-003    6.641119955526400      
  -3.6418376743241926E-006  -9.8338511940226740E-004   -9.586462971540275      
   0.8619952521276218        1.1125480084773473E-006   3.9793842052369259E-006 
    2.730062470456597        6.7946868390395205E-004    3.586803371260608     
