    1.720823470100099       -0.2993569592684561       -1.0461058917951756E-006 
   9.6850600557495115E-004   -1.132983456728905        1.1826786806612738E-006 
  -1.3817024119726119E-003    1.062418625455767        1.7199272213096663E-002 
   5.8804915245828660E-008   1.3920312342631685E-005   0.2054152841147963      
  -1.0582534251970852E-007   4.5954984077886373E-005  -0.1791360109468251      
    2.901975508734725        6.4887323300981482E-008   6.5011815096889972E-007 
   -3.162643382099218       -8.0677569161818247E-008  -7.1409390182700673E-007 
    5.440214396249224        3.4948207612340953E-003  -5.7336091509536617E-008 
   -8.020461894824253       -3.0910594945648489E-003    6.713659076150965      
  -8.0311682082119676E-007  -3.0427590595354091E-003   -9.734579803651588      
   0.8953469732271391        6.6592018675345302E-008   7.5990778635011990E-007 
    3.015091940863341        2.5226421727970391E-003    3.649428253673594      
    1.720601816129165       -0.2990670008410930       -9.6477793874400015E-007 
  -6.9318791744751309E-004    1.132867318921241        1.0705423897045111E-006 
   5.0510130821940019E-004   -1.062608783416512        1.7174416971340086E-002 
   6.6947581021736679E-008   9.9130961238278896E-005  -0.2049852329456025      
  -1.0107555798750377E-007  -7.8212106307269332E-005   0.1788482677007731      
    2.901924902688050       -3.8201653920195748E-008  -5.7905675042368897E-007 
   -3.162692265298779        5.4542370192101645E-008   5.7469848473746922E-007 
    5.439644305945375        3.0193081640402658E-003   1.3478899078661010E-008 
   -8.018941853415624       -2.3188852513705981E-003    6.714150697536554      
   7.9489279817333908E-007  -2.1926626873301140E-003   -9.735510007110824      
   0.8953842363452978       -2.7518890978457386E-008  -7.1742198112065647E-007 
    3.014313211594910        1.6889007491498718E-003    3.649874372087617     
