    1.720696534884186       -0.2966409345317457        8.7087027471643143E-006 
   8.1237851126901681E-004   -1.185235635763875       -9.1726720455721254E-006 
  -1.2207222249628353E-003    1.112365256563209        1.7017361228870823E-002 
  -2.1333656845833982E-007   6.8230797355643496E-005   0.2143095106194878      
   5.2119453440042557E-007   2.6944167500765150E-006  -0.1866427693682026      
    2.893196607301070       -1.9846016124176829E-007  -2.0572230291487601E-006 
   -3.142405915523021        1.0118132166596829E-006   3.4769584575802479E-006 
    5.332897598575283        3.1989668828699244E-003  -1.5607511170757014E-007 
   -7.842460286690315       -2.8264154835497884E-003    6.697837559838141      
   3.6982800918489668E-006  -2.7853892895539395E-003   -9.701215419106189      
   0.8865718036923409       -2.6917678733081001E-007  -3.9943639033913854E-006 
    2.941740938830366        2.2998905912093824E-003    3.634945594850563      
    1.720500081786109       -0.2963599658480424        8.8688676639070876E-006 
  -6.1437811716668527E-004    1.185159204586147       -9.1257917533767348E-006 
   4.2405694540079922E-004   -1.112643840172083        1.6993004978460246E-002 
  -2.9198046025272305E-007   1.1223590291322211E-004  -0.2138677829555967      
   5.1579941033420424E-007  -8.4847437662135844E-005   0.1863508303388934      
    2.893126179306281        4.1046787491557386E-007   2.2076428267922841E-006 
   -3.142359329360714       -1.0505696807177082E-006  -3.5376169104437885E-006 
    5.332317996839382        2.8031195382967802E-003  -1.8438220311755752E-007 
   -7.840850287697207       -2.1312299470253051E-003    6.698292739255604      
  -4.0292451731355225E-006  -2.0094848779699938E-003   -9.702044278611273      
   0.8865634118143662        5.2586450073876805E-007   4.1711443197610330E-006 
    2.940905522838837        1.5360625912849875E-003    3.635344995294914     
