    1.722400359325236       -0.3053697213435259       -2.5807516264153591E-006 
   1.1874433890582466E-003   -1.027949132376097        2.6875943801356865E-006 
  -1.5857924438998476E-003   0.9622444771063754        1.7621092161052003E-002 
   3.6764196491081109E-007  -8.3765127068807348E-005   0.1875393582532194      
  -3.2972742440767071E-007   1.2181004820896685E-004  -0.1639808122082805      
    2.925130619834573       -2.7085050944255194E-008   2.1580079997215104E-007 
   -3.211659359481613        4.1927056942105123E-008  -4.0688348384145035E-007 
    5.660004375225533        3.5900893101689121E-003   1.2721941730787966E-008 
   -8.385050431061153       -3.1657710575373017E-003    6.752381062730118      
  -7.1320844157740682E-007  -3.0956088789198758E-003   -9.814163366221429      
   0.9158512059413612       -2.2433692315677220E-008   7.7107842891551197E-007 
    3.165706752723541        2.5748473723185938E-003    3.684221927878985      
    1.722132940375902       -0.3050464106402352       -2.6907551096217902E-006 
  -7.8756285948640924E-004    1.027866409723950        2.8393623504115410E-006 
   6.0938190645237885E-004  -0.9624114686464592        1.7593793209015756E-002 
   3.8929147383937160E-007   6.8923421748439575E-005  -0.1871596979169649      
  -3.4794897714549907E-007  -6.0370171718303944E-005   0.1637226855551221      
    2.925083162299118        1.0101213954144994E-008  -4.6768719079695223E-007 
   -3.211727527636748       -1.4746783412609710E-008   6.4506324264370262E-007 
    5.659575086919204        3.2200885762681771E-003  -5.7113135032184742E-009 
   -8.383863585988589       -2.5149956232440509E-003    6.752869688164557      
   9.4634988393868789E-007  -2.3955089200036073E-003   -9.815076196862098      
   0.9158975974395045        6.7610500985947396E-009  -9.5082980492190036E-007 
    3.165094160113008        1.8692418785096871E-003    3.684655579377747     
