    1.746827380500549       -0.3371007413729475       -1.5707082344675530E-008 
   1.0825077680044256E-003  -0.6096660345557878       -3.1863862094211904E-008 
  -1.2446020248906560E-003   0.5676979614863672        2.0111663421366770E-002 
  -3.7190283338873495E-008  -3.2954510364090114E-004   0.1148160811582631      
   2.3390340736335183E-008   2.8296220007694150E-004  -0.1015061972630058      
    3.084529338188202       -3.5989191618476237E-006  -1.4165010348034449E-006 
   -3.510195846188263        5.4891291176934152E-006   1.9025516598172986E-006 
    6.559835056476319        1.8940705399705052E-003   2.9070740286154058E-006 
   -9.861988985450006       -1.6342091068228064E-003    7.012996983436659      
   1.0266004008509492E-006  -1.5632229831707650E-003   -10.32468225772225      
    1.035018604446544       -3.6448348409413899E-006  -1.0880872152113414E-006 
    3.776651843431888        1.3039795318808692E-003    3.910573588835474      
    1.746508521968519       -0.3367589813828333       -1.9513382789330158E-008 
  -5.6431948863869990E-004   0.6095198928274032        7.7685078304291665E-008 
   4.8889044318207932E-004  -0.5675019971086325        2.0082130685147817E-002 
   3.2251344982522133E-008  -5.5433512797664869E-005  -0.1145927867028737      
  -2.5926609039408233E-008   2.8321332151124027E-005   0.1013327051284599      
    3.084682012996520        8.0840132258430365E-007  -1.3048377085452681E-008 
   -3.510413806669507       -9.4846511936482672E-007   3.8287326918125351E-008 
    6.559975839694931        1.9840955804894234E-003  -5.2804686257826549E-007 
   -9.862213123486898       -1.6045535669632737E-003    7.013297116583574      
   2.4562189133371841E-007  -1.5605170218914552E-003   -10.32507909463505      
    1.035096154115895        7.0762938582460519E-007  -1.8103033147562193E-007 
    3.776760688730763        1.2510989054741084E-003    3.910729870799341     
