    1.757444905976787       -0.3468894028765385       -1.7258648420416094E-006 
   8.5429203065262192E-004  -0.5062811926971462        1.7363582912702916E-006 
  -9.5416604560538991E-004   0.4711931132187409        2.0938926434420420E-002 
   3.2742270602744612E-007  -3.3775218043938623E-004   9.6244674367907568E-002 
  -2.8244834577954832E-007   2.7732419449424343E-004  -8.5335371962461881E-002 
    3.139323433767946        2.7400157593809798E-007   1.8658831084634127E-008 
   -3.608238699505496       -1.9804801573183411E-007  -8.7620797297953705E-008 
    6.780872948237751        1.1768599635470390E-003  -4.2540271315816252E-007 
   -10.21840809464308       -1.0004562211881692E-003    7.108023208668354      
  -7.2797701773644678E-008  -9.4139810360560627E-004   -10.50644182276741      
    1.073706991689526        3.3605036873699755E-007   1.0986127469953814E-007 
    3.923751371071730        7.8099441854545364E-004    3.991560998693716      
    1.757132103036406       -0.3465801849548442       -1.5527576420514279E-006 
  -3.6559760492480876E-004   0.5061205597242042        1.4397137073173000E-006 
   3.3032243273485156E-004  -0.4709148159203139        2.0911852570038563E-002 
   2.4722453573677551E-007  -9.4625011929226686E-005  -9.6045815735484957E-002 
  -2.1806799780157068E-007   5.9580479836385065E-005   8.5174847277993751E-002 
    3.139483388326422       -2.0289381519153361E-007  -1.9414281275058618E-008 
   -3.608587664694941        1.3143052914716887E-007   3.6412116759448468E-007 
    6.781189810349655        1.3163164246625561E-003   2.9648251037896462E-007 
   -10.21910300168188       -1.0608077171624429E-003    7.108340530196195      
  -4.3199142391792305E-008  -1.0388523558061775E-003   -10.50688944915667      
    1.073851232546148       -2.1589617205460663E-007  -1.8712493593113485E-007 
    3.924104879529509        8.2900594270529475E-004    3.991741493393503     
