    1.738024744713049       -0.3280587806569824        5.7048989786846242E-006 
   1.2503003666053376E-003  -0.7142298373656067       -4.1147267611305783E-006 
  -1.4905877066255936E-003   0.6656623877593519        1.9368504418726104E-002 
  -9.9138720642828624E-007  -3.0100172019165042E-004   0.1333426285963508      
   7.8359144854172067E-007   2.7222363852416213E-004  -0.1175393639965636      
    3.035150826051176       -3.2953406312087743E-006  -1.5744204247431305E-006 
   -3.420605768133330        4.8803366311911720E-006   3.1538432276879517E-006 
    6.334513936062552        2.4962077378524240E-003   2.4707754424569808E-006 
   -9.495312329400599       -2.1732405076263037E-003    6.931893490566372      
   2.2013306614801823E-006  -2.0930150568338672E-003   -10.16807746131643      
   0.9996113063198249       -2.8596477876826873E-006  -2.9570641276800320E-006 
    3.625025766020045        1.7491980484231901E-003    3.840825292598223      
    1.737702557601845       -0.3277008797472886        5.8549410737975364E-006 
  -6.9251568914139021E-004   0.7140926315346255       -4.2707929084929299E-006 
   5.8046123814606547E-004  -0.6655453924015641        1.9337977466558676E-002 
  -1.1542198631332148E-006  -2.6263299161116062E-005  -0.1330857869027446      
   9.1642937168806525E-007   5.8820962140607678E-006   0.1173469700997408      
    3.035283004121481       -7.2651917499620238E-007  -5.3920575056651995E-007 
   -3.420801273497313        1.1749292861756044E-006  -5.8634733096077662E-007 
    6.334410451117662        2.4292531193988651E-003   1.6892444750358141E-007 
   -9.494948751289142       -1.9384356687695448E-003    6.932213076371164      
  -1.2797181563899500E-007  -1.8681357690761788E-003   -10.16853212417710      
   0.9996807299845938       -3.4620010221366694E-007   9.4781329913974193E-007 
    3.624837610985935        1.4837042902439686E-003    3.841014334550712     
