&CONTROL
  calculation = 'bands'
  prefix = 'graphene22.0upper'
  outdir = './tmp'
  pseudo_dir = './'
  verbosity = 'high'
/
&SYSTEM
  ibrav = 0
  nat = 2
  ntyp = 1
  ecutwfc = 40.0
  nosym = .true.
  noinv = .true.
  nbnd = 8
/
&ELECTRONS
/
ATOMIC_SPECIES
  C  12.011 C.pbe-n-kjpaw_psl.1.0.0.UPF
CELL_PARAMETERS {bohr}
  5.643627  0.000000  0.000000
  2.821813  4.006167  0.000000
  0.000000  0.000000  28.346456
ATOMIC_POSITIONS {crystal}
  C  0.002081  -0.004116  0.000000
  C  0.331252  0.337449  0.000000
K_POINTS {tpiba}
1681
   -0.220328    0.664367  0.000000  1.0
   -0.220328    0.666367  0.000000  1.0
   -0.220328    0.668367  0.000000  1.0
   -0.220328    0.670367  0.000000  1.0
   -0.220328    0.672367  0.000000  1.0
   -0.220328    0.674367  0.000000  1.0
   -0.220328    0.676367  0.000000  1.0
   -0.220328    0.678367  0.000000  1.0
   -0.220328    0.680367  0.000000  1.0
   -0.220328    0.682367  0.000000  1.0
   -0.220328    0.684367  0.000000  1.0
   -0.220328    0.686367  0.000000  1.0
   -0.220328    0.688367  0.000000  1.0
   -0.220328    0.690367  0.000000  1.0
   -0.220328    0.692367  0.000000  1.0
   -0.220328    0.694367  0.000000  1.0
   -0.220328    0.696367  0.000000  1.0
   -0.220328    0.698367  0.000000  1.0
   -0.220328    0.700367  0.000000  1.0
   -0.220328    0.702367  0.000000  1.0
   -0.220328    0.704367  0.000000  1.0
   -0.220328    0.706367  0.000000  1.0
   -0.220328    0.708367  0.000000  1.0
   -0.220328    0.710367  0.000000  1.0
   -0.220328    0.712367  0.000000  1.0
   -0.220328    0.714367  0.000000  1.0
   -0.220328    0.716367  0.000000  1.0
   -0.220328    0.718367  0.000000  1.0
   -0.220328    0.720367  0.000000  1.0
   -0.220328    0.722367  0.000000  1.0
   -0.220328    0.724367  0.000000  1.0
   -0.220328    0.726367  0.000000  1.0
   -0.220328    0.728367  0.000000  1.0
   -0.220328    0.730367  0.000000  1.0
   -0.220328    0.732367  0.000000  1.0
   -0.220328    0.734367  0.000000  1.0
   -0.220328    0.736367  0.000000  1.0
   -0.220328    0.738367  0.000000  1.0
   -0.220328    0.740367  0.000000  1.0
   -0.220328    0.742367  0.000000  1.0
   -0.220328    0.744367  0.000000  1.0
   -0.218328    0.664367  0.000000  1.0
   -0.218328    0.666367  0.000000  1.0
   -0.218328    0.668367  0.000000  1.0
   -0.218328    0.670367  0.000000  1.0
   -0.218328    0.672367  0.000000  1.0
   -0.218328    0.674367  0.000000  1.0
   -0.218328    0.676367  0.000000  1.0
   -0.218328    0.678367  0.000000  1.0
   -0.218328    0.680367  0.000000  1.0
   -0.218328    0.682367  0.000000  1.0
   -0.218328    0.684367  0.000000  1.0
   -0.218328    0.686367  0.000000  1.0
   -0.218328    0.688367  0.000000  1.0
   -0.218328    0.690367  0.000000  1.0
   -0.218328    0.692367  0.000000  1.0
   -0.218328    0.694367  0.000000  1.0
   -0.218328    0.696367  0.000000  1.0
   -0.218328    0.698367  0.000000  1.0
   -0.218328    0.700367  0.000000  1.0
   -0.218328    0.702367  0.000000  1.0
   -0.218328    0.704367  0.000000  1.0
   -0.218328    0.706367  0.000000  1.0
   -0.218328    0.708367  0.000000  1.0
   -0.218328    0.710367  0.000000  1.0
   -0.218328    0.712367  0.000000  1.0
   -0.218328    0.714367  0.000000  1.0
   -0.218328    0.716367  0.000000  1.0
   -0.218328    0.718367  0.000000  1.0
   -0.218328    0.720367  0.000000  1.0
   -0.218328    0.722367  0.000000  1.0
   -0.218328    0.724367  0.000000  1.0
   -0.218328    0.726367  0.000000  1.0
   -0.218328    0.728367  0.000000  1.0
   -0.218328    0.730367  0.000000  1.0
   -0.218328    0.732367  0.000000  1.0
   -0.218328    0.734367  0.000000  1.0
   -0.218328    0.736367  0.000000  1.0
   -0.218328    0.738367  0.000000  1.0
   -0.218328    0.740367  0.000000  1.0
   -0.218328    0.742367  0.000000  1.0
   -0.218328    0.744367  0.000000  1.0
   -0.216328    0.664367  0.000000  1.0
   -0.216328    0.666367  0.000000  1.0
   -0.216328    0.668367  0.000000  1.0
   -0.216328    0.670367  0.000000  1.0
   -0.216328    0.672367  0.000000  1.0
   -0.216328    0.674367  0.000000  1.0
   -0.216328    0.676367  0.000000  1.0
   -0.216328    0.678367  0.000000  1.0
   -0.216328    0.680367  0.000000  1.0
   -0.216328    0.682367  0.000000  1.0
   -0.216328    0.684367  0.000000  1.0
   -0.216328    0.686367  0.000000  1.0
   -0.216328    0.688367  0.000000  1.0
   -0.216328    0.690367  0.000000  1.0
   -0.216328    0.692367  0.000000  1.0
   -0.216328    0.694367  0.000000  1.0
   -0.216328    0.696367  0.000000  1.0
   -0.216328    0.698367  0.000000  1.0
   -0.216328    0.700367  0.000000  1.0
   -0.216328    0.702367  0.000000  1.0
   -0.216328    0.704367  0.000000  1.0
   -0.216328    0.706367  0.000000  1.0
   -0.216328    0.708367  0.000000  1.0
   -0.216328    0.710367  0.000000  1.0
   -0.216328    0.712367  0.000000  1.0
   -0.216328    0.714367  0.000000  1.0
   -0.216328    0.716367  0.000000  1.0
   -0.216328    0.718367  0.000000  1.0
   -0.216328    0.720367  0.000000  1.0
   -0.216328    0.722367  0.000000  1.0
   -0.216328    0.724367  0.000000  1.0
   -0.216328    0.726367  0.000000  1.0
   -0.216328    0.728367  0.000000  1.0
   -0.216328    0.730367  0.000000  1.0
   -0.216328    0.732367  0.000000  1.0
   -0.216328    0.734367  0.000000  1.0
   -0.216328    0.736367  0.000000  1.0
   -0.216328    0.738367  0.000000  1.0
   -0.216328    0.740367  0.000000  1.0
   -0.216328    0.742367  0.000000  1.0
   -0.216328    0.744367  0.000000  1.0
   -0.214328    0.664367  0.000000  1.0
   -0.214328    0.666367  0.000000  1.0
   -0.214328    0.668367  0.000000  1.0
   -0.214328    0.670367  0.000000  1.0
   -0.214328    0.672367  0.000000  1.0
   -0.214328    0.674367  0.000000  1.0
   -0.214328    0.676367  0.000000  1.0
   -0.214328    0.678367  0.000000  1.0
   -0.214328    0.680367  0.000000  1.0
   -0.214328    0.682367  0.000000  1.0
   -0.214328    0.684367  0.000000  1.0
   -0.214328    0.686367  0.000000  1.0
   -0.214328    0.688367  0.000000  1.0
   -0.214328    0.690367  0.000000  1.0
   -0.214328    0.692367  0.000000  1.0
   -0.214328    0.694367  0.000000  1.0
   -0.214328    0.696367  0.000000  1.0
   -0.214328    0.698367  0.000000  1.0
   -0.214328    0.700367  0.000000  1.0
   -0.214328    0.702367  0.000000  1.0
   -0.214328    0.704367  0.000000  1.0
   -0.214328    0.706367  0.000000  1.0
   -0.214328    0.708367  0.000000  1.0
   -0.214328    0.710367  0.000000  1.0
   -0.214328    0.712367  0.000000  1.0
   -0.214328    0.714367  0.000000  1.0
   -0.214328    0.716367  0.000000  1.0
   -0.214328    0.718367  0.000000  1.0
   -0.214328    0.720367  0.000000  1.0
   -0.214328    0.722367  0.000000  1.0
   -0.214328    0.724367  0.000000  1.0
   -0.214328    0.726367  0.000000  1.0
   -0.214328    0.728367  0.000000  1.0
   -0.214328    0.730367  0.000000  1.0
   -0.214328    0.732367  0.000000  1.0
   -0.214328    0.734367  0.000000  1.0
   -0.214328    0.736367  0.000000  1.0
   -0.214328    0.738367  0.000000  1.0
   -0.214328    0.740367  0.000000  1.0
   -0.214328    0.742367  0.000000  1.0
   -0.214328    0.744367  0.000000  1.0
   -0.212328    0.664367  0.000000  1.0
   -0.212328    0.666367  0.000000  1.0
   -0.212328    0.668367  0.000000  1.0
   -0.212328    0.670367  0.000000  1.0
   -0.212328    0.672367  0.000000  1.0
   -0.212328    0.674367  0.000000  1.0
   -0.212328    0.676367  0.000000  1.0
   -0.212328    0.678367  0.000000  1.0
   -0.212328    0.680367  0.000000  1.0
   -0.212328    0.682367  0.000000  1.0
   -0.212328    0.684367  0.000000  1.0
   -0.212328    0.686367  0.000000  1.0
   -0.212328    0.688367  0.000000  1.0
   -0.212328    0.690367  0.000000  1.0
   -0.212328    0.692367  0.000000  1.0
   -0.212328    0.694367  0.000000  1.0
   -0.212328    0.696367  0.000000  1.0
   -0.212328    0.698367  0.000000  1.0
   -0.212328    0.700367  0.000000  1.0
   -0.212328    0.702367  0.000000  1.0
   -0.212328    0.704367  0.000000  1.0
   -0.212328    0.706367  0.000000  1.0
   -0.212328    0.708367  0.000000  1.0
   -0.212328    0.710367  0.000000  1.0
   -0.212328    0.712367  0.000000  1.0
   -0.212328    0.714367  0.000000  1.0
   -0.212328    0.716367  0.000000  1.0
   -0.212328    0.718367  0.000000  1.0
   -0.212328    0.720367  0.000000  1.0
   -0.212328    0.722367  0.000000  1.0
   -0.212328    0.724367  0.000000  1.0
   -0.212328    0.726367  0.000000  1.0
   -0.212328    0.728367  0.000000  1.0
   -0.212328    0.730367  0.000000  1.0
   -0.212328    0.732367  0.000000  1.0
   -0.212328    0.734367  0.000000  1.0
   -0.212328    0.736367  0.000000  1.0
   -0.212328    0.738367  0.000000  1.0
   -0.212328    0.740367  0.000000  1.0
   -0.212328    0.742367  0.000000  1.0
   -0.212328    0.744367  0.000000  1.0
   -0.210328    0.664367  0.000000  1.0
   -0.210328    0.666367  0.000000  1.0
   -0.210328    0.668367  0.000000  1.0
   -0.210328    0.670367  0.000000  1.0
   -0.210328    0.672367  0.000000  1.0
   -0.210328    0.674367  0.000000  1.0
   -0.210328    0.676367  0.000000  1.0
   -0.210328    0.678367  0.000000  1.0
   -0.210328    0.680367  0.000000  1.0
   -0.210328    0.682367  0.000000  1.0
   -0.210328    0.684367  0.000000  1.0
   -0.210328    0.686367  0.000000  1.0
   -0.210328    0.688367  0.000000  1.0
   -0.210328    0.690367  0.000000  1.0
   -0.210328    0.692367  0.000000  1.0
   -0.210328    0.694367  0.000000  1.0
   -0.210328    0.696367  0.000000  1.0
   -0.210328    0.698367  0.000000  1.0
   -0.210328    0.700367  0.000000  1.0
   -0.210328    0.702367  0.000000  1.0
   -0.210328    0.704367  0.000000  1.0
   -0.210328    0.706367  0.000000  1.0
   -0.210328    0.708367  0.000000  1.0
   -0.210328    0.710367  0.000000  1.0
   -0.210328    0.712367  0.000000  1.0
   -0.210328    0.714367  0.000000  1.0
   -0.210328    0.716367  0.000000  1.0
   -0.210328    0.718367  0.000000  1.0
   -0.210328    0.720367  0.000000  1.0
   -0.210328    0.722367  0.000000  1.0
   -0.210328    0.724367  0.000000  1.0
   -0.210328    0.726367  0.000000  1.0
   -0.210328    0.728367  0.000000  1.0
   -0.210328    0.730367  0.000000  1.0
   -0.210328    0.732367  0.000000  1.0
   -0.210328    0.734367  0.000000  1.0
   -0.210328    0.736367  0.000000  1.0
   -0.210328    0.738367  0.000000  1.0
   -0.210328    0.740367  0.000000  1.0
   -0.210328    0.742367  0.000000  1.0
   -0.210328    0.744367  0.000000  1.0
   -0.208328    0.664367  0.000000  1.0
   -0.208328    0.666367  0.000000  1.0
   -0.208328    0.668367  0.000000  1.0
   -0.208328    0.670367  0.000000  1.0
   -0.208328    0.672367  0.000000  1.0
   -0.208328    0.674367  0.000000  1.0
   -0.208328    0.676367  0.000000  1.0
   -0.208328    0.678367  0.000000  1.0
   -0.208328    0.680367  0.000000  1.0
   -0.208328    0.682367  0.000000  1.0
   -0.208328    0.684367  0.000000  1.0
   -0.208328    0.686367  0.000000  1.0
   -0.208328    0.688367  0.000000  1.0
   -0.208328    0.690367  0.000000  1.0
   -0.208328    0.692367  0.000000  1.0
   -0.208328    0.694367  0.000000  1.0
   -0.208328    0.696367  0.000000  1.0
   -0.208328    0.698367  0.000000  1.0
   -0.208328    0.700367  0.000000  1.0
   -0.208328    0.702367  0.000000  1.0
   -0.208328    0.704367  0.000000  1.0
   -0.208328    0.706367  0.000000  1.0
   -0.208328    0.708367  0.000000  1.0
   -0.208328    0.710367  0.000000  1.0
   -0.208328    0.712367  0.000000  1.0
   -0.208328    0.714367  0.000000  1.0
   -0.208328    0.716367  0.000000  1.0
   -0.208328    0.718367  0.000000  1.0
   -0.208328    0.720367  0.000000  1.0
   -0.208328    0.722367  0.000000  1.0
   -0.208328    0.724367  0.000000  1.0
   -0.208328    0.726367  0.000000  1.0
   -0.208328    0.728367  0.000000  1.0
   -0.208328    0.730367  0.000000  1.0
   -0.208328    0.732367  0.000000  1.0
   -0.208328    0.734367  0.000000  1.0
   -0.208328    0.736367  0.000000  1.0
   -0.208328    0.738367  0.000000  1.0
   -0.208328    0.740367  0.000000  1.0
   -0.208328    0.742367  0.000000  1.0
   -0.208328    0.744367  0.000000  1.0
   -0.206328    0.664367  0.000000  1.0
   -0.206328    0.666367  0.000000  1.0
   -0.206328    0.668367  0.000000  1.0
   -0.206328    0.670367  0.000000  1.0
   -0.206328    0.672367  0.000000  1.0
   -0.206328    0.674367  0.000000  1.0
   -0.206328    0.676367  0.000000  1.0
   -0.206328    0.678367  0.000000  1.0
   -0.206328    0.680367  0.000000  1.0
   -0.206328    0.682367  0.000000  1.0
   -0.206328    0.684367  0.000000  1.0
   -0.206328    0.686367  0.000000  1.0
   -0.206328    0.688367  0.000000  1.0
   -0.206328    0.690367  0.000000  1.0
   -0.206328    0.692367  0.000000  1.0
   -0.206328    0.694367  0.000000  1.0
   -0.206328    0.696367  0.000000  1.0
   -0.206328    0.698367  0.000000  1.0
   -0.206328    0.700367  0.000000  1.0
   -0.206328    0.702367  0.000000  1.0
   -0.206328    0.704367  0.000000  1.0
   -0.206328    0.706367  0.000000  1.0
   -0.206328    0.708367  0.000000  1.0
   -0.206328    0.710367  0.000000  1.0
   -0.206328    0.712367  0.000000  1.0
   -0.206328    0.714367  0.000000  1.0
   -0.206328    0.716367  0.000000  1.0
   -0.206328    0.718367  0.000000  1.0
   -0.206328    0.720367  0.000000  1.0
   -0.206328    0.722367  0.000000  1.0
   -0.206328    0.724367  0.000000  1.0
   -0.206328    0.726367  0.000000  1.0
   -0.206328    0.728367  0.000000  1.0
   -0.206328    0.730367  0.000000  1.0
   -0.206328    0.732367  0.000000  1.0
   -0.206328    0.734367  0.000000  1.0
   -0.206328    0.736367  0.000000  1.0
   -0.206328    0.738367  0.000000  1.0
   -0.206328    0.740367  0.000000  1.0
   -0.206328    0.742367  0.000000  1.0
   -0.206328    0.744367  0.000000  1.0
   -0.204328    0.664367  0.000000  1.0
   -0.204328    0.666367  0.000000  1.0
   -0.204328    0.668367  0.000000  1.0
   -0.204328    0.670367  0.000000  1.0
   -0.204328    0.672367  0.000000  1.0
   -0.204328    0.674367  0.000000  1.0
   -0.204328    0.676367  0.000000  1.0
   -0.204328    0.678367  0.000000  1.0
   -0.204328    0.680367  0.000000  1.0
   -0.204328    0.682367  0.000000  1.0
   -0.204328    0.684367  0.000000  1.0
   -0.204328    0.686367  0.000000  1.0
   -0.204328    0.688367  0.000000  1.0
   -0.204328    0.690367  0.000000  1.0
   -0.204328    0.692367  0.000000  1.0
   -0.204328    0.694367  0.000000  1.0
   -0.204328    0.696367  0.000000  1.0
   -0.204328    0.698367  0.000000  1.0
   -0.204328    0.700367  0.000000  1.0
   -0.204328    0.702367  0.000000  1.0
   -0.204328    0.704367  0.000000  1.0
   -0.204328    0.706367  0.000000  1.0
   -0.204328    0.708367  0.000000  1.0
   -0.204328    0.710367  0.000000  1.0
   -0.204328    0.712367  0.000000  1.0
   -0.204328    0.714367  0.000000  1.0
   -0.204328    0.716367  0.000000  1.0
   -0.204328    0.718367  0.000000  1.0
   -0.204328    0.720367  0.000000  1.0
   -0.204328    0.722367  0.000000  1.0
   -0.204328    0.724367  0.000000  1.0
   -0.204328    0.726367  0.000000  1.0
   -0.204328    0.728367  0.000000  1.0
   -0.204328    0.730367  0.000000  1.0
   -0.204328    0.732367  0.000000  1.0
   -0.204328    0.734367  0.000000  1.0
   -0.204328    0.736367  0.000000  1.0
   -0.204328    0.738367  0.000000  1.0
   -0.204328    0.740367  0.000000  1.0
   -0.204328    0.742367  0.000000  1.0
   -0.204328    0.744367  0.000000  1.0
   -0.202328    0.664367  0.000000  1.0
   -0.202328    0.666367  0.000000  1.0
   -0.202328    0.668367  0.000000  1.0
   -0.202328    0.670367  0.000000  1.0
   -0.202328    0.672367  0.000000  1.0
   -0.202328    0.674367  0.000000  1.0
   -0.202328    0.676367  0.000000  1.0
   -0.202328    0.678367  0.000000  1.0
   -0.202328    0.680367  0.000000  1.0
   -0.202328    0.682367  0.000000  1.0
   -0.202328    0.684367  0.000000  1.0
   -0.202328    0.686367  0.000000  1.0
   -0.202328    0.688367  0.000000  1.0
   -0.202328    0.690367  0.000000  1.0
   -0.202328    0.692367  0.000000  1.0
   -0.202328    0.694367  0.000000  1.0
   -0.202328    0.696367  0.000000  1.0
   -0.202328    0.698367  0.000000  1.0
   -0.202328    0.700367  0.000000  1.0
   -0.202328    0.702367  0.000000  1.0
   -0.202328    0.704367  0.000000  1.0
   -0.202328    0.706367  0.000000  1.0
   -0.202328    0.708367  0.000000  1.0
   -0.202328    0.710367  0.000000  1.0
   -0.202328    0.712367  0.000000  1.0
   -0.202328    0.714367  0.000000  1.0
   -0.202328    0.716367  0.000000  1.0
   -0.202328    0.718367  0.000000  1.0
   -0.202328    0.720367  0.000000  1.0
   -0.202328    0.722367  0.000000  1.0
   -0.202328    0.724367  0.000000  1.0
   -0.202328    0.726367  0.000000  1.0
   -0.202328    0.728367  0.000000  1.0
   -0.202328    0.730367  0.000000  1.0
   -0.202328    0.732367  0.000000  1.0
   -0.202328    0.734367  0.000000  1.0
   -0.202328    0.736367  0.000000  1.0
   -0.202328    0.738367  0.000000  1.0
   -0.202328    0.740367  0.000000  1.0
   -0.202328    0.742367  0.000000  1.0
   -0.202328    0.744367  0.000000  1.0
   -0.200328    0.664367  0.000000  1.0
   -0.200328    0.666367  0.000000  1.0
   -0.200328    0.668367  0.000000  1.0
   -0.200328    0.670367  0.000000  1.0
   -0.200328    0.672367  0.000000  1.0
   -0.200328    0.674367  0.000000  1.0
   -0.200328    0.676367  0.000000  1.0
   -0.200328    0.678367  0.000000  1.0
   -0.200328    0.680367  0.000000  1.0
   -0.200328    0.682367  0.000000  1.0
   -0.200328    0.684367  0.000000  1.0
   -0.200328    0.686367  0.000000  1.0
   -0.200328    0.688367  0.000000  1.0
   -0.200328    0.690367  0.000000  1.0
   -0.200328    0.692367  0.000000  1.0
   -0.200328    0.694367  0.000000  1.0
   -0.200328    0.696367  0.000000  1.0
   -0.200328    0.698367  0.000000  1.0
   -0.200328    0.700367  0.000000  1.0
   -0.200328    0.702367  0.000000  1.0
   -0.200328    0.704367  0.000000  1.0
   -0.200328    0.706367  0.000000  1.0
   -0.200328    0.708367  0.000000  1.0
   -0.200328    0.710367  0.000000  1.0
   -0.200328    0.712367  0.000000  1.0
   -0.200328    0.714367  0.000000  1.0
   -0.200328    0.716367  0.000000  1.0
   -0.200328    0.718367  0.000000  1.0
   -0.200328    0.720367  0.000000  1.0
   -0.200328    0.722367  0.000000  1.0
   -0.200328    0.724367  0.000000  1.0
   -0.200328    0.726367  0.000000  1.0
   -0.200328    0.728367  0.000000  1.0
   -0.200328    0.730367  0.000000  1.0
   -0.200328    0.732367  0.000000  1.0
   -0.200328    0.734367  0.000000  1.0
   -0.200328    0.736367  0.000000  1.0
   -0.200328    0.738367  0.000000  1.0
   -0.200328    0.740367  0.000000  1.0
   -0.200328    0.742367  0.000000  1.0
   -0.200328    0.744367  0.000000  1.0
   -0.198328    0.664367  0.000000  1.0
   -0.198328    0.666367  0.000000  1.0
   -0.198328    0.668367  0.000000  1.0
   -0.198328    0.670367  0.000000  1.0
   -0.198328    0.672367  0.000000  1.0
   -0.198328    0.674367  0.000000  1.0
   -0.198328    0.676367  0.000000  1.0
   -0.198328    0.678367  0.000000  1.0
   -0.198328    0.680367  0.000000  1.0
   -0.198328    0.682367  0.000000  1.0
   -0.198328    0.684367  0.000000  1.0
   -0.198328    0.686367  0.000000  1.0
   -0.198328    0.688367  0.000000  1.0
   -0.198328    0.690367  0.000000  1.0
   -0.198328    0.692367  0.000000  1.0
   -0.198328    0.694367  0.000000  1.0
   -0.198328    0.696367  0.000000  1.0
   -0.198328    0.698367  0.000000  1.0
   -0.198328    0.700367  0.000000  1.0
   -0.198328    0.702367  0.000000  1.0
   -0.198328    0.704367  0.000000  1.0
   -0.198328    0.706367  0.000000  1.0
   -0.198328    0.708367  0.000000  1.0
   -0.198328    0.710367  0.000000  1.0
   -0.198328    0.712367  0.000000  1.0
   -0.198328    0.714367  0.000000  1.0
   -0.198328    0.716367  0.000000  1.0
   -0.198328    0.718367  0.000000  1.0
   -0.198328    0.720367  0.000000  1.0
   -0.198328    0.722367  0.000000  1.0
   -0.198328    0.724367  0.000000  1.0
   -0.198328    0.726367  0.000000  1.0
   -0.198328    0.728367  0.000000  1.0
   -0.198328    0.730367  0.000000  1.0
   -0.198328    0.732367  0.000000  1.0
   -0.198328    0.734367  0.000000  1.0
   -0.198328    0.736367  0.000000  1.0
   -0.198328    0.738367  0.000000  1.0
   -0.198328    0.740367  0.000000  1.0
   -0.198328    0.742367  0.000000  1.0
   -0.198328    0.744367  0.000000  1.0
   -0.196328    0.664367  0.000000  1.0
   -0.196328    0.666367  0.000000  1.0
   -0.196328    0.668367  0.000000  1.0
   -0.196328    0.670367  0.000000  1.0
   -0.196328    0.672367  0.000000  1.0
   -0.196328    0.674367  0.000000  1.0
   -0.196328    0.676367  0.000000  1.0
   -0.196328    0.678367  0.000000  1.0
   -0.196328    0.680367  0.000000  1.0
   -0.196328    0.682367  0.000000  1.0
   -0.196328    0.684367  0.000000  1.0
   -0.196328    0.686367  0.000000  1.0
   -0.196328    0.688367  0.000000  1.0
   -0.196328    0.690367  0.000000  1.0
   -0.196328    0.692367  0.000000  1.0
   -0.196328    0.694367  0.000000  1.0
   -0.196328    0.696367  0.000000  1.0
   -0.196328    0.698367  0.000000  1.0
   -0.196328    0.700367  0.000000  1.0
   -0.196328    0.702367  0.000000  1.0
   -0.196328    0.704367  0.000000  1.0
   -0.196328    0.706367  0.000000  1.0
   -0.196328    0.708367  0.000000  1.0
   -0.196328    0.710367  0.000000  1.0
   -0.196328    0.712367  0.000000  1.0
   -0.196328    0.714367  0.000000  1.0
   -0.196328    0.716367  0.000000  1.0
   -0.196328    0.718367  0.000000  1.0
   -0.196328    0.720367  0.000000  1.0
   -0.196328    0.722367  0.000000  1.0
   -0.196328    0.724367  0.000000  1.0
   -0.196328    0.726367  0.000000  1.0
   -0.196328    0.728367  0.000000  1.0
   -0.196328    0.730367  0.000000  1.0
   -0.196328    0.732367  0.000000  1.0
   -0.196328    0.734367  0.000000  1.0
   -0.196328    0.736367  0.000000  1.0
   -0.196328    0.738367  0.000000  1.0
   -0.196328    0.740367  0.000000  1.0
   -0.196328    0.742367  0.000000  1.0
   -0.196328    0.744367  0.000000  1.0
   -0.194328    0.664367  0.000000  1.0
   -0.194328    0.666367  0.000000  1.0
   -0.194328    0.668367  0.000000  1.0
   -0.194328    0.670367  0.000000  1.0
   -0.194328    0.672367  0.000000  1.0
   -0.194328    0.674367  0.000000  1.0
   -0.194328    0.676367  0.000000  1.0
   -0.194328    0.678367  0.000000  1.0
   -0.194328    0.680367  0.000000  1.0
   -0.194328    0.682367  0.000000  1.0
   -0.194328    0.684367  0.000000  1.0
   -0.194328    0.686367  0.000000  1.0
   -0.194328    0.688367  0.000000  1.0
   -0.194328    0.690367  0.000000  1.0
   -0.194328    0.692367  0.000000  1.0
   -0.194328    0.694367  0.000000  1.0
   -0.194328    0.696367  0.000000  1.0
   -0.194328    0.698367  0.000000  1.0
   -0.194328    0.700367  0.000000  1.0
   -0.194328    0.702367  0.000000  1.0
   -0.194328    0.704367  0.000000  1.0
   -0.194328    0.706367  0.000000  1.0
   -0.194328    0.708367  0.000000  1.0
   -0.194328    0.710367  0.000000  1.0
   -0.194328    0.712367  0.000000  1.0
   -0.194328    0.714367  0.000000  1.0
   -0.194328    0.716367  0.000000  1.0
   -0.194328    0.718367  0.000000  1.0
   -0.194328    0.720367  0.000000  1.0
   -0.194328    0.722367  0.000000  1.0
   -0.194328    0.724367  0.000000  1.0
   -0.194328    0.726367  0.000000  1.0
   -0.194328    0.728367  0.000000  1.0
   -0.194328    0.730367  0.000000  1.0
   -0.194328    0.732367  0.000000  1.0
   -0.194328    0.734367  0.000000  1.0
   -0.194328    0.736367  0.000000  1.0
   -0.194328    0.738367  0.000000  1.0
   -0.194328    0.740367  0.000000  1.0
   -0.194328    0.742367  0.000000  1.0
   -0.194328    0.744367  0.000000  1.0
   -0.192328    0.664367  0.000000  1.0
   -0.192328    0.666367  0.000000  1.0
   -0.192328    0.668367  0.000000  1.0
   -0.192328    0.670367  0.000000  1.0
   -0.192328    0.672367  0.000000  1.0
   -0.192328    0.674367  0.000000  1.0
   -0.192328    0.676367  0.000000  1.0
   -0.192328    0.678367  0.000000  1.0
   -0.192328    0.680367  0.000000  1.0
   -0.192328    0.682367  0.000000  1.0
   -0.192328    0.684367  0.000000  1.0
   -0.192328    0.686367  0.000000  1.0
   -0.192328    0.688367  0.000000  1.0
   -0.192328    0.690367  0.000000  1.0
   -0.192328    0.692367  0.000000  1.0
   -0.192328    0.694367  0.000000  1.0
   -0.192328    0.696367  0.000000  1.0
   -0.192328    0.698367  0.000000  1.0
   -0.192328    0.700367  0.000000  1.0
   -0.192328    0.702367  0.000000  1.0
   -0.192328    0.704367  0.000000  1.0
   -0.192328    0.706367  0.000000  1.0
   -0.192328    0.708367  0.000000  1.0
   -0.192328    0.710367  0.000000  1.0
   -0.192328    0.712367  0.000000  1.0
   -0.192328    0.714367  0.000000  1.0
   -0.192328    0.716367  0.000000  1.0
   -0.192328    0.718367  0.000000  1.0
   -0.192328    0.720367  0.000000  1.0
   -0.192328    0.722367  0.000000  1.0
   -0.192328    0.724367  0.000000  1.0
   -0.192328    0.726367  0.000000  1.0
   -0.192328    0.728367  0.000000  1.0
   -0.192328    0.730367  0.000000  1.0
   -0.192328    0.732367  0.000000  1.0
   -0.192328    0.734367  0.000000  1.0
   -0.192328    0.736367  0.000000  1.0
   -0.192328    0.738367  0.000000  1.0
   -0.192328    0.740367  0.000000  1.0
   -0.192328    0.742367  0.000000  1.0
   -0.192328    0.744367  0.000000  1.0
   -0.190328    0.664367  0.000000  1.0
   -0.190328    0.666367  0.000000  1.0
   -0.190328    0.668367  0.000000  1.0
   -0.190328    0.670367  0.000000  1.0
   -0.190328    0.672367  0.000000  1.0
   -0.190328    0.674367  0.000000  1.0
   -0.190328    0.676367  0.000000  1.0
   -0.190328    0.678367  0.000000  1.0
   -0.190328    0.680367  0.000000  1.0
   -0.190328    0.682367  0.000000  1.0
   -0.190328    0.684367  0.000000  1.0
   -0.190328    0.686367  0.000000  1.0
   -0.190328    0.688367  0.000000  1.0
   -0.190328    0.690367  0.000000  1.0
   -0.190328    0.692367  0.000000  1.0
   -0.190328    0.694367  0.000000  1.0
   -0.190328    0.696367  0.000000  1.0
   -0.190328    0.698367  0.000000  1.0
   -0.190328    0.700367  0.000000  1.0
   -0.190328    0.702367  0.000000  1.0
   -0.190328    0.704367  0.000000  1.0
   -0.190328    0.706367  0.000000  1.0
   -0.190328    0.708367  0.000000  1.0
   -0.190328    0.710367  0.000000  1.0
   -0.190328    0.712367  0.000000  1.0
   -0.190328    0.714367  0.000000  1.0
   -0.190328    0.716367  0.000000  1.0
   -0.190328    0.718367  0.000000  1.0
   -0.190328    0.720367  0.000000  1.0
   -0.190328    0.722367  0.000000  1.0
   -0.190328    0.724367  0.000000  1.0
   -0.190328    0.726367  0.000000  1.0
   -0.190328    0.728367  0.000000  1.0
   -0.190328    0.730367  0.000000  1.0
   -0.190328    0.732367  0.000000  1.0
   -0.190328    0.734367  0.000000  1.0
   -0.190328    0.736367  0.000000  1.0
   -0.190328    0.738367  0.000000  1.0
   -0.190328    0.740367  0.000000  1.0
   -0.190328    0.742367  0.000000  1.0
   -0.190328    0.744367  0.000000  1.0
   -0.188328    0.664367  0.000000  1.0
   -0.188328    0.666367  0.000000  1.0
   -0.188328    0.668367  0.000000  1.0
   -0.188328    0.670367  0.000000  1.0
   -0.188328    0.672367  0.000000  1.0
   -0.188328    0.674367  0.000000  1.0
   -0.188328    0.676367  0.000000  1.0
   -0.188328    0.678367  0.000000  1.0
   -0.188328    0.680367  0.000000  1.0
   -0.188328    0.682367  0.000000  1.0
   -0.188328    0.684367  0.000000  1.0
   -0.188328    0.686367  0.000000  1.0
   -0.188328    0.688367  0.000000  1.0
   -0.188328    0.690367  0.000000  1.0
   -0.188328    0.692367  0.000000  1.0
   -0.188328    0.694367  0.000000  1.0
   -0.188328    0.696367  0.000000  1.0
   -0.188328    0.698367  0.000000  1.0
   -0.188328    0.700367  0.000000  1.0
   -0.188328    0.702367  0.000000  1.0
   -0.188328    0.704367  0.000000  1.0
   -0.188328    0.706367  0.000000  1.0
   -0.188328    0.708367  0.000000  1.0
   -0.188328    0.710367  0.000000  1.0
   -0.188328    0.712367  0.000000  1.0
   -0.188328    0.714367  0.000000  1.0
   -0.188328    0.716367  0.000000  1.0
   -0.188328    0.718367  0.000000  1.0
   -0.188328    0.720367  0.000000  1.0
   -0.188328    0.722367  0.000000  1.0
   -0.188328    0.724367  0.000000  1.0
   -0.188328    0.726367  0.000000  1.0
   -0.188328    0.728367  0.000000  1.0
   -0.188328    0.730367  0.000000  1.0
   -0.188328    0.732367  0.000000  1.0
   -0.188328    0.734367  0.000000  1.0
   -0.188328    0.736367  0.000000  1.0
   -0.188328    0.738367  0.000000  1.0
   -0.188328    0.740367  0.000000  1.0
   -0.188328    0.742367  0.000000  1.0
   -0.188328    0.744367  0.000000  1.0
   -0.186328    0.664367  0.000000  1.0
   -0.186328    0.666367  0.000000  1.0
   -0.186328    0.668367  0.000000  1.0
   -0.186328    0.670367  0.000000  1.0
   -0.186328    0.672367  0.000000  1.0
   -0.186328    0.674367  0.000000  1.0
   -0.186328    0.676367  0.000000  1.0
   -0.186328    0.678367  0.000000  1.0
   -0.186328    0.680367  0.000000  1.0
   -0.186328    0.682367  0.000000  1.0
   -0.186328    0.684367  0.000000  1.0
   -0.186328    0.686367  0.000000  1.0
   -0.186328    0.688367  0.000000  1.0
   -0.186328    0.690367  0.000000  1.0
   -0.186328    0.692367  0.000000  1.0
   -0.186328    0.694367  0.000000  1.0
   -0.186328    0.696367  0.000000  1.0
   -0.186328    0.698367  0.000000  1.0
   -0.186328    0.700367  0.000000  1.0
   -0.186328    0.702367  0.000000  1.0
   -0.186328    0.704367  0.000000  1.0
   -0.186328    0.706367  0.000000  1.0
   -0.186328    0.708367  0.000000  1.0
   -0.186328    0.710367  0.000000  1.0
   -0.186328    0.712367  0.000000  1.0
   -0.186328    0.714367  0.000000  1.0
   -0.186328    0.716367  0.000000  1.0
   -0.186328    0.718367  0.000000  1.0
   -0.186328    0.720367  0.000000  1.0
   -0.186328    0.722367  0.000000  1.0
   -0.186328    0.724367  0.000000  1.0
   -0.186328    0.726367  0.000000  1.0
   -0.186328    0.728367  0.000000  1.0
   -0.186328    0.730367  0.000000  1.0
   -0.186328    0.732367  0.000000  1.0
   -0.186328    0.734367  0.000000  1.0
   -0.186328    0.736367  0.000000  1.0
   -0.186328    0.738367  0.000000  1.0
   -0.186328    0.740367  0.000000  1.0
   -0.186328    0.742367  0.000000  1.0
   -0.186328    0.744367  0.000000  1.0
   -0.184328    0.664367  0.000000  1.0
   -0.184328    0.666367  0.000000  1.0
   -0.184328    0.668367  0.000000  1.0
   -0.184328    0.670367  0.000000  1.0
   -0.184328    0.672367  0.000000  1.0
   -0.184328    0.674367  0.000000  1.0
   -0.184328    0.676367  0.000000  1.0
   -0.184328    0.678367  0.000000  1.0
   -0.184328    0.680367  0.000000  1.0
   -0.184328    0.682367  0.000000  1.0
   -0.184328    0.684367  0.000000  1.0
   -0.184328    0.686367  0.000000  1.0
   -0.184328    0.688367  0.000000  1.0
   -0.184328    0.690367  0.000000  1.0
   -0.184328    0.692367  0.000000  1.0
   -0.184328    0.694367  0.000000  1.0
   -0.184328    0.696367  0.000000  1.0
   -0.184328    0.698367  0.000000  1.0
   -0.184328    0.700367  0.000000  1.0
   -0.184328    0.702367  0.000000  1.0
   -0.184328    0.704367  0.000000  1.0
   -0.184328    0.706367  0.000000  1.0
   -0.184328    0.708367  0.000000  1.0
   -0.184328    0.710367  0.000000  1.0
   -0.184328    0.712367  0.000000  1.0
   -0.184328    0.714367  0.000000  1.0
   -0.184328    0.716367  0.000000  1.0
   -0.184328    0.718367  0.000000  1.0
   -0.184328    0.720367  0.000000  1.0
   -0.184328    0.722367  0.000000  1.0
   -0.184328    0.724367  0.000000  1.0
   -0.184328    0.726367  0.000000  1.0
   -0.184328    0.728367  0.000000  1.0
   -0.184328    0.730367  0.000000  1.0
   -0.184328    0.732367  0.000000  1.0
   -0.184328    0.734367  0.000000  1.0
   -0.184328    0.736367  0.000000  1.0
   -0.184328    0.738367  0.000000  1.0
   -0.184328    0.740367  0.000000  1.0
   -0.184328    0.742367  0.000000  1.0
   -0.184328    0.744367  0.000000  1.0
   -0.182328    0.664367  0.000000  1.0
   -0.182328    0.666367  0.000000  1.0
   -0.182328    0.668367  0.000000  1.0
   -0.182328    0.670367  0.000000  1.0
   -0.182328    0.672367  0.000000  1.0
   -0.182328    0.674367  0.000000  1.0
   -0.182328    0.676367  0.000000  1.0
   -0.182328    0.678367  0.000000  1.0
   -0.182328    0.680367  0.000000  1.0
   -0.182328    0.682367  0.000000  1.0
   -0.182328    0.684367  0.000000  1.0
   -0.182328    0.686367  0.000000  1.0
   -0.182328    0.688367  0.000000  1.0
   -0.182328    0.690367  0.000000  1.0
   -0.182328    0.692367  0.000000  1.0
   -0.182328    0.694367  0.000000  1.0
   -0.182328    0.696367  0.000000  1.0
   -0.182328    0.698367  0.000000  1.0
   -0.182328    0.700367  0.000000  1.0
   -0.182328    0.702367  0.000000  1.0
   -0.182328    0.704367  0.000000  1.0
   -0.182328    0.706367  0.000000  1.0
   -0.182328    0.708367  0.000000  1.0
   -0.182328    0.710367  0.000000  1.0
   -0.182328    0.712367  0.000000  1.0
   -0.182328    0.714367  0.000000  1.0
   -0.182328    0.716367  0.000000  1.0
   -0.182328    0.718367  0.000000  1.0
   -0.182328    0.720367  0.000000  1.0
   -0.182328    0.722367  0.000000  1.0
   -0.182328    0.724367  0.000000  1.0
   -0.182328    0.726367  0.000000  1.0
   -0.182328    0.728367  0.000000  1.0
   -0.182328    0.730367  0.000000  1.0
   -0.182328    0.732367  0.000000  1.0
   -0.182328    0.734367  0.000000  1.0
   -0.182328    0.736367  0.000000  1.0
   -0.182328    0.738367  0.000000  1.0
   -0.182328    0.740367  0.000000  1.0
   -0.182328    0.742367  0.000000  1.0
   -0.182328    0.744367  0.000000  1.0
   -0.180328    0.664367  0.000000  1.0
   -0.180328    0.666367  0.000000  1.0
   -0.180328    0.668367  0.000000  1.0
   -0.180328    0.670367  0.000000  1.0
   -0.180328    0.672367  0.000000  1.0
   -0.180328    0.674367  0.000000  1.0
   -0.180328    0.676367  0.000000  1.0
   -0.180328    0.678367  0.000000  1.0
   -0.180328    0.680367  0.000000  1.0
   -0.180328    0.682367  0.000000  1.0
   -0.180328    0.684367  0.000000  1.0
   -0.180328    0.686367  0.000000  1.0
   -0.180328    0.688367  0.000000  1.0
   -0.180328    0.690367  0.000000  1.0
   -0.180328    0.692367  0.000000  1.0
   -0.180328    0.694367  0.000000  1.0
   -0.180328    0.696367  0.000000  1.0
   -0.180328    0.698367  0.000000  1.0
   -0.180328    0.700367  0.000000  1.0
   -0.180328    0.702367  0.000000  1.0
   -0.180328    0.704367  0.000000  1.0
   -0.180328    0.706367  0.000000  1.0
   -0.180328    0.708367  0.000000  1.0
   -0.180328    0.710367  0.000000  1.0
   -0.180328    0.712367  0.000000  1.0
   -0.180328    0.714367  0.000000  1.0
   -0.180328    0.716367  0.000000  1.0
   -0.180328    0.718367  0.000000  1.0
   -0.180328    0.720367  0.000000  1.0
   -0.180328    0.722367  0.000000  1.0
   -0.180328    0.724367  0.000000  1.0
   -0.180328    0.726367  0.000000  1.0
   -0.180328    0.728367  0.000000  1.0
   -0.180328    0.730367  0.000000  1.0
   -0.180328    0.732367  0.000000  1.0
   -0.180328    0.734367  0.000000  1.0
   -0.180328    0.736367  0.000000  1.0
   -0.180328    0.738367  0.000000  1.0
   -0.180328    0.740367  0.000000  1.0
   -0.180328    0.742367  0.000000  1.0
   -0.180328    0.744367  0.000000  1.0
   -0.178328    0.664367  0.000000  1.0
   -0.178328    0.666367  0.000000  1.0
   -0.178328    0.668367  0.000000  1.0
   -0.178328    0.670367  0.000000  1.0
   -0.178328    0.672367  0.000000  1.0
   -0.178328    0.674367  0.000000  1.0
   -0.178328    0.676367  0.000000  1.0
   -0.178328    0.678367  0.000000  1.0
   -0.178328    0.680367  0.000000  1.0
   -0.178328    0.682367  0.000000  1.0
   -0.178328    0.684367  0.000000  1.0
   -0.178328    0.686367  0.000000  1.0
   -0.178328    0.688367  0.000000  1.0
   -0.178328    0.690367  0.000000  1.0
   -0.178328    0.692367  0.000000  1.0
   -0.178328    0.694367  0.000000  1.0
   -0.178328    0.696367  0.000000  1.0
   -0.178328    0.698367  0.000000  1.0
   -0.178328    0.700367  0.000000  1.0
   -0.178328    0.702367  0.000000  1.0
   -0.178328    0.704367  0.000000  1.0
   -0.178328    0.706367  0.000000  1.0
   -0.178328    0.708367  0.000000  1.0
   -0.178328    0.710367  0.000000  1.0
   -0.178328    0.712367  0.000000  1.0
   -0.178328    0.714367  0.000000  1.0
   -0.178328    0.716367  0.000000  1.0
   -0.178328    0.718367  0.000000  1.0
   -0.178328    0.720367  0.000000  1.0
   -0.178328    0.722367  0.000000  1.0
   -0.178328    0.724367  0.000000  1.0
   -0.178328    0.726367  0.000000  1.0
   -0.178328    0.728367  0.000000  1.0
   -0.178328    0.730367  0.000000  1.0
   -0.178328    0.732367  0.000000  1.0
   -0.178328    0.734367  0.000000  1.0
   -0.178328    0.736367  0.000000  1.0
   -0.178328    0.738367  0.000000  1.0
   -0.178328    0.740367  0.000000  1.0
   -0.178328    0.742367  0.000000  1.0
   -0.178328    0.744367  0.000000  1.0
   -0.176328    0.664367  0.000000  1.0
   -0.176328    0.666367  0.000000  1.0
   -0.176328    0.668367  0.000000  1.0
   -0.176328    0.670367  0.000000  1.0
   -0.176328    0.672367  0.000000  1.0
   -0.176328    0.674367  0.000000  1.0
   -0.176328    0.676367  0.000000  1.0
   -0.176328    0.678367  0.000000  1.0
   -0.176328    0.680367  0.000000  1.0
   -0.176328    0.682367  0.000000  1.0
   -0.176328    0.684367  0.000000  1.0
   -0.176328    0.686367  0.000000  1.0
   -0.176328    0.688367  0.000000  1.0
   -0.176328    0.690367  0.000000  1.0
   -0.176328    0.692367  0.000000  1.0
   -0.176328    0.694367  0.000000  1.0
   -0.176328    0.696367  0.000000  1.0
   -0.176328    0.698367  0.000000  1.0
   -0.176328    0.700367  0.000000  1.0
   -0.176328    0.702367  0.000000  1.0
   -0.176328    0.704367  0.000000  1.0
   -0.176328    0.706367  0.000000  1.0
   -0.176328    0.708367  0.000000  1.0
   -0.176328    0.710367  0.000000  1.0
   -0.176328    0.712367  0.000000  1.0
   -0.176328    0.714367  0.000000  1.0
   -0.176328    0.716367  0.000000  1.0
   -0.176328    0.718367  0.000000  1.0
   -0.176328    0.720367  0.000000  1.0
   -0.176328    0.722367  0.000000  1.0
   -0.176328    0.724367  0.000000  1.0
   -0.176328    0.726367  0.000000  1.0
   -0.176328    0.728367  0.000000  1.0
   -0.176328    0.730367  0.000000  1.0
   -0.176328    0.732367  0.000000  1.0
   -0.176328    0.734367  0.000000  1.0
   -0.176328    0.736367  0.000000  1.0
   -0.176328    0.738367  0.000000  1.0
   -0.176328    0.740367  0.000000  1.0
   -0.176328    0.742367  0.000000  1.0
   -0.176328    0.744367  0.000000  1.0
   -0.174328    0.664367  0.000000  1.0
   -0.174328    0.666367  0.000000  1.0
   -0.174328    0.668367  0.000000  1.0
   -0.174328    0.670367  0.000000  1.0
   -0.174328    0.672367  0.000000  1.0
   -0.174328    0.674367  0.000000  1.0
   -0.174328    0.676367  0.000000  1.0
   -0.174328    0.678367  0.000000  1.0
   -0.174328    0.680367  0.000000  1.0
   -0.174328    0.682367  0.000000  1.0
   -0.174328    0.684367  0.000000  1.0
   -0.174328    0.686367  0.000000  1.0
   -0.174328    0.688367  0.000000  1.0
   -0.174328    0.690367  0.000000  1.0
   -0.174328    0.692367  0.000000  1.0
   -0.174328    0.694367  0.000000  1.0
   -0.174328    0.696367  0.000000  1.0
   -0.174328    0.698367  0.000000  1.0
   -0.174328    0.700367  0.000000  1.0
   -0.174328    0.702367  0.000000  1.0
   -0.174328    0.704367  0.000000  1.0
   -0.174328    0.706367  0.000000  1.0
   -0.174328    0.708367  0.000000  1.0
   -0.174328    0.710367  0.000000  1.0
   -0.174328    0.712367  0.000000  1.0
   -0.174328    0.714367  0.000000  1.0
   -0.174328    0.716367  0.000000  1.0
   -0.174328    0.718367  0.000000  1.0
   -0.174328    0.720367  0.000000  1.0
   -0.174328    0.722367  0.000000  1.0
   -0.174328    0.724367  0.000000  1.0
   -0.174328    0.726367  0.000000  1.0
   -0.174328    0.728367  0.000000  1.0
   -0.174328    0.730367  0.000000  1.0
   -0.174328    0.732367  0.000000  1.0
   -0.174328    0.734367  0.000000  1.0
   -0.174328    0.736367  0.000000  1.0
   -0.174328    0.738367  0.000000  1.0
   -0.174328    0.740367  0.000000  1.0
   -0.174328    0.742367  0.000000  1.0
   -0.174328    0.744367  0.000000  1.0
   -0.172328    0.664367  0.000000  1.0
   -0.172328    0.666367  0.000000  1.0
   -0.172328    0.668367  0.000000  1.0
   -0.172328    0.670367  0.000000  1.0
   -0.172328    0.672367  0.000000  1.0
   -0.172328    0.674367  0.000000  1.0
   -0.172328    0.676367  0.000000  1.0
   -0.172328    0.678367  0.000000  1.0
   -0.172328    0.680367  0.000000  1.0
   -0.172328    0.682367  0.000000  1.0
   -0.172328    0.684367  0.000000  1.0
   -0.172328    0.686367  0.000000  1.0
   -0.172328    0.688367  0.000000  1.0
   -0.172328    0.690367  0.000000  1.0
   -0.172328    0.692367  0.000000  1.0
   -0.172328    0.694367  0.000000  1.0
   -0.172328    0.696367  0.000000  1.0
   -0.172328    0.698367  0.000000  1.0
   -0.172328    0.700367  0.000000  1.0
   -0.172328    0.702367  0.000000  1.0
   -0.172328    0.704367  0.000000  1.0
   -0.172328    0.706367  0.000000  1.0
   -0.172328    0.708367  0.000000  1.0
   -0.172328    0.710367  0.000000  1.0
   -0.172328    0.712367  0.000000  1.0
   -0.172328    0.714367  0.000000  1.0
   -0.172328    0.716367  0.000000  1.0
   -0.172328    0.718367  0.000000  1.0
   -0.172328    0.720367  0.000000  1.0
   -0.172328    0.722367  0.000000  1.0
   -0.172328    0.724367  0.000000  1.0
   -0.172328    0.726367  0.000000  1.0
   -0.172328    0.728367  0.000000  1.0
   -0.172328    0.730367  0.000000  1.0
   -0.172328    0.732367  0.000000  1.0
   -0.172328    0.734367  0.000000  1.0
   -0.172328    0.736367  0.000000  1.0
   -0.172328    0.738367  0.000000  1.0
   -0.172328    0.740367  0.000000  1.0
   -0.172328    0.742367  0.000000  1.0
   -0.172328    0.744367  0.000000  1.0
   -0.170328    0.664367  0.000000  1.0
   -0.170328    0.666367  0.000000  1.0
   -0.170328    0.668367  0.000000  1.0
   -0.170328    0.670367  0.000000  1.0
   -0.170328    0.672367  0.000000  1.0
   -0.170328    0.674367  0.000000  1.0
   -0.170328    0.676367  0.000000  1.0
   -0.170328    0.678367  0.000000  1.0
   -0.170328    0.680367  0.000000  1.0
   -0.170328    0.682367  0.000000  1.0
   -0.170328    0.684367  0.000000  1.0
   -0.170328    0.686367  0.000000  1.0
   -0.170328    0.688367  0.000000  1.0
   -0.170328    0.690367  0.000000  1.0
   -0.170328    0.692367  0.000000  1.0
   -0.170328    0.694367  0.000000  1.0
   -0.170328    0.696367  0.000000  1.0
   -0.170328    0.698367  0.000000  1.0
   -0.170328    0.700367  0.000000  1.0
   -0.170328    0.702367  0.000000  1.0
   -0.170328    0.704367  0.000000  1.0
   -0.170328    0.706367  0.000000  1.0
   -0.170328    0.708367  0.000000  1.0
   -0.170328    0.710367  0.000000  1.0
   -0.170328    0.712367  0.000000  1.0
   -0.170328    0.714367  0.000000  1.0
   -0.170328    0.716367  0.000000  1.0
   -0.170328    0.718367  0.000000  1.0
   -0.170328    0.720367  0.000000  1.0
   -0.170328    0.722367  0.000000  1.0
   -0.170328    0.724367  0.000000  1.0
   -0.170328    0.726367  0.000000  1.0
   -0.170328    0.728367  0.000000  1.0
   -0.170328    0.730367  0.000000  1.0
   -0.170328    0.732367  0.000000  1.0
   -0.170328    0.734367  0.000000  1.0
   -0.170328    0.736367  0.000000  1.0
   -0.170328    0.738367  0.000000  1.0
   -0.170328    0.740367  0.000000  1.0
   -0.170328    0.742367  0.000000  1.0
   -0.170328    0.744367  0.000000  1.0
   -0.168328    0.664367  0.000000  1.0
   -0.168328    0.666367  0.000000  1.0
   -0.168328    0.668367  0.000000  1.0
   -0.168328    0.670367  0.000000  1.0
   -0.168328    0.672367  0.000000  1.0
   -0.168328    0.674367  0.000000  1.0
   -0.168328    0.676367  0.000000  1.0
   -0.168328    0.678367  0.000000  1.0
   -0.168328    0.680367  0.000000  1.0
   -0.168328    0.682367  0.000000  1.0
   -0.168328    0.684367  0.000000  1.0
   -0.168328    0.686367  0.000000  1.0
   -0.168328    0.688367  0.000000  1.0
   -0.168328    0.690367  0.000000  1.0
   -0.168328    0.692367  0.000000  1.0
   -0.168328    0.694367  0.000000  1.0
   -0.168328    0.696367  0.000000  1.0
   -0.168328    0.698367  0.000000  1.0
   -0.168328    0.700367  0.000000  1.0
   -0.168328    0.702367  0.000000  1.0
   -0.168328    0.704367  0.000000  1.0
   -0.168328    0.706367  0.000000  1.0
   -0.168328    0.708367  0.000000  1.0
   -0.168328    0.710367  0.000000  1.0
   -0.168328    0.712367  0.000000  1.0
   -0.168328    0.714367  0.000000  1.0
   -0.168328    0.716367  0.000000  1.0
   -0.168328    0.718367  0.000000  1.0
   -0.168328    0.720367  0.000000  1.0
   -0.168328    0.722367  0.000000  1.0
   -0.168328    0.724367  0.000000  1.0
   -0.168328    0.726367  0.000000  1.0
   -0.168328    0.728367  0.000000  1.0
   -0.168328    0.730367  0.000000  1.0
   -0.168328    0.732367  0.000000  1.0
   -0.168328    0.734367  0.000000  1.0
   -0.168328    0.736367  0.000000  1.0
   -0.168328    0.738367  0.000000  1.0
   -0.168328    0.740367  0.000000  1.0
   -0.168328    0.742367  0.000000  1.0
   -0.168328    0.744367  0.000000  1.0
   -0.166328    0.664367  0.000000  1.0
   -0.166328    0.666367  0.000000  1.0
   -0.166328    0.668367  0.000000  1.0
   -0.166328    0.670367  0.000000  1.0
   -0.166328    0.672367  0.000000  1.0
   -0.166328    0.674367  0.000000  1.0
   -0.166328    0.676367  0.000000  1.0
   -0.166328    0.678367  0.000000  1.0
   -0.166328    0.680367  0.000000  1.0
   -0.166328    0.682367  0.000000  1.0
   -0.166328    0.684367  0.000000  1.0
   -0.166328    0.686367  0.000000  1.0
   -0.166328    0.688367  0.000000  1.0
   -0.166328    0.690367  0.000000  1.0
   -0.166328    0.692367  0.000000  1.0
   -0.166328    0.694367  0.000000  1.0
   -0.166328    0.696367  0.000000  1.0
   -0.166328    0.698367  0.000000  1.0
   -0.166328    0.700367  0.000000  1.0
   -0.166328    0.702367  0.000000  1.0
   -0.166328    0.704367  0.000000  1.0
   -0.166328    0.706367  0.000000  1.0
   -0.166328    0.708367  0.000000  1.0
   -0.166328    0.710367  0.000000  1.0
   -0.166328    0.712367  0.000000  1.0
   -0.166328    0.714367  0.000000  1.0
   -0.166328    0.716367  0.000000  1.0
   -0.166328    0.718367  0.000000  1.0
   -0.166328    0.720367  0.000000  1.0
   -0.166328    0.722367  0.000000  1.0
   -0.166328    0.724367  0.000000  1.0
   -0.166328    0.726367  0.000000  1.0
   -0.166328    0.728367  0.000000  1.0
   -0.166328    0.730367  0.000000  1.0
   -0.166328    0.732367  0.000000  1.0
   -0.166328    0.734367  0.000000  1.0
   -0.166328    0.736367  0.000000  1.0
   -0.166328    0.738367  0.000000  1.0
   -0.166328    0.740367  0.000000  1.0
   -0.166328    0.742367  0.000000  1.0
   -0.166328    0.744367  0.000000  1.0
   -0.164328    0.664367  0.000000  1.0
   -0.164328    0.666367  0.000000  1.0
   -0.164328    0.668367  0.000000  1.0
   -0.164328    0.670367  0.000000  1.0
   -0.164328    0.672367  0.000000  1.0
   -0.164328    0.674367  0.000000  1.0
   -0.164328    0.676367  0.000000  1.0
   -0.164328    0.678367  0.000000  1.0
   -0.164328    0.680367  0.000000  1.0
   -0.164328    0.682367  0.000000  1.0
   -0.164328    0.684367  0.000000  1.0
   -0.164328    0.686367  0.000000  1.0
   -0.164328    0.688367  0.000000  1.0
   -0.164328    0.690367  0.000000  1.0
   -0.164328    0.692367  0.000000  1.0
   -0.164328    0.694367  0.000000  1.0
   -0.164328    0.696367  0.000000  1.0
   -0.164328    0.698367  0.000000  1.0
   -0.164328    0.700367  0.000000  1.0
   -0.164328    0.702367  0.000000  1.0
   -0.164328    0.704367  0.000000  1.0
   -0.164328    0.706367  0.000000  1.0
   -0.164328    0.708367  0.000000  1.0
   -0.164328    0.710367  0.000000  1.0
   -0.164328    0.712367  0.000000  1.0
   -0.164328    0.714367  0.000000  1.0
   -0.164328    0.716367  0.000000  1.0
   -0.164328    0.718367  0.000000  1.0
   -0.164328    0.720367  0.000000  1.0
   -0.164328    0.722367  0.000000  1.0
   -0.164328    0.724367  0.000000  1.0
   -0.164328    0.726367  0.000000  1.0
   -0.164328    0.728367  0.000000  1.0
   -0.164328    0.730367  0.000000  1.0
   -0.164328    0.732367  0.000000  1.0
   -0.164328    0.734367  0.000000  1.0
   -0.164328    0.736367  0.000000  1.0
   -0.164328    0.738367  0.000000  1.0
   -0.164328    0.740367  0.000000  1.0
   -0.164328    0.742367  0.000000  1.0
   -0.164328    0.744367  0.000000  1.0
   -0.162328    0.664367  0.000000  1.0
   -0.162328    0.666367  0.000000  1.0
   -0.162328    0.668367  0.000000  1.0
   -0.162328    0.670367  0.000000  1.0
   -0.162328    0.672367  0.000000  1.0
   -0.162328    0.674367  0.000000  1.0
   -0.162328    0.676367  0.000000  1.0
   -0.162328    0.678367  0.000000  1.0
   -0.162328    0.680367  0.000000  1.0
   -0.162328    0.682367  0.000000  1.0
   -0.162328    0.684367  0.000000  1.0
   -0.162328    0.686367  0.000000  1.0
   -0.162328    0.688367  0.000000  1.0
   -0.162328    0.690367  0.000000  1.0
   -0.162328    0.692367  0.000000  1.0
   -0.162328    0.694367  0.000000  1.0
   -0.162328    0.696367  0.000000  1.0
   -0.162328    0.698367  0.000000  1.0
   -0.162328    0.700367  0.000000  1.0
   -0.162328    0.702367  0.000000  1.0
   -0.162328    0.704367  0.000000  1.0
   -0.162328    0.706367  0.000000  1.0
   -0.162328    0.708367  0.000000  1.0
   -0.162328    0.710367  0.000000  1.0
   -0.162328    0.712367  0.000000  1.0
   -0.162328    0.714367  0.000000  1.0
   -0.162328    0.716367  0.000000  1.0
   -0.162328    0.718367  0.000000  1.0
   -0.162328    0.720367  0.000000  1.0
   -0.162328    0.722367  0.000000  1.0
   -0.162328    0.724367  0.000000  1.0
   -0.162328    0.726367  0.000000  1.0
   -0.162328    0.728367  0.000000  1.0
   -0.162328    0.730367  0.000000  1.0
   -0.162328    0.732367  0.000000  1.0
   -0.162328    0.734367  0.000000  1.0
   -0.162328    0.736367  0.000000  1.0
   -0.162328    0.738367  0.000000  1.0
   -0.162328    0.740367  0.000000  1.0
   -0.162328    0.742367  0.000000  1.0
   -0.162328    0.744367  0.000000  1.0
   -0.160328    0.664367  0.000000  1.0
   -0.160328    0.666367  0.000000  1.0
   -0.160328    0.668367  0.000000  1.0
   -0.160328    0.670367  0.000000  1.0
   -0.160328    0.672367  0.000000  1.0
   -0.160328    0.674367  0.000000  1.0
   -0.160328    0.676367  0.000000  1.0
   -0.160328    0.678367  0.000000  1.0
   -0.160328    0.680367  0.000000  1.0
   -0.160328    0.682367  0.000000  1.0
   -0.160328    0.684367  0.000000  1.0
   -0.160328    0.686367  0.000000  1.0
   -0.160328    0.688367  0.000000  1.0
   -0.160328    0.690367  0.000000  1.0
   -0.160328    0.692367  0.000000  1.0
   -0.160328    0.694367  0.000000  1.0
   -0.160328    0.696367  0.000000  1.0
   -0.160328    0.698367  0.000000  1.0
   -0.160328    0.700367  0.000000  1.0
   -0.160328    0.702367  0.000000  1.0
   -0.160328    0.704367  0.000000  1.0
   -0.160328    0.706367  0.000000  1.0
   -0.160328    0.708367  0.000000  1.0
   -0.160328    0.710367  0.000000  1.0
   -0.160328    0.712367  0.000000  1.0
   -0.160328    0.714367  0.000000  1.0
   -0.160328    0.716367  0.000000  1.0
   -0.160328    0.718367  0.000000  1.0
   -0.160328    0.720367  0.000000  1.0
   -0.160328    0.722367  0.000000  1.0
   -0.160328    0.724367  0.000000  1.0
   -0.160328    0.726367  0.000000  1.0
   -0.160328    0.728367  0.000000  1.0
   -0.160328    0.730367  0.000000  1.0
   -0.160328    0.732367  0.000000  1.0
   -0.160328    0.734367  0.000000  1.0
   -0.160328    0.736367  0.000000  1.0
   -0.160328    0.738367  0.000000  1.0
   -0.160328    0.740367  0.000000  1.0
   -0.160328    0.742367  0.000000  1.0
   -0.160328    0.744367  0.000000  1.0
   -0.158328    0.664367  0.000000  1.0
   -0.158328    0.666367  0.000000  1.0
   -0.158328    0.668367  0.000000  1.0
   -0.158328    0.670367  0.000000  1.0
   -0.158328    0.672367  0.000000  1.0
   -0.158328    0.674367  0.000000  1.0
   -0.158328    0.676367  0.000000  1.0
   -0.158328    0.678367  0.000000  1.0
   -0.158328    0.680367  0.000000  1.0
   -0.158328    0.682367  0.000000  1.0
   -0.158328    0.684367  0.000000  1.0
   -0.158328    0.686367  0.000000  1.0
   -0.158328    0.688367  0.000000  1.0
   -0.158328    0.690367  0.000000  1.0
   -0.158328    0.692367  0.000000  1.0
   -0.158328    0.694367  0.000000  1.0
   -0.158328    0.696367  0.000000  1.0
   -0.158328    0.698367  0.000000  1.0
   -0.158328    0.700367  0.000000  1.0
   -0.158328    0.702367  0.000000  1.0
   -0.158328    0.704367  0.000000  1.0
   -0.158328    0.706367  0.000000  1.0
   -0.158328    0.708367  0.000000  1.0
   -0.158328    0.710367  0.000000  1.0
   -0.158328    0.712367  0.000000  1.0
   -0.158328    0.714367  0.000000  1.0
   -0.158328    0.716367  0.000000  1.0
   -0.158328    0.718367  0.000000  1.0
   -0.158328    0.720367  0.000000  1.0
   -0.158328    0.722367  0.000000  1.0
   -0.158328    0.724367  0.000000  1.0
   -0.158328    0.726367  0.000000  1.0
   -0.158328    0.728367  0.000000  1.0
   -0.158328    0.730367  0.000000  1.0
   -0.158328    0.732367  0.000000  1.0
   -0.158328    0.734367  0.000000  1.0
   -0.158328    0.736367  0.000000  1.0
   -0.158328    0.738367  0.000000  1.0
   -0.158328    0.740367  0.000000  1.0
   -0.158328    0.742367  0.000000  1.0
   -0.158328    0.744367  0.000000  1.0
   -0.156328    0.664367  0.000000  1.0
   -0.156328    0.666367  0.000000  1.0
   -0.156328    0.668367  0.000000  1.0
   -0.156328    0.670367  0.000000  1.0
   -0.156328    0.672367  0.000000  1.0
   -0.156328    0.674367  0.000000  1.0
   -0.156328    0.676367  0.000000  1.0
   -0.156328    0.678367  0.000000  1.0
   -0.156328    0.680367  0.000000  1.0
   -0.156328    0.682367  0.000000  1.0
   -0.156328    0.684367  0.000000  1.0
   -0.156328    0.686367  0.000000  1.0
   -0.156328    0.688367  0.000000  1.0
   -0.156328    0.690367  0.000000  1.0
   -0.156328    0.692367  0.000000  1.0
   -0.156328    0.694367  0.000000  1.0
   -0.156328    0.696367  0.000000  1.0
   -0.156328    0.698367  0.000000  1.0
   -0.156328    0.700367  0.000000  1.0
   -0.156328    0.702367  0.000000  1.0
   -0.156328    0.704367  0.000000  1.0
   -0.156328    0.706367  0.000000  1.0
   -0.156328    0.708367  0.000000  1.0
   -0.156328    0.710367  0.000000  1.0
   -0.156328    0.712367  0.000000  1.0
   -0.156328    0.714367  0.000000  1.0
   -0.156328    0.716367  0.000000  1.0
   -0.156328    0.718367  0.000000  1.0
   -0.156328    0.720367  0.000000  1.0
   -0.156328    0.722367  0.000000  1.0
   -0.156328    0.724367  0.000000  1.0
   -0.156328    0.726367  0.000000  1.0
   -0.156328    0.728367  0.000000  1.0
   -0.156328    0.730367  0.000000  1.0
   -0.156328    0.732367  0.000000  1.0
   -0.156328    0.734367  0.000000  1.0
   -0.156328    0.736367  0.000000  1.0
   -0.156328    0.738367  0.000000  1.0
   -0.156328    0.740367  0.000000  1.0
   -0.156328    0.742367  0.000000  1.0
   -0.156328    0.744367  0.000000  1.0
   -0.154328    0.664367  0.000000  1.0
   -0.154328    0.666367  0.000000  1.0
   -0.154328    0.668367  0.000000  1.0
   -0.154328    0.670367  0.000000  1.0
   -0.154328    0.672367  0.000000  1.0
   -0.154328    0.674367  0.000000  1.0
   -0.154328    0.676367  0.000000  1.0
   -0.154328    0.678367  0.000000  1.0
   -0.154328    0.680367  0.000000  1.0
   -0.154328    0.682367  0.000000  1.0
   -0.154328    0.684367  0.000000  1.0
   -0.154328    0.686367  0.000000  1.0
   -0.154328    0.688367  0.000000  1.0
   -0.154328    0.690367  0.000000  1.0
   -0.154328    0.692367  0.000000  1.0
   -0.154328    0.694367  0.000000  1.0
   -0.154328    0.696367  0.000000  1.0
   -0.154328    0.698367  0.000000  1.0
   -0.154328    0.700367  0.000000  1.0
   -0.154328    0.702367  0.000000  1.0
   -0.154328    0.704367  0.000000  1.0
   -0.154328    0.706367  0.000000  1.0
   -0.154328    0.708367  0.000000  1.0
   -0.154328    0.710367  0.000000  1.0
   -0.154328    0.712367  0.000000  1.0
   -0.154328    0.714367  0.000000  1.0
   -0.154328    0.716367  0.000000  1.0
   -0.154328    0.718367  0.000000  1.0
   -0.154328    0.720367  0.000000  1.0
   -0.154328    0.722367  0.000000  1.0
   -0.154328    0.724367  0.000000  1.0
   -0.154328    0.726367  0.000000  1.0
   -0.154328    0.728367  0.000000  1.0
   -0.154328    0.730367  0.000000  1.0
   -0.154328    0.732367  0.000000  1.0
   -0.154328    0.734367  0.000000  1.0
   -0.154328    0.736367  0.000000  1.0
   -0.154328    0.738367  0.000000  1.0
   -0.154328    0.740367  0.000000  1.0
   -0.154328    0.742367  0.000000  1.0
   -0.154328    0.744367  0.000000  1.0
   -0.152328    0.664367  0.000000  1.0
   -0.152328    0.666367  0.000000  1.0
   -0.152328    0.668367  0.000000  1.0
   -0.152328    0.670367  0.000000  1.0
   -0.152328    0.672367  0.000000  1.0
   -0.152328    0.674367  0.000000  1.0
   -0.152328    0.676367  0.000000  1.0
   -0.152328    0.678367  0.000000  1.0
   -0.152328    0.680367  0.000000  1.0
   -0.152328    0.682367  0.000000  1.0
   -0.152328    0.684367  0.000000  1.0
   -0.152328    0.686367  0.000000  1.0
   -0.152328    0.688367  0.000000  1.0
   -0.152328    0.690367  0.000000  1.0
   -0.152328    0.692367  0.000000  1.0
   -0.152328    0.694367  0.000000  1.0
   -0.152328    0.696367  0.000000  1.0
   -0.152328    0.698367  0.000000  1.0
   -0.152328    0.700367  0.000000  1.0
   -0.152328    0.702367  0.000000  1.0
   -0.152328    0.704367  0.000000  1.0
   -0.152328    0.706367  0.000000  1.0
   -0.152328    0.708367  0.000000  1.0
   -0.152328    0.710367  0.000000  1.0
   -0.152328    0.712367  0.000000  1.0
   -0.152328    0.714367  0.000000  1.0
   -0.152328    0.716367  0.000000  1.0
   -0.152328    0.718367  0.000000  1.0
   -0.152328    0.720367  0.000000  1.0
   -0.152328    0.722367  0.000000  1.0
   -0.152328    0.724367  0.000000  1.0
   -0.152328    0.726367  0.000000  1.0
   -0.152328    0.728367  0.000000  1.0
   -0.152328    0.730367  0.000000  1.0
   -0.152328    0.732367  0.000000  1.0
   -0.152328    0.734367  0.000000  1.0
   -0.152328    0.736367  0.000000  1.0
   -0.152328    0.738367  0.000000  1.0
   -0.152328    0.740367  0.000000  1.0
   -0.152328    0.742367  0.000000  1.0
   -0.152328    0.744367  0.000000  1.0
   -0.150328    0.664367  0.000000  1.0
   -0.150328    0.666367  0.000000  1.0
   -0.150328    0.668367  0.000000  1.0
   -0.150328    0.670367  0.000000  1.0
   -0.150328    0.672367  0.000000  1.0
   -0.150328    0.674367  0.000000  1.0
   -0.150328    0.676367  0.000000  1.0
   -0.150328    0.678367  0.000000  1.0
   -0.150328    0.680367  0.000000  1.0
   -0.150328    0.682367  0.000000  1.0
   -0.150328    0.684367  0.000000  1.0
   -0.150328    0.686367  0.000000  1.0
   -0.150328    0.688367  0.000000  1.0
   -0.150328    0.690367  0.000000  1.0
   -0.150328    0.692367  0.000000  1.0
   -0.150328    0.694367  0.000000  1.0
   -0.150328    0.696367  0.000000  1.0
   -0.150328    0.698367  0.000000  1.0
   -0.150328    0.700367  0.000000  1.0
   -0.150328    0.702367  0.000000  1.0
   -0.150328    0.704367  0.000000  1.0
   -0.150328    0.706367  0.000000  1.0
   -0.150328    0.708367  0.000000  1.0
   -0.150328    0.710367  0.000000  1.0
   -0.150328    0.712367  0.000000  1.0
   -0.150328    0.714367  0.000000  1.0
   -0.150328    0.716367  0.000000  1.0
   -0.150328    0.718367  0.000000  1.0
   -0.150328    0.720367  0.000000  1.0
   -0.150328    0.722367  0.000000  1.0
   -0.150328    0.724367  0.000000  1.0
   -0.150328    0.726367  0.000000  1.0
   -0.150328    0.728367  0.000000  1.0
   -0.150328    0.730367  0.000000  1.0
   -0.150328    0.732367  0.000000  1.0
   -0.150328    0.734367  0.000000  1.0
   -0.150328    0.736367  0.000000  1.0
   -0.150328    0.738367  0.000000  1.0
   -0.150328    0.740367  0.000000  1.0
   -0.150328    0.742367  0.000000  1.0
   -0.150328    0.744367  0.000000  1.0
   -0.148328    0.664367  0.000000  1.0
   -0.148328    0.666367  0.000000  1.0
   -0.148328    0.668367  0.000000  1.0
   -0.148328    0.670367  0.000000  1.0
   -0.148328    0.672367  0.000000  1.0
   -0.148328    0.674367  0.000000  1.0
   -0.148328    0.676367  0.000000  1.0
   -0.148328    0.678367  0.000000  1.0
   -0.148328    0.680367  0.000000  1.0
   -0.148328    0.682367  0.000000  1.0
   -0.148328    0.684367  0.000000  1.0
   -0.148328    0.686367  0.000000  1.0
   -0.148328    0.688367  0.000000  1.0
   -0.148328    0.690367  0.000000  1.0
   -0.148328    0.692367  0.000000  1.0
   -0.148328    0.694367  0.000000  1.0
   -0.148328    0.696367  0.000000  1.0
   -0.148328    0.698367  0.000000  1.0
   -0.148328    0.700367  0.000000  1.0
   -0.148328    0.702367  0.000000  1.0
   -0.148328    0.704367  0.000000  1.0
   -0.148328    0.706367  0.000000  1.0
   -0.148328    0.708367  0.000000  1.0
   -0.148328    0.710367  0.000000  1.0
   -0.148328    0.712367  0.000000  1.0
   -0.148328    0.714367  0.000000  1.0
   -0.148328    0.716367  0.000000  1.0
   -0.148328    0.718367  0.000000  1.0
   -0.148328    0.720367  0.000000  1.0
   -0.148328    0.722367  0.000000  1.0
   -0.148328    0.724367  0.000000  1.0
   -0.148328    0.726367  0.000000  1.0
   -0.148328    0.728367  0.000000  1.0
   -0.148328    0.730367  0.000000  1.0
   -0.148328    0.732367  0.000000  1.0
   -0.148328    0.734367  0.000000  1.0
   -0.148328    0.736367  0.000000  1.0
   -0.148328    0.738367  0.000000  1.0
   -0.148328    0.740367  0.000000  1.0
   -0.148328    0.742367  0.000000  1.0
   -0.148328    0.744367  0.000000  1.0
   -0.146328    0.664367  0.000000  1.0
   -0.146328    0.666367  0.000000  1.0
   -0.146328    0.668367  0.000000  1.0
   -0.146328    0.670367  0.000000  1.0
   -0.146328    0.672367  0.000000  1.0
   -0.146328    0.674367  0.000000  1.0
   -0.146328    0.676367  0.000000  1.0
   -0.146328    0.678367  0.000000  1.0
   -0.146328    0.680367  0.000000  1.0
   -0.146328    0.682367  0.000000  1.0
   -0.146328    0.684367  0.000000  1.0
   -0.146328    0.686367  0.000000  1.0
   -0.146328    0.688367  0.000000  1.0
   -0.146328    0.690367  0.000000  1.0
   -0.146328    0.692367  0.000000  1.0
   -0.146328    0.694367  0.000000  1.0
   -0.146328    0.696367  0.000000  1.0
   -0.146328    0.698367  0.000000  1.0
   -0.146328    0.700367  0.000000  1.0
   -0.146328    0.702367  0.000000  1.0
   -0.146328    0.704367  0.000000  1.0
   -0.146328    0.706367  0.000000  1.0
   -0.146328    0.708367  0.000000  1.0
   -0.146328    0.710367  0.000000  1.0
   -0.146328    0.712367  0.000000  1.0
   -0.146328    0.714367  0.000000  1.0
   -0.146328    0.716367  0.000000  1.0
   -0.146328    0.718367  0.000000  1.0
   -0.146328    0.720367  0.000000  1.0
   -0.146328    0.722367  0.000000  1.0
   -0.146328    0.724367  0.000000  1.0
   -0.146328    0.726367  0.000000  1.0
   -0.146328    0.728367  0.000000  1.0
   -0.146328    0.730367  0.000000  1.0
   -0.146328    0.732367  0.000000  1.0
   -0.146328    0.734367  0.000000  1.0
   -0.146328    0.736367  0.000000  1.0
   -0.146328    0.738367  0.000000  1.0
   -0.146328    0.740367  0.000000  1.0
   -0.146328    0.742367  0.000000  1.0
   -0.146328    0.744367  0.000000  1.0
   -0.144328    0.664367  0.000000  1.0
   -0.144328    0.666367  0.000000  1.0
   -0.144328    0.668367  0.000000  1.0
   -0.144328    0.670367  0.000000  1.0
   -0.144328    0.672367  0.000000  1.0
   -0.144328    0.674367  0.000000  1.0
   -0.144328    0.676367  0.000000  1.0
   -0.144328    0.678367  0.000000  1.0
   -0.144328    0.680367  0.000000  1.0
   -0.144328    0.682367  0.000000  1.0
   -0.144328    0.684367  0.000000  1.0
   -0.144328    0.686367  0.000000  1.0
   -0.144328    0.688367  0.000000  1.0
   -0.144328    0.690367  0.000000  1.0
   -0.144328    0.692367  0.000000  1.0
   -0.144328    0.694367  0.000000  1.0
   -0.144328    0.696367  0.000000  1.0
   -0.144328    0.698367  0.000000  1.0
   -0.144328    0.700367  0.000000  1.0
   -0.144328    0.702367  0.000000  1.0
   -0.144328    0.704367  0.000000  1.0
   -0.144328    0.706367  0.000000  1.0
   -0.144328    0.708367  0.000000  1.0
   -0.144328    0.710367  0.000000  1.0
   -0.144328    0.712367  0.000000  1.0
   -0.144328    0.714367  0.000000  1.0
   -0.144328    0.716367  0.000000  1.0
   -0.144328    0.718367  0.000000  1.0
   -0.144328    0.720367  0.000000  1.0
   -0.144328    0.722367  0.000000  1.0
   -0.144328    0.724367  0.000000  1.0
   -0.144328    0.726367  0.000000  1.0
   -0.144328    0.728367  0.000000  1.0
   -0.144328    0.730367  0.000000  1.0
   -0.144328    0.732367  0.000000  1.0
   -0.144328    0.734367  0.000000  1.0
   -0.144328    0.736367  0.000000  1.0
   -0.144328    0.738367  0.000000  1.0
   -0.144328    0.740367  0.000000  1.0
   -0.144328    0.742367  0.000000  1.0
   -0.144328    0.744367  0.000000  1.0
   -0.142328    0.664367  0.000000  1.0
   -0.142328    0.666367  0.000000  1.0
   -0.142328    0.668367  0.000000  1.0
   -0.142328    0.670367  0.000000  1.0
   -0.142328    0.672367  0.000000  1.0
   -0.142328    0.674367  0.000000  1.0
   -0.142328    0.676367  0.000000  1.0
   -0.142328    0.678367  0.000000  1.0
   -0.142328    0.680367  0.000000  1.0
   -0.142328    0.682367  0.000000  1.0
   -0.142328    0.684367  0.000000  1.0
   -0.142328    0.686367  0.000000  1.0
   -0.142328    0.688367  0.000000  1.0
   -0.142328    0.690367  0.000000  1.0
   -0.142328    0.692367  0.000000  1.0
   -0.142328    0.694367  0.000000  1.0
   -0.142328    0.696367  0.000000  1.0
   -0.142328    0.698367  0.000000  1.0
   -0.142328    0.700367  0.000000  1.0
   -0.142328    0.702367  0.000000  1.0
   -0.142328    0.704367  0.000000  1.0
   -0.142328    0.706367  0.000000  1.0
   -0.142328    0.708367  0.000000  1.0
   -0.142328    0.710367  0.000000  1.0
   -0.142328    0.712367  0.000000  1.0
   -0.142328    0.714367  0.000000  1.0
   -0.142328    0.716367  0.000000  1.0
   -0.142328    0.718367  0.000000  1.0
   -0.142328    0.720367  0.000000  1.0
   -0.142328    0.722367  0.000000  1.0
   -0.142328    0.724367  0.000000  1.0
   -0.142328    0.726367  0.000000  1.0
   -0.142328    0.728367  0.000000  1.0
   -0.142328    0.730367  0.000000  1.0
   -0.142328    0.732367  0.000000  1.0
   -0.142328    0.734367  0.000000  1.0
   -0.142328    0.736367  0.000000  1.0
   -0.142328    0.738367  0.000000  1.0
   -0.142328    0.740367  0.000000  1.0
   -0.142328    0.742367  0.000000  1.0
   -0.142328    0.744367  0.000000  1.0
   -0.140328    0.664367  0.000000  1.0
   -0.140328    0.666367  0.000000  1.0
   -0.140328    0.668367  0.000000  1.0
   -0.140328    0.670367  0.000000  1.0
   -0.140328    0.672367  0.000000  1.0
   -0.140328    0.674367  0.000000  1.0
   -0.140328    0.676367  0.000000  1.0
   -0.140328    0.678367  0.000000  1.0
   -0.140328    0.680367  0.000000  1.0
   -0.140328    0.682367  0.000000  1.0
   -0.140328    0.684367  0.000000  1.0
   -0.140328    0.686367  0.000000  1.0
   -0.140328    0.688367  0.000000  1.0
   -0.140328    0.690367  0.000000  1.0
   -0.140328    0.692367  0.000000  1.0
   -0.140328    0.694367  0.000000  1.0
   -0.140328    0.696367  0.000000  1.0
   -0.140328    0.698367  0.000000  1.0
   -0.140328    0.700367  0.000000  1.0
   -0.140328    0.702367  0.000000  1.0
   -0.140328    0.704367  0.000000  1.0
   -0.140328    0.706367  0.000000  1.0
   -0.140328    0.708367  0.000000  1.0
   -0.140328    0.710367  0.000000  1.0
   -0.140328    0.712367  0.000000  1.0
   -0.140328    0.714367  0.000000  1.0
   -0.140328    0.716367  0.000000  1.0
   -0.140328    0.718367  0.000000  1.0
   -0.140328    0.720367  0.000000  1.0
   -0.140328    0.722367  0.000000  1.0
   -0.140328    0.724367  0.000000  1.0
   -0.140328    0.726367  0.000000  1.0
   -0.140328    0.728367  0.000000  1.0
   -0.140328    0.730367  0.000000  1.0
   -0.140328    0.732367  0.000000  1.0
   -0.140328    0.734367  0.000000  1.0
   -0.140328    0.736367  0.000000  1.0
   -0.140328    0.738367  0.000000  1.0
   -0.140328    0.740367  0.000000  1.0
   -0.140328    0.742367  0.000000  1.0
   -0.140328    0.744367  0.000000  1.0
