&CONTROL
  calculation = 'bands'
  prefix = 'graphene26.0upper'
  outdir = './tmp'
  pseudo_dir = './'
  verbosity = 'high'
/
&SYSTEM
  ibrav = 0
  nat = 2
  ntyp = 1
  ecutwfc = 40.0
  nosym = .true.
  noinv = .true.
  nbnd = 8
/
&ELECTRONS
/
ATOMIC_SPECIES
  C  12.011 C.pbe-n-kjpaw_psl.1.0.0.UPF
CELL_PARAMETERS {bohr}
  5.828664  0.000000  0.000000
  2.914332  4.006167  0.000000
  0.000000  0.000000  28.346456
ATOMIC_POSITIONS {crystal}
  C  0.004078  -0.008101  0.000000
  C  0.329255  0.341434  0.000000
K_POINTS {tpiba}
1681
   -0.089180    0.687461  0.000000  1.0
   -0.089180    0.689461  0.000000  1.0
   -0.089180    0.691461  0.000000  1.0
   -0.089180    0.693461  0.000000  1.0
   -0.089180    0.695461  0.000000  1.0
   -0.089180    0.697461  0.000000  1.0
   -0.089180    0.699461  0.000000  1.0
   -0.089180    0.701461  0.000000  1.0
   -0.089180    0.703461  0.000000  1.0
   -0.089180    0.705461  0.000000  1.0
   -0.089180    0.707461  0.000000  1.0
   -0.089180    0.709461  0.000000  1.0
   -0.089180    0.711461  0.000000  1.0
   -0.089180    0.713461  0.000000  1.0
   -0.089180    0.715461  0.000000  1.0
   -0.089180    0.717461  0.000000  1.0
   -0.089180    0.719461  0.000000  1.0
   -0.089180    0.721461  0.000000  1.0
   -0.089180    0.723461  0.000000  1.0
   -0.089180    0.725461  0.000000  1.0
   -0.089180    0.727461  0.000000  1.0
   -0.089180    0.729461  0.000000  1.0
   -0.089180    0.731461  0.000000  1.0
   -0.089180    0.733461  0.000000  1.0
   -0.089180    0.735461  0.000000  1.0
   -0.089180    0.737461  0.000000  1.0
   -0.089180    0.739461  0.000000  1.0
   -0.089180    0.741461  0.000000  1.0
   -0.089180    0.743461  0.000000  1.0
   -0.089180    0.745461  0.000000  1.0
   -0.089180    0.747461  0.000000  1.0
   -0.089180    0.749461  0.000000  1.0
   -0.089180    0.751461  0.000000  1.0
   -0.089180    0.753461  0.000000  1.0
   -0.089180    0.755461  0.000000  1.0
   -0.089180    0.757461  0.000000  1.0
   -0.089180    0.759461  0.000000  1.0
   -0.089180    0.761461  0.000000  1.0
   -0.089180    0.763461  0.000000  1.0
   -0.089180    0.765461  0.000000  1.0
   -0.089180    0.767461  0.000000  1.0
   -0.087180    0.687461  0.000000  1.0
   -0.087180    0.689461  0.000000  1.0
   -0.087180    0.691461  0.000000  1.0
   -0.087180    0.693461  0.000000  1.0
   -0.087180    0.695461  0.000000  1.0
   -0.087180    0.697461  0.000000  1.0
   -0.087180    0.699461  0.000000  1.0
   -0.087180    0.701461  0.000000  1.0
   -0.087180    0.703461  0.000000  1.0
   -0.087180    0.705461  0.000000  1.0
   -0.087180    0.707461  0.000000  1.0
   -0.087180    0.709461  0.000000  1.0
   -0.087180    0.711461  0.000000  1.0
   -0.087180    0.713461  0.000000  1.0
   -0.087180    0.715461  0.000000  1.0
   -0.087180    0.717461  0.000000  1.0
   -0.087180    0.719461  0.000000  1.0
   -0.087180    0.721461  0.000000  1.0
   -0.087180    0.723461  0.000000  1.0
   -0.087180    0.725461  0.000000  1.0
   -0.087180    0.727461  0.000000  1.0
   -0.087180    0.729461  0.000000  1.0
   -0.087180    0.731461  0.000000  1.0
   -0.087180    0.733461  0.000000  1.0
   -0.087180    0.735461  0.000000  1.0
   -0.087180    0.737461  0.000000  1.0
   -0.087180    0.739461  0.000000  1.0
   -0.087180    0.741461  0.000000  1.0
   -0.087180    0.743461  0.000000  1.0
   -0.087180    0.745461  0.000000  1.0
   -0.087180    0.747461  0.000000  1.0
   -0.087180    0.749461  0.000000  1.0
   -0.087180    0.751461  0.000000  1.0
   -0.087180    0.753461  0.000000  1.0
   -0.087180    0.755461  0.000000  1.0
   -0.087180    0.757461  0.000000  1.0
   -0.087180    0.759461  0.000000  1.0
   -0.087180    0.761461  0.000000  1.0
   -0.087180    0.763461  0.000000  1.0
   -0.087180    0.765461  0.000000  1.0
   -0.087180    0.767461  0.000000  1.0
   -0.085180    0.687461  0.000000  1.0
   -0.085180    0.689461  0.000000  1.0
   -0.085180    0.691461  0.000000  1.0
   -0.085180    0.693461  0.000000  1.0
   -0.085180    0.695461  0.000000  1.0
   -0.085180    0.697461  0.000000  1.0
   -0.085180    0.699461  0.000000  1.0
   -0.085180    0.701461  0.000000  1.0
   -0.085180    0.703461  0.000000  1.0
   -0.085180    0.705461  0.000000  1.0
   -0.085180    0.707461  0.000000  1.0
   -0.085180    0.709461  0.000000  1.0
   -0.085180    0.711461  0.000000  1.0
   -0.085180    0.713461  0.000000  1.0
   -0.085180    0.715461  0.000000  1.0
   -0.085180    0.717461  0.000000  1.0
   -0.085180    0.719461  0.000000  1.0
   -0.085180    0.721461  0.000000  1.0
   -0.085180    0.723461  0.000000  1.0
   -0.085180    0.725461  0.000000  1.0
   -0.085180    0.727461  0.000000  1.0
   -0.085180    0.729461  0.000000  1.0
   -0.085180    0.731461  0.000000  1.0
   -0.085180    0.733461  0.000000  1.0
   -0.085180    0.735461  0.000000  1.0
   -0.085180    0.737461  0.000000  1.0
   -0.085180    0.739461  0.000000  1.0
   -0.085180    0.741461  0.000000  1.0
   -0.085180    0.743461  0.000000  1.0
   -0.085180    0.745461  0.000000  1.0
   -0.085180    0.747461  0.000000  1.0
   -0.085180    0.749461  0.000000  1.0
   -0.085180    0.751461  0.000000  1.0
   -0.085180    0.753461  0.000000  1.0
   -0.085180    0.755461  0.000000  1.0
   -0.085180    0.757461  0.000000  1.0
   -0.085180    0.759461  0.000000  1.0
   -0.085180    0.761461  0.000000  1.0
   -0.085180    0.763461  0.000000  1.0
   -0.085180    0.765461  0.000000  1.0
   -0.085180    0.767461  0.000000  1.0
   -0.083180    0.687461  0.000000  1.0
   -0.083180    0.689461  0.000000  1.0
   -0.083180    0.691461  0.000000  1.0
   -0.083180    0.693461  0.000000  1.0
   -0.083180    0.695461  0.000000  1.0
   -0.083180    0.697461  0.000000  1.0
   -0.083180    0.699461  0.000000  1.0
   -0.083180    0.701461  0.000000  1.0
   -0.083180    0.703461  0.000000  1.0
   -0.083180    0.705461  0.000000  1.0
   -0.083180    0.707461  0.000000  1.0
   -0.083180    0.709461  0.000000  1.0
   -0.083180    0.711461  0.000000  1.0
   -0.083180    0.713461  0.000000  1.0
   -0.083180    0.715461  0.000000  1.0
   -0.083180    0.717461  0.000000  1.0
   -0.083180    0.719461  0.000000  1.0
   -0.083180    0.721461  0.000000  1.0
   -0.083180    0.723461  0.000000  1.0
   -0.083180    0.725461  0.000000  1.0
   -0.083180    0.727461  0.000000  1.0
   -0.083180    0.729461  0.000000  1.0
   -0.083180    0.731461  0.000000  1.0
   -0.083180    0.733461  0.000000  1.0
   -0.083180    0.735461  0.000000  1.0
   -0.083180    0.737461  0.000000  1.0
   -0.083180    0.739461  0.000000  1.0
   -0.083180    0.741461  0.000000  1.0
   -0.083180    0.743461  0.000000  1.0
   -0.083180    0.745461  0.000000  1.0
   -0.083180    0.747461  0.000000  1.0
   -0.083180    0.749461  0.000000  1.0
   -0.083180    0.751461  0.000000  1.0
   -0.083180    0.753461  0.000000  1.0
   -0.083180    0.755461  0.000000  1.0
   -0.083180    0.757461  0.000000  1.0
   -0.083180    0.759461  0.000000  1.0
   -0.083180    0.761461  0.000000  1.0
   -0.083180    0.763461  0.000000  1.0
   -0.083180    0.765461  0.000000  1.0
   -0.083180    0.767461  0.000000  1.0
   -0.081180    0.687461  0.000000  1.0
   -0.081180    0.689461  0.000000  1.0
   -0.081180    0.691461  0.000000  1.0
   -0.081180    0.693461  0.000000  1.0
   -0.081180    0.695461  0.000000  1.0
   -0.081180    0.697461  0.000000  1.0
   -0.081180    0.699461  0.000000  1.0
   -0.081180    0.701461  0.000000  1.0
   -0.081180    0.703461  0.000000  1.0
   -0.081180    0.705461  0.000000  1.0
   -0.081180    0.707461  0.000000  1.0
   -0.081180    0.709461  0.000000  1.0
   -0.081180    0.711461  0.000000  1.0
   -0.081180    0.713461  0.000000  1.0
   -0.081180    0.715461  0.000000  1.0
   -0.081180    0.717461  0.000000  1.0
   -0.081180    0.719461  0.000000  1.0
   -0.081180    0.721461  0.000000  1.0
   -0.081180    0.723461  0.000000  1.0
   -0.081180    0.725461  0.000000  1.0
   -0.081180    0.727461  0.000000  1.0
   -0.081180    0.729461  0.000000  1.0
   -0.081180    0.731461  0.000000  1.0
   -0.081180    0.733461  0.000000  1.0
   -0.081180    0.735461  0.000000  1.0
   -0.081180    0.737461  0.000000  1.0
   -0.081180    0.739461  0.000000  1.0
   -0.081180    0.741461  0.000000  1.0
   -0.081180    0.743461  0.000000  1.0
   -0.081180    0.745461  0.000000  1.0
   -0.081180    0.747461  0.000000  1.0
   -0.081180    0.749461  0.000000  1.0
   -0.081180    0.751461  0.000000  1.0
   -0.081180    0.753461  0.000000  1.0
   -0.081180    0.755461  0.000000  1.0
   -0.081180    0.757461  0.000000  1.0
   -0.081180    0.759461  0.000000  1.0
   -0.081180    0.761461  0.000000  1.0
   -0.081180    0.763461  0.000000  1.0
   -0.081180    0.765461  0.000000  1.0
   -0.081180    0.767461  0.000000  1.0
   -0.079180    0.687461  0.000000  1.0
   -0.079180    0.689461  0.000000  1.0
   -0.079180    0.691461  0.000000  1.0
   -0.079180    0.693461  0.000000  1.0
   -0.079180    0.695461  0.000000  1.0
   -0.079180    0.697461  0.000000  1.0
   -0.079180    0.699461  0.000000  1.0
   -0.079180    0.701461  0.000000  1.0
   -0.079180    0.703461  0.000000  1.0
   -0.079180    0.705461  0.000000  1.0
   -0.079180    0.707461  0.000000  1.0
   -0.079180    0.709461  0.000000  1.0
   -0.079180    0.711461  0.000000  1.0
   -0.079180    0.713461  0.000000  1.0
   -0.079180    0.715461  0.000000  1.0
   -0.079180    0.717461  0.000000  1.0
   -0.079180    0.719461  0.000000  1.0
   -0.079180    0.721461  0.000000  1.0
   -0.079180    0.723461  0.000000  1.0
   -0.079180    0.725461  0.000000  1.0
   -0.079180    0.727461  0.000000  1.0
   -0.079180    0.729461  0.000000  1.0
   -0.079180    0.731461  0.000000  1.0
   -0.079180    0.733461  0.000000  1.0
   -0.079180    0.735461  0.000000  1.0
   -0.079180    0.737461  0.000000  1.0
   -0.079180    0.739461  0.000000  1.0
   -0.079180    0.741461  0.000000  1.0
   -0.079180    0.743461  0.000000  1.0
   -0.079180    0.745461  0.000000  1.0
   -0.079180    0.747461  0.000000  1.0
   -0.079180    0.749461  0.000000  1.0
   -0.079180    0.751461  0.000000  1.0
   -0.079180    0.753461  0.000000  1.0
   -0.079180    0.755461  0.000000  1.0
   -0.079180    0.757461  0.000000  1.0
   -0.079180    0.759461  0.000000  1.0
   -0.079180    0.761461  0.000000  1.0
   -0.079180    0.763461  0.000000  1.0
   -0.079180    0.765461  0.000000  1.0
   -0.079180    0.767461  0.000000  1.0
   -0.077180    0.687461  0.000000  1.0
   -0.077180    0.689461  0.000000  1.0
   -0.077180    0.691461  0.000000  1.0
   -0.077180    0.693461  0.000000  1.0
   -0.077180    0.695461  0.000000  1.0
   -0.077180    0.697461  0.000000  1.0
   -0.077180    0.699461  0.000000  1.0
   -0.077180    0.701461  0.000000  1.0
   -0.077180    0.703461  0.000000  1.0
   -0.077180    0.705461  0.000000  1.0
   -0.077180    0.707461  0.000000  1.0
   -0.077180    0.709461  0.000000  1.0
   -0.077180    0.711461  0.000000  1.0
   -0.077180    0.713461  0.000000  1.0
   -0.077180    0.715461  0.000000  1.0
   -0.077180    0.717461  0.000000  1.0
   -0.077180    0.719461  0.000000  1.0
   -0.077180    0.721461  0.000000  1.0
   -0.077180    0.723461  0.000000  1.0
   -0.077180    0.725461  0.000000  1.0
   -0.077180    0.727461  0.000000  1.0
   -0.077180    0.729461  0.000000  1.0
   -0.077180    0.731461  0.000000  1.0
   -0.077180    0.733461  0.000000  1.0
   -0.077180    0.735461  0.000000  1.0
   -0.077180    0.737461  0.000000  1.0
   -0.077180    0.739461  0.000000  1.0
   -0.077180    0.741461  0.000000  1.0
   -0.077180    0.743461  0.000000  1.0
   -0.077180    0.745461  0.000000  1.0
   -0.077180    0.747461  0.000000  1.0
   -0.077180    0.749461  0.000000  1.0
   -0.077180    0.751461  0.000000  1.0
   -0.077180    0.753461  0.000000  1.0
   -0.077180    0.755461  0.000000  1.0
   -0.077180    0.757461  0.000000  1.0
   -0.077180    0.759461  0.000000  1.0
   -0.077180    0.761461  0.000000  1.0
   -0.077180    0.763461  0.000000  1.0
   -0.077180    0.765461  0.000000  1.0
   -0.077180    0.767461  0.000000  1.0
   -0.075180    0.687461  0.000000  1.0
   -0.075180    0.689461  0.000000  1.0
   -0.075180    0.691461  0.000000  1.0
   -0.075180    0.693461  0.000000  1.0
   -0.075180    0.695461  0.000000  1.0
   -0.075180    0.697461  0.000000  1.0
   -0.075180    0.699461  0.000000  1.0
   -0.075180    0.701461  0.000000  1.0
   -0.075180    0.703461  0.000000  1.0
   -0.075180    0.705461  0.000000  1.0
   -0.075180    0.707461  0.000000  1.0
   -0.075180    0.709461  0.000000  1.0
   -0.075180    0.711461  0.000000  1.0
   -0.075180    0.713461  0.000000  1.0
   -0.075180    0.715461  0.000000  1.0
   -0.075180    0.717461  0.000000  1.0
   -0.075180    0.719461  0.000000  1.0
   -0.075180    0.721461  0.000000  1.0
   -0.075180    0.723461  0.000000  1.0
   -0.075180    0.725461  0.000000  1.0
   -0.075180    0.727461  0.000000  1.0
   -0.075180    0.729461  0.000000  1.0
   -0.075180    0.731461  0.000000  1.0
   -0.075180    0.733461  0.000000  1.0
   -0.075180    0.735461  0.000000  1.0
   -0.075180    0.737461  0.000000  1.0
   -0.075180    0.739461  0.000000  1.0
   -0.075180    0.741461  0.000000  1.0
   -0.075180    0.743461  0.000000  1.0
   -0.075180    0.745461  0.000000  1.0
   -0.075180    0.747461  0.000000  1.0
   -0.075180    0.749461  0.000000  1.0
   -0.075180    0.751461  0.000000  1.0
   -0.075180    0.753461  0.000000  1.0
   -0.075180    0.755461  0.000000  1.0
   -0.075180    0.757461  0.000000  1.0
   -0.075180    0.759461  0.000000  1.0
   -0.075180    0.761461  0.000000  1.0
   -0.075180    0.763461  0.000000  1.0
   -0.075180    0.765461  0.000000  1.0
   -0.075180    0.767461  0.000000  1.0
   -0.073180    0.687461  0.000000  1.0
   -0.073180    0.689461  0.000000  1.0
   -0.073180    0.691461  0.000000  1.0
   -0.073180    0.693461  0.000000  1.0
   -0.073180    0.695461  0.000000  1.0
   -0.073180    0.697461  0.000000  1.0
   -0.073180    0.699461  0.000000  1.0
   -0.073180    0.701461  0.000000  1.0
   -0.073180    0.703461  0.000000  1.0
   -0.073180    0.705461  0.000000  1.0
   -0.073180    0.707461  0.000000  1.0
   -0.073180    0.709461  0.000000  1.0
   -0.073180    0.711461  0.000000  1.0
   -0.073180    0.713461  0.000000  1.0
   -0.073180    0.715461  0.000000  1.0
   -0.073180    0.717461  0.000000  1.0
   -0.073180    0.719461  0.000000  1.0
   -0.073180    0.721461  0.000000  1.0
   -0.073180    0.723461  0.000000  1.0
   -0.073180    0.725461  0.000000  1.0
   -0.073180    0.727461  0.000000  1.0
   -0.073180    0.729461  0.000000  1.0
   -0.073180    0.731461  0.000000  1.0
   -0.073180    0.733461  0.000000  1.0
   -0.073180    0.735461  0.000000  1.0
   -0.073180    0.737461  0.000000  1.0
   -0.073180    0.739461  0.000000  1.0
   -0.073180    0.741461  0.000000  1.0
   -0.073180    0.743461  0.000000  1.0
   -0.073180    0.745461  0.000000  1.0
   -0.073180    0.747461  0.000000  1.0
   -0.073180    0.749461  0.000000  1.0
   -0.073180    0.751461  0.000000  1.0
   -0.073180    0.753461  0.000000  1.0
   -0.073180    0.755461  0.000000  1.0
   -0.073180    0.757461  0.000000  1.0
   -0.073180    0.759461  0.000000  1.0
   -0.073180    0.761461  0.000000  1.0
   -0.073180    0.763461  0.000000  1.0
   -0.073180    0.765461  0.000000  1.0
   -0.073180    0.767461  0.000000  1.0
   -0.071180    0.687461  0.000000  1.0
   -0.071180    0.689461  0.000000  1.0
   -0.071180    0.691461  0.000000  1.0
   -0.071180    0.693461  0.000000  1.0
   -0.071180    0.695461  0.000000  1.0
   -0.071180    0.697461  0.000000  1.0
   -0.071180    0.699461  0.000000  1.0
   -0.071180    0.701461  0.000000  1.0
   -0.071180    0.703461  0.000000  1.0
   -0.071180    0.705461  0.000000  1.0
   -0.071180    0.707461  0.000000  1.0
   -0.071180    0.709461  0.000000  1.0
   -0.071180    0.711461  0.000000  1.0
   -0.071180    0.713461  0.000000  1.0
   -0.071180    0.715461  0.000000  1.0
   -0.071180    0.717461  0.000000  1.0
   -0.071180    0.719461  0.000000  1.0
   -0.071180    0.721461  0.000000  1.0
   -0.071180    0.723461  0.000000  1.0
   -0.071180    0.725461  0.000000  1.0
   -0.071180    0.727461  0.000000  1.0
   -0.071180    0.729461  0.000000  1.0
   -0.071180    0.731461  0.000000  1.0
   -0.071180    0.733461  0.000000  1.0
   -0.071180    0.735461  0.000000  1.0
   -0.071180    0.737461  0.000000  1.0
   -0.071180    0.739461  0.000000  1.0
   -0.071180    0.741461  0.000000  1.0
   -0.071180    0.743461  0.000000  1.0
   -0.071180    0.745461  0.000000  1.0
   -0.071180    0.747461  0.000000  1.0
   -0.071180    0.749461  0.000000  1.0
   -0.071180    0.751461  0.000000  1.0
   -0.071180    0.753461  0.000000  1.0
   -0.071180    0.755461  0.000000  1.0
   -0.071180    0.757461  0.000000  1.0
   -0.071180    0.759461  0.000000  1.0
   -0.071180    0.761461  0.000000  1.0
   -0.071180    0.763461  0.000000  1.0
   -0.071180    0.765461  0.000000  1.0
   -0.071180    0.767461  0.000000  1.0
   -0.069180    0.687461  0.000000  1.0
   -0.069180    0.689461  0.000000  1.0
   -0.069180    0.691461  0.000000  1.0
   -0.069180    0.693461  0.000000  1.0
   -0.069180    0.695461  0.000000  1.0
   -0.069180    0.697461  0.000000  1.0
   -0.069180    0.699461  0.000000  1.0
   -0.069180    0.701461  0.000000  1.0
   -0.069180    0.703461  0.000000  1.0
   -0.069180    0.705461  0.000000  1.0
   -0.069180    0.707461  0.000000  1.0
   -0.069180    0.709461  0.000000  1.0
   -0.069180    0.711461  0.000000  1.0
   -0.069180    0.713461  0.000000  1.0
   -0.069180    0.715461  0.000000  1.0
   -0.069180    0.717461  0.000000  1.0
   -0.069180    0.719461  0.000000  1.0
   -0.069180    0.721461  0.000000  1.0
   -0.069180    0.723461  0.000000  1.0
   -0.069180    0.725461  0.000000  1.0
   -0.069180    0.727461  0.000000  1.0
   -0.069180    0.729461  0.000000  1.0
   -0.069180    0.731461  0.000000  1.0
   -0.069180    0.733461  0.000000  1.0
   -0.069180    0.735461  0.000000  1.0
   -0.069180    0.737461  0.000000  1.0
   -0.069180    0.739461  0.000000  1.0
   -0.069180    0.741461  0.000000  1.0
   -0.069180    0.743461  0.000000  1.0
   -0.069180    0.745461  0.000000  1.0
   -0.069180    0.747461  0.000000  1.0
   -0.069180    0.749461  0.000000  1.0
   -0.069180    0.751461  0.000000  1.0
   -0.069180    0.753461  0.000000  1.0
   -0.069180    0.755461  0.000000  1.0
   -0.069180    0.757461  0.000000  1.0
   -0.069180    0.759461  0.000000  1.0
   -0.069180    0.761461  0.000000  1.0
   -0.069180    0.763461  0.000000  1.0
   -0.069180    0.765461  0.000000  1.0
   -0.069180    0.767461  0.000000  1.0
   -0.067180    0.687461  0.000000  1.0
   -0.067180    0.689461  0.000000  1.0
   -0.067180    0.691461  0.000000  1.0
   -0.067180    0.693461  0.000000  1.0
   -0.067180    0.695461  0.000000  1.0
   -0.067180    0.697461  0.000000  1.0
   -0.067180    0.699461  0.000000  1.0
   -0.067180    0.701461  0.000000  1.0
   -0.067180    0.703461  0.000000  1.0
   -0.067180    0.705461  0.000000  1.0
   -0.067180    0.707461  0.000000  1.0
   -0.067180    0.709461  0.000000  1.0
   -0.067180    0.711461  0.000000  1.0
   -0.067180    0.713461  0.000000  1.0
   -0.067180    0.715461  0.000000  1.0
   -0.067180    0.717461  0.000000  1.0
   -0.067180    0.719461  0.000000  1.0
   -0.067180    0.721461  0.000000  1.0
   -0.067180    0.723461  0.000000  1.0
   -0.067180    0.725461  0.000000  1.0
   -0.067180    0.727461  0.000000  1.0
   -0.067180    0.729461  0.000000  1.0
   -0.067180    0.731461  0.000000  1.0
   -0.067180    0.733461  0.000000  1.0
   -0.067180    0.735461  0.000000  1.0
   -0.067180    0.737461  0.000000  1.0
   -0.067180    0.739461  0.000000  1.0
   -0.067180    0.741461  0.000000  1.0
   -0.067180    0.743461  0.000000  1.0
   -0.067180    0.745461  0.000000  1.0
   -0.067180    0.747461  0.000000  1.0
   -0.067180    0.749461  0.000000  1.0
   -0.067180    0.751461  0.000000  1.0
   -0.067180    0.753461  0.000000  1.0
   -0.067180    0.755461  0.000000  1.0
   -0.067180    0.757461  0.000000  1.0
   -0.067180    0.759461  0.000000  1.0
   -0.067180    0.761461  0.000000  1.0
   -0.067180    0.763461  0.000000  1.0
   -0.067180    0.765461  0.000000  1.0
   -0.067180    0.767461  0.000000  1.0
   -0.065180    0.687461  0.000000  1.0
   -0.065180    0.689461  0.000000  1.0
   -0.065180    0.691461  0.000000  1.0
   -0.065180    0.693461  0.000000  1.0
   -0.065180    0.695461  0.000000  1.0
   -0.065180    0.697461  0.000000  1.0
   -0.065180    0.699461  0.000000  1.0
   -0.065180    0.701461  0.000000  1.0
   -0.065180    0.703461  0.000000  1.0
   -0.065180    0.705461  0.000000  1.0
   -0.065180    0.707461  0.000000  1.0
   -0.065180    0.709461  0.000000  1.0
   -0.065180    0.711461  0.000000  1.0
   -0.065180    0.713461  0.000000  1.0
   -0.065180    0.715461  0.000000  1.0
   -0.065180    0.717461  0.000000  1.0
   -0.065180    0.719461  0.000000  1.0
   -0.065180    0.721461  0.000000  1.0
   -0.065180    0.723461  0.000000  1.0
   -0.065180    0.725461  0.000000  1.0
   -0.065180    0.727461  0.000000  1.0
   -0.065180    0.729461  0.000000  1.0
   -0.065180    0.731461  0.000000  1.0
   -0.065180    0.733461  0.000000  1.0
   -0.065180    0.735461  0.000000  1.0
   -0.065180    0.737461  0.000000  1.0
   -0.065180    0.739461  0.000000  1.0
   -0.065180    0.741461  0.000000  1.0
   -0.065180    0.743461  0.000000  1.0
   -0.065180    0.745461  0.000000  1.0
   -0.065180    0.747461  0.000000  1.0
   -0.065180    0.749461  0.000000  1.0
   -0.065180    0.751461  0.000000  1.0
   -0.065180    0.753461  0.000000  1.0
   -0.065180    0.755461  0.000000  1.0
   -0.065180    0.757461  0.000000  1.0
   -0.065180    0.759461  0.000000  1.0
   -0.065180    0.761461  0.000000  1.0
   -0.065180    0.763461  0.000000  1.0
   -0.065180    0.765461  0.000000  1.0
   -0.065180    0.767461  0.000000  1.0
   -0.063180    0.687461  0.000000  1.0
   -0.063180    0.689461  0.000000  1.0
   -0.063180    0.691461  0.000000  1.0
   -0.063180    0.693461  0.000000  1.0
   -0.063180    0.695461  0.000000  1.0
   -0.063180    0.697461  0.000000  1.0
   -0.063180    0.699461  0.000000  1.0
   -0.063180    0.701461  0.000000  1.0
   -0.063180    0.703461  0.000000  1.0
   -0.063180    0.705461  0.000000  1.0
   -0.063180    0.707461  0.000000  1.0
   -0.063180    0.709461  0.000000  1.0
   -0.063180    0.711461  0.000000  1.0
   -0.063180    0.713461  0.000000  1.0
   -0.063180    0.715461  0.000000  1.0
   -0.063180    0.717461  0.000000  1.0
   -0.063180    0.719461  0.000000  1.0
   -0.063180    0.721461  0.000000  1.0
   -0.063180    0.723461  0.000000  1.0
   -0.063180    0.725461  0.000000  1.0
   -0.063180    0.727461  0.000000  1.0
   -0.063180    0.729461  0.000000  1.0
   -0.063180    0.731461  0.000000  1.0
   -0.063180    0.733461  0.000000  1.0
   -0.063180    0.735461  0.000000  1.0
   -0.063180    0.737461  0.000000  1.0
   -0.063180    0.739461  0.000000  1.0
   -0.063180    0.741461  0.000000  1.0
   -0.063180    0.743461  0.000000  1.0
   -0.063180    0.745461  0.000000  1.0
   -0.063180    0.747461  0.000000  1.0
   -0.063180    0.749461  0.000000  1.0
   -0.063180    0.751461  0.000000  1.0
   -0.063180    0.753461  0.000000  1.0
   -0.063180    0.755461  0.000000  1.0
   -0.063180    0.757461  0.000000  1.0
   -0.063180    0.759461  0.000000  1.0
   -0.063180    0.761461  0.000000  1.0
   -0.063180    0.763461  0.000000  1.0
   -0.063180    0.765461  0.000000  1.0
   -0.063180    0.767461  0.000000  1.0
   -0.061180    0.687461  0.000000  1.0
   -0.061180    0.689461  0.000000  1.0
   -0.061180    0.691461  0.000000  1.0
   -0.061180    0.693461  0.000000  1.0
   -0.061180    0.695461  0.000000  1.0
   -0.061180    0.697461  0.000000  1.0
   -0.061180    0.699461  0.000000  1.0
   -0.061180    0.701461  0.000000  1.0
   -0.061180    0.703461  0.000000  1.0
   -0.061180    0.705461  0.000000  1.0
   -0.061180    0.707461  0.000000  1.0
   -0.061180    0.709461  0.000000  1.0
   -0.061180    0.711461  0.000000  1.0
   -0.061180    0.713461  0.000000  1.0
   -0.061180    0.715461  0.000000  1.0
   -0.061180    0.717461  0.000000  1.0
   -0.061180    0.719461  0.000000  1.0
   -0.061180    0.721461  0.000000  1.0
   -0.061180    0.723461  0.000000  1.0
   -0.061180    0.725461  0.000000  1.0
   -0.061180    0.727461  0.000000  1.0
   -0.061180    0.729461  0.000000  1.0
   -0.061180    0.731461  0.000000  1.0
   -0.061180    0.733461  0.000000  1.0
   -0.061180    0.735461  0.000000  1.0
   -0.061180    0.737461  0.000000  1.0
   -0.061180    0.739461  0.000000  1.0
   -0.061180    0.741461  0.000000  1.0
   -0.061180    0.743461  0.000000  1.0
   -0.061180    0.745461  0.000000  1.0
   -0.061180    0.747461  0.000000  1.0
   -0.061180    0.749461  0.000000  1.0
   -0.061180    0.751461  0.000000  1.0
   -0.061180    0.753461  0.000000  1.0
   -0.061180    0.755461  0.000000  1.0
   -0.061180    0.757461  0.000000  1.0
   -0.061180    0.759461  0.000000  1.0
   -0.061180    0.761461  0.000000  1.0
   -0.061180    0.763461  0.000000  1.0
   -0.061180    0.765461  0.000000  1.0
   -0.061180    0.767461  0.000000  1.0
   -0.059180    0.687461  0.000000  1.0
   -0.059180    0.689461  0.000000  1.0
   -0.059180    0.691461  0.000000  1.0
   -0.059180    0.693461  0.000000  1.0
   -0.059180    0.695461  0.000000  1.0
   -0.059180    0.697461  0.000000  1.0
   -0.059180    0.699461  0.000000  1.0
   -0.059180    0.701461  0.000000  1.0
   -0.059180    0.703461  0.000000  1.0
   -0.059180    0.705461  0.000000  1.0
   -0.059180    0.707461  0.000000  1.0
   -0.059180    0.709461  0.000000  1.0
   -0.059180    0.711461  0.000000  1.0
   -0.059180    0.713461  0.000000  1.0
   -0.059180    0.715461  0.000000  1.0
   -0.059180    0.717461  0.000000  1.0
   -0.059180    0.719461  0.000000  1.0
   -0.059180    0.721461  0.000000  1.0
   -0.059180    0.723461  0.000000  1.0
   -0.059180    0.725461  0.000000  1.0
   -0.059180    0.727461  0.000000  1.0
   -0.059180    0.729461  0.000000  1.0
   -0.059180    0.731461  0.000000  1.0
   -0.059180    0.733461  0.000000  1.0
   -0.059180    0.735461  0.000000  1.0
   -0.059180    0.737461  0.000000  1.0
   -0.059180    0.739461  0.000000  1.0
   -0.059180    0.741461  0.000000  1.0
   -0.059180    0.743461  0.000000  1.0
   -0.059180    0.745461  0.000000  1.0
   -0.059180    0.747461  0.000000  1.0
   -0.059180    0.749461  0.000000  1.0
   -0.059180    0.751461  0.000000  1.0
   -0.059180    0.753461  0.000000  1.0
   -0.059180    0.755461  0.000000  1.0
   -0.059180    0.757461  0.000000  1.0
   -0.059180    0.759461  0.000000  1.0
   -0.059180    0.761461  0.000000  1.0
   -0.059180    0.763461  0.000000  1.0
   -0.059180    0.765461  0.000000  1.0
   -0.059180    0.767461  0.000000  1.0
   -0.057180    0.687461  0.000000  1.0
   -0.057180    0.689461  0.000000  1.0
   -0.057180    0.691461  0.000000  1.0
   -0.057180    0.693461  0.000000  1.0
   -0.057180    0.695461  0.000000  1.0
   -0.057180    0.697461  0.000000  1.0
   -0.057180    0.699461  0.000000  1.0
   -0.057180    0.701461  0.000000  1.0
   -0.057180    0.703461  0.000000  1.0
   -0.057180    0.705461  0.000000  1.0
   -0.057180    0.707461  0.000000  1.0
   -0.057180    0.709461  0.000000  1.0
   -0.057180    0.711461  0.000000  1.0
   -0.057180    0.713461  0.000000  1.0
   -0.057180    0.715461  0.000000  1.0
   -0.057180    0.717461  0.000000  1.0
   -0.057180    0.719461  0.000000  1.0
   -0.057180    0.721461  0.000000  1.0
   -0.057180    0.723461  0.000000  1.0
   -0.057180    0.725461  0.000000  1.0
   -0.057180    0.727461  0.000000  1.0
   -0.057180    0.729461  0.000000  1.0
   -0.057180    0.731461  0.000000  1.0
   -0.057180    0.733461  0.000000  1.0
   -0.057180    0.735461  0.000000  1.0
   -0.057180    0.737461  0.000000  1.0
   -0.057180    0.739461  0.000000  1.0
   -0.057180    0.741461  0.000000  1.0
   -0.057180    0.743461  0.000000  1.0
   -0.057180    0.745461  0.000000  1.0
   -0.057180    0.747461  0.000000  1.0
   -0.057180    0.749461  0.000000  1.0
   -0.057180    0.751461  0.000000  1.0
   -0.057180    0.753461  0.000000  1.0
   -0.057180    0.755461  0.000000  1.0
   -0.057180    0.757461  0.000000  1.0
   -0.057180    0.759461  0.000000  1.0
   -0.057180    0.761461  0.000000  1.0
   -0.057180    0.763461  0.000000  1.0
   -0.057180    0.765461  0.000000  1.0
   -0.057180    0.767461  0.000000  1.0
   -0.055180    0.687461  0.000000  1.0
   -0.055180    0.689461  0.000000  1.0
   -0.055180    0.691461  0.000000  1.0
   -0.055180    0.693461  0.000000  1.0
   -0.055180    0.695461  0.000000  1.0
   -0.055180    0.697461  0.000000  1.0
   -0.055180    0.699461  0.000000  1.0
   -0.055180    0.701461  0.000000  1.0
   -0.055180    0.703461  0.000000  1.0
   -0.055180    0.705461  0.000000  1.0
   -0.055180    0.707461  0.000000  1.0
   -0.055180    0.709461  0.000000  1.0
   -0.055180    0.711461  0.000000  1.0
   -0.055180    0.713461  0.000000  1.0
   -0.055180    0.715461  0.000000  1.0
   -0.055180    0.717461  0.000000  1.0
   -0.055180    0.719461  0.000000  1.0
   -0.055180    0.721461  0.000000  1.0
   -0.055180    0.723461  0.000000  1.0
   -0.055180    0.725461  0.000000  1.0
   -0.055180    0.727461  0.000000  1.0
   -0.055180    0.729461  0.000000  1.0
   -0.055180    0.731461  0.000000  1.0
   -0.055180    0.733461  0.000000  1.0
   -0.055180    0.735461  0.000000  1.0
   -0.055180    0.737461  0.000000  1.0
   -0.055180    0.739461  0.000000  1.0
   -0.055180    0.741461  0.000000  1.0
   -0.055180    0.743461  0.000000  1.0
   -0.055180    0.745461  0.000000  1.0
   -0.055180    0.747461  0.000000  1.0
   -0.055180    0.749461  0.000000  1.0
   -0.055180    0.751461  0.000000  1.0
   -0.055180    0.753461  0.000000  1.0
   -0.055180    0.755461  0.000000  1.0
   -0.055180    0.757461  0.000000  1.0
   -0.055180    0.759461  0.000000  1.0
   -0.055180    0.761461  0.000000  1.0
   -0.055180    0.763461  0.000000  1.0
   -0.055180    0.765461  0.000000  1.0
   -0.055180    0.767461  0.000000  1.0
   -0.053180    0.687461  0.000000  1.0
   -0.053180    0.689461  0.000000  1.0
   -0.053180    0.691461  0.000000  1.0
   -0.053180    0.693461  0.000000  1.0
   -0.053180    0.695461  0.000000  1.0
   -0.053180    0.697461  0.000000  1.0
   -0.053180    0.699461  0.000000  1.0
   -0.053180    0.701461  0.000000  1.0
   -0.053180    0.703461  0.000000  1.0
   -0.053180    0.705461  0.000000  1.0
   -0.053180    0.707461  0.000000  1.0
   -0.053180    0.709461  0.000000  1.0
   -0.053180    0.711461  0.000000  1.0
   -0.053180    0.713461  0.000000  1.0
   -0.053180    0.715461  0.000000  1.0
   -0.053180    0.717461  0.000000  1.0
   -0.053180    0.719461  0.000000  1.0
   -0.053180    0.721461  0.000000  1.0
   -0.053180    0.723461  0.000000  1.0
   -0.053180    0.725461  0.000000  1.0
   -0.053180    0.727461  0.000000  1.0
   -0.053180    0.729461  0.000000  1.0
   -0.053180    0.731461  0.000000  1.0
   -0.053180    0.733461  0.000000  1.0
   -0.053180    0.735461  0.000000  1.0
   -0.053180    0.737461  0.000000  1.0
   -0.053180    0.739461  0.000000  1.0
   -0.053180    0.741461  0.000000  1.0
   -0.053180    0.743461  0.000000  1.0
   -0.053180    0.745461  0.000000  1.0
   -0.053180    0.747461  0.000000  1.0
   -0.053180    0.749461  0.000000  1.0
   -0.053180    0.751461  0.000000  1.0
   -0.053180    0.753461  0.000000  1.0
   -0.053180    0.755461  0.000000  1.0
   -0.053180    0.757461  0.000000  1.0
   -0.053180    0.759461  0.000000  1.0
   -0.053180    0.761461  0.000000  1.0
   -0.053180    0.763461  0.000000  1.0
   -0.053180    0.765461  0.000000  1.0
   -0.053180    0.767461  0.000000  1.0
   -0.051180    0.687461  0.000000  1.0
   -0.051180    0.689461  0.000000  1.0
   -0.051180    0.691461  0.000000  1.0
   -0.051180    0.693461  0.000000  1.0
   -0.051180    0.695461  0.000000  1.0
   -0.051180    0.697461  0.000000  1.0
   -0.051180    0.699461  0.000000  1.0
   -0.051180    0.701461  0.000000  1.0
   -0.051180    0.703461  0.000000  1.0
   -0.051180    0.705461  0.000000  1.0
   -0.051180    0.707461  0.000000  1.0
   -0.051180    0.709461  0.000000  1.0
   -0.051180    0.711461  0.000000  1.0
   -0.051180    0.713461  0.000000  1.0
   -0.051180    0.715461  0.000000  1.0
   -0.051180    0.717461  0.000000  1.0
   -0.051180    0.719461  0.000000  1.0
   -0.051180    0.721461  0.000000  1.0
   -0.051180    0.723461  0.000000  1.0
   -0.051180    0.725461  0.000000  1.0
   -0.051180    0.727461  0.000000  1.0
   -0.051180    0.729461  0.000000  1.0
   -0.051180    0.731461  0.000000  1.0
   -0.051180    0.733461  0.000000  1.0
   -0.051180    0.735461  0.000000  1.0
   -0.051180    0.737461  0.000000  1.0
   -0.051180    0.739461  0.000000  1.0
   -0.051180    0.741461  0.000000  1.0
   -0.051180    0.743461  0.000000  1.0
   -0.051180    0.745461  0.000000  1.0
   -0.051180    0.747461  0.000000  1.0
   -0.051180    0.749461  0.000000  1.0
   -0.051180    0.751461  0.000000  1.0
   -0.051180    0.753461  0.000000  1.0
   -0.051180    0.755461  0.000000  1.0
   -0.051180    0.757461  0.000000  1.0
   -0.051180    0.759461  0.000000  1.0
   -0.051180    0.761461  0.000000  1.0
   -0.051180    0.763461  0.000000  1.0
   -0.051180    0.765461  0.000000  1.0
   -0.051180    0.767461  0.000000  1.0
   -0.049180    0.687461  0.000000  1.0
   -0.049180    0.689461  0.000000  1.0
   -0.049180    0.691461  0.000000  1.0
   -0.049180    0.693461  0.000000  1.0
   -0.049180    0.695461  0.000000  1.0
   -0.049180    0.697461  0.000000  1.0
   -0.049180    0.699461  0.000000  1.0
   -0.049180    0.701461  0.000000  1.0
   -0.049180    0.703461  0.000000  1.0
   -0.049180    0.705461  0.000000  1.0
   -0.049180    0.707461  0.000000  1.0
   -0.049180    0.709461  0.000000  1.0
   -0.049180    0.711461  0.000000  1.0
   -0.049180    0.713461  0.000000  1.0
   -0.049180    0.715461  0.000000  1.0
   -0.049180    0.717461  0.000000  1.0
   -0.049180    0.719461  0.000000  1.0
   -0.049180    0.721461  0.000000  1.0
   -0.049180    0.723461  0.000000  1.0
   -0.049180    0.725461  0.000000  1.0
   -0.049180    0.727461  0.000000  1.0
   -0.049180    0.729461  0.000000  1.0
   -0.049180    0.731461  0.000000  1.0
   -0.049180    0.733461  0.000000  1.0
   -0.049180    0.735461  0.000000  1.0
   -0.049180    0.737461  0.000000  1.0
   -0.049180    0.739461  0.000000  1.0
   -0.049180    0.741461  0.000000  1.0
   -0.049180    0.743461  0.000000  1.0
   -0.049180    0.745461  0.000000  1.0
   -0.049180    0.747461  0.000000  1.0
   -0.049180    0.749461  0.000000  1.0
   -0.049180    0.751461  0.000000  1.0
   -0.049180    0.753461  0.000000  1.0
   -0.049180    0.755461  0.000000  1.0
   -0.049180    0.757461  0.000000  1.0
   -0.049180    0.759461  0.000000  1.0
   -0.049180    0.761461  0.000000  1.0
   -0.049180    0.763461  0.000000  1.0
   -0.049180    0.765461  0.000000  1.0
   -0.049180    0.767461  0.000000  1.0
   -0.047180    0.687461  0.000000  1.0
   -0.047180    0.689461  0.000000  1.0
   -0.047180    0.691461  0.000000  1.0
   -0.047180    0.693461  0.000000  1.0
   -0.047180    0.695461  0.000000  1.0
   -0.047180    0.697461  0.000000  1.0
   -0.047180    0.699461  0.000000  1.0
   -0.047180    0.701461  0.000000  1.0
   -0.047180    0.703461  0.000000  1.0
   -0.047180    0.705461  0.000000  1.0
   -0.047180    0.707461  0.000000  1.0
   -0.047180    0.709461  0.000000  1.0
   -0.047180    0.711461  0.000000  1.0
   -0.047180    0.713461  0.000000  1.0
   -0.047180    0.715461  0.000000  1.0
   -0.047180    0.717461  0.000000  1.0
   -0.047180    0.719461  0.000000  1.0
   -0.047180    0.721461  0.000000  1.0
   -0.047180    0.723461  0.000000  1.0
   -0.047180    0.725461  0.000000  1.0
   -0.047180    0.727461  0.000000  1.0
   -0.047180    0.729461  0.000000  1.0
   -0.047180    0.731461  0.000000  1.0
   -0.047180    0.733461  0.000000  1.0
   -0.047180    0.735461  0.000000  1.0
   -0.047180    0.737461  0.000000  1.0
   -0.047180    0.739461  0.000000  1.0
   -0.047180    0.741461  0.000000  1.0
   -0.047180    0.743461  0.000000  1.0
   -0.047180    0.745461  0.000000  1.0
   -0.047180    0.747461  0.000000  1.0
   -0.047180    0.749461  0.000000  1.0
   -0.047180    0.751461  0.000000  1.0
   -0.047180    0.753461  0.000000  1.0
   -0.047180    0.755461  0.000000  1.0
   -0.047180    0.757461  0.000000  1.0
   -0.047180    0.759461  0.000000  1.0
   -0.047180    0.761461  0.000000  1.0
   -0.047180    0.763461  0.000000  1.0
   -0.047180    0.765461  0.000000  1.0
   -0.047180    0.767461  0.000000  1.0
   -0.045180    0.687461  0.000000  1.0
   -0.045180    0.689461  0.000000  1.0
   -0.045180    0.691461  0.000000  1.0
   -0.045180    0.693461  0.000000  1.0
   -0.045180    0.695461  0.000000  1.0
   -0.045180    0.697461  0.000000  1.0
   -0.045180    0.699461  0.000000  1.0
   -0.045180    0.701461  0.000000  1.0
   -0.045180    0.703461  0.000000  1.0
   -0.045180    0.705461  0.000000  1.0
   -0.045180    0.707461  0.000000  1.0
   -0.045180    0.709461  0.000000  1.0
   -0.045180    0.711461  0.000000  1.0
   -0.045180    0.713461  0.000000  1.0
   -0.045180    0.715461  0.000000  1.0
   -0.045180    0.717461  0.000000  1.0
   -0.045180    0.719461  0.000000  1.0
   -0.045180    0.721461  0.000000  1.0
   -0.045180    0.723461  0.000000  1.0
   -0.045180    0.725461  0.000000  1.0
   -0.045180    0.727461  0.000000  1.0
   -0.045180    0.729461  0.000000  1.0
   -0.045180    0.731461  0.000000  1.0
   -0.045180    0.733461  0.000000  1.0
   -0.045180    0.735461  0.000000  1.0
   -0.045180    0.737461  0.000000  1.0
   -0.045180    0.739461  0.000000  1.0
   -0.045180    0.741461  0.000000  1.0
   -0.045180    0.743461  0.000000  1.0
   -0.045180    0.745461  0.000000  1.0
   -0.045180    0.747461  0.000000  1.0
   -0.045180    0.749461  0.000000  1.0
   -0.045180    0.751461  0.000000  1.0
   -0.045180    0.753461  0.000000  1.0
   -0.045180    0.755461  0.000000  1.0
   -0.045180    0.757461  0.000000  1.0
   -0.045180    0.759461  0.000000  1.0
   -0.045180    0.761461  0.000000  1.0
   -0.045180    0.763461  0.000000  1.0
   -0.045180    0.765461  0.000000  1.0
   -0.045180    0.767461  0.000000  1.0
   -0.043180    0.687461  0.000000  1.0
   -0.043180    0.689461  0.000000  1.0
   -0.043180    0.691461  0.000000  1.0
   -0.043180    0.693461  0.000000  1.0
   -0.043180    0.695461  0.000000  1.0
   -0.043180    0.697461  0.000000  1.0
   -0.043180    0.699461  0.000000  1.0
   -0.043180    0.701461  0.000000  1.0
   -0.043180    0.703461  0.000000  1.0
   -0.043180    0.705461  0.000000  1.0
   -0.043180    0.707461  0.000000  1.0
   -0.043180    0.709461  0.000000  1.0
   -0.043180    0.711461  0.000000  1.0
   -0.043180    0.713461  0.000000  1.0
   -0.043180    0.715461  0.000000  1.0
   -0.043180    0.717461  0.000000  1.0
   -0.043180    0.719461  0.000000  1.0
   -0.043180    0.721461  0.000000  1.0
   -0.043180    0.723461  0.000000  1.0
   -0.043180    0.725461  0.000000  1.0
   -0.043180    0.727461  0.000000  1.0
   -0.043180    0.729461  0.000000  1.0
   -0.043180    0.731461  0.000000  1.0
   -0.043180    0.733461  0.000000  1.0
   -0.043180    0.735461  0.000000  1.0
   -0.043180    0.737461  0.000000  1.0
   -0.043180    0.739461  0.000000  1.0
   -0.043180    0.741461  0.000000  1.0
   -0.043180    0.743461  0.000000  1.0
   -0.043180    0.745461  0.000000  1.0
   -0.043180    0.747461  0.000000  1.0
   -0.043180    0.749461  0.000000  1.0
   -0.043180    0.751461  0.000000  1.0
   -0.043180    0.753461  0.000000  1.0
   -0.043180    0.755461  0.000000  1.0
   -0.043180    0.757461  0.000000  1.0
   -0.043180    0.759461  0.000000  1.0
   -0.043180    0.761461  0.000000  1.0
   -0.043180    0.763461  0.000000  1.0
   -0.043180    0.765461  0.000000  1.0
   -0.043180    0.767461  0.000000  1.0
   -0.041180    0.687461  0.000000  1.0
   -0.041180    0.689461  0.000000  1.0
   -0.041180    0.691461  0.000000  1.0
   -0.041180    0.693461  0.000000  1.0
   -0.041180    0.695461  0.000000  1.0
   -0.041180    0.697461  0.000000  1.0
   -0.041180    0.699461  0.000000  1.0
   -0.041180    0.701461  0.000000  1.0
   -0.041180    0.703461  0.000000  1.0
   -0.041180    0.705461  0.000000  1.0
   -0.041180    0.707461  0.000000  1.0
   -0.041180    0.709461  0.000000  1.0
   -0.041180    0.711461  0.000000  1.0
   -0.041180    0.713461  0.000000  1.0
   -0.041180    0.715461  0.000000  1.0
   -0.041180    0.717461  0.000000  1.0
   -0.041180    0.719461  0.000000  1.0
   -0.041180    0.721461  0.000000  1.0
   -0.041180    0.723461  0.000000  1.0
   -0.041180    0.725461  0.000000  1.0
   -0.041180    0.727461  0.000000  1.0
   -0.041180    0.729461  0.000000  1.0
   -0.041180    0.731461  0.000000  1.0
   -0.041180    0.733461  0.000000  1.0
   -0.041180    0.735461  0.000000  1.0
   -0.041180    0.737461  0.000000  1.0
   -0.041180    0.739461  0.000000  1.0
   -0.041180    0.741461  0.000000  1.0
   -0.041180    0.743461  0.000000  1.0
   -0.041180    0.745461  0.000000  1.0
   -0.041180    0.747461  0.000000  1.0
   -0.041180    0.749461  0.000000  1.0
   -0.041180    0.751461  0.000000  1.0
   -0.041180    0.753461  0.000000  1.0
   -0.041180    0.755461  0.000000  1.0
   -0.041180    0.757461  0.000000  1.0
   -0.041180    0.759461  0.000000  1.0
   -0.041180    0.761461  0.000000  1.0
   -0.041180    0.763461  0.000000  1.0
   -0.041180    0.765461  0.000000  1.0
   -0.041180    0.767461  0.000000  1.0
   -0.039180    0.687461  0.000000  1.0
   -0.039180    0.689461  0.000000  1.0
   -0.039180    0.691461  0.000000  1.0
   -0.039180    0.693461  0.000000  1.0
   -0.039180    0.695461  0.000000  1.0
   -0.039180    0.697461  0.000000  1.0
   -0.039180    0.699461  0.000000  1.0
   -0.039180    0.701461  0.000000  1.0
   -0.039180    0.703461  0.000000  1.0
   -0.039180    0.705461  0.000000  1.0
   -0.039180    0.707461  0.000000  1.0
   -0.039180    0.709461  0.000000  1.0
   -0.039180    0.711461  0.000000  1.0
   -0.039180    0.713461  0.000000  1.0
   -0.039180    0.715461  0.000000  1.0
   -0.039180    0.717461  0.000000  1.0
   -0.039180    0.719461  0.000000  1.0
   -0.039180    0.721461  0.000000  1.0
   -0.039180    0.723461  0.000000  1.0
   -0.039180    0.725461  0.000000  1.0
   -0.039180    0.727461  0.000000  1.0
   -0.039180    0.729461  0.000000  1.0
   -0.039180    0.731461  0.000000  1.0
   -0.039180    0.733461  0.000000  1.0
   -0.039180    0.735461  0.000000  1.0
   -0.039180    0.737461  0.000000  1.0
   -0.039180    0.739461  0.000000  1.0
   -0.039180    0.741461  0.000000  1.0
   -0.039180    0.743461  0.000000  1.0
   -0.039180    0.745461  0.000000  1.0
   -0.039180    0.747461  0.000000  1.0
   -0.039180    0.749461  0.000000  1.0
   -0.039180    0.751461  0.000000  1.0
   -0.039180    0.753461  0.000000  1.0
   -0.039180    0.755461  0.000000  1.0
   -0.039180    0.757461  0.000000  1.0
   -0.039180    0.759461  0.000000  1.0
   -0.039180    0.761461  0.000000  1.0
   -0.039180    0.763461  0.000000  1.0
   -0.039180    0.765461  0.000000  1.0
   -0.039180    0.767461  0.000000  1.0
   -0.037180    0.687461  0.000000  1.0
   -0.037180    0.689461  0.000000  1.0
   -0.037180    0.691461  0.000000  1.0
   -0.037180    0.693461  0.000000  1.0
   -0.037180    0.695461  0.000000  1.0
   -0.037180    0.697461  0.000000  1.0
   -0.037180    0.699461  0.000000  1.0
   -0.037180    0.701461  0.000000  1.0
   -0.037180    0.703461  0.000000  1.0
   -0.037180    0.705461  0.000000  1.0
   -0.037180    0.707461  0.000000  1.0
   -0.037180    0.709461  0.000000  1.0
   -0.037180    0.711461  0.000000  1.0
   -0.037180    0.713461  0.000000  1.0
   -0.037180    0.715461  0.000000  1.0
   -0.037180    0.717461  0.000000  1.0
   -0.037180    0.719461  0.000000  1.0
   -0.037180    0.721461  0.000000  1.0
   -0.037180    0.723461  0.000000  1.0
   -0.037180    0.725461  0.000000  1.0
   -0.037180    0.727461  0.000000  1.0
   -0.037180    0.729461  0.000000  1.0
   -0.037180    0.731461  0.000000  1.0
   -0.037180    0.733461  0.000000  1.0
   -0.037180    0.735461  0.000000  1.0
   -0.037180    0.737461  0.000000  1.0
   -0.037180    0.739461  0.000000  1.0
   -0.037180    0.741461  0.000000  1.0
   -0.037180    0.743461  0.000000  1.0
   -0.037180    0.745461  0.000000  1.0
   -0.037180    0.747461  0.000000  1.0
   -0.037180    0.749461  0.000000  1.0
   -0.037180    0.751461  0.000000  1.0
   -0.037180    0.753461  0.000000  1.0
   -0.037180    0.755461  0.000000  1.0
   -0.037180    0.757461  0.000000  1.0
   -0.037180    0.759461  0.000000  1.0
   -0.037180    0.761461  0.000000  1.0
   -0.037180    0.763461  0.000000  1.0
   -0.037180    0.765461  0.000000  1.0
   -0.037180    0.767461  0.000000  1.0
   -0.035180    0.687461  0.000000  1.0
   -0.035180    0.689461  0.000000  1.0
   -0.035180    0.691461  0.000000  1.0
   -0.035180    0.693461  0.000000  1.0
   -0.035180    0.695461  0.000000  1.0
   -0.035180    0.697461  0.000000  1.0
   -0.035180    0.699461  0.000000  1.0
   -0.035180    0.701461  0.000000  1.0
   -0.035180    0.703461  0.000000  1.0
   -0.035180    0.705461  0.000000  1.0
   -0.035180    0.707461  0.000000  1.0
   -0.035180    0.709461  0.000000  1.0
   -0.035180    0.711461  0.000000  1.0
   -0.035180    0.713461  0.000000  1.0
   -0.035180    0.715461  0.000000  1.0
   -0.035180    0.717461  0.000000  1.0
   -0.035180    0.719461  0.000000  1.0
   -0.035180    0.721461  0.000000  1.0
   -0.035180    0.723461  0.000000  1.0
   -0.035180    0.725461  0.000000  1.0
   -0.035180    0.727461  0.000000  1.0
   -0.035180    0.729461  0.000000  1.0
   -0.035180    0.731461  0.000000  1.0
   -0.035180    0.733461  0.000000  1.0
   -0.035180    0.735461  0.000000  1.0
   -0.035180    0.737461  0.000000  1.0
   -0.035180    0.739461  0.000000  1.0
   -0.035180    0.741461  0.000000  1.0
   -0.035180    0.743461  0.000000  1.0
   -0.035180    0.745461  0.000000  1.0
   -0.035180    0.747461  0.000000  1.0
   -0.035180    0.749461  0.000000  1.0
   -0.035180    0.751461  0.000000  1.0
   -0.035180    0.753461  0.000000  1.0
   -0.035180    0.755461  0.000000  1.0
   -0.035180    0.757461  0.000000  1.0
   -0.035180    0.759461  0.000000  1.0
   -0.035180    0.761461  0.000000  1.0
   -0.035180    0.763461  0.000000  1.0
   -0.035180    0.765461  0.000000  1.0
   -0.035180    0.767461  0.000000  1.0
   -0.033180    0.687461  0.000000  1.0
   -0.033180    0.689461  0.000000  1.0
   -0.033180    0.691461  0.000000  1.0
   -0.033180    0.693461  0.000000  1.0
   -0.033180    0.695461  0.000000  1.0
   -0.033180    0.697461  0.000000  1.0
   -0.033180    0.699461  0.000000  1.0
   -0.033180    0.701461  0.000000  1.0
   -0.033180    0.703461  0.000000  1.0
   -0.033180    0.705461  0.000000  1.0
   -0.033180    0.707461  0.000000  1.0
   -0.033180    0.709461  0.000000  1.0
   -0.033180    0.711461  0.000000  1.0
   -0.033180    0.713461  0.000000  1.0
   -0.033180    0.715461  0.000000  1.0
   -0.033180    0.717461  0.000000  1.0
   -0.033180    0.719461  0.000000  1.0
   -0.033180    0.721461  0.000000  1.0
   -0.033180    0.723461  0.000000  1.0
   -0.033180    0.725461  0.000000  1.0
   -0.033180    0.727461  0.000000  1.0
   -0.033180    0.729461  0.000000  1.0
   -0.033180    0.731461  0.000000  1.0
   -0.033180    0.733461  0.000000  1.0
   -0.033180    0.735461  0.000000  1.0
   -0.033180    0.737461  0.000000  1.0
   -0.033180    0.739461  0.000000  1.0
   -0.033180    0.741461  0.000000  1.0
   -0.033180    0.743461  0.000000  1.0
   -0.033180    0.745461  0.000000  1.0
   -0.033180    0.747461  0.000000  1.0
   -0.033180    0.749461  0.000000  1.0
   -0.033180    0.751461  0.000000  1.0
   -0.033180    0.753461  0.000000  1.0
   -0.033180    0.755461  0.000000  1.0
   -0.033180    0.757461  0.000000  1.0
   -0.033180    0.759461  0.000000  1.0
   -0.033180    0.761461  0.000000  1.0
   -0.033180    0.763461  0.000000  1.0
   -0.033180    0.765461  0.000000  1.0
   -0.033180    0.767461  0.000000  1.0
   -0.031180    0.687461  0.000000  1.0
   -0.031180    0.689461  0.000000  1.0
   -0.031180    0.691461  0.000000  1.0
   -0.031180    0.693461  0.000000  1.0
   -0.031180    0.695461  0.000000  1.0
   -0.031180    0.697461  0.000000  1.0
   -0.031180    0.699461  0.000000  1.0
   -0.031180    0.701461  0.000000  1.0
   -0.031180    0.703461  0.000000  1.0
   -0.031180    0.705461  0.000000  1.0
   -0.031180    0.707461  0.000000  1.0
   -0.031180    0.709461  0.000000  1.0
   -0.031180    0.711461  0.000000  1.0
   -0.031180    0.713461  0.000000  1.0
   -0.031180    0.715461  0.000000  1.0
   -0.031180    0.717461  0.000000  1.0
   -0.031180    0.719461  0.000000  1.0
   -0.031180    0.721461  0.000000  1.0
   -0.031180    0.723461  0.000000  1.0
   -0.031180    0.725461  0.000000  1.0
   -0.031180    0.727461  0.000000  1.0
   -0.031180    0.729461  0.000000  1.0
   -0.031180    0.731461  0.000000  1.0
   -0.031180    0.733461  0.000000  1.0
   -0.031180    0.735461  0.000000  1.0
   -0.031180    0.737461  0.000000  1.0
   -0.031180    0.739461  0.000000  1.0
   -0.031180    0.741461  0.000000  1.0
   -0.031180    0.743461  0.000000  1.0
   -0.031180    0.745461  0.000000  1.0
   -0.031180    0.747461  0.000000  1.0
   -0.031180    0.749461  0.000000  1.0
   -0.031180    0.751461  0.000000  1.0
   -0.031180    0.753461  0.000000  1.0
   -0.031180    0.755461  0.000000  1.0
   -0.031180    0.757461  0.000000  1.0
   -0.031180    0.759461  0.000000  1.0
   -0.031180    0.761461  0.000000  1.0
   -0.031180    0.763461  0.000000  1.0
   -0.031180    0.765461  0.000000  1.0
   -0.031180    0.767461  0.000000  1.0
   -0.029180    0.687461  0.000000  1.0
   -0.029180    0.689461  0.000000  1.0
   -0.029180    0.691461  0.000000  1.0
   -0.029180    0.693461  0.000000  1.0
   -0.029180    0.695461  0.000000  1.0
   -0.029180    0.697461  0.000000  1.0
   -0.029180    0.699461  0.000000  1.0
   -0.029180    0.701461  0.000000  1.0
   -0.029180    0.703461  0.000000  1.0
   -0.029180    0.705461  0.000000  1.0
   -0.029180    0.707461  0.000000  1.0
   -0.029180    0.709461  0.000000  1.0
   -0.029180    0.711461  0.000000  1.0
   -0.029180    0.713461  0.000000  1.0
   -0.029180    0.715461  0.000000  1.0
   -0.029180    0.717461  0.000000  1.0
   -0.029180    0.719461  0.000000  1.0
   -0.029180    0.721461  0.000000  1.0
   -0.029180    0.723461  0.000000  1.0
   -0.029180    0.725461  0.000000  1.0
   -0.029180    0.727461  0.000000  1.0
   -0.029180    0.729461  0.000000  1.0
   -0.029180    0.731461  0.000000  1.0
   -0.029180    0.733461  0.000000  1.0
   -0.029180    0.735461  0.000000  1.0
   -0.029180    0.737461  0.000000  1.0
   -0.029180    0.739461  0.000000  1.0
   -0.029180    0.741461  0.000000  1.0
   -0.029180    0.743461  0.000000  1.0
   -0.029180    0.745461  0.000000  1.0
   -0.029180    0.747461  0.000000  1.0
   -0.029180    0.749461  0.000000  1.0
   -0.029180    0.751461  0.000000  1.0
   -0.029180    0.753461  0.000000  1.0
   -0.029180    0.755461  0.000000  1.0
   -0.029180    0.757461  0.000000  1.0
   -0.029180    0.759461  0.000000  1.0
   -0.029180    0.761461  0.000000  1.0
   -0.029180    0.763461  0.000000  1.0
   -0.029180    0.765461  0.000000  1.0
   -0.029180    0.767461  0.000000  1.0
   -0.027180    0.687461  0.000000  1.0
   -0.027180    0.689461  0.000000  1.0
   -0.027180    0.691461  0.000000  1.0
   -0.027180    0.693461  0.000000  1.0
   -0.027180    0.695461  0.000000  1.0
   -0.027180    0.697461  0.000000  1.0
   -0.027180    0.699461  0.000000  1.0
   -0.027180    0.701461  0.000000  1.0
   -0.027180    0.703461  0.000000  1.0
   -0.027180    0.705461  0.000000  1.0
   -0.027180    0.707461  0.000000  1.0
   -0.027180    0.709461  0.000000  1.0
   -0.027180    0.711461  0.000000  1.0
   -0.027180    0.713461  0.000000  1.0
   -0.027180    0.715461  0.000000  1.0
   -0.027180    0.717461  0.000000  1.0
   -0.027180    0.719461  0.000000  1.0
   -0.027180    0.721461  0.000000  1.0
   -0.027180    0.723461  0.000000  1.0
   -0.027180    0.725461  0.000000  1.0
   -0.027180    0.727461  0.000000  1.0
   -0.027180    0.729461  0.000000  1.0
   -0.027180    0.731461  0.000000  1.0
   -0.027180    0.733461  0.000000  1.0
   -0.027180    0.735461  0.000000  1.0
   -0.027180    0.737461  0.000000  1.0
   -0.027180    0.739461  0.000000  1.0
   -0.027180    0.741461  0.000000  1.0
   -0.027180    0.743461  0.000000  1.0
   -0.027180    0.745461  0.000000  1.0
   -0.027180    0.747461  0.000000  1.0
   -0.027180    0.749461  0.000000  1.0
   -0.027180    0.751461  0.000000  1.0
   -0.027180    0.753461  0.000000  1.0
   -0.027180    0.755461  0.000000  1.0
   -0.027180    0.757461  0.000000  1.0
   -0.027180    0.759461  0.000000  1.0
   -0.027180    0.761461  0.000000  1.0
   -0.027180    0.763461  0.000000  1.0
   -0.027180    0.765461  0.000000  1.0
   -0.027180    0.767461  0.000000  1.0
   -0.025180    0.687461  0.000000  1.0
   -0.025180    0.689461  0.000000  1.0
   -0.025180    0.691461  0.000000  1.0
   -0.025180    0.693461  0.000000  1.0
   -0.025180    0.695461  0.000000  1.0
   -0.025180    0.697461  0.000000  1.0
   -0.025180    0.699461  0.000000  1.0
   -0.025180    0.701461  0.000000  1.0
   -0.025180    0.703461  0.000000  1.0
   -0.025180    0.705461  0.000000  1.0
   -0.025180    0.707461  0.000000  1.0
   -0.025180    0.709461  0.000000  1.0
   -0.025180    0.711461  0.000000  1.0
   -0.025180    0.713461  0.000000  1.0
   -0.025180    0.715461  0.000000  1.0
   -0.025180    0.717461  0.000000  1.0
   -0.025180    0.719461  0.000000  1.0
   -0.025180    0.721461  0.000000  1.0
   -0.025180    0.723461  0.000000  1.0
   -0.025180    0.725461  0.000000  1.0
   -0.025180    0.727461  0.000000  1.0
   -0.025180    0.729461  0.000000  1.0
   -0.025180    0.731461  0.000000  1.0
   -0.025180    0.733461  0.000000  1.0
   -0.025180    0.735461  0.000000  1.0
   -0.025180    0.737461  0.000000  1.0
   -0.025180    0.739461  0.000000  1.0
   -0.025180    0.741461  0.000000  1.0
   -0.025180    0.743461  0.000000  1.0
   -0.025180    0.745461  0.000000  1.0
   -0.025180    0.747461  0.000000  1.0
   -0.025180    0.749461  0.000000  1.0
   -0.025180    0.751461  0.000000  1.0
   -0.025180    0.753461  0.000000  1.0
   -0.025180    0.755461  0.000000  1.0
   -0.025180    0.757461  0.000000  1.0
   -0.025180    0.759461  0.000000  1.0
   -0.025180    0.761461  0.000000  1.0
   -0.025180    0.763461  0.000000  1.0
   -0.025180    0.765461  0.000000  1.0
   -0.025180    0.767461  0.000000  1.0
   -0.023180    0.687461  0.000000  1.0
   -0.023180    0.689461  0.000000  1.0
   -0.023180    0.691461  0.000000  1.0
   -0.023180    0.693461  0.000000  1.0
   -0.023180    0.695461  0.000000  1.0
   -0.023180    0.697461  0.000000  1.0
   -0.023180    0.699461  0.000000  1.0
   -0.023180    0.701461  0.000000  1.0
   -0.023180    0.703461  0.000000  1.0
   -0.023180    0.705461  0.000000  1.0
   -0.023180    0.707461  0.000000  1.0
   -0.023180    0.709461  0.000000  1.0
   -0.023180    0.711461  0.000000  1.0
   -0.023180    0.713461  0.000000  1.0
   -0.023180    0.715461  0.000000  1.0
   -0.023180    0.717461  0.000000  1.0
   -0.023180    0.719461  0.000000  1.0
   -0.023180    0.721461  0.000000  1.0
   -0.023180    0.723461  0.000000  1.0
   -0.023180    0.725461  0.000000  1.0
   -0.023180    0.727461  0.000000  1.0
   -0.023180    0.729461  0.000000  1.0
   -0.023180    0.731461  0.000000  1.0
   -0.023180    0.733461  0.000000  1.0
   -0.023180    0.735461  0.000000  1.0
   -0.023180    0.737461  0.000000  1.0
   -0.023180    0.739461  0.000000  1.0
   -0.023180    0.741461  0.000000  1.0
   -0.023180    0.743461  0.000000  1.0
   -0.023180    0.745461  0.000000  1.0
   -0.023180    0.747461  0.000000  1.0
   -0.023180    0.749461  0.000000  1.0
   -0.023180    0.751461  0.000000  1.0
   -0.023180    0.753461  0.000000  1.0
   -0.023180    0.755461  0.000000  1.0
   -0.023180    0.757461  0.000000  1.0
   -0.023180    0.759461  0.000000  1.0
   -0.023180    0.761461  0.000000  1.0
   -0.023180    0.763461  0.000000  1.0
   -0.023180    0.765461  0.000000  1.0
   -0.023180    0.767461  0.000000  1.0
   -0.021180    0.687461  0.000000  1.0
   -0.021180    0.689461  0.000000  1.0
   -0.021180    0.691461  0.000000  1.0
   -0.021180    0.693461  0.000000  1.0
   -0.021180    0.695461  0.000000  1.0
   -0.021180    0.697461  0.000000  1.0
   -0.021180    0.699461  0.000000  1.0
   -0.021180    0.701461  0.000000  1.0
   -0.021180    0.703461  0.000000  1.0
   -0.021180    0.705461  0.000000  1.0
   -0.021180    0.707461  0.000000  1.0
   -0.021180    0.709461  0.000000  1.0
   -0.021180    0.711461  0.000000  1.0
   -0.021180    0.713461  0.000000  1.0
   -0.021180    0.715461  0.000000  1.0
   -0.021180    0.717461  0.000000  1.0
   -0.021180    0.719461  0.000000  1.0
   -0.021180    0.721461  0.000000  1.0
   -0.021180    0.723461  0.000000  1.0
   -0.021180    0.725461  0.000000  1.0
   -0.021180    0.727461  0.000000  1.0
   -0.021180    0.729461  0.000000  1.0
   -0.021180    0.731461  0.000000  1.0
   -0.021180    0.733461  0.000000  1.0
   -0.021180    0.735461  0.000000  1.0
   -0.021180    0.737461  0.000000  1.0
   -0.021180    0.739461  0.000000  1.0
   -0.021180    0.741461  0.000000  1.0
   -0.021180    0.743461  0.000000  1.0
   -0.021180    0.745461  0.000000  1.0
   -0.021180    0.747461  0.000000  1.0
   -0.021180    0.749461  0.000000  1.0
   -0.021180    0.751461  0.000000  1.0
   -0.021180    0.753461  0.000000  1.0
   -0.021180    0.755461  0.000000  1.0
   -0.021180    0.757461  0.000000  1.0
   -0.021180    0.759461  0.000000  1.0
   -0.021180    0.761461  0.000000  1.0
   -0.021180    0.763461  0.000000  1.0
   -0.021180    0.765461  0.000000  1.0
   -0.021180    0.767461  0.000000  1.0
   -0.019180    0.687461  0.000000  1.0
   -0.019180    0.689461  0.000000  1.0
   -0.019180    0.691461  0.000000  1.0
   -0.019180    0.693461  0.000000  1.0
   -0.019180    0.695461  0.000000  1.0
   -0.019180    0.697461  0.000000  1.0
   -0.019180    0.699461  0.000000  1.0
   -0.019180    0.701461  0.000000  1.0
   -0.019180    0.703461  0.000000  1.0
   -0.019180    0.705461  0.000000  1.0
   -0.019180    0.707461  0.000000  1.0
   -0.019180    0.709461  0.000000  1.0
   -0.019180    0.711461  0.000000  1.0
   -0.019180    0.713461  0.000000  1.0
   -0.019180    0.715461  0.000000  1.0
   -0.019180    0.717461  0.000000  1.0
   -0.019180    0.719461  0.000000  1.0
   -0.019180    0.721461  0.000000  1.0
   -0.019180    0.723461  0.000000  1.0
   -0.019180    0.725461  0.000000  1.0
   -0.019180    0.727461  0.000000  1.0
   -0.019180    0.729461  0.000000  1.0
   -0.019180    0.731461  0.000000  1.0
   -0.019180    0.733461  0.000000  1.0
   -0.019180    0.735461  0.000000  1.0
   -0.019180    0.737461  0.000000  1.0
   -0.019180    0.739461  0.000000  1.0
   -0.019180    0.741461  0.000000  1.0
   -0.019180    0.743461  0.000000  1.0
   -0.019180    0.745461  0.000000  1.0
   -0.019180    0.747461  0.000000  1.0
   -0.019180    0.749461  0.000000  1.0
   -0.019180    0.751461  0.000000  1.0
   -0.019180    0.753461  0.000000  1.0
   -0.019180    0.755461  0.000000  1.0
   -0.019180    0.757461  0.000000  1.0
   -0.019180    0.759461  0.000000  1.0
   -0.019180    0.761461  0.000000  1.0
   -0.019180    0.763461  0.000000  1.0
   -0.019180    0.765461  0.000000  1.0
   -0.019180    0.767461  0.000000  1.0
   -0.017180    0.687461  0.000000  1.0
   -0.017180    0.689461  0.000000  1.0
   -0.017180    0.691461  0.000000  1.0
   -0.017180    0.693461  0.000000  1.0
   -0.017180    0.695461  0.000000  1.0
   -0.017180    0.697461  0.000000  1.0
   -0.017180    0.699461  0.000000  1.0
   -0.017180    0.701461  0.000000  1.0
   -0.017180    0.703461  0.000000  1.0
   -0.017180    0.705461  0.000000  1.0
   -0.017180    0.707461  0.000000  1.0
   -0.017180    0.709461  0.000000  1.0
   -0.017180    0.711461  0.000000  1.0
   -0.017180    0.713461  0.000000  1.0
   -0.017180    0.715461  0.000000  1.0
   -0.017180    0.717461  0.000000  1.0
   -0.017180    0.719461  0.000000  1.0
   -0.017180    0.721461  0.000000  1.0
   -0.017180    0.723461  0.000000  1.0
   -0.017180    0.725461  0.000000  1.0
   -0.017180    0.727461  0.000000  1.0
   -0.017180    0.729461  0.000000  1.0
   -0.017180    0.731461  0.000000  1.0
   -0.017180    0.733461  0.000000  1.0
   -0.017180    0.735461  0.000000  1.0
   -0.017180    0.737461  0.000000  1.0
   -0.017180    0.739461  0.000000  1.0
   -0.017180    0.741461  0.000000  1.0
   -0.017180    0.743461  0.000000  1.0
   -0.017180    0.745461  0.000000  1.0
   -0.017180    0.747461  0.000000  1.0
   -0.017180    0.749461  0.000000  1.0
   -0.017180    0.751461  0.000000  1.0
   -0.017180    0.753461  0.000000  1.0
   -0.017180    0.755461  0.000000  1.0
   -0.017180    0.757461  0.000000  1.0
   -0.017180    0.759461  0.000000  1.0
   -0.017180    0.761461  0.000000  1.0
   -0.017180    0.763461  0.000000  1.0
   -0.017180    0.765461  0.000000  1.0
   -0.017180    0.767461  0.000000  1.0
   -0.015180    0.687461  0.000000  1.0
   -0.015180    0.689461  0.000000  1.0
   -0.015180    0.691461  0.000000  1.0
   -0.015180    0.693461  0.000000  1.0
   -0.015180    0.695461  0.000000  1.0
   -0.015180    0.697461  0.000000  1.0
   -0.015180    0.699461  0.000000  1.0
   -0.015180    0.701461  0.000000  1.0
   -0.015180    0.703461  0.000000  1.0
   -0.015180    0.705461  0.000000  1.0
   -0.015180    0.707461  0.000000  1.0
   -0.015180    0.709461  0.000000  1.0
   -0.015180    0.711461  0.000000  1.0
   -0.015180    0.713461  0.000000  1.0
   -0.015180    0.715461  0.000000  1.0
   -0.015180    0.717461  0.000000  1.0
   -0.015180    0.719461  0.000000  1.0
   -0.015180    0.721461  0.000000  1.0
   -0.015180    0.723461  0.000000  1.0
   -0.015180    0.725461  0.000000  1.0
   -0.015180    0.727461  0.000000  1.0
   -0.015180    0.729461  0.000000  1.0
   -0.015180    0.731461  0.000000  1.0
   -0.015180    0.733461  0.000000  1.0
   -0.015180    0.735461  0.000000  1.0
   -0.015180    0.737461  0.000000  1.0
   -0.015180    0.739461  0.000000  1.0
   -0.015180    0.741461  0.000000  1.0
   -0.015180    0.743461  0.000000  1.0
   -0.015180    0.745461  0.000000  1.0
   -0.015180    0.747461  0.000000  1.0
   -0.015180    0.749461  0.000000  1.0
   -0.015180    0.751461  0.000000  1.0
   -0.015180    0.753461  0.000000  1.0
   -0.015180    0.755461  0.000000  1.0
   -0.015180    0.757461  0.000000  1.0
   -0.015180    0.759461  0.000000  1.0
   -0.015180    0.761461  0.000000  1.0
   -0.015180    0.763461  0.000000  1.0
   -0.015180    0.765461  0.000000  1.0
   -0.015180    0.767461  0.000000  1.0
   -0.013180    0.687461  0.000000  1.0
   -0.013180    0.689461  0.000000  1.0
   -0.013180    0.691461  0.000000  1.0
   -0.013180    0.693461  0.000000  1.0
   -0.013180    0.695461  0.000000  1.0
   -0.013180    0.697461  0.000000  1.0
   -0.013180    0.699461  0.000000  1.0
   -0.013180    0.701461  0.000000  1.0
   -0.013180    0.703461  0.000000  1.0
   -0.013180    0.705461  0.000000  1.0
   -0.013180    0.707461  0.000000  1.0
   -0.013180    0.709461  0.000000  1.0
   -0.013180    0.711461  0.000000  1.0
   -0.013180    0.713461  0.000000  1.0
   -0.013180    0.715461  0.000000  1.0
   -0.013180    0.717461  0.000000  1.0
   -0.013180    0.719461  0.000000  1.0
   -0.013180    0.721461  0.000000  1.0
   -0.013180    0.723461  0.000000  1.0
   -0.013180    0.725461  0.000000  1.0
   -0.013180    0.727461  0.000000  1.0
   -0.013180    0.729461  0.000000  1.0
   -0.013180    0.731461  0.000000  1.0
   -0.013180    0.733461  0.000000  1.0
   -0.013180    0.735461  0.000000  1.0
   -0.013180    0.737461  0.000000  1.0
   -0.013180    0.739461  0.000000  1.0
   -0.013180    0.741461  0.000000  1.0
   -0.013180    0.743461  0.000000  1.0
   -0.013180    0.745461  0.000000  1.0
   -0.013180    0.747461  0.000000  1.0
   -0.013180    0.749461  0.000000  1.0
   -0.013180    0.751461  0.000000  1.0
   -0.013180    0.753461  0.000000  1.0
   -0.013180    0.755461  0.000000  1.0
   -0.013180    0.757461  0.000000  1.0
   -0.013180    0.759461  0.000000  1.0
   -0.013180    0.761461  0.000000  1.0
   -0.013180    0.763461  0.000000  1.0
   -0.013180    0.765461  0.000000  1.0
   -0.013180    0.767461  0.000000  1.0
   -0.011180    0.687461  0.000000  1.0
   -0.011180    0.689461  0.000000  1.0
   -0.011180    0.691461  0.000000  1.0
   -0.011180    0.693461  0.000000  1.0
   -0.011180    0.695461  0.000000  1.0
   -0.011180    0.697461  0.000000  1.0
   -0.011180    0.699461  0.000000  1.0
   -0.011180    0.701461  0.000000  1.0
   -0.011180    0.703461  0.000000  1.0
   -0.011180    0.705461  0.000000  1.0
   -0.011180    0.707461  0.000000  1.0
   -0.011180    0.709461  0.000000  1.0
   -0.011180    0.711461  0.000000  1.0
   -0.011180    0.713461  0.000000  1.0
   -0.011180    0.715461  0.000000  1.0
   -0.011180    0.717461  0.000000  1.0
   -0.011180    0.719461  0.000000  1.0
   -0.011180    0.721461  0.000000  1.0
   -0.011180    0.723461  0.000000  1.0
   -0.011180    0.725461  0.000000  1.0
   -0.011180    0.727461  0.000000  1.0
   -0.011180    0.729461  0.000000  1.0
   -0.011180    0.731461  0.000000  1.0
   -0.011180    0.733461  0.000000  1.0
   -0.011180    0.735461  0.000000  1.0
   -0.011180    0.737461  0.000000  1.0
   -0.011180    0.739461  0.000000  1.0
   -0.011180    0.741461  0.000000  1.0
   -0.011180    0.743461  0.000000  1.0
   -0.011180    0.745461  0.000000  1.0
   -0.011180    0.747461  0.000000  1.0
   -0.011180    0.749461  0.000000  1.0
   -0.011180    0.751461  0.000000  1.0
   -0.011180    0.753461  0.000000  1.0
   -0.011180    0.755461  0.000000  1.0
   -0.011180    0.757461  0.000000  1.0
   -0.011180    0.759461  0.000000  1.0
   -0.011180    0.761461  0.000000  1.0
   -0.011180    0.763461  0.000000  1.0
   -0.011180    0.765461  0.000000  1.0
   -0.011180    0.767461  0.000000  1.0
   -0.009180    0.687461  0.000000  1.0
   -0.009180    0.689461  0.000000  1.0
   -0.009180    0.691461  0.000000  1.0
   -0.009180    0.693461  0.000000  1.0
   -0.009180    0.695461  0.000000  1.0
   -0.009180    0.697461  0.000000  1.0
   -0.009180    0.699461  0.000000  1.0
   -0.009180    0.701461  0.000000  1.0
   -0.009180    0.703461  0.000000  1.0
   -0.009180    0.705461  0.000000  1.0
   -0.009180    0.707461  0.000000  1.0
   -0.009180    0.709461  0.000000  1.0
   -0.009180    0.711461  0.000000  1.0
   -0.009180    0.713461  0.000000  1.0
   -0.009180    0.715461  0.000000  1.0
   -0.009180    0.717461  0.000000  1.0
   -0.009180    0.719461  0.000000  1.0
   -0.009180    0.721461  0.000000  1.0
   -0.009180    0.723461  0.000000  1.0
   -0.009180    0.725461  0.000000  1.0
   -0.009180    0.727461  0.000000  1.0
   -0.009180    0.729461  0.000000  1.0
   -0.009180    0.731461  0.000000  1.0
   -0.009180    0.733461  0.000000  1.0
   -0.009180    0.735461  0.000000  1.0
   -0.009180    0.737461  0.000000  1.0
   -0.009180    0.739461  0.000000  1.0
   -0.009180    0.741461  0.000000  1.0
   -0.009180    0.743461  0.000000  1.0
   -0.009180    0.745461  0.000000  1.0
   -0.009180    0.747461  0.000000  1.0
   -0.009180    0.749461  0.000000  1.0
   -0.009180    0.751461  0.000000  1.0
   -0.009180    0.753461  0.000000  1.0
   -0.009180    0.755461  0.000000  1.0
   -0.009180    0.757461  0.000000  1.0
   -0.009180    0.759461  0.000000  1.0
   -0.009180    0.761461  0.000000  1.0
   -0.009180    0.763461  0.000000  1.0
   -0.009180    0.765461  0.000000  1.0
   -0.009180    0.767461  0.000000  1.0
