&CONTROL
  calculation = 'bands'
  prefix = 'graphene27.5upper'
  outdir = './tmp'
  pseudo_dir = './'
  verbosity = 'high'
/
&SYSTEM
  ibrav = 0
  nat = 2
  ntyp = 1
  ecutwfc = 40.0
  nosym = .true.
  noinv = .true.
  nbnd = 8
/
&ELECTRONS
/
ATOMIC_SPECIES
  C  12.011 C.pbe-n-kjpaw_psl.1.0.0.UPF
CELL_PARAMETERS {bohr}
  5.898053  0.000000  0.000000
  2.949026  4.006167  0.000000
  0.000000  0.000000  28.346456
ATOMIC_POSITIONS {crystal}
  C  0.004744  -0.009479  0.000000
  C  0.328589  0.342812  0.000000
K_POINTS {tpiba}
1681
   -0.056393    0.696122  0.000000  1.0
   -0.056393    0.698122  0.000000  1.0
   -0.056393    0.700122  0.000000  1.0
   -0.056393    0.702122  0.000000  1.0
   -0.056393    0.704122  0.000000  1.0
   -0.056393    0.706122  0.000000  1.0
   -0.056393    0.708122  0.000000  1.0
   -0.056393    0.710122  0.000000  1.0
   -0.056393    0.712122  0.000000  1.0
   -0.056393    0.714122  0.000000  1.0
   -0.056393    0.716122  0.000000  1.0
   -0.056393    0.718122  0.000000  1.0
   -0.056393    0.720122  0.000000  1.0
   -0.056393    0.722122  0.000000  1.0
   -0.056393    0.724122  0.000000  1.0
   -0.056393    0.726122  0.000000  1.0
   -0.056393    0.728122  0.000000  1.0
   -0.056393    0.730122  0.000000  1.0
   -0.056393    0.732122  0.000000  1.0
   -0.056393    0.734122  0.000000  1.0
   -0.056393    0.736122  0.000000  1.0
   -0.056393    0.738122  0.000000  1.0
   -0.056393    0.740122  0.000000  1.0
   -0.056393    0.742122  0.000000  1.0
   -0.056393    0.744122  0.000000  1.0
   -0.056393    0.746122  0.000000  1.0
   -0.056393    0.748122  0.000000  1.0
   -0.056393    0.750122  0.000000  1.0
   -0.056393    0.752122  0.000000  1.0
   -0.056393    0.754122  0.000000  1.0
   -0.056393    0.756122  0.000000  1.0
   -0.056393    0.758122  0.000000  1.0
   -0.056393    0.760122  0.000000  1.0
   -0.056393    0.762122  0.000000  1.0
   -0.056393    0.764122  0.000000  1.0
   -0.056393    0.766122  0.000000  1.0
   -0.056393    0.768122  0.000000  1.0
   -0.056393    0.770122  0.000000  1.0
   -0.056393    0.772122  0.000000  1.0
   -0.056393    0.774122  0.000000  1.0
   -0.056393    0.776122  0.000000  1.0
   -0.054393    0.696122  0.000000  1.0
   -0.054393    0.698122  0.000000  1.0
   -0.054393    0.700122  0.000000  1.0
   -0.054393    0.702122  0.000000  1.0
   -0.054393    0.704122  0.000000  1.0
   -0.054393    0.706122  0.000000  1.0
   -0.054393    0.708122  0.000000  1.0
   -0.054393    0.710122  0.000000  1.0
   -0.054393    0.712122  0.000000  1.0
   -0.054393    0.714122  0.000000  1.0
   -0.054393    0.716122  0.000000  1.0
   -0.054393    0.718122  0.000000  1.0
   -0.054393    0.720122  0.000000  1.0
   -0.054393    0.722122  0.000000  1.0
   -0.054393    0.724122  0.000000  1.0
   -0.054393    0.726122  0.000000  1.0
   -0.054393    0.728122  0.000000  1.0
   -0.054393    0.730122  0.000000  1.0
   -0.054393    0.732122  0.000000  1.0
   -0.054393    0.734122  0.000000  1.0
   -0.054393    0.736122  0.000000  1.0
   -0.054393    0.738122  0.000000  1.0
   -0.054393    0.740122  0.000000  1.0
   -0.054393    0.742122  0.000000  1.0
   -0.054393    0.744122  0.000000  1.0
   -0.054393    0.746122  0.000000  1.0
   -0.054393    0.748122  0.000000  1.0
   -0.054393    0.750122  0.000000  1.0
   -0.054393    0.752122  0.000000  1.0
   -0.054393    0.754122  0.000000  1.0
   -0.054393    0.756122  0.000000  1.0
   -0.054393    0.758122  0.000000  1.0
   -0.054393    0.760122  0.000000  1.0
   -0.054393    0.762122  0.000000  1.0
   -0.054393    0.764122  0.000000  1.0
   -0.054393    0.766122  0.000000  1.0
   -0.054393    0.768122  0.000000  1.0
   -0.054393    0.770122  0.000000  1.0
   -0.054393    0.772122  0.000000  1.0
   -0.054393    0.774122  0.000000  1.0
   -0.054393    0.776122  0.000000  1.0
   -0.052393    0.696122  0.000000  1.0
   -0.052393    0.698122  0.000000  1.0
   -0.052393    0.700122  0.000000  1.0
   -0.052393    0.702122  0.000000  1.0
   -0.052393    0.704122  0.000000  1.0
   -0.052393    0.706122  0.000000  1.0
   -0.052393    0.708122  0.000000  1.0
   -0.052393    0.710122  0.000000  1.0
   -0.052393    0.712122  0.000000  1.0
   -0.052393    0.714122  0.000000  1.0
   -0.052393    0.716122  0.000000  1.0
   -0.052393    0.718122  0.000000  1.0
   -0.052393    0.720122  0.000000  1.0
   -0.052393    0.722122  0.000000  1.0
   -0.052393    0.724122  0.000000  1.0
   -0.052393    0.726122  0.000000  1.0
   -0.052393    0.728122  0.000000  1.0
   -0.052393    0.730122  0.000000  1.0
   -0.052393    0.732122  0.000000  1.0
   -0.052393    0.734122  0.000000  1.0
   -0.052393    0.736122  0.000000  1.0
   -0.052393    0.738122  0.000000  1.0
   -0.052393    0.740122  0.000000  1.0
   -0.052393    0.742122  0.000000  1.0
   -0.052393    0.744122  0.000000  1.0
   -0.052393    0.746122  0.000000  1.0
   -0.052393    0.748122  0.000000  1.0
   -0.052393    0.750122  0.000000  1.0
   -0.052393    0.752122  0.000000  1.0
   -0.052393    0.754122  0.000000  1.0
   -0.052393    0.756122  0.000000  1.0
   -0.052393    0.758122  0.000000  1.0
   -0.052393    0.760122  0.000000  1.0
   -0.052393    0.762122  0.000000  1.0
   -0.052393    0.764122  0.000000  1.0
   -0.052393    0.766122  0.000000  1.0
   -0.052393    0.768122  0.000000  1.0
   -0.052393    0.770122  0.000000  1.0
   -0.052393    0.772122  0.000000  1.0
   -0.052393    0.774122  0.000000  1.0
   -0.052393    0.776122  0.000000  1.0
   -0.050393    0.696122  0.000000  1.0
   -0.050393    0.698122  0.000000  1.0
   -0.050393    0.700122  0.000000  1.0
   -0.050393    0.702122  0.000000  1.0
   -0.050393    0.704122  0.000000  1.0
   -0.050393    0.706122  0.000000  1.0
   -0.050393    0.708122  0.000000  1.0
   -0.050393    0.710122  0.000000  1.0
   -0.050393    0.712122  0.000000  1.0
   -0.050393    0.714122  0.000000  1.0
   -0.050393    0.716122  0.000000  1.0
   -0.050393    0.718122  0.000000  1.0
   -0.050393    0.720122  0.000000  1.0
   -0.050393    0.722122  0.000000  1.0
   -0.050393    0.724122  0.000000  1.0
   -0.050393    0.726122  0.000000  1.0
   -0.050393    0.728122  0.000000  1.0
   -0.050393    0.730122  0.000000  1.0
   -0.050393    0.732122  0.000000  1.0
   -0.050393    0.734122  0.000000  1.0
   -0.050393    0.736122  0.000000  1.0
   -0.050393    0.738122  0.000000  1.0
   -0.050393    0.740122  0.000000  1.0
   -0.050393    0.742122  0.000000  1.0
   -0.050393    0.744122  0.000000  1.0
   -0.050393    0.746122  0.000000  1.0
   -0.050393    0.748122  0.000000  1.0
   -0.050393    0.750122  0.000000  1.0
   -0.050393    0.752122  0.000000  1.0
   -0.050393    0.754122  0.000000  1.0
   -0.050393    0.756122  0.000000  1.0
   -0.050393    0.758122  0.000000  1.0
   -0.050393    0.760122  0.000000  1.0
   -0.050393    0.762122  0.000000  1.0
   -0.050393    0.764122  0.000000  1.0
   -0.050393    0.766122  0.000000  1.0
   -0.050393    0.768122  0.000000  1.0
   -0.050393    0.770122  0.000000  1.0
   -0.050393    0.772122  0.000000  1.0
   -0.050393    0.774122  0.000000  1.0
   -0.050393    0.776122  0.000000  1.0
   -0.048393    0.696122  0.000000  1.0
   -0.048393    0.698122  0.000000  1.0
   -0.048393    0.700122  0.000000  1.0
   -0.048393    0.702122  0.000000  1.0
   -0.048393    0.704122  0.000000  1.0
   -0.048393    0.706122  0.000000  1.0
   -0.048393    0.708122  0.000000  1.0
   -0.048393    0.710122  0.000000  1.0
   -0.048393    0.712122  0.000000  1.0
   -0.048393    0.714122  0.000000  1.0
   -0.048393    0.716122  0.000000  1.0
   -0.048393    0.718122  0.000000  1.0
   -0.048393    0.720122  0.000000  1.0
   -0.048393    0.722122  0.000000  1.0
   -0.048393    0.724122  0.000000  1.0
   -0.048393    0.726122  0.000000  1.0
   -0.048393    0.728122  0.000000  1.0
   -0.048393    0.730122  0.000000  1.0
   -0.048393    0.732122  0.000000  1.0
   -0.048393    0.734122  0.000000  1.0
   -0.048393    0.736122  0.000000  1.0
   -0.048393    0.738122  0.000000  1.0
   -0.048393    0.740122  0.000000  1.0
   -0.048393    0.742122  0.000000  1.0
   -0.048393    0.744122  0.000000  1.0
   -0.048393    0.746122  0.000000  1.0
   -0.048393    0.748122  0.000000  1.0
   -0.048393    0.750122  0.000000  1.0
   -0.048393    0.752122  0.000000  1.0
   -0.048393    0.754122  0.000000  1.0
   -0.048393    0.756122  0.000000  1.0
   -0.048393    0.758122  0.000000  1.0
   -0.048393    0.760122  0.000000  1.0
   -0.048393    0.762122  0.000000  1.0
   -0.048393    0.764122  0.000000  1.0
   -0.048393    0.766122  0.000000  1.0
   -0.048393    0.768122  0.000000  1.0
   -0.048393    0.770122  0.000000  1.0
   -0.048393    0.772122  0.000000  1.0
   -0.048393    0.774122  0.000000  1.0
   -0.048393    0.776122  0.000000  1.0
   -0.046393    0.696122  0.000000  1.0
   -0.046393    0.698122  0.000000  1.0
   -0.046393    0.700122  0.000000  1.0
   -0.046393    0.702122  0.000000  1.0
   -0.046393    0.704122  0.000000  1.0
   -0.046393    0.706122  0.000000  1.0
   -0.046393    0.708122  0.000000  1.0
   -0.046393    0.710122  0.000000  1.0
   -0.046393    0.712122  0.000000  1.0
   -0.046393    0.714122  0.000000  1.0
   -0.046393    0.716122  0.000000  1.0
   -0.046393    0.718122  0.000000  1.0
   -0.046393    0.720122  0.000000  1.0
   -0.046393    0.722122  0.000000  1.0
   -0.046393    0.724122  0.000000  1.0
   -0.046393    0.726122  0.000000  1.0
   -0.046393    0.728122  0.000000  1.0
   -0.046393    0.730122  0.000000  1.0
   -0.046393    0.732122  0.000000  1.0
   -0.046393    0.734122  0.000000  1.0
   -0.046393    0.736122  0.000000  1.0
   -0.046393    0.738122  0.000000  1.0
   -0.046393    0.740122  0.000000  1.0
   -0.046393    0.742122  0.000000  1.0
   -0.046393    0.744122  0.000000  1.0
   -0.046393    0.746122  0.000000  1.0
   -0.046393    0.748122  0.000000  1.0
   -0.046393    0.750122  0.000000  1.0
   -0.046393    0.752122  0.000000  1.0
   -0.046393    0.754122  0.000000  1.0
   -0.046393    0.756122  0.000000  1.0
   -0.046393    0.758122  0.000000  1.0
   -0.046393    0.760122  0.000000  1.0
   -0.046393    0.762122  0.000000  1.0
   -0.046393    0.764122  0.000000  1.0
   -0.046393    0.766122  0.000000  1.0
   -0.046393    0.768122  0.000000  1.0
   -0.046393    0.770122  0.000000  1.0
   -0.046393    0.772122  0.000000  1.0
   -0.046393    0.774122  0.000000  1.0
   -0.046393    0.776122  0.000000  1.0
   -0.044393    0.696122  0.000000  1.0
   -0.044393    0.698122  0.000000  1.0
   -0.044393    0.700122  0.000000  1.0
   -0.044393    0.702122  0.000000  1.0
   -0.044393    0.704122  0.000000  1.0
   -0.044393    0.706122  0.000000  1.0
   -0.044393    0.708122  0.000000  1.0
   -0.044393    0.710122  0.000000  1.0
   -0.044393    0.712122  0.000000  1.0
   -0.044393    0.714122  0.000000  1.0
   -0.044393    0.716122  0.000000  1.0
   -0.044393    0.718122  0.000000  1.0
   -0.044393    0.720122  0.000000  1.0
   -0.044393    0.722122  0.000000  1.0
   -0.044393    0.724122  0.000000  1.0
   -0.044393    0.726122  0.000000  1.0
   -0.044393    0.728122  0.000000  1.0
   -0.044393    0.730122  0.000000  1.0
   -0.044393    0.732122  0.000000  1.0
   -0.044393    0.734122  0.000000  1.0
   -0.044393    0.736122  0.000000  1.0
   -0.044393    0.738122  0.000000  1.0
   -0.044393    0.740122  0.000000  1.0
   -0.044393    0.742122  0.000000  1.0
   -0.044393    0.744122  0.000000  1.0
   -0.044393    0.746122  0.000000  1.0
   -0.044393    0.748122  0.000000  1.0
   -0.044393    0.750122  0.000000  1.0
   -0.044393    0.752122  0.000000  1.0
   -0.044393    0.754122  0.000000  1.0
   -0.044393    0.756122  0.000000  1.0
   -0.044393    0.758122  0.000000  1.0
   -0.044393    0.760122  0.000000  1.0
   -0.044393    0.762122  0.000000  1.0
   -0.044393    0.764122  0.000000  1.0
   -0.044393    0.766122  0.000000  1.0
   -0.044393    0.768122  0.000000  1.0
   -0.044393    0.770122  0.000000  1.0
   -0.044393    0.772122  0.000000  1.0
   -0.044393    0.774122  0.000000  1.0
   -0.044393    0.776122  0.000000  1.0
   -0.042393    0.696122  0.000000  1.0
   -0.042393    0.698122  0.000000  1.0
   -0.042393    0.700122  0.000000  1.0
   -0.042393    0.702122  0.000000  1.0
   -0.042393    0.704122  0.000000  1.0
   -0.042393    0.706122  0.000000  1.0
   -0.042393    0.708122  0.000000  1.0
   -0.042393    0.710122  0.000000  1.0
   -0.042393    0.712122  0.000000  1.0
   -0.042393    0.714122  0.000000  1.0
   -0.042393    0.716122  0.000000  1.0
   -0.042393    0.718122  0.000000  1.0
   -0.042393    0.720122  0.000000  1.0
   -0.042393    0.722122  0.000000  1.0
   -0.042393    0.724122  0.000000  1.0
   -0.042393    0.726122  0.000000  1.0
   -0.042393    0.728122  0.000000  1.0
   -0.042393    0.730122  0.000000  1.0
   -0.042393    0.732122  0.000000  1.0
   -0.042393    0.734122  0.000000  1.0
   -0.042393    0.736122  0.000000  1.0
   -0.042393    0.738122  0.000000  1.0
   -0.042393    0.740122  0.000000  1.0
   -0.042393    0.742122  0.000000  1.0
   -0.042393    0.744122  0.000000  1.0
   -0.042393    0.746122  0.000000  1.0
   -0.042393    0.748122  0.000000  1.0
   -0.042393    0.750122  0.000000  1.0
   -0.042393    0.752122  0.000000  1.0
   -0.042393    0.754122  0.000000  1.0
   -0.042393    0.756122  0.000000  1.0
   -0.042393    0.758122  0.000000  1.0
   -0.042393    0.760122  0.000000  1.0
   -0.042393    0.762122  0.000000  1.0
   -0.042393    0.764122  0.000000  1.0
   -0.042393    0.766122  0.000000  1.0
   -0.042393    0.768122  0.000000  1.0
   -0.042393    0.770122  0.000000  1.0
   -0.042393    0.772122  0.000000  1.0
   -0.042393    0.774122  0.000000  1.0
   -0.042393    0.776122  0.000000  1.0
   -0.040393    0.696122  0.000000  1.0
   -0.040393    0.698122  0.000000  1.0
   -0.040393    0.700122  0.000000  1.0
   -0.040393    0.702122  0.000000  1.0
   -0.040393    0.704122  0.000000  1.0
   -0.040393    0.706122  0.000000  1.0
   -0.040393    0.708122  0.000000  1.0
   -0.040393    0.710122  0.000000  1.0
   -0.040393    0.712122  0.000000  1.0
   -0.040393    0.714122  0.000000  1.0
   -0.040393    0.716122  0.000000  1.0
   -0.040393    0.718122  0.000000  1.0
   -0.040393    0.720122  0.000000  1.0
   -0.040393    0.722122  0.000000  1.0
   -0.040393    0.724122  0.000000  1.0
   -0.040393    0.726122  0.000000  1.0
   -0.040393    0.728122  0.000000  1.0
   -0.040393    0.730122  0.000000  1.0
   -0.040393    0.732122  0.000000  1.0
   -0.040393    0.734122  0.000000  1.0
   -0.040393    0.736122  0.000000  1.0
   -0.040393    0.738122  0.000000  1.0
   -0.040393    0.740122  0.000000  1.0
   -0.040393    0.742122  0.000000  1.0
   -0.040393    0.744122  0.000000  1.0
   -0.040393    0.746122  0.000000  1.0
   -0.040393    0.748122  0.000000  1.0
   -0.040393    0.750122  0.000000  1.0
   -0.040393    0.752122  0.000000  1.0
   -0.040393    0.754122  0.000000  1.0
   -0.040393    0.756122  0.000000  1.0
   -0.040393    0.758122  0.000000  1.0
   -0.040393    0.760122  0.000000  1.0
   -0.040393    0.762122  0.000000  1.0
   -0.040393    0.764122  0.000000  1.0
   -0.040393    0.766122  0.000000  1.0
   -0.040393    0.768122  0.000000  1.0
   -0.040393    0.770122  0.000000  1.0
   -0.040393    0.772122  0.000000  1.0
   -0.040393    0.774122  0.000000  1.0
   -0.040393    0.776122  0.000000  1.0
   -0.038393    0.696122  0.000000  1.0
   -0.038393    0.698122  0.000000  1.0
   -0.038393    0.700122  0.000000  1.0
   -0.038393    0.702122  0.000000  1.0
   -0.038393    0.704122  0.000000  1.0
   -0.038393    0.706122  0.000000  1.0
   -0.038393    0.708122  0.000000  1.0
   -0.038393    0.710122  0.000000  1.0
   -0.038393    0.712122  0.000000  1.0
   -0.038393    0.714122  0.000000  1.0
   -0.038393    0.716122  0.000000  1.0
   -0.038393    0.718122  0.000000  1.0
   -0.038393    0.720122  0.000000  1.0
   -0.038393    0.722122  0.000000  1.0
   -0.038393    0.724122  0.000000  1.0
   -0.038393    0.726122  0.000000  1.0
   -0.038393    0.728122  0.000000  1.0
   -0.038393    0.730122  0.000000  1.0
   -0.038393    0.732122  0.000000  1.0
   -0.038393    0.734122  0.000000  1.0
   -0.038393    0.736122  0.000000  1.0
   -0.038393    0.738122  0.000000  1.0
   -0.038393    0.740122  0.000000  1.0
   -0.038393    0.742122  0.000000  1.0
   -0.038393    0.744122  0.000000  1.0
   -0.038393    0.746122  0.000000  1.0
   -0.038393    0.748122  0.000000  1.0
   -0.038393    0.750122  0.000000  1.0
   -0.038393    0.752122  0.000000  1.0
   -0.038393    0.754122  0.000000  1.0
   -0.038393    0.756122  0.000000  1.0
   -0.038393    0.758122  0.000000  1.0
   -0.038393    0.760122  0.000000  1.0
   -0.038393    0.762122  0.000000  1.0
   -0.038393    0.764122  0.000000  1.0
   -0.038393    0.766122  0.000000  1.0
   -0.038393    0.768122  0.000000  1.0
   -0.038393    0.770122  0.000000  1.0
   -0.038393    0.772122  0.000000  1.0
   -0.038393    0.774122  0.000000  1.0
   -0.038393    0.776122  0.000000  1.0
   -0.036393    0.696122  0.000000  1.0
   -0.036393    0.698122  0.000000  1.0
   -0.036393    0.700122  0.000000  1.0
   -0.036393    0.702122  0.000000  1.0
   -0.036393    0.704122  0.000000  1.0
   -0.036393    0.706122  0.000000  1.0
   -0.036393    0.708122  0.000000  1.0
   -0.036393    0.710122  0.000000  1.0
   -0.036393    0.712122  0.000000  1.0
   -0.036393    0.714122  0.000000  1.0
   -0.036393    0.716122  0.000000  1.0
   -0.036393    0.718122  0.000000  1.0
   -0.036393    0.720122  0.000000  1.0
   -0.036393    0.722122  0.000000  1.0
   -0.036393    0.724122  0.000000  1.0
   -0.036393    0.726122  0.000000  1.0
   -0.036393    0.728122  0.000000  1.0
   -0.036393    0.730122  0.000000  1.0
   -0.036393    0.732122  0.000000  1.0
   -0.036393    0.734122  0.000000  1.0
   -0.036393    0.736122  0.000000  1.0
   -0.036393    0.738122  0.000000  1.0
   -0.036393    0.740122  0.000000  1.0
   -0.036393    0.742122  0.000000  1.0
   -0.036393    0.744122  0.000000  1.0
   -0.036393    0.746122  0.000000  1.0
   -0.036393    0.748122  0.000000  1.0
   -0.036393    0.750122  0.000000  1.0
   -0.036393    0.752122  0.000000  1.0
   -0.036393    0.754122  0.000000  1.0
   -0.036393    0.756122  0.000000  1.0
   -0.036393    0.758122  0.000000  1.0
   -0.036393    0.760122  0.000000  1.0
   -0.036393    0.762122  0.000000  1.0
   -0.036393    0.764122  0.000000  1.0
   -0.036393    0.766122  0.000000  1.0
   -0.036393    0.768122  0.000000  1.0
   -0.036393    0.770122  0.000000  1.0
   -0.036393    0.772122  0.000000  1.0
   -0.036393    0.774122  0.000000  1.0
   -0.036393    0.776122  0.000000  1.0
   -0.034393    0.696122  0.000000  1.0
   -0.034393    0.698122  0.000000  1.0
   -0.034393    0.700122  0.000000  1.0
   -0.034393    0.702122  0.000000  1.0
   -0.034393    0.704122  0.000000  1.0
   -0.034393    0.706122  0.000000  1.0
   -0.034393    0.708122  0.000000  1.0
   -0.034393    0.710122  0.000000  1.0
   -0.034393    0.712122  0.000000  1.0
   -0.034393    0.714122  0.000000  1.0
   -0.034393    0.716122  0.000000  1.0
   -0.034393    0.718122  0.000000  1.0
   -0.034393    0.720122  0.000000  1.0
   -0.034393    0.722122  0.000000  1.0
   -0.034393    0.724122  0.000000  1.0
   -0.034393    0.726122  0.000000  1.0
   -0.034393    0.728122  0.000000  1.0
   -0.034393    0.730122  0.000000  1.0
   -0.034393    0.732122  0.000000  1.0
   -0.034393    0.734122  0.000000  1.0
   -0.034393    0.736122  0.000000  1.0
   -0.034393    0.738122  0.000000  1.0
   -0.034393    0.740122  0.000000  1.0
   -0.034393    0.742122  0.000000  1.0
   -0.034393    0.744122  0.000000  1.0
   -0.034393    0.746122  0.000000  1.0
   -0.034393    0.748122  0.000000  1.0
   -0.034393    0.750122  0.000000  1.0
   -0.034393    0.752122  0.000000  1.0
   -0.034393    0.754122  0.000000  1.0
   -0.034393    0.756122  0.000000  1.0
   -0.034393    0.758122  0.000000  1.0
   -0.034393    0.760122  0.000000  1.0
   -0.034393    0.762122  0.000000  1.0
   -0.034393    0.764122  0.000000  1.0
   -0.034393    0.766122  0.000000  1.0
   -0.034393    0.768122  0.000000  1.0
   -0.034393    0.770122  0.000000  1.0
   -0.034393    0.772122  0.000000  1.0
   -0.034393    0.774122  0.000000  1.0
   -0.034393    0.776122  0.000000  1.0
   -0.032393    0.696122  0.000000  1.0
   -0.032393    0.698122  0.000000  1.0
   -0.032393    0.700122  0.000000  1.0
   -0.032393    0.702122  0.000000  1.0
   -0.032393    0.704122  0.000000  1.0
   -0.032393    0.706122  0.000000  1.0
   -0.032393    0.708122  0.000000  1.0
   -0.032393    0.710122  0.000000  1.0
   -0.032393    0.712122  0.000000  1.0
   -0.032393    0.714122  0.000000  1.0
   -0.032393    0.716122  0.000000  1.0
   -0.032393    0.718122  0.000000  1.0
   -0.032393    0.720122  0.000000  1.0
   -0.032393    0.722122  0.000000  1.0
   -0.032393    0.724122  0.000000  1.0
   -0.032393    0.726122  0.000000  1.0
   -0.032393    0.728122  0.000000  1.0
   -0.032393    0.730122  0.000000  1.0
   -0.032393    0.732122  0.000000  1.0
   -0.032393    0.734122  0.000000  1.0
   -0.032393    0.736122  0.000000  1.0
   -0.032393    0.738122  0.000000  1.0
   -0.032393    0.740122  0.000000  1.0
   -0.032393    0.742122  0.000000  1.0
   -0.032393    0.744122  0.000000  1.0
   -0.032393    0.746122  0.000000  1.0
   -0.032393    0.748122  0.000000  1.0
   -0.032393    0.750122  0.000000  1.0
   -0.032393    0.752122  0.000000  1.0
   -0.032393    0.754122  0.000000  1.0
   -0.032393    0.756122  0.000000  1.0
   -0.032393    0.758122  0.000000  1.0
   -0.032393    0.760122  0.000000  1.0
   -0.032393    0.762122  0.000000  1.0
   -0.032393    0.764122  0.000000  1.0
   -0.032393    0.766122  0.000000  1.0
   -0.032393    0.768122  0.000000  1.0
   -0.032393    0.770122  0.000000  1.0
   -0.032393    0.772122  0.000000  1.0
   -0.032393    0.774122  0.000000  1.0
   -0.032393    0.776122  0.000000  1.0
   -0.030393    0.696122  0.000000  1.0
   -0.030393    0.698122  0.000000  1.0
   -0.030393    0.700122  0.000000  1.0
   -0.030393    0.702122  0.000000  1.0
   -0.030393    0.704122  0.000000  1.0
   -0.030393    0.706122  0.000000  1.0
   -0.030393    0.708122  0.000000  1.0
   -0.030393    0.710122  0.000000  1.0
   -0.030393    0.712122  0.000000  1.0
   -0.030393    0.714122  0.000000  1.0
   -0.030393    0.716122  0.000000  1.0
   -0.030393    0.718122  0.000000  1.0
   -0.030393    0.720122  0.000000  1.0
   -0.030393    0.722122  0.000000  1.0
   -0.030393    0.724122  0.000000  1.0
   -0.030393    0.726122  0.000000  1.0
   -0.030393    0.728122  0.000000  1.0
   -0.030393    0.730122  0.000000  1.0
   -0.030393    0.732122  0.000000  1.0
   -0.030393    0.734122  0.000000  1.0
   -0.030393    0.736122  0.000000  1.0
   -0.030393    0.738122  0.000000  1.0
   -0.030393    0.740122  0.000000  1.0
   -0.030393    0.742122  0.000000  1.0
   -0.030393    0.744122  0.000000  1.0
   -0.030393    0.746122  0.000000  1.0
   -0.030393    0.748122  0.000000  1.0
   -0.030393    0.750122  0.000000  1.0
   -0.030393    0.752122  0.000000  1.0
   -0.030393    0.754122  0.000000  1.0
   -0.030393    0.756122  0.000000  1.0
   -0.030393    0.758122  0.000000  1.0
   -0.030393    0.760122  0.000000  1.0
   -0.030393    0.762122  0.000000  1.0
   -0.030393    0.764122  0.000000  1.0
   -0.030393    0.766122  0.000000  1.0
   -0.030393    0.768122  0.000000  1.0
   -0.030393    0.770122  0.000000  1.0
   -0.030393    0.772122  0.000000  1.0
   -0.030393    0.774122  0.000000  1.0
   -0.030393    0.776122  0.000000  1.0
   -0.028393    0.696122  0.000000  1.0
   -0.028393    0.698122  0.000000  1.0
   -0.028393    0.700122  0.000000  1.0
   -0.028393    0.702122  0.000000  1.0
   -0.028393    0.704122  0.000000  1.0
   -0.028393    0.706122  0.000000  1.0
   -0.028393    0.708122  0.000000  1.0
   -0.028393    0.710122  0.000000  1.0
   -0.028393    0.712122  0.000000  1.0
   -0.028393    0.714122  0.000000  1.0
   -0.028393    0.716122  0.000000  1.0
   -0.028393    0.718122  0.000000  1.0
   -0.028393    0.720122  0.000000  1.0
   -0.028393    0.722122  0.000000  1.0
   -0.028393    0.724122  0.000000  1.0
   -0.028393    0.726122  0.000000  1.0
   -0.028393    0.728122  0.000000  1.0
   -0.028393    0.730122  0.000000  1.0
   -0.028393    0.732122  0.000000  1.0
   -0.028393    0.734122  0.000000  1.0
   -0.028393    0.736122  0.000000  1.0
   -0.028393    0.738122  0.000000  1.0
   -0.028393    0.740122  0.000000  1.0
   -0.028393    0.742122  0.000000  1.0
   -0.028393    0.744122  0.000000  1.0
   -0.028393    0.746122  0.000000  1.0
   -0.028393    0.748122  0.000000  1.0
   -0.028393    0.750122  0.000000  1.0
   -0.028393    0.752122  0.000000  1.0
   -0.028393    0.754122  0.000000  1.0
   -0.028393    0.756122  0.000000  1.0
   -0.028393    0.758122  0.000000  1.0
   -0.028393    0.760122  0.000000  1.0
   -0.028393    0.762122  0.000000  1.0
   -0.028393    0.764122  0.000000  1.0
   -0.028393    0.766122  0.000000  1.0
   -0.028393    0.768122  0.000000  1.0
   -0.028393    0.770122  0.000000  1.0
   -0.028393    0.772122  0.000000  1.0
   -0.028393    0.774122  0.000000  1.0
   -0.028393    0.776122  0.000000  1.0
   -0.026393    0.696122  0.000000  1.0
   -0.026393    0.698122  0.000000  1.0
   -0.026393    0.700122  0.000000  1.0
   -0.026393    0.702122  0.000000  1.0
   -0.026393    0.704122  0.000000  1.0
   -0.026393    0.706122  0.000000  1.0
   -0.026393    0.708122  0.000000  1.0
   -0.026393    0.710122  0.000000  1.0
   -0.026393    0.712122  0.000000  1.0
   -0.026393    0.714122  0.000000  1.0
   -0.026393    0.716122  0.000000  1.0
   -0.026393    0.718122  0.000000  1.0
   -0.026393    0.720122  0.000000  1.0
   -0.026393    0.722122  0.000000  1.0
   -0.026393    0.724122  0.000000  1.0
   -0.026393    0.726122  0.000000  1.0
   -0.026393    0.728122  0.000000  1.0
   -0.026393    0.730122  0.000000  1.0
   -0.026393    0.732122  0.000000  1.0
   -0.026393    0.734122  0.000000  1.0
   -0.026393    0.736122  0.000000  1.0
   -0.026393    0.738122  0.000000  1.0
   -0.026393    0.740122  0.000000  1.0
   -0.026393    0.742122  0.000000  1.0
   -0.026393    0.744122  0.000000  1.0
   -0.026393    0.746122  0.000000  1.0
   -0.026393    0.748122  0.000000  1.0
   -0.026393    0.750122  0.000000  1.0
   -0.026393    0.752122  0.000000  1.0
   -0.026393    0.754122  0.000000  1.0
   -0.026393    0.756122  0.000000  1.0
   -0.026393    0.758122  0.000000  1.0
   -0.026393    0.760122  0.000000  1.0
   -0.026393    0.762122  0.000000  1.0
   -0.026393    0.764122  0.000000  1.0
   -0.026393    0.766122  0.000000  1.0
   -0.026393    0.768122  0.000000  1.0
   -0.026393    0.770122  0.000000  1.0
   -0.026393    0.772122  0.000000  1.0
   -0.026393    0.774122  0.000000  1.0
   -0.026393    0.776122  0.000000  1.0
   -0.024393    0.696122  0.000000  1.0
   -0.024393    0.698122  0.000000  1.0
   -0.024393    0.700122  0.000000  1.0
   -0.024393    0.702122  0.000000  1.0
   -0.024393    0.704122  0.000000  1.0
   -0.024393    0.706122  0.000000  1.0
   -0.024393    0.708122  0.000000  1.0
   -0.024393    0.710122  0.000000  1.0
   -0.024393    0.712122  0.000000  1.0
   -0.024393    0.714122  0.000000  1.0
   -0.024393    0.716122  0.000000  1.0
   -0.024393    0.718122  0.000000  1.0
   -0.024393    0.720122  0.000000  1.0
   -0.024393    0.722122  0.000000  1.0
   -0.024393    0.724122  0.000000  1.0
   -0.024393    0.726122  0.000000  1.0
   -0.024393    0.728122  0.000000  1.0
   -0.024393    0.730122  0.000000  1.0
   -0.024393    0.732122  0.000000  1.0
   -0.024393    0.734122  0.000000  1.0
   -0.024393    0.736122  0.000000  1.0
   -0.024393    0.738122  0.000000  1.0
   -0.024393    0.740122  0.000000  1.0
   -0.024393    0.742122  0.000000  1.0
   -0.024393    0.744122  0.000000  1.0
   -0.024393    0.746122  0.000000  1.0
   -0.024393    0.748122  0.000000  1.0
   -0.024393    0.750122  0.000000  1.0
   -0.024393    0.752122  0.000000  1.0
   -0.024393    0.754122  0.000000  1.0
   -0.024393    0.756122  0.000000  1.0
   -0.024393    0.758122  0.000000  1.0
   -0.024393    0.760122  0.000000  1.0
   -0.024393    0.762122  0.000000  1.0
   -0.024393    0.764122  0.000000  1.0
   -0.024393    0.766122  0.000000  1.0
   -0.024393    0.768122  0.000000  1.0
   -0.024393    0.770122  0.000000  1.0
   -0.024393    0.772122  0.000000  1.0
   -0.024393    0.774122  0.000000  1.0
   -0.024393    0.776122  0.000000  1.0
   -0.022393    0.696122  0.000000  1.0
   -0.022393    0.698122  0.000000  1.0
   -0.022393    0.700122  0.000000  1.0
   -0.022393    0.702122  0.000000  1.0
   -0.022393    0.704122  0.000000  1.0
   -0.022393    0.706122  0.000000  1.0
   -0.022393    0.708122  0.000000  1.0
   -0.022393    0.710122  0.000000  1.0
   -0.022393    0.712122  0.000000  1.0
   -0.022393    0.714122  0.000000  1.0
   -0.022393    0.716122  0.000000  1.0
   -0.022393    0.718122  0.000000  1.0
   -0.022393    0.720122  0.000000  1.0
   -0.022393    0.722122  0.000000  1.0
   -0.022393    0.724122  0.000000  1.0
   -0.022393    0.726122  0.000000  1.0
   -0.022393    0.728122  0.000000  1.0
   -0.022393    0.730122  0.000000  1.0
   -0.022393    0.732122  0.000000  1.0
   -0.022393    0.734122  0.000000  1.0
   -0.022393    0.736122  0.000000  1.0
   -0.022393    0.738122  0.000000  1.0
   -0.022393    0.740122  0.000000  1.0
   -0.022393    0.742122  0.000000  1.0
   -0.022393    0.744122  0.000000  1.0
   -0.022393    0.746122  0.000000  1.0
   -0.022393    0.748122  0.000000  1.0
   -0.022393    0.750122  0.000000  1.0
   -0.022393    0.752122  0.000000  1.0
   -0.022393    0.754122  0.000000  1.0
   -0.022393    0.756122  0.000000  1.0
   -0.022393    0.758122  0.000000  1.0
   -0.022393    0.760122  0.000000  1.0
   -0.022393    0.762122  0.000000  1.0
   -0.022393    0.764122  0.000000  1.0
   -0.022393    0.766122  0.000000  1.0
   -0.022393    0.768122  0.000000  1.0
   -0.022393    0.770122  0.000000  1.0
   -0.022393    0.772122  0.000000  1.0
   -0.022393    0.774122  0.000000  1.0
   -0.022393    0.776122  0.000000  1.0
   -0.020393    0.696122  0.000000  1.0
   -0.020393    0.698122  0.000000  1.0
   -0.020393    0.700122  0.000000  1.0
   -0.020393    0.702122  0.000000  1.0
   -0.020393    0.704122  0.000000  1.0
   -0.020393    0.706122  0.000000  1.0
   -0.020393    0.708122  0.000000  1.0
   -0.020393    0.710122  0.000000  1.0
   -0.020393    0.712122  0.000000  1.0
   -0.020393    0.714122  0.000000  1.0
   -0.020393    0.716122  0.000000  1.0
   -0.020393    0.718122  0.000000  1.0
   -0.020393    0.720122  0.000000  1.0
   -0.020393    0.722122  0.000000  1.0
   -0.020393    0.724122  0.000000  1.0
   -0.020393    0.726122  0.000000  1.0
   -0.020393    0.728122  0.000000  1.0
   -0.020393    0.730122  0.000000  1.0
   -0.020393    0.732122  0.000000  1.0
   -0.020393    0.734122  0.000000  1.0
   -0.020393    0.736122  0.000000  1.0
   -0.020393    0.738122  0.000000  1.0
   -0.020393    0.740122  0.000000  1.0
   -0.020393    0.742122  0.000000  1.0
   -0.020393    0.744122  0.000000  1.0
   -0.020393    0.746122  0.000000  1.0
   -0.020393    0.748122  0.000000  1.0
   -0.020393    0.750122  0.000000  1.0
   -0.020393    0.752122  0.000000  1.0
   -0.020393    0.754122  0.000000  1.0
   -0.020393    0.756122  0.000000  1.0
   -0.020393    0.758122  0.000000  1.0
   -0.020393    0.760122  0.000000  1.0
   -0.020393    0.762122  0.000000  1.0
   -0.020393    0.764122  0.000000  1.0
   -0.020393    0.766122  0.000000  1.0
   -0.020393    0.768122  0.000000  1.0
   -0.020393    0.770122  0.000000  1.0
   -0.020393    0.772122  0.000000  1.0
   -0.020393    0.774122  0.000000  1.0
   -0.020393    0.776122  0.000000  1.0
   -0.018393    0.696122  0.000000  1.0
   -0.018393    0.698122  0.000000  1.0
   -0.018393    0.700122  0.000000  1.0
   -0.018393    0.702122  0.000000  1.0
   -0.018393    0.704122  0.000000  1.0
   -0.018393    0.706122  0.000000  1.0
   -0.018393    0.708122  0.000000  1.0
   -0.018393    0.710122  0.000000  1.0
   -0.018393    0.712122  0.000000  1.0
   -0.018393    0.714122  0.000000  1.0
   -0.018393    0.716122  0.000000  1.0
   -0.018393    0.718122  0.000000  1.0
   -0.018393    0.720122  0.000000  1.0
   -0.018393    0.722122  0.000000  1.0
   -0.018393    0.724122  0.000000  1.0
   -0.018393    0.726122  0.000000  1.0
   -0.018393    0.728122  0.000000  1.0
   -0.018393    0.730122  0.000000  1.0
   -0.018393    0.732122  0.000000  1.0
   -0.018393    0.734122  0.000000  1.0
   -0.018393    0.736122  0.000000  1.0
   -0.018393    0.738122  0.000000  1.0
   -0.018393    0.740122  0.000000  1.0
   -0.018393    0.742122  0.000000  1.0
   -0.018393    0.744122  0.000000  1.0
   -0.018393    0.746122  0.000000  1.0
   -0.018393    0.748122  0.000000  1.0
   -0.018393    0.750122  0.000000  1.0
   -0.018393    0.752122  0.000000  1.0
   -0.018393    0.754122  0.000000  1.0
   -0.018393    0.756122  0.000000  1.0
   -0.018393    0.758122  0.000000  1.0
   -0.018393    0.760122  0.000000  1.0
   -0.018393    0.762122  0.000000  1.0
   -0.018393    0.764122  0.000000  1.0
   -0.018393    0.766122  0.000000  1.0
   -0.018393    0.768122  0.000000  1.0
   -0.018393    0.770122  0.000000  1.0
   -0.018393    0.772122  0.000000  1.0
   -0.018393    0.774122  0.000000  1.0
   -0.018393    0.776122  0.000000  1.0
   -0.016393    0.696122  0.000000  1.0
   -0.016393    0.698122  0.000000  1.0
   -0.016393    0.700122  0.000000  1.0
   -0.016393    0.702122  0.000000  1.0
   -0.016393    0.704122  0.000000  1.0
   -0.016393    0.706122  0.000000  1.0
   -0.016393    0.708122  0.000000  1.0
   -0.016393    0.710122  0.000000  1.0
   -0.016393    0.712122  0.000000  1.0
   -0.016393    0.714122  0.000000  1.0
   -0.016393    0.716122  0.000000  1.0
   -0.016393    0.718122  0.000000  1.0
   -0.016393    0.720122  0.000000  1.0
   -0.016393    0.722122  0.000000  1.0
   -0.016393    0.724122  0.000000  1.0
   -0.016393    0.726122  0.000000  1.0
   -0.016393    0.728122  0.000000  1.0
   -0.016393    0.730122  0.000000  1.0
   -0.016393    0.732122  0.000000  1.0
   -0.016393    0.734122  0.000000  1.0
   -0.016393    0.736122  0.000000  1.0
   -0.016393    0.738122  0.000000  1.0
   -0.016393    0.740122  0.000000  1.0
   -0.016393    0.742122  0.000000  1.0
   -0.016393    0.744122  0.000000  1.0
   -0.016393    0.746122  0.000000  1.0
   -0.016393    0.748122  0.000000  1.0
   -0.016393    0.750122  0.000000  1.0
   -0.016393    0.752122  0.000000  1.0
   -0.016393    0.754122  0.000000  1.0
   -0.016393    0.756122  0.000000  1.0
   -0.016393    0.758122  0.000000  1.0
   -0.016393    0.760122  0.000000  1.0
   -0.016393    0.762122  0.000000  1.0
   -0.016393    0.764122  0.000000  1.0
   -0.016393    0.766122  0.000000  1.0
   -0.016393    0.768122  0.000000  1.0
   -0.016393    0.770122  0.000000  1.0
   -0.016393    0.772122  0.000000  1.0
   -0.016393    0.774122  0.000000  1.0
   -0.016393    0.776122  0.000000  1.0
   -0.014393    0.696122  0.000000  1.0
   -0.014393    0.698122  0.000000  1.0
   -0.014393    0.700122  0.000000  1.0
   -0.014393    0.702122  0.000000  1.0
   -0.014393    0.704122  0.000000  1.0
   -0.014393    0.706122  0.000000  1.0
   -0.014393    0.708122  0.000000  1.0
   -0.014393    0.710122  0.000000  1.0
   -0.014393    0.712122  0.000000  1.0
   -0.014393    0.714122  0.000000  1.0
   -0.014393    0.716122  0.000000  1.0
   -0.014393    0.718122  0.000000  1.0
   -0.014393    0.720122  0.000000  1.0
   -0.014393    0.722122  0.000000  1.0
   -0.014393    0.724122  0.000000  1.0
   -0.014393    0.726122  0.000000  1.0
   -0.014393    0.728122  0.000000  1.0
   -0.014393    0.730122  0.000000  1.0
   -0.014393    0.732122  0.000000  1.0
   -0.014393    0.734122  0.000000  1.0
   -0.014393    0.736122  0.000000  1.0
   -0.014393    0.738122  0.000000  1.0
   -0.014393    0.740122  0.000000  1.0
   -0.014393    0.742122  0.000000  1.0
   -0.014393    0.744122  0.000000  1.0
   -0.014393    0.746122  0.000000  1.0
   -0.014393    0.748122  0.000000  1.0
   -0.014393    0.750122  0.000000  1.0
   -0.014393    0.752122  0.000000  1.0
   -0.014393    0.754122  0.000000  1.0
   -0.014393    0.756122  0.000000  1.0
   -0.014393    0.758122  0.000000  1.0
   -0.014393    0.760122  0.000000  1.0
   -0.014393    0.762122  0.000000  1.0
   -0.014393    0.764122  0.000000  1.0
   -0.014393    0.766122  0.000000  1.0
   -0.014393    0.768122  0.000000  1.0
   -0.014393    0.770122  0.000000  1.0
   -0.014393    0.772122  0.000000  1.0
   -0.014393    0.774122  0.000000  1.0
   -0.014393    0.776122  0.000000  1.0
   -0.012393    0.696122  0.000000  1.0
   -0.012393    0.698122  0.000000  1.0
   -0.012393    0.700122  0.000000  1.0
   -0.012393    0.702122  0.000000  1.0
   -0.012393    0.704122  0.000000  1.0
   -0.012393    0.706122  0.000000  1.0
   -0.012393    0.708122  0.000000  1.0
   -0.012393    0.710122  0.000000  1.0
   -0.012393    0.712122  0.000000  1.0
   -0.012393    0.714122  0.000000  1.0
   -0.012393    0.716122  0.000000  1.0
   -0.012393    0.718122  0.000000  1.0
   -0.012393    0.720122  0.000000  1.0
   -0.012393    0.722122  0.000000  1.0
   -0.012393    0.724122  0.000000  1.0
   -0.012393    0.726122  0.000000  1.0
   -0.012393    0.728122  0.000000  1.0
   -0.012393    0.730122  0.000000  1.0
   -0.012393    0.732122  0.000000  1.0
   -0.012393    0.734122  0.000000  1.0
   -0.012393    0.736122  0.000000  1.0
   -0.012393    0.738122  0.000000  1.0
   -0.012393    0.740122  0.000000  1.0
   -0.012393    0.742122  0.000000  1.0
   -0.012393    0.744122  0.000000  1.0
   -0.012393    0.746122  0.000000  1.0
   -0.012393    0.748122  0.000000  1.0
   -0.012393    0.750122  0.000000  1.0
   -0.012393    0.752122  0.000000  1.0
   -0.012393    0.754122  0.000000  1.0
   -0.012393    0.756122  0.000000  1.0
   -0.012393    0.758122  0.000000  1.0
   -0.012393    0.760122  0.000000  1.0
   -0.012393    0.762122  0.000000  1.0
   -0.012393    0.764122  0.000000  1.0
   -0.012393    0.766122  0.000000  1.0
   -0.012393    0.768122  0.000000  1.0
   -0.012393    0.770122  0.000000  1.0
   -0.012393    0.772122  0.000000  1.0
   -0.012393    0.774122  0.000000  1.0
   -0.012393    0.776122  0.000000  1.0
   -0.010393    0.696122  0.000000  1.0
   -0.010393    0.698122  0.000000  1.0
   -0.010393    0.700122  0.000000  1.0
   -0.010393    0.702122  0.000000  1.0
   -0.010393    0.704122  0.000000  1.0
   -0.010393    0.706122  0.000000  1.0
   -0.010393    0.708122  0.000000  1.0
   -0.010393    0.710122  0.000000  1.0
   -0.010393    0.712122  0.000000  1.0
   -0.010393    0.714122  0.000000  1.0
   -0.010393    0.716122  0.000000  1.0
   -0.010393    0.718122  0.000000  1.0
   -0.010393    0.720122  0.000000  1.0
   -0.010393    0.722122  0.000000  1.0
   -0.010393    0.724122  0.000000  1.0
   -0.010393    0.726122  0.000000  1.0
   -0.010393    0.728122  0.000000  1.0
   -0.010393    0.730122  0.000000  1.0
   -0.010393    0.732122  0.000000  1.0
   -0.010393    0.734122  0.000000  1.0
   -0.010393    0.736122  0.000000  1.0
   -0.010393    0.738122  0.000000  1.0
   -0.010393    0.740122  0.000000  1.0
   -0.010393    0.742122  0.000000  1.0
   -0.010393    0.744122  0.000000  1.0
   -0.010393    0.746122  0.000000  1.0
   -0.010393    0.748122  0.000000  1.0
   -0.010393    0.750122  0.000000  1.0
   -0.010393    0.752122  0.000000  1.0
   -0.010393    0.754122  0.000000  1.0
   -0.010393    0.756122  0.000000  1.0
   -0.010393    0.758122  0.000000  1.0
   -0.010393    0.760122  0.000000  1.0
   -0.010393    0.762122  0.000000  1.0
   -0.010393    0.764122  0.000000  1.0
   -0.010393    0.766122  0.000000  1.0
   -0.010393    0.768122  0.000000  1.0
   -0.010393    0.770122  0.000000  1.0
   -0.010393    0.772122  0.000000  1.0
   -0.010393    0.774122  0.000000  1.0
   -0.010393    0.776122  0.000000  1.0
   -0.008393    0.696122  0.000000  1.0
   -0.008393    0.698122  0.000000  1.0
   -0.008393    0.700122  0.000000  1.0
   -0.008393    0.702122  0.000000  1.0
   -0.008393    0.704122  0.000000  1.0
   -0.008393    0.706122  0.000000  1.0
   -0.008393    0.708122  0.000000  1.0
   -0.008393    0.710122  0.000000  1.0
   -0.008393    0.712122  0.000000  1.0
   -0.008393    0.714122  0.000000  1.0
   -0.008393    0.716122  0.000000  1.0
   -0.008393    0.718122  0.000000  1.0
   -0.008393    0.720122  0.000000  1.0
   -0.008393    0.722122  0.000000  1.0
   -0.008393    0.724122  0.000000  1.0
   -0.008393    0.726122  0.000000  1.0
   -0.008393    0.728122  0.000000  1.0
   -0.008393    0.730122  0.000000  1.0
   -0.008393    0.732122  0.000000  1.0
   -0.008393    0.734122  0.000000  1.0
   -0.008393    0.736122  0.000000  1.0
   -0.008393    0.738122  0.000000  1.0
   -0.008393    0.740122  0.000000  1.0
   -0.008393    0.742122  0.000000  1.0
   -0.008393    0.744122  0.000000  1.0
   -0.008393    0.746122  0.000000  1.0
   -0.008393    0.748122  0.000000  1.0
   -0.008393    0.750122  0.000000  1.0
   -0.008393    0.752122  0.000000  1.0
   -0.008393    0.754122  0.000000  1.0
   -0.008393    0.756122  0.000000  1.0
   -0.008393    0.758122  0.000000  1.0
   -0.008393    0.760122  0.000000  1.0
   -0.008393    0.762122  0.000000  1.0
   -0.008393    0.764122  0.000000  1.0
   -0.008393    0.766122  0.000000  1.0
   -0.008393    0.768122  0.000000  1.0
   -0.008393    0.770122  0.000000  1.0
   -0.008393    0.772122  0.000000  1.0
   -0.008393    0.774122  0.000000  1.0
   -0.008393    0.776122  0.000000  1.0
   -0.006393    0.696122  0.000000  1.0
   -0.006393    0.698122  0.000000  1.0
   -0.006393    0.700122  0.000000  1.0
   -0.006393    0.702122  0.000000  1.0
   -0.006393    0.704122  0.000000  1.0
   -0.006393    0.706122  0.000000  1.0
   -0.006393    0.708122  0.000000  1.0
   -0.006393    0.710122  0.000000  1.0
   -0.006393    0.712122  0.000000  1.0
   -0.006393    0.714122  0.000000  1.0
   -0.006393    0.716122  0.000000  1.0
   -0.006393    0.718122  0.000000  1.0
   -0.006393    0.720122  0.000000  1.0
   -0.006393    0.722122  0.000000  1.0
   -0.006393    0.724122  0.000000  1.0
   -0.006393    0.726122  0.000000  1.0
   -0.006393    0.728122  0.000000  1.0
   -0.006393    0.730122  0.000000  1.0
   -0.006393    0.732122  0.000000  1.0
   -0.006393    0.734122  0.000000  1.0
   -0.006393    0.736122  0.000000  1.0
   -0.006393    0.738122  0.000000  1.0
   -0.006393    0.740122  0.000000  1.0
   -0.006393    0.742122  0.000000  1.0
   -0.006393    0.744122  0.000000  1.0
   -0.006393    0.746122  0.000000  1.0
   -0.006393    0.748122  0.000000  1.0
   -0.006393    0.750122  0.000000  1.0
   -0.006393    0.752122  0.000000  1.0
   -0.006393    0.754122  0.000000  1.0
   -0.006393    0.756122  0.000000  1.0
   -0.006393    0.758122  0.000000  1.0
   -0.006393    0.760122  0.000000  1.0
   -0.006393    0.762122  0.000000  1.0
   -0.006393    0.764122  0.000000  1.0
   -0.006393    0.766122  0.000000  1.0
   -0.006393    0.768122  0.000000  1.0
   -0.006393    0.770122  0.000000  1.0
   -0.006393    0.772122  0.000000  1.0
   -0.006393    0.774122  0.000000  1.0
   -0.006393    0.776122  0.000000  1.0
   -0.004393    0.696122  0.000000  1.0
   -0.004393    0.698122  0.000000  1.0
   -0.004393    0.700122  0.000000  1.0
   -0.004393    0.702122  0.000000  1.0
   -0.004393    0.704122  0.000000  1.0
   -0.004393    0.706122  0.000000  1.0
   -0.004393    0.708122  0.000000  1.0
   -0.004393    0.710122  0.000000  1.0
   -0.004393    0.712122  0.000000  1.0
   -0.004393    0.714122  0.000000  1.0
   -0.004393    0.716122  0.000000  1.0
   -0.004393    0.718122  0.000000  1.0
   -0.004393    0.720122  0.000000  1.0
   -0.004393    0.722122  0.000000  1.0
   -0.004393    0.724122  0.000000  1.0
   -0.004393    0.726122  0.000000  1.0
   -0.004393    0.728122  0.000000  1.0
   -0.004393    0.730122  0.000000  1.0
   -0.004393    0.732122  0.000000  1.0
   -0.004393    0.734122  0.000000  1.0
   -0.004393    0.736122  0.000000  1.0
   -0.004393    0.738122  0.000000  1.0
   -0.004393    0.740122  0.000000  1.0
   -0.004393    0.742122  0.000000  1.0
   -0.004393    0.744122  0.000000  1.0
   -0.004393    0.746122  0.000000  1.0
   -0.004393    0.748122  0.000000  1.0
   -0.004393    0.750122  0.000000  1.0
   -0.004393    0.752122  0.000000  1.0
   -0.004393    0.754122  0.000000  1.0
   -0.004393    0.756122  0.000000  1.0
   -0.004393    0.758122  0.000000  1.0
   -0.004393    0.760122  0.000000  1.0
   -0.004393    0.762122  0.000000  1.0
   -0.004393    0.764122  0.000000  1.0
   -0.004393    0.766122  0.000000  1.0
   -0.004393    0.768122  0.000000  1.0
   -0.004393    0.770122  0.000000  1.0
   -0.004393    0.772122  0.000000  1.0
   -0.004393    0.774122  0.000000  1.0
   -0.004393    0.776122  0.000000  1.0
   -0.002393    0.696122  0.000000  1.0
   -0.002393    0.698122  0.000000  1.0
   -0.002393    0.700122  0.000000  1.0
   -0.002393    0.702122  0.000000  1.0
   -0.002393    0.704122  0.000000  1.0
   -0.002393    0.706122  0.000000  1.0
   -0.002393    0.708122  0.000000  1.0
   -0.002393    0.710122  0.000000  1.0
   -0.002393    0.712122  0.000000  1.0
   -0.002393    0.714122  0.000000  1.0
   -0.002393    0.716122  0.000000  1.0
   -0.002393    0.718122  0.000000  1.0
   -0.002393    0.720122  0.000000  1.0
   -0.002393    0.722122  0.000000  1.0
   -0.002393    0.724122  0.000000  1.0
   -0.002393    0.726122  0.000000  1.0
   -0.002393    0.728122  0.000000  1.0
   -0.002393    0.730122  0.000000  1.0
   -0.002393    0.732122  0.000000  1.0
   -0.002393    0.734122  0.000000  1.0
   -0.002393    0.736122  0.000000  1.0
   -0.002393    0.738122  0.000000  1.0
   -0.002393    0.740122  0.000000  1.0
   -0.002393    0.742122  0.000000  1.0
   -0.002393    0.744122  0.000000  1.0
   -0.002393    0.746122  0.000000  1.0
   -0.002393    0.748122  0.000000  1.0
   -0.002393    0.750122  0.000000  1.0
   -0.002393    0.752122  0.000000  1.0
   -0.002393    0.754122  0.000000  1.0
   -0.002393    0.756122  0.000000  1.0
   -0.002393    0.758122  0.000000  1.0
   -0.002393    0.760122  0.000000  1.0
   -0.002393    0.762122  0.000000  1.0
   -0.002393    0.764122  0.000000  1.0
   -0.002393    0.766122  0.000000  1.0
   -0.002393    0.768122  0.000000  1.0
   -0.002393    0.770122  0.000000  1.0
   -0.002393    0.772122  0.000000  1.0
   -0.002393    0.774122  0.000000  1.0
   -0.002393    0.776122  0.000000  1.0
   -0.000393    0.696122  0.000000  1.0
   -0.000393    0.698122  0.000000  1.0
   -0.000393    0.700122  0.000000  1.0
   -0.000393    0.702122  0.000000  1.0
   -0.000393    0.704122  0.000000  1.0
   -0.000393    0.706122  0.000000  1.0
   -0.000393    0.708122  0.000000  1.0
   -0.000393    0.710122  0.000000  1.0
   -0.000393    0.712122  0.000000  1.0
   -0.000393    0.714122  0.000000  1.0
   -0.000393    0.716122  0.000000  1.0
   -0.000393    0.718122  0.000000  1.0
   -0.000393    0.720122  0.000000  1.0
   -0.000393    0.722122  0.000000  1.0
   -0.000393    0.724122  0.000000  1.0
   -0.000393    0.726122  0.000000  1.0
   -0.000393    0.728122  0.000000  1.0
   -0.000393    0.730122  0.000000  1.0
   -0.000393    0.732122  0.000000  1.0
   -0.000393    0.734122  0.000000  1.0
   -0.000393    0.736122  0.000000  1.0
   -0.000393    0.738122  0.000000  1.0
   -0.000393    0.740122  0.000000  1.0
   -0.000393    0.742122  0.000000  1.0
   -0.000393    0.744122  0.000000  1.0
   -0.000393    0.746122  0.000000  1.0
   -0.000393    0.748122  0.000000  1.0
   -0.000393    0.750122  0.000000  1.0
   -0.000393    0.752122  0.000000  1.0
   -0.000393    0.754122  0.000000  1.0
   -0.000393    0.756122  0.000000  1.0
   -0.000393    0.758122  0.000000  1.0
   -0.000393    0.760122  0.000000  1.0
   -0.000393    0.762122  0.000000  1.0
   -0.000393    0.764122  0.000000  1.0
   -0.000393    0.766122  0.000000  1.0
   -0.000393    0.768122  0.000000  1.0
   -0.000393    0.770122  0.000000  1.0
   -0.000393    0.772122  0.000000  1.0
   -0.000393    0.774122  0.000000  1.0
   -0.000393    0.776122  0.000000  1.0
    0.001607    0.696122  0.000000  1.0
    0.001607    0.698122  0.000000  1.0
    0.001607    0.700122  0.000000  1.0
    0.001607    0.702122  0.000000  1.0
    0.001607    0.704122  0.000000  1.0
    0.001607    0.706122  0.000000  1.0
    0.001607    0.708122  0.000000  1.0
    0.001607    0.710122  0.000000  1.0
    0.001607    0.712122  0.000000  1.0
    0.001607    0.714122  0.000000  1.0
    0.001607    0.716122  0.000000  1.0
    0.001607    0.718122  0.000000  1.0
    0.001607    0.720122  0.000000  1.0
    0.001607    0.722122  0.000000  1.0
    0.001607    0.724122  0.000000  1.0
    0.001607    0.726122  0.000000  1.0
    0.001607    0.728122  0.000000  1.0
    0.001607    0.730122  0.000000  1.0
    0.001607    0.732122  0.000000  1.0
    0.001607    0.734122  0.000000  1.0
    0.001607    0.736122  0.000000  1.0
    0.001607    0.738122  0.000000  1.0
    0.001607    0.740122  0.000000  1.0
    0.001607    0.742122  0.000000  1.0
    0.001607    0.744122  0.000000  1.0
    0.001607    0.746122  0.000000  1.0
    0.001607    0.748122  0.000000  1.0
    0.001607    0.750122  0.000000  1.0
    0.001607    0.752122  0.000000  1.0
    0.001607    0.754122  0.000000  1.0
    0.001607    0.756122  0.000000  1.0
    0.001607    0.758122  0.000000  1.0
    0.001607    0.760122  0.000000  1.0
    0.001607    0.762122  0.000000  1.0
    0.001607    0.764122  0.000000  1.0
    0.001607    0.766122  0.000000  1.0
    0.001607    0.768122  0.000000  1.0
    0.001607    0.770122  0.000000  1.0
    0.001607    0.772122  0.000000  1.0
    0.001607    0.774122  0.000000  1.0
    0.001607    0.776122  0.000000  1.0
    0.003607    0.696122  0.000000  1.0
    0.003607    0.698122  0.000000  1.0
    0.003607    0.700122  0.000000  1.0
    0.003607    0.702122  0.000000  1.0
    0.003607    0.704122  0.000000  1.0
    0.003607    0.706122  0.000000  1.0
    0.003607    0.708122  0.000000  1.0
    0.003607    0.710122  0.000000  1.0
    0.003607    0.712122  0.000000  1.0
    0.003607    0.714122  0.000000  1.0
    0.003607    0.716122  0.000000  1.0
    0.003607    0.718122  0.000000  1.0
    0.003607    0.720122  0.000000  1.0
    0.003607    0.722122  0.000000  1.0
    0.003607    0.724122  0.000000  1.0
    0.003607    0.726122  0.000000  1.0
    0.003607    0.728122  0.000000  1.0
    0.003607    0.730122  0.000000  1.0
    0.003607    0.732122  0.000000  1.0
    0.003607    0.734122  0.000000  1.0
    0.003607    0.736122  0.000000  1.0
    0.003607    0.738122  0.000000  1.0
    0.003607    0.740122  0.000000  1.0
    0.003607    0.742122  0.000000  1.0
    0.003607    0.744122  0.000000  1.0
    0.003607    0.746122  0.000000  1.0
    0.003607    0.748122  0.000000  1.0
    0.003607    0.750122  0.000000  1.0
    0.003607    0.752122  0.000000  1.0
    0.003607    0.754122  0.000000  1.0
    0.003607    0.756122  0.000000  1.0
    0.003607    0.758122  0.000000  1.0
    0.003607    0.760122  0.000000  1.0
    0.003607    0.762122  0.000000  1.0
    0.003607    0.764122  0.000000  1.0
    0.003607    0.766122  0.000000  1.0
    0.003607    0.768122  0.000000  1.0
    0.003607    0.770122  0.000000  1.0
    0.003607    0.772122  0.000000  1.0
    0.003607    0.774122  0.000000  1.0
    0.003607    0.776122  0.000000  1.0
    0.005607    0.696122  0.000000  1.0
    0.005607    0.698122  0.000000  1.0
    0.005607    0.700122  0.000000  1.0
    0.005607    0.702122  0.000000  1.0
    0.005607    0.704122  0.000000  1.0
    0.005607    0.706122  0.000000  1.0
    0.005607    0.708122  0.000000  1.0
    0.005607    0.710122  0.000000  1.0
    0.005607    0.712122  0.000000  1.0
    0.005607    0.714122  0.000000  1.0
    0.005607    0.716122  0.000000  1.0
    0.005607    0.718122  0.000000  1.0
    0.005607    0.720122  0.000000  1.0
    0.005607    0.722122  0.000000  1.0
    0.005607    0.724122  0.000000  1.0
    0.005607    0.726122  0.000000  1.0
    0.005607    0.728122  0.000000  1.0
    0.005607    0.730122  0.000000  1.0
    0.005607    0.732122  0.000000  1.0
    0.005607    0.734122  0.000000  1.0
    0.005607    0.736122  0.000000  1.0
    0.005607    0.738122  0.000000  1.0
    0.005607    0.740122  0.000000  1.0
    0.005607    0.742122  0.000000  1.0
    0.005607    0.744122  0.000000  1.0
    0.005607    0.746122  0.000000  1.0
    0.005607    0.748122  0.000000  1.0
    0.005607    0.750122  0.000000  1.0
    0.005607    0.752122  0.000000  1.0
    0.005607    0.754122  0.000000  1.0
    0.005607    0.756122  0.000000  1.0
    0.005607    0.758122  0.000000  1.0
    0.005607    0.760122  0.000000  1.0
    0.005607    0.762122  0.000000  1.0
    0.005607    0.764122  0.000000  1.0
    0.005607    0.766122  0.000000  1.0
    0.005607    0.768122  0.000000  1.0
    0.005607    0.770122  0.000000  1.0
    0.005607    0.772122  0.000000  1.0
    0.005607    0.774122  0.000000  1.0
    0.005607    0.776122  0.000000  1.0
    0.007607    0.696122  0.000000  1.0
    0.007607    0.698122  0.000000  1.0
    0.007607    0.700122  0.000000  1.0
    0.007607    0.702122  0.000000  1.0
    0.007607    0.704122  0.000000  1.0
    0.007607    0.706122  0.000000  1.0
    0.007607    0.708122  0.000000  1.0
    0.007607    0.710122  0.000000  1.0
    0.007607    0.712122  0.000000  1.0
    0.007607    0.714122  0.000000  1.0
    0.007607    0.716122  0.000000  1.0
    0.007607    0.718122  0.000000  1.0
    0.007607    0.720122  0.000000  1.0
    0.007607    0.722122  0.000000  1.0
    0.007607    0.724122  0.000000  1.0
    0.007607    0.726122  0.000000  1.0
    0.007607    0.728122  0.000000  1.0
    0.007607    0.730122  0.000000  1.0
    0.007607    0.732122  0.000000  1.0
    0.007607    0.734122  0.000000  1.0
    0.007607    0.736122  0.000000  1.0
    0.007607    0.738122  0.000000  1.0
    0.007607    0.740122  0.000000  1.0
    0.007607    0.742122  0.000000  1.0
    0.007607    0.744122  0.000000  1.0
    0.007607    0.746122  0.000000  1.0
    0.007607    0.748122  0.000000  1.0
    0.007607    0.750122  0.000000  1.0
    0.007607    0.752122  0.000000  1.0
    0.007607    0.754122  0.000000  1.0
    0.007607    0.756122  0.000000  1.0
    0.007607    0.758122  0.000000  1.0
    0.007607    0.760122  0.000000  1.0
    0.007607    0.762122  0.000000  1.0
    0.007607    0.764122  0.000000  1.0
    0.007607    0.766122  0.000000  1.0
    0.007607    0.768122  0.000000  1.0
    0.007607    0.770122  0.000000  1.0
    0.007607    0.772122  0.000000  1.0
    0.007607    0.774122  0.000000  1.0
    0.007607    0.776122  0.000000  1.0
    0.009607    0.696122  0.000000  1.0
    0.009607    0.698122  0.000000  1.0
    0.009607    0.700122  0.000000  1.0
    0.009607    0.702122  0.000000  1.0
    0.009607    0.704122  0.000000  1.0
    0.009607    0.706122  0.000000  1.0
    0.009607    0.708122  0.000000  1.0
    0.009607    0.710122  0.000000  1.0
    0.009607    0.712122  0.000000  1.0
    0.009607    0.714122  0.000000  1.0
    0.009607    0.716122  0.000000  1.0
    0.009607    0.718122  0.000000  1.0
    0.009607    0.720122  0.000000  1.0
    0.009607    0.722122  0.000000  1.0
    0.009607    0.724122  0.000000  1.0
    0.009607    0.726122  0.000000  1.0
    0.009607    0.728122  0.000000  1.0
    0.009607    0.730122  0.000000  1.0
    0.009607    0.732122  0.000000  1.0
    0.009607    0.734122  0.000000  1.0
    0.009607    0.736122  0.000000  1.0
    0.009607    0.738122  0.000000  1.0
    0.009607    0.740122  0.000000  1.0
    0.009607    0.742122  0.000000  1.0
    0.009607    0.744122  0.000000  1.0
    0.009607    0.746122  0.000000  1.0
    0.009607    0.748122  0.000000  1.0
    0.009607    0.750122  0.000000  1.0
    0.009607    0.752122  0.000000  1.0
    0.009607    0.754122  0.000000  1.0
    0.009607    0.756122  0.000000  1.0
    0.009607    0.758122  0.000000  1.0
    0.009607    0.760122  0.000000  1.0
    0.009607    0.762122  0.000000  1.0
    0.009607    0.764122  0.000000  1.0
    0.009607    0.766122  0.000000  1.0
    0.009607    0.768122  0.000000  1.0
    0.009607    0.770122  0.000000  1.0
    0.009607    0.772122  0.000000  1.0
    0.009607    0.774122  0.000000  1.0
    0.009607    0.776122  0.000000  1.0
    0.011607    0.696122  0.000000  1.0
    0.011607    0.698122  0.000000  1.0
    0.011607    0.700122  0.000000  1.0
    0.011607    0.702122  0.000000  1.0
    0.011607    0.704122  0.000000  1.0
    0.011607    0.706122  0.000000  1.0
    0.011607    0.708122  0.000000  1.0
    0.011607    0.710122  0.000000  1.0
    0.011607    0.712122  0.000000  1.0
    0.011607    0.714122  0.000000  1.0
    0.011607    0.716122  0.000000  1.0
    0.011607    0.718122  0.000000  1.0
    0.011607    0.720122  0.000000  1.0
    0.011607    0.722122  0.000000  1.0
    0.011607    0.724122  0.000000  1.0
    0.011607    0.726122  0.000000  1.0
    0.011607    0.728122  0.000000  1.0
    0.011607    0.730122  0.000000  1.0
    0.011607    0.732122  0.000000  1.0
    0.011607    0.734122  0.000000  1.0
    0.011607    0.736122  0.000000  1.0
    0.011607    0.738122  0.000000  1.0
    0.011607    0.740122  0.000000  1.0
    0.011607    0.742122  0.000000  1.0
    0.011607    0.744122  0.000000  1.0
    0.011607    0.746122  0.000000  1.0
    0.011607    0.748122  0.000000  1.0
    0.011607    0.750122  0.000000  1.0
    0.011607    0.752122  0.000000  1.0
    0.011607    0.754122  0.000000  1.0
    0.011607    0.756122  0.000000  1.0
    0.011607    0.758122  0.000000  1.0
    0.011607    0.760122  0.000000  1.0
    0.011607    0.762122  0.000000  1.0
    0.011607    0.764122  0.000000  1.0
    0.011607    0.766122  0.000000  1.0
    0.011607    0.768122  0.000000  1.0
    0.011607    0.770122  0.000000  1.0
    0.011607    0.772122  0.000000  1.0
    0.011607    0.774122  0.000000  1.0
    0.011607    0.776122  0.000000  1.0
    0.013607    0.696122  0.000000  1.0
    0.013607    0.698122  0.000000  1.0
    0.013607    0.700122  0.000000  1.0
    0.013607    0.702122  0.000000  1.0
    0.013607    0.704122  0.000000  1.0
    0.013607    0.706122  0.000000  1.0
    0.013607    0.708122  0.000000  1.0
    0.013607    0.710122  0.000000  1.0
    0.013607    0.712122  0.000000  1.0
    0.013607    0.714122  0.000000  1.0
    0.013607    0.716122  0.000000  1.0
    0.013607    0.718122  0.000000  1.0
    0.013607    0.720122  0.000000  1.0
    0.013607    0.722122  0.000000  1.0
    0.013607    0.724122  0.000000  1.0
    0.013607    0.726122  0.000000  1.0
    0.013607    0.728122  0.000000  1.0
    0.013607    0.730122  0.000000  1.0
    0.013607    0.732122  0.000000  1.0
    0.013607    0.734122  0.000000  1.0
    0.013607    0.736122  0.000000  1.0
    0.013607    0.738122  0.000000  1.0
    0.013607    0.740122  0.000000  1.0
    0.013607    0.742122  0.000000  1.0
    0.013607    0.744122  0.000000  1.0
    0.013607    0.746122  0.000000  1.0
    0.013607    0.748122  0.000000  1.0
    0.013607    0.750122  0.000000  1.0
    0.013607    0.752122  0.000000  1.0
    0.013607    0.754122  0.000000  1.0
    0.013607    0.756122  0.000000  1.0
    0.013607    0.758122  0.000000  1.0
    0.013607    0.760122  0.000000  1.0
    0.013607    0.762122  0.000000  1.0
    0.013607    0.764122  0.000000  1.0
    0.013607    0.766122  0.000000  1.0
    0.013607    0.768122  0.000000  1.0
    0.013607    0.770122  0.000000  1.0
    0.013607    0.772122  0.000000  1.0
    0.013607    0.774122  0.000000  1.0
    0.013607    0.776122  0.000000  1.0
    0.015607    0.696122  0.000000  1.0
    0.015607    0.698122  0.000000  1.0
    0.015607    0.700122  0.000000  1.0
    0.015607    0.702122  0.000000  1.0
    0.015607    0.704122  0.000000  1.0
    0.015607    0.706122  0.000000  1.0
    0.015607    0.708122  0.000000  1.0
    0.015607    0.710122  0.000000  1.0
    0.015607    0.712122  0.000000  1.0
    0.015607    0.714122  0.000000  1.0
    0.015607    0.716122  0.000000  1.0
    0.015607    0.718122  0.000000  1.0
    0.015607    0.720122  0.000000  1.0
    0.015607    0.722122  0.000000  1.0
    0.015607    0.724122  0.000000  1.0
    0.015607    0.726122  0.000000  1.0
    0.015607    0.728122  0.000000  1.0
    0.015607    0.730122  0.000000  1.0
    0.015607    0.732122  0.000000  1.0
    0.015607    0.734122  0.000000  1.0
    0.015607    0.736122  0.000000  1.0
    0.015607    0.738122  0.000000  1.0
    0.015607    0.740122  0.000000  1.0
    0.015607    0.742122  0.000000  1.0
    0.015607    0.744122  0.000000  1.0
    0.015607    0.746122  0.000000  1.0
    0.015607    0.748122  0.000000  1.0
    0.015607    0.750122  0.000000  1.0
    0.015607    0.752122  0.000000  1.0
    0.015607    0.754122  0.000000  1.0
    0.015607    0.756122  0.000000  1.0
    0.015607    0.758122  0.000000  1.0
    0.015607    0.760122  0.000000  1.0
    0.015607    0.762122  0.000000  1.0
    0.015607    0.764122  0.000000  1.0
    0.015607    0.766122  0.000000  1.0
    0.015607    0.768122  0.000000  1.0
    0.015607    0.770122  0.000000  1.0
    0.015607    0.772122  0.000000  1.0
    0.015607    0.774122  0.000000  1.0
    0.015607    0.776122  0.000000  1.0
    0.017607    0.696122  0.000000  1.0
    0.017607    0.698122  0.000000  1.0
    0.017607    0.700122  0.000000  1.0
    0.017607    0.702122  0.000000  1.0
    0.017607    0.704122  0.000000  1.0
    0.017607    0.706122  0.000000  1.0
    0.017607    0.708122  0.000000  1.0
    0.017607    0.710122  0.000000  1.0
    0.017607    0.712122  0.000000  1.0
    0.017607    0.714122  0.000000  1.0
    0.017607    0.716122  0.000000  1.0
    0.017607    0.718122  0.000000  1.0
    0.017607    0.720122  0.000000  1.0
    0.017607    0.722122  0.000000  1.0
    0.017607    0.724122  0.000000  1.0
    0.017607    0.726122  0.000000  1.0
    0.017607    0.728122  0.000000  1.0
    0.017607    0.730122  0.000000  1.0
    0.017607    0.732122  0.000000  1.0
    0.017607    0.734122  0.000000  1.0
    0.017607    0.736122  0.000000  1.0
    0.017607    0.738122  0.000000  1.0
    0.017607    0.740122  0.000000  1.0
    0.017607    0.742122  0.000000  1.0
    0.017607    0.744122  0.000000  1.0
    0.017607    0.746122  0.000000  1.0
    0.017607    0.748122  0.000000  1.0
    0.017607    0.750122  0.000000  1.0
    0.017607    0.752122  0.000000  1.0
    0.017607    0.754122  0.000000  1.0
    0.017607    0.756122  0.000000  1.0
    0.017607    0.758122  0.000000  1.0
    0.017607    0.760122  0.000000  1.0
    0.017607    0.762122  0.000000  1.0
    0.017607    0.764122  0.000000  1.0
    0.017607    0.766122  0.000000  1.0
    0.017607    0.768122  0.000000  1.0
    0.017607    0.770122  0.000000  1.0
    0.017607    0.772122  0.000000  1.0
    0.017607    0.774122  0.000000  1.0
    0.017607    0.776122  0.000000  1.0
    0.019607    0.696122  0.000000  1.0
    0.019607    0.698122  0.000000  1.0
    0.019607    0.700122  0.000000  1.0
    0.019607    0.702122  0.000000  1.0
    0.019607    0.704122  0.000000  1.0
    0.019607    0.706122  0.000000  1.0
    0.019607    0.708122  0.000000  1.0
    0.019607    0.710122  0.000000  1.0
    0.019607    0.712122  0.000000  1.0
    0.019607    0.714122  0.000000  1.0
    0.019607    0.716122  0.000000  1.0
    0.019607    0.718122  0.000000  1.0
    0.019607    0.720122  0.000000  1.0
    0.019607    0.722122  0.000000  1.0
    0.019607    0.724122  0.000000  1.0
    0.019607    0.726122  0.000000  1.0
    0.019607    0.728122  0.000000  1.0
    0.019607    0.730122  0.000000  1.0
    0.019607    0.732122  0.000000  1.0
    0.019607    0.734122  0.000000  1.0
    0.019607    0.736122  0.000000  1.0
    0.019607    0.738122  0.000000  1.0
    0.019607    0.740122  0.000000  1.0
    0.019607    0.742122  0.000000  1.0
    0.019607    0.744122  0.000000  1.0
    0.019607    0.746122  0.000000  1.0
    0.019607    0.748122  0.000000  1.0
    0.019607    0.750122  0.000000  1.0
    0.019607    0.752122  0.000000  1.0
    0.019607    0.754122  0.000000  1.0
    0.019607    0.756122  0.000000  1.0
    0.019607    0.758122  0.000000  1.0
    0.019607    0.760122  0.000000  1.0
    0.019607    0.762122  0.000000  1.0
    0.019607    0.764122  0.000000  1.0
    0.019607    0.766122  0.000000  1.0
    0.019607    0.768122  0.000000  1.0
    0.019607    0.770122  0.000000  1.0
    0.019607    0.772122  0.000000  1.0
    0.019607    0.774122  0.000000  1.0
    0.019607    0.776122  0.000000  1.0
    0.021607    0.696122  0.000000  1.0
    0.021607    0.698122  0.000000  1.0
    0.021607    0.700122  0.000000  1.0
    0.021607    0.702122  0.000000  1.0
    0.021607    0.704122  0.000000  1.0
    0.021607    0.706122  0.000000  1.0
    0.021607    0.708122  0.000000  1.0
    0.021607    0.710122  0.000000  1.0
    0.021607    0.712122  0.000000  1.0
    0.021607    0.714122  0.000000  1.0
    0.021607    0.716122  0.000000  1.0
    0.021607    0.718122  0.000000  1.0
    0.021607    0.720122  0.000000  1.0
    0.021607    0.722122  0.000000  1.0
    0.021607    0.724122  0.000000  1.0
    0.021607    0.726122  0.000000  1.0
    0.021607    0.728122  0.000000  1.0
    0.021607    0.730122  0.000000  1.0
    0.021607    0.732122  0.000000  1.0
    0.021607    0.734122  0.000000  1.0
    0.021607    0.736122  0.000000  1.0
    0.021607    0.738122  0.000000  1.0
    0.021607    0.740122  0.000000  1.0
    0.021607    0.742122  0.000000  1.0
    0.021607    0.744122  0.000000  1.0
    0.021607    0.746122  0.000000  1.0
    0.021607    0.748122  0.000000  1.0
    0.021607    0.750122  0.000000  1.0
    0.021607    0.752122  0.000000  1.0
    0.021607    0.754122  0.000000  1.0
    0.021607    0.756122  0.000000  1.0
    0.021607    0.758122  0.000000  1.0
    0.021607    0.760122  0.000000  1.0
    0.021607    0.762122  0.000000  1.0
    0.021607    0.764122  0.000000  1.0
    0.021607    0.766122  0.000000  1.0
    0.021607    0.768122  0.000000  1.0
    0.021607    0.770122  0.000000  1.0
    0.021607    0.772122  0.000000  1.0
    0.021607    0.774122  0.000000  1.0
    0.021607    0.776122  0.000000  1.0
    0.023607    0.696122  0.000000  1.0
    0.023607    0.698122  0.000000  1.0
    0.023607    0.700122  0.000000  1.0
    0.023607    0.702122  0.000000  1.0
    0.023607    0.704122  0.000000  1.0
    0.023607    0.706122  0.000000  1.0
    0.023607    0.708122  0.000000  1.0
    0.023607    0.710122  0.000000  1.0
    0.023607    0.712122  0.000000  1.0
    0.023607    0.714122  0.000000  1.0
    0.023607    0.716122  0.000000  1.0
    0.023607    0.718122  0.000000  1.0
    0.023607    0.720122  0.000000  1.0
    0.023607    0.722122  0.000000  1.0
    0.023607    0.724122  0.000000  1.0
    0.023607    0.726122  0.000000  1.0
    0.023607    0.728122  0.000000  1.0
    0.023607    0.730122  0.000000  1.0
    0.023607    0.732122  0.000000  1.0
    0.023607    0.734122  0.000000  1.0
    0.023607    0.736122  0.000000  1.0
    0.023607    0.738122  0.000000  1.0
    0.023607    0.740122  0.000000  1.0
    0.023607    0.742122  0.000000  1.0
    0.023607    0.744122  0.000000  1.0
    0.023607    0.746122  0.000000  1.0
    0.023607    0.748122  0.000000  1.0
    0.023607    0.750122  0.000000  1.0
    0.023607    0.752122  0.000000  1.0
    0.023607    0.754122  0.000000  1.0
    0.023607    0.756122  0.000000  1.0
    0.023607    0.758122  0.000000  1.0
    0.023607    0.760122  0.000000  1.0
    0.023607    0.762122  0.000000  1.0
    0.023607    0.764122  0.000000  1.0
    0.023607    0.766122  0.000000  1.0
    0.023607    0.768122  0.000000  1.0
    0.023607    0.770122  0.000000  1.0
    0.023607    0.772122  0.000000  1.0
    0.023607    0.774122  0.000000  1.0
    0.023607    0.776122  0.000000  1.0
