&CONTROL
  calculation = 'bands'
  prefix = 'graphene15.0lower'
  outdir = './tmp'
  pseudo_dir = './'
  verbosity = 'high'
/
&SYSTEM
  ibrav = 0
  nat = 2
  ntyp = 1
  ecutwfc = 40.0
  nosym = .true.
  noinv = .true.
  nbnd = 8
/
&ELECTRONS
/
ATOMIC_SPECIES
  C  12.011 C.pbe-n-kjpaw_psl.1.0.0.UPF
CELL_PARAMETERS {bohr}
  5.319812  0.000000  0.000000
  2.659906  4.006167  0.000000
  0.000000  0.000000  28.346456
ATOMIC_POSITIONS {crystal}
  C  -0.000309  0.000668  0.000000
  C  0.333642  0.332665  0.000000
K_POINTS {tpiba}
1681
    0.205902   -0.703953  0.000000  1.0
    0.205902   -0.701953  0.000000  1.0
    0.205902   -0.699953  0.000000  1.0
    0.205902   -0.697953  0.000000  1.0
    0.205902   -0.695953  0.000000  1.0
    0.205902   -0.693953  0.000000  1.0
    0.205902   -0.691953  0.000000  1.0
    0.205902   -0.689953  0.000000  1.0
    0.205902   -0.687953  0.000000  1.0
    0.205902   -0.685953  0.000000  1.0
    0.205902   -0.683953  0.000000  1.0
    0.205902   -0.681953  0.000000  1.0
    0.205902   -0.679953  0.000000  1.0
    0.205902   -0.677953  0.000000  1.0
    0.205902   -0.675953  0.000000  1.0
    0.205902   -0.673953  0.000000  1.0
    0.205902   -0.671953  0.000000  1.0
    0.205902   -0.669953  0.000000  1.0
    0.205902   -0.667953  0.000000  1.0
    0.205902   -0.665953  0.000000  1.0
    0.205902   -0.663953  0.000000  1.0
    0.205902   -0.661953  0.000000  1.0
    0.205902   -0.659953  0.000000  1.0
    0.205902   -0.657953  0.000000  1.0
    0.205902   -0.655953  0.000000  1.0
    0.205902   -0.653953  0.000000  1.0
    0.205902   -0.651953  0.000000  1.0
    0.205902   -0.649953  0.000000  1.0
    0.205902   -0.647953  0.000000  1.0
    0.205902   -0.645953  0.000000  1.0
    0.205902   -0.643953  0.000000  1.0
    0.205902   -0.641953  0.000000  1.0
    0.205902   -0.639953  0.000000  1.0
    0.205902   -0.637953  0.000000  1.0
    0.205902   -0.635953  0.000000  1.0
    0.205902   -0.633953  0.000000  1.0
    0.205902   -0.631953  0.000000  1.0
    0.205902   -0.629953  0.000000  1.0
    0.205902   -0.627953  0.000000  1.0
    0.205902   -0.625953  0.000000  1.0
    0.205902   -0.623953  0.000000  1.0
    0.207902   -0.703953  0.000000  1.0
    0.207902   -0.701953  0.000000  1.0
    0.207902   -0.699953  0.000000  1.0
    0.207902   -0.697953  0.000000  1.0
    0.207902   -0.695953  0.000000  1.0
    0.207902   -0.693953  0.000000  1.0
    0.207902   -0.691953  0.000000  1.0
    0.207902   -0.689953  0.000000  1.0
    0.207902   -0.687953  0.000000  1.0
    0.207902   -0.685953  0.000000  1.0
    0.207902   -0.683953  0.000000  1.0
    0.207902   -0.681953  0.000000  1.0
    0.207902   -0.679953  0.000000  1.0
    0.207902   -0.677953  0.000000  1.0
    0.207902   -0.675953  0.000000  1.0
    0.207902   -0.673953  0.000000  1.0
    0.207902   -0.671953  0.000000  1.0
    0.207902   -0.669953  0.000000  1.0
    0.207902   -0.667953  0.000000  1.0
    0.207902   -0.665953  0.000000  1.0
    0.207902   -0.663953  0.000000  1.0
    0.207902   -0.661953  0.000000  1.0
    0.207902   -0.659953  0.000000  1.0
    0.207902   -0.657953  0.000000  1.0
    0.207902   -0.655953  0.000000  1.0
    0.207902   -0.653953  0.000000  1.0
    0.207902   -0.651953  0.000000  1.0
    0.207902   -0.649953  0.000000  1.0
    0.207902   -0.647953  0.000000  1.0
    0.207902   -0.645953  0.000000  1.0
    0.207902   -0.643953  0.000000  1.0
    0.207902   -0.641953  0.000000  1.0
    0.207902   -0.639953  0.000000  1.0
    0.207902   -0.637953  0.000000  1.0
    0.207902   -0.635953  0.000000  1.0
    0.207902   -0.633953  0.000000  1.0
    0.207902   -0.631953  0.000000  1.0
    0.207902   -0.629953  0.000000  1.0
    0.207902   -0.627953  0.000000  1.0
    0.207902   -0.625953  0.000000  1.0
    0.207902   -0.623953  0.000000  1.0
    0.209902   -0.703953  0.000000  1.0
    0.209902   -0.701953  0.000000  1.0
    0.209902   -0.699953  0.000000  1.0
    0.209902   -0.697953  0.000000  1.0
    0.209902   -0.695953  0.000000  1.0
    0.209902   -0.693953  0.000000  1.0
    0.209902   -0.691953  0.000000  1.0
    0.209902   -0.689953  0.000000  1.0
    0.209902   -0.687953  0.000000  1.0
    0.209902   -0.685953  0.000000  1.0
    0.209902   -0.683953  0.000000  1.0
    0.209902   -0.681953  0.000000  1.0
    0.209902   -0.679953  0.000000  1.0
    0.209902   -0.677953  0.000000  1.0
    0.209902   -0.675953  0.000000  1.0
    0.209902   -0.673953  0.000000  1.0
    0.209902   -0.671953  0.000000  1.0
    0.209902   -0.669953  0.000000  1.0
    0.209902   -0.667953  0.000000  1.0
    0.209902   -0.665953  0.000000  1.0
    0.209902   -0.663953  0.000000  1.0
    0.209902   -0.661953  0.000000  1.0
    0.209902   -0.659953  0.000000  1.0
    0.209902   -0.657953  0.000000  1.0
    0.209902   -0.655953  0.000000  1.0
    0.209902   -0.653953  0.000000  1.0
    0.209902   -0.651953  0.000000  1.0
    0.209902   -0.649953  0.000000  1.0
    0.209902   -0.647953  0.000000  1.0
    0.209902   -0.645953  0.000000  1.0
    0.209902   -0.643953  0.000000  1.0
    0.209902   -0.641953  0.000000  1.0
    0.209902   -0.639953  0.000000  1.0
    0.209902   -0.637953  0.000000  1.0
    0.209902   -0.635953  0.000000  1.0
    0.209902   -0.633953  0.000000  1.0
    0.209902   -0.631953  0.000000  1.0
    0.209902   -0.629953  0.000000  1.0
    0.209902   -0.627953  0.000000  1.0
    0.209902   -0.625953  0.000000  1.0
    0.209902   -0.623953  0.000000  1.0
    0.211902   -0.703953  0.000000  1.0
    0.211902   -0.701953  0.000000  1.0
    0.211902   -0.699953  0.000000  1.0
    0.211902   -0.697953  0.000000  1.0
    0.211902   -0.695953  0.000000  1.0
    0.211902   -0.693953  0.000000  1.0
    0.211902   -0.691953  0.000000  1.0
    0.211902   -0.689953  0.000000  1.0
    0.211902   -0.687953  0.000000  1.0
    0.211902   -0.685953  0.000000  1.0
    0.211902   -0.683953  0.000000  1.0
    0.211902   -0.681953  0.000000  1.0
    0.211902   -0.679953  0.000000  1.0
    0.211902   -0.677953  0.000000  1.0
    0.211902   -0.675953  0.000000  1.0
    0.211902   -0.673953  0.000000  1.0
    0.211902   -0.671953  0.000000  1.0
    0.211902   -0.669953  0.000000  1.0
    0.211902   -0.667953  0.000000  1.0
    0.211902   -0.665953  0.000000  1.0
    0.211902   -0.663953  0.000000  1.0
    0.211902   -0.661953  0.000000  1.0
    0.211902   -0.659953  0.000000  1.0
    0.211902   -0.657953  0.000000  1.0
    0.211902   -0.655953  0.000000  1.0
    0.211902   -0.653953  0.000000  1.0
    0.211902   -0.651953  0.000000  1.0
    0.211902   -0.649953  0.000000  1.0
    0.211902   -0.647953  0.000000  1.0
    0.211902   -0.645953  0.000000  1.0
    0.211902   -0.643953  0.000000  1.0
    0.211902   -0.641953  0.000000  1.0
    0.211902   -0.639953  0.000000  1.0
    0.211902   -0.637953  0.000000  1.0
    0.211902   -0.635953  0.000000  1.0
    0.211902   -0.633953  0.000000  1.0
    0.211902   -0.631953  0.000000  1.0
    0.211902   -0.629953  0.000000  1.0
    0.211902   -0.627953  0.000000  1.0
    0.211902   -0.625953  0.000000  1.0
    0.211902   -0.623953  0.000000  1.0
    0.213902   -0.703953  0.000000  1.0
    0.213902   -0.701953  0.000000  1.0
    0.213902   -0.699953  0.000000  1.0
    0.213902   -0.697953  0.000000  1.0
    0.213902   -0.695953  0.000000  1.0
    0.213902   -0.693953  0.000000  1.0
    0.213902   -0.691953  0.000000  1.0
    0.213902   -0.689953  0.000000  1.0
    0.213902   -0.687953  0.000000  1.0
    0.213902   -0.685953  0.000000  1.0
    0.213902   -0.683953  0.000000  1.0
    0.213902   -0.681953  0.000000  1.0
    0.213902   -0.679953  0.000000  1.0
    0.213902   -0.677953  0.000000  1.0
    0.213902   -0.675953  0.000000  1.0
    0.213902   -0.673953  0.000000  1.0
    0.213902   -0.671953  0.000000  1.0
    0.213902   -0.669953  0.000000  1.0
    0.213902   -0.667953  0.000000  1.0
    0.213902   -0.665953  0.000000  1.0
    0.213902   -0.663953  0.000000  1.0
    0.213902   -0.661953  0.000000  1.0
    0.213902   -0.659953  0.000000  1.0
    0.213902   -0.657953  0.000000  1.0
    0.213902   -0.655953  0.000000  1.0
    0.213902   -0.653953  0.000000  1.0
    0.213902   -0.651953  0.000000  1.0
    0.213902   -0.649953  0.000000  1.0
    0.213902   -0.647953  0.000000  1.0
    0.213902   -0.645953  0.000000  1.0
    0.213902   -0.643953  0.000000  1.0
    0.213902   -0.641953  0.000000  1.0
    0.213902   -0.639953  0.000000  1.0
    0.213902   -0.637953  0.000000  1.0
    0.213902   -0.635953  0.000000  1.0
    0.213902   -0.633953  0.000000  1.0
    0.213902   -0.631953  0.000000  1.0
    0.213902   -0.629953  0.000000  1.0
    0.213902   -0.627953  0.000000  1.0
    0.213902   -0.625953  0.000000  1.0
    0.213902   -0.623953  0.000000  1.0
    0.215902   -0.703953  0.000000  1.0
    0.215902   -0.701953  0.000000  1.0
    0.215902   -0.699953  0.000000  1.0
    0.215902   -0.697953  0.000000  1.0
    0.215902   -0.695953  0.000000  1.0
    0.215902   -0.693953  0.000000  1.0
    0.215902   -0.691953  0.000000  1.0
    0.215902   -0.689953  0.000000  1.0
    0.215902   -0.687953  0.000000  1.0
    0.215902   -0.685953  0.000000  1.0
    0.215902   -0.683953  0.000000  1.0
    0.215902   -0.681953  0.000000  1.0
    0.215902   -0.679953  0.000000  1.0
    0.215902   -0.677953  0.000000  1.0
    0.215902   -0.675953  0.000000  1.0
    0.215902   -0.673953  0.000000  1.0
    0.215902   -0.671953  0.000000  1.0
    0.215902   -0.669953  0.000000  1.0
    0.215902   -0.667953  0.000000  1.0
    0.215902   -0.665953  0.000000  1.0
    0.215902   -0.663953  0.000000  1.0
    0.215902   -0.661953  0.000000  1.0
    0.215902   -0.659953  0.000000  1.0
    0.215902   -0.657953  0.000000  1.0
    0.215902   -0.655953  0.000000  1.0
    0.215902   -0.653953  0.000000  1.0
    0.215902   -0.651953  0.000000  1.0
    0.215902   -0.649953  0.000000  1.0
    0.215902   -0.647953  0.000000  1.0
    0.215902   -0.645953  0.000000  1.0
    0.215902   -0.643953  0.000000  1.0
    0.215902   -0.641953  0.000000  1.0
    0.215902   -0.639953  0.000000  1.0
    0.215902   -0.637953  0.000000  1.0
    0.215902   -0.635953  0.000000  1.0
    0.215902   -0.633953  0.000000  1.0
    0.215902   -0.631953  0.000000  1.0
    0.215902   -0.629953  0.000000  1.0
    0.215902   -0.627953  0.000000  1.0
    0.215902   -0.625953  0.000000  1.0
    0.215902   -0.623953  0.000000  1.0
    0.217902   -0.703953  0.000000  1.0
    0.217902   -0.701953  0.000000  1.0
    0.217902   -0.699953  0.000000  1.0
    0.217902   -0.697953  0.000000  1.0
    0.217902   -0.695953  0.000000  1.0
    0.217902   -0.693953  0.000000  1.0
    0.217902   -0.691953  0.000000  1.0
    0.217902   -0.689953  0.000000  1.0
    0.217902   -0.687953  0.000000  1.0
    0.217902   -0.685953  0.000000  1.0
    0.217902   -0.683953  0.000000  1.0
    0.217902   -0.681953  0.000000  1.0
    0.217902   -0.679953  0.000000  1.0
    0.217902   -0.677953  0.000000  1.0
    0.217902   -0.675953  0.000000  1.0
    0.217902   -0.673953  0.000000  1.0
    0.217902   -0.671953  0.000000  1.0
    0.217902   -0.669953  0.000000  1.0
    0.217902   -0.667953  0.000000  1.0
    0.217902   -0.665953  0.000000  1.0
    0.217902   -0.663953  0.000000  1.0
    0.217902   -0.661953  0.000000  1.0
    0.217902   -0.659953  0.000000  1.0
    0.217902   -0.657953  0.000000  1.0
    0.217902   -0.655953  0.000000  1.0
    0.217902   -0.653953  0.000000  1.0
    0.217902   -0.651953  0.000000  1.0
    0.217902   -0.649953  0.000000  1.0
    0.217902   -0.647953  0.000000  1.0
    0.217902   -0.645953  0.000000  1.0
    0.217902   -0.643953  0.000000  1.0
    0.217902   -0.641953  0.000000  1.0
    0.217902   -0.639953  0.000000  1.0
    0.217902   -0.637953  0.000000  1.0
    0.217902   -0.635953  0.000000  1.0
    0.217902   -0.633953  0.000000  1.0
    0.217902   -0.631953  0.000000  1.0
    0.217902   -0.629953  0.000000  1.0
    0.217902   -0.627953  0.000000  1.0
    0.217902   -0.625953  0.000000  1.0
    0.217902   -0.623953  0.000000  1.0
    0.219902   -0.703953  0.000000  1.0
    0.219902   -0.701953  0.000000  1.0
    0.219902   -0.699953  0.000000  1.0
    0.219902   -0.697953  0.000000  1.0
    0.219902   -0.695953  0.000000  1.0
    0.219902   -0.693953  0.000000  1.0
    0.219902   -0.691953  0.000000  1.0
    0.219902   -0.689953  0.000000  1.0
    0.219902   -0.687953  0.000000  1.0
    0.219902   -0.685953  0.000000  1.0
    0.219902   -0.683953  0.000000  1.0
    0.219902   -0.681953  0.000000  1.0
    0.219902   -0.679953  0.000000  1.0
    0.219902   -0.677953  0.000000  1.0
    0.219902   -0.675953  0.000000  1.0
    0.219902   -0.673953  0.000000  1.0
    0.219902   -0.671953  0.000000  1.0
    0.219902   -0.669953  0.000000  1.0
    0.219902   -0.667953  0.000000  1.0
    0.219902   -0.665953  0.000000  1.0
    0.219902   -0.663953  0.000000  1.0
    0.219902   -0.661953  0.000000  1.0
    0.219902   -0.659953  0.000000  1.0
    0.219902   -0.657953  0.000000  1.0
    0.219902   -0.655953  0.000000  1.0
    0.219902   -0.653953  0.000000  1.0
    0.219902   -0.651953  0.000000  1.0
    0.219902   -0.649953  0.000000  1.0
    0.219902   -0.647953  0.000000  1.0
    0.219902   -0.645953  0.000000  1.0
    0.219902   -0.643953  0.000000  1.0
    0.219902   -0.641953  0.000000  1.0
    0.219902   -0.639953  0.000000  1.0
    0.219902   -0.637953  0.000000  1.0
    0.219902   -0.635953  0.000000  1.0
    0.219902   -0.633953  0.000000  1.0
    0.219902   -0.631953  0.000000  1.0
    0.219902   -0.629953  0.000000  1.0
    0.219902   -0.627953  0.000000  1.0
    0.219902   -0.625953  0.000000  1.0
    0.219902   -0.623953  0.000000  1.0
    0.221902   -0.703953  0.000000  1.0
    0.221902   -0.701953  0.000000  1.0
    0.221902   -0.699953  0.000000  1.0
    0.221902   -0.697953  0.000000  1.0
    0.221902   -0.695953  0.000000  1.0
    0.221902   -0.693953  0.000000  1.0
    0.221902   -0.691953  0.000000  1.0
    0.221902   -0.689953  0.000000  1.0
    0.221902   -0.687953  0.000000  1.0
    0.221902   -0.685953  0.000000  1.0
    0.221902   -0.683953  0.000000  1.0
    0.221902   -0.681953  0.000000  1.0
    0.221902   -0.679953  0.000000  1.0
    0.221902   -0.677953  0.000000  1.0
    0.221902   -0.675953  0.000000  1.0
    0.221902   -0.673953  0.000000  1.0
    0.221902   -0.671953  0.000000  1.0
    0.221902   -0.669953  0.000000  1.0
    0.221902   -0.667953  0.000000  1.0
    0.221902   -0.665953  0.000000  1.0
    0.221902   -0.663953  0.000000  1.0
    0.221902   -0.661953  0.000000  1.0
    0.221902   -0.659953  0.000000  1.0
    0.221902   -0.657953  0.000000  1.0
    0.221902   -0.655953  0.000000  1.0
    0.221902   -0.653953  0.000000  1.0
    0.221902   -0.651953  0.000000  1.0
    0.221902   -0.649953  0.000000  1.0
    0.221902   -0.647953  0.000000  1.0
    0.221902   -0.645953  0.000000  1.0
    0.221902   -0.643953  0.000000  1.0
    0.221902   -0.641953  0.000000  1.0
    0.221902   -0.639953  0.000000  1.0
    0.221902   -0.637953  0.000000  1.0
    0.221902   -0.635953  0.000000  1.0
    0.221902   -0.633953  0.000000  1.0
    0.221902   -0.631953  0.000000  1.0
    0.221902   -0.629953  0.000000  1.0
    0.221902   -0.627953  0.000000  1.0
    0.221902   -0.625953  0.000000  1.0
    0.221902   -0.623953  0.000000  1.0
    0.223902   -0.703953  0.000000  1.0
    0.223902   -0.701953  0.000000  1.0
    0.223902   -0.699953  0.000000  1.0
    0.223902   -0.697953  0.000000  1.0
    0.223902   -0.695953  0.000000  1.0
    0.223902   -0.693953  0.000000  1.0
    0.223902   -0.691953  0.000000  1.0
    0.223902   -0.689953  0.000000  1.0
    0.223902   -0.687953  0.000000  1.0
    0.223902   -0.685953  0.000000  1.0
    0.223902   -0.683953  0.000000  1.0
    0.223902   -0.681953  0.000000  1.0
    0.223902   -0.679953  0.000000  1.0
    0.223902   -0.677953  0.000000  1.0
    0.223902   -0.675953  0.000000  1.0
    0.223902   -0.673953  0.000000  1.0
    0.223902   -0.671953  0.000000  1.0
    0.223902   -0.669953  0.000000  1.0
    0.223902   -0.667953  0.000000  1.0
    0.223902   -0.665953  0.000000  1.0
    0.223902   -0.663953  0.000000  1.0
    0.223902   -0.661953  0.000000  1.0
    0.223902   -0.659953  0.000000  1.0
    0.223902   -0.657953  0.000000  1.0
    0.223902   -0.655953  0.000000  1.0
    0.223902   -0.653953  0.000000  1.0
    0.223902   -0.651953  0.000000  1.0
    0.223902   -0.649953  0.000000  1.0
    0.223902   -0.647953  0.000000  1.0
    0.223902   -0.645953  0.000000  1.0
    0.223902   -0.643953  0.000000  1.0
    0.223902   -0.641953  0.000000  1.0
    0.223902   -0.639953  0.000000  1.0
    0.223902   -0.637953  0.000000  1.0
    0.223902   -0.635953  0.000000  1.0
    0.223902   -0.633953  0.000000  1.0
    0.223902   -0.631953  0.000000  1.0
    0.223902   -0.629953  0.000000  1.0
    0.223902   -0.627953  0.000000  1.0
    0.223902   -0.625953  0.000000  1.0
    0.223902   -0.623953  0.000000  1.0
    0.225902   -0.703953  0.000000  1.0
    0.225902   -0.701953  0.000000  1.0
    0.225902   -0.699953  0.000000  1.0
    0.225902   -0.697953  0.000000  1.0
    0.225902   -0.695953  0.000000  1.0
    0.225902   -0.693953  0.000000  1.0
    0.225902   -0.691953  0.000000  1.0
    0.225902   -0.689953  0.000000  1.0
    0.225902   -0.687953  0.000000  1.0
    0.225902   -0.685953  0.000000  1.0
    0.225902   -0.683953  0.000000  1.0
    0.225902   -0.681953  0.000000  1.0
    0.225902   -0.679953  0.000000  1.0
    0.225902   -0.677953  0.000000  1.0
    0.225902   -0.675953  0.000000  1.0
    0.225902   -0.673953  0.000000  1.0
    0.225902   -0.671953  0.000000  1.0
    0.225902   -0.669953  0.000000  1.0
    0.225902   -0.667953  0.000000  1.0
    0.225902   -0.665953  0.000000  1.0
    0.225902   -0.663953  0.000000  1.0
    0.225902   -0.661953  0.000000  1.0
    0.225902   -0.659953  0.000000  1.0
    0.225902   -0.657953  0.000000  1.0
    0.225902   -0.655953  0.000000  1.0
    0.225902   -0.653953  0.000000  1.0
    0.225902   -0.651953  0.000000  1.0
    0.225902   -0.649953  0.000000  1.0
    0.225902   -0.647953  0.000000  1.0
    0.225902   -0.645953  0.000000  1.0
    0.225902   -0.643953  0.000000  1.0
    0.225902   -0.641953  0.000000  1.0
    0.225902   -0.639953  0.000000  1.0
    0.225902   -0.637953  0.000000  1.0
    0.225902   -0.635953  0.000000  1.0
    0.225902   -0.633953  0.000000  1.0
    0.225902   -0.631953  0.000000  1.0
    0.225902   -0.629953  0.000000  1.0
    0.225902   -0.627953  0.000000  1.0
    0.225902   -0.625953  0.000000  1.0
    0.225902   -0.623953  0.000000  1.0
    0.227902   -0.703953  0.000000  1.0
    0.227902   -0.701953  0.000000  1.0
    0.227902   -0.699953  0.000000  1.0
    0.227902   -0.697953  0.000000  1.0
    0.227902   -0.695953  0.000000  1.0
    0.227902   -0.693953  0.000000  1.0
    0.227902   -0.691953  0.000000  1.0
    0.227902   -0.689953  0.000000  1.0
    0.227902   -0.687953  0.000000  1.0
    0.227902   -0.685953  0.000000  1.0
    0.227902   -0.683953  0.000000  1.0
    0.227902   -0.681953  0.000000  1.0
    0.227902   -0.679953  0.000000  1.0
    0.227902   -0.677953  0.000000  1.0
    0.227902   -0.675953  0.000000  1.0
    0.227902   -0.673953  0.000000  1.0
    0.227902   -0.671953  0.000000  1.0
    0.227902   -0.669953  0.000000  1.0
    0.227902   -0.667953  0.000000  1.0
    0.227902   -0.665953  0.000000  1.0
    0.227902   -0.663953  0.000000  1.0
    0.227902   -0.661953  0.000000  1.0
    0.227902   -0.659953  0.000000  1.0
    0.227902   -0.657953  0.000000  1.0
    0.227902   -0.655953  0.000000  1.0
    0.227902   -0.653953  0.000000  1.0
    0.227902   -0.651953  0.000000  1.0
    0.227902   -0.649953  0.000000  1.0
    0.227902   -0.647953  0.000000  1.0
    0.227902   -0.645953  0.000000  1.0
    0.227902   -0.643953  0.000000  1.0
    0.227902   -0.641953  0.000000  1.0
    0.227902   -0.639953  0.000000  1.0
    0.227902   -0.637953  0.000000  1.0
    0.227902   -0.635953  0.000000  1.0
    0.227902   -0.633953  0.000000  1.0
    0.227902   -0.631953  0.000000  1.0
    0.227902   -0.629953  0.000000  1.0
    0.227902   -0.627953  0.000000  1.0
    0.227902   -0.625953  0.000000  1.0
    0.227902   -0.623953  0.000000  1.0
    0.229902   -0.703953  0.000000  1.0
    0.229902   -0.701953  0.000000  1.0
    0.229902   -0.699953  0.000000  1.0
    0.229902   -0.697953  0.000000  1.0
    0.229902   -0.695953  0.000000  1.0
    0.229902   -0.693953  0.000000  1.0
    0.229902   -0.691953  0.000000  1.0
    0.229902   -0.689953  0.000000  1.0
    0.229902   -0.687953  0.000000  1.0
    0.229902   -0.685953  0.000000  1.0
    0.229902   -0.683953  0.000000  1.0
    0.229902   -0.681953  0.000000  1.0
    0.229902   -0.679953  0.000000  1.0
    0.229902   -0.677953  0.000000  1.0
    0.229902   -0.675953  0.000000  1.0
    0.229902   -0.673953  0.000000  1.0
    0.229902   -0.671953  0.000000  1.0
    0.229902   -0.669953  0.000000  1.0
    0.229902   -0.667953  0.000000  1.0
    0.229902   -0.665953  0.000000  1.0
    0.229902   -0.663953  0.000000  1.0
    0.229902   -0.661953  0.000000  1.0
    0.229902   -0.659953  0.000000  1.0
    0.229902   -0.657953  0.000000  1.0
    0.229902   -0.655953  0.000000  1.0
    0.229902   -0.653953  0.000000  1.0
    0.229902   -0.651953  0.000000  1.0
    0.229902   -0.649953  0.000000  1.0
    0.229902   -0.647953  0.000000  1.0
    0.229902   -0.645953  0.000000  1.0
    0.229902   -0.643953  0.000000  1.0
    0.229902   -0.641953  0.000000  1.0
    0.229902   -0.639953  0.000000  1.0
    0.229902   -0.637953  0.000000  1.0
    0.229902   -0.635953  0.000000  1.0
    0.229902   -0.633953  0.000000  1.0
    0.229902   -0.631953  0.000000  1.0
    0.229902   -0.629953  0.000000  1.0
    0.229902   -0.627953  0.000000  1.0
    0.229902   -0.625953  0.000000  1.0
    0.229902   -0.623953  0.000000  1.0
    0.231902   -0.703953  0.000000  1.0
    0.231902   -0.701953  0.000000  1.0
    0.231902   -0.699953  0.000000  1.0
    0.231902   -0.697953  0.000000  1.0
    0.231902   -0.695953  0.000000  1.0
    0.231902   -0.693953  0.000000  1.0
    0.231902   -0.691953  0.000000  1.0
    0.231902   -0.689953  0.000000  1.0
    0.231902   -0.687953  0.000000  1.0
    0.231902   -0.685953  0.000000  1.0
    0.231902   -0.683953  0.000000  1.0
    0.231902   -0.681953  0.000000  1.0
    0.231902   -0.679953  0.000000  1.0
    0.231902   -0.677953  0.000000  1.0
    0.231902   -0.675953  0.000000  1.0
    0.231902   -0.673953  0.000000  1.0
    0.231902   -0.671953  0.000000  1.0
    0.231902   -0.669953  0.000000  1.0
    0.231902   -0.667953  0.000000  1.0
    0.231902   -0.665953  0.000000  1.0
    0.231902   -0.663953  0.000000  1.0
    0.231902   -0.661953  0.000000  1.0
    0.231902   -0.659953  0.000000  1.0
    0.231902   -0.657953  0.000000  1.0
    0.231902   -0.655953  0.000000  1.0
    0.231902   -0.653953  0.000000  1.0
    0.231902   -0.651953  0.000000  1.0
    0.231902   -0.649953  0.000000  1.0
    0.231902   -0.647953  0.000000  1.0
    0.231902   -0.645953  0.000000  1.0
    0.231902   -0.643953  0.000000  1.0
    0.231902   -0.641953  0.000000  1.0
    0.231902   -0.639953  0.000000  1.0
    0.231902   -0.637953  0.000000  1.0
    0.231902   -0.635953  0.000000  1.0
    0.231902   -0.633953  0.000000  1.0
    0.231902   -0.631953  0.000000  1.0
    0.231902   -0.629953  0.000000  1.0
    0.231902   -0.627953  0.000000  1.0
    0.231902   -0.625953  0.000000  1.0
    0.231902   -0.623953  0.000000  1.0
    0.233902   -0.703953  0.000000  1.0
    0.233902   -0.701953  0.000000  1.0
    0.233902   -0.699953  0.000000  1.0
    0.233902   -0.697953  0.000000  1.0
    0.233902   -0.695953  0.000000  1.0
    0.233902   -0.693953  0.000000  1.0
    0.233902   -0.691953  0.000000  1.0
    0.233902   -0.689953  0.000000  1.0
    0.233902   -0.687953  0.000000  1.0
    0.233902   -0.685953  0.000000  1.0
    0.233902   -0.683953  0.000000  1.0
    0.233902   -0.681953  0.000000  1.0
    0.233902   -0.679953  0.000000  1.0
    0.233902   -0.677953  0.000000  1.0
    0.233902   -0.675953  0.000000  1.0
    0.233902   -0.673953  0.000000  1.0
    0.233902   -0.671953  0.000000  1.0
    0.233902   -0.669953  0.000000  1.0
    0.233902   -0.667953  0.000000  1.0
    0.233902   -0.665953  0.000000  1.0
    0.233902   -0.663953  0.000000  1.0
    0.233902   -0.661953  0.000000  1.0
    0.233902   -0.659953  0.000000  1.0
    0.233902   -0.657953  0.000000  1.0
    0.233902   -0.655953  0.000000  1.0
    0.233902   -0.653953  0.000000  1.0
    0.233902   -0.651953  0.000000  1.0
    0.233902   -0.649953  0.000000  1.0
    0.233902   -0.647953  0.000000  1.0
    0.233902   -0.645953  0.000000  1.0
    0.233902   -0.643953  0.000000  1.0
    0.233902   -0.641953  0.000000  1.0
    0.233902   -0.639953  0.000000  1.0
    0.233902   -0.637953  0.000000  1.0
    0.233902   -0.635953  0.000000  1.0
    0.233902   -0.633953  0.000000  1.0
    0.233902   -0.631953  0.000000  1.0
    0.233902   -0.629953  0.000000  1.0
    0.233902   -0.627953  0.000000  1.0
    0.233902   -0.625953  0.000000  1.0
    0.233902   -0.623953  0.000000  1.0
    0.235902   -0.703953  0.000000  1.0
    0.235902   -0.701953  0.000000  1.0
    0.235902   -0.699953  0.000000  1.0
    0.235902   -0.697953  0.000000  1.0
    0.235902   -0.695953  0.000000  1.0
    0.235902   -0.693953  0.000000  1.0
    0.235902   -0.691953  0.000000  1.0
    0.235902   -0.689953  0.000000  1.0
    0.235902   -0.687953  0.000000  1.0
    0.235902   -0.685953  0.000000  1.0
    0.235902   -0.683953  0.000000  1.0
    0.235902   -0.681953  0.000000  1.0
    0.235902   -0.679953  0.000000  1.0
    0.235902   -0.677953  0.000000  1.0
    0.235902   -0.675953  0.000000  1.0
    0.235902   -0.673953  0.000000  1.0
    0.235902   -0.671953  0.000000  1.0
    0.235902   -0.669953  0.000000  1.0
    0.235902   -0.667953  0.000000  1.0
    0.235902   -0.665953  0.000000  1.0
    0.235902   -0.663953  0.000000  1.0
    0.235902   -0.661953  0.000000  1.0
    0.235902   -0.659953  0.000000  1.0
    0.235902   -0.657953  0.000000  1.0
    0.235902   -0.655953  0.000000  1.0
    0.235902   -0.653953  0.000000  1.0
    0.235902   -0.651953  0.000000  1.0
    0.235902   -0.649953  0.000000  1.0
    0.235902   -0.647953  0.000000  1.0
    0.235902   -0.645953  0.000000  1.0
    0.235902   -0.643953  0.000000  1.0
    0.235902   -0.641953  0.000000  1.0
    0.235902   -0.639953  0.000000  1.0
    0.235902   -0.637953  0.000000  1.0
    0.235902   -0.635953  0.000000  1.0
    0.235902   -0.633953  0.000000  1.0
    0.235902   -0.631953  0.000000  1.0
    0.235902   -0.629953  0.000000  1.0
    0.235902   -0.627953  0.000000  1.0
    0.235902   -0.625953  0.000000  1.0
    0.235902   -0.623953  0.000000  1.0
    0.237902   -0.703953  0.000000  1.0
    0.237902   -0.701953  0.000000  1.0
    0.237902   -0.699953  0.000000  1.0
    0.237902   -0.697953  0.000000  1.0
    0.237902   -0.695953  0.000000  1.0
    0.237902   -0.693953  0.000000  1.0
    0.237902   -0.691953  0.000000  1.0
    0.237902   -0.689953  0.000000  1.0
    0.237902   -0.687953  0.000000  1.0
    0.237902   -0.685953  0.000000  1.0
    0.237902   -0.683953  0.000000  1.0
    0.237902   -0.681953  0.000000  1.0
    0.237902   -0.679953  0.000000  1.0
    0.237902   -0.677953  0.000000  1.0
    0.237902   -0.675953  0.000000  1.0
    0.237902   -0.673953  0.000000  1.0
    0.237902   -0.671953  0.000000  1.0
    0.237902   -0.669953  0.000000  1.0
    0.237902   -0.667953  0.000000  1.0
    0.237902   -0.665953  0.000000  1.0
    0.237902   -0.663953  0.000000  1.0
    0.237902   -0.661953  0.000000  1.0
    0.237902   -0.659953  0.000000  1.0
    0.237902   -0.657953  0.000000  1.0
    0.237902   -0.655953  0.000000  1.0
    0.237902   -0.653953  0.000000  1.0
    0.237902   -0.651953  0.000000  1.0
    0.237902   -0.649953  0.000000  1.0
    0.237902   -0.647953  0.000000  1.0
    0.237902   -0.645953  0.000000  1.0
    0.237902   -0.643953  0.000000  1.0
    0.237902   -0.641953  0.000000  1.0
    0.237902   -0.639953  0.000000  1.0
    0.237902   -0.637953  0.000000  1.0
    0.237902   -0.635953  0.000000  1.0
    0.237902   -0.633953  0.000000  1.0
    0.237902   -0.631953  0.000000  1.0
    0.237902   -0.629953  0.000000  1.0
    0.237902   -0.627953  0.000000  1.0
    0.237902   -0.625953  0.000000  1.0
    0.237902   -0.623953  0.000000  1.0
    0.239902   -0.703953  0.000000  1.0
    0.239902   -0.701953  0.000000  1.0
    0.239902   -0.699953  0.000000  1.0
    0.239902   -0.697953  0.000000  1.0
    0.239902   -0.695953  0.000000  1.0
    0.239902   -0.693953  0.000000  1.0
    0.239902   -0.691953  0.000000  1.0
    0.239902   -0.689953  0.000000  1.0
    0.239902   -0.687953  0.000000  1.0
    0.239902   -0.685953  0.000000  1.0
    0.239902   -0.683953  0.000000  1.0
    0.239902   -0.681953  0.000000  1.0
    0.239902   -0.679953  0.000000  1.0
    0.239902   -0.677953  0.000000  1.0
    0.239902   -0.675953  0.000000  1.0
    0.239902   -0.673953  0.000000  1.0
    0.239902   -0.671953  0.000000  1.0
    0.239902   -0.669953  0.000000  1.0
    0.239902   -0.667953  0.000000  1.0
    0.239902   -0.665953  0.000000  1.0
    0.239902   -0.663953  0.000000  1.0
    0.239902   -0.661953  0.000000  1.0
    0.239902   -0.659953  0.000000  1.0
    0.239902   -0.657953  0.000000  1.0
    0.239902   -0.655953  0.000000  1.0
    0.239902   -0.653953  0.000000  1.0
    0.239902   -0.651953  0.000000  1.0
    0.239902   -0.649953  0.000000  1.0
    0.239902   -0.647953  0.000000  1.0
    0.239902   -0.645953  0.000000  1.0
    0.239902   -0.643953  0.000000  1.0
    0.239902   -0.641953  0.000000  1.0
    0.239902   -0.639953  0.000000  1.0
    0.239902   -0.637953  0.000000  1.0
    0.239902   -0.635953  0.000000  1.0
    0.239902   -0.633953  0.000000  1.0
    0.239902   -0.631953  0.000000  1.0
    0.239902   -0.629953  0.000000  1.0
    0.239902   -0.627953  0.000000  1.0
    0.239902   -0.625953  0.000000  1.0
    0.239902   -0.623953  0.000000  1.0
    0.241902   -0.703953  0.000000  1.0
    0.241902   -0.701953  0.000000  1.0
    0.241902   -0.699953  0.000000  1.0
    0.241902   -0.697953  0.000000  1.0
    0.241902   -0.695953  0.000000  1.0
    0.241902   -0.693953  0.000000  1.0
    0.241902   -0.691953  0.000000  1.0
    0.241902   -0.689953  0.000000  1.0
    0.241902   -0.687953  0.000000  1.0
    0.241902   -0.685953  0.000000  1.0
    0.241902   -0.683953  0.000000  1.0
    0.241902   -0.681953  0.000000  1.0
    0.241902   -0.679953  0.000000  1.0
    0.241902   -0.677953  0.000000  1.0
    0.241902   -0.675953  0.000000  1.0
    0.241902   -0.673953  0.000000  1.0
    0.241902   -0.671953  0.000000  1.0
    0.241902   -0.669953  0.000000  1.0
    0.241902   -0.667953  0.000000  1.0
    0.241902   -0.665953  0.000000  1.0
    0.241902   -0.663953  0.000000  1.0
    0.241902   -0.661953  0.000000  1.0
    0.241902   -0.659953  0.000000  1.0
    0.241902   -0.657953  0.000000  1.0
    0.241902   -0.655953  0.000000  1.0
    0.241902   -0.653953  0.000000  1.0
    0.241902   -0.651953  0.000000  1.0
    0.241902   -0.649953  0.000000  1.0
    0.241902   -0.647953  0.000000  1.0
    0.241902   -0.645953  0.000000  1.0
    0.241902   -0.643953  0.000000  1.0
    0.241902   -0.641953  0.000000  1.0
    0.241902   -0.639953  0.000000  1.0
    0.241902   -0.637953  0.000000  1.0
    0.241902   -0.635953  0.000000  1.0
    0.241902   -0.633953  0.000000  1.0
    0.241902   -0.631953  0.000000  1.0
    0.241902   -0.629953  0.000000  1.0
    0.241902   -0.627953  0.000000  1.0
    0.241902   -0.625953  0.000000  1.0
    0.241902   -0.623953  0.000000  1.0
    0.243902   -0.703953  0.000000  1.0
    0.243902   -0.701953  0.000000  1.0
    0.243902   -0.699953  0.000000  1.0
    0.243902   -0.697953  0.000000  1.0
    0.243902   -0.695953  0.000000  1.0
    0.243902   -0.693953  0.000000  1.0
    0.243902   -0.691953  0.000000  1.0
    0.243902   -0.689953  0.000000  1.0
    0.243902   -0.687953  0.000000  1.0
    0.243902   -0.685953  0.000000  1.0
    0.243902   -0.683953  0.000000  1.0
    0.243902   -0.681953  0.000000  1.0
    0.243902   -0.679953  0.000000  1.0
    0.243902   -0.677953  0.000000  1.0
    0.243902   -0.675953  0.000000  1.0
    0.243902   -0.673953  0.000000  1.0
    0.243902   -0.671953  0.000000  1.0
    0.243902   -0.669953  0.000000  1.0
    0.243902   -0.667953  0.000000  1.0
    0.243902   -0.665953  0.000000  1.0
    0.243902   -0.663953  0.000000  1.0
    0.243902   -0.661953  0.000000  1.0
    0.243902   -0.659953  0.000000  1.0
    0.243902   -0.657953  0.000000  1.0
    0.243902   -0.655953  0.000000  1.0
    0.243902   -0.653953  0.000000  1.0
    0.243902   -0.651953  0.000000  1.0
    0.243902   -0.649953  0.000000  1.0
    0.243902   -0.647953  0.000000  1.0
    0.243902   -0.645953  0.000000  1.0
    0.243902   -0.643953  0.000000  1.0
    0.243902   -0.641953  0.000000  1.0
    0.243902   -0.639953  0.000000  1.0
    0.243902   -0.637953  0.000000  1.0
    0.243902   -0.635953  0.000000  1.0
    0.243902   -0.633953  0.000000  1.0
    0.243902   -0.631953  0.000000  1.0
    0.243902   -0.629953  0.000000  1.0
    0.243902   -0.627953  0.000000  1.0
    0.243902   -0.625953  0.000000  1.0
    0.243902   -0.623953  0.000000  1.0
    0.245902   -0.703953  0.000000  1.0
    0.245902   -0.701953  0.000000  1.0
    0.245902   -0.699953  0.000000  1.0
    0.245902   -0.697953  0.000000  1.0
    0.245902   -0.695953  0.000000  1.0
    0.245902   -0.693953  0.000000  1.0
    0.245902   -0.691953  0.000000  1.0
    0.245902   -0.689953  0.000000  1.0
    0.245902   -0.687953  0.000000  1.0
    0.245902   -0.685953  0.000000  1.0
    0.245902   -0.683953  0.000000  1.0
    0.245902   -0.681953  0.000000  1.0
    0.245902   -0.679953  0.000000  1.0
    0.245902   -0.677953  0.000000  1.0
    0.245902   -0.675953  0.000000  1.0
    0.245902   -0.673953  0.000000  1.0
    0.245902   -0.671953  0.000000  1.0
    0.245902   -0.669953  0.000000  1.0
    0.245902   -0.667953  0.000000  1.0
    0.245902   -0.665953  0.000000  1.0
    0.245902   -0.663953  0.000000  1.0
    0.245902   -0.661953  0.000000  1.0
    0.245902   -0.659953  0.000000  1.0
    0.245902   -0.657953  0.000000  1.0
    0.245902   -0.655953  0.000000  1.0
    0.245902   -0.653953  0.000000  1.0
    0.245902   -0.651953  0.000000  1.0
    0.245902   -0.649953  0.000000  1.0
    0.245902   -0.647953  0.000000  1.0
    0.245902   -0.645953  0.000000  1.0
    0.245902   -0.643953  0.000000  1.0
    0.245902   -0.641953  0.000000  1.0
    0.245902   -0.639953  0.000000  1.0
    0.245902   -0.637953  0.000000  1.0
    0.245902   -0.635953  0.000000  1.0
    0.245902   -0.633953  0.000000  1.0
    0.245902   -0.631953  0.000000  1.0
    0.245902   -0.629953  0.000000  1.0
    0.245902   -0.627953  0.000000  1.0
    0.245902   -0.625953  0.000000  1.0
    0.245902   -0.623953  0.000000  1.0
    0.247902   -0.703953  0.000000  1.0
    0.247902   -0.701953  0.000000  1.0
    0.247902   -0.699953  0.000000  1.0
    0.247902   -0.697953  0.000000  1.0
    0.247902   -0.695953  0.000000  1.0
    0.247902   -0.693953  0.000000  1.0
    0.247902   -0.691953  0.000000  1.0
    0.247902   -0.689953  0.000000  1.0
    0.247902   -0.687953  0.000000  1.0
    0.247902   -0.685953  0.000000  1.0
    0.247902   -0.683953  0.000000  1.0
    0.247902   -0.681953  0.000000  1.0
    0.247902   -0.679953  0.000000  1.0
    0.247902   -0.677953  0.000000  1.0
    0.247902   -0.675953  0.000000  1.0
    0.247902   -0.673953  0.000000  1.0
    0.247902   -0.671953  0.000000  1.0
    0.247902   -0.669953  0.000000  1.0
    0.247902   -0.667953  0.000000  1.0
    0.247902   -0.665953  0.000000  1.0
    0.247902   -0.663953  0.000000  1.0
    0.247902   -0.661953  0.000000  1.0
    0.247902   -0.659953  0.000000  1.0
    0.247902   -0.657953  0.000000  1.0
    0.247902   -0.655953  0.000000  1.0
    0.247902   -0.653953  0.000000  1.0
    0.247902   -0.651953  0.000000  1.0
    0.247902   -0.649953  0.000000  1.0
    0.247902   -0.647953  0.000000  1.0
    0.247902   -0.645953  0.000000  1.0
    0.247902   -0.643953  0.000000  1.0
    0.247902   -0.641953  0.000000  1.0
    0.247902   -0.639953  0.000000  1.0
    0.247902   -0.637953  0.000000  1.0
    0.247902   -0.635953  0.000000  1.0
    0.247902   -0.633953  0.000000  1.0
    0.247902   -0.631953  0.000000  1.0
    0.247902   -0.629953  0.000000  1.0
    0.247902   -0.627953  0.000000  1.0
    0.247902   -0.625953  0.000000  1.0
    0.247902   -0.623953  0.000000  1.0
    0.249902   -0.703953  0.000000  1.0
    0.249902   -0.701953  0.000000  1.0
    0.249902   -0.699953  0.000000  1.0
    0.249902   -0.697953  0.000000  1.0
    0.249902   -0.695953  0.000000  1.0
    0.249902   -0.693953  0.000000  1.0
    0.249902   -0.691953  0.000000  1.0
    0.249902   -0.689953  0.000000  1.0
    0.249902   -0.687953  0.000000  1.0
    0.249902   -0.685953  0.000000  1.0
    0.249902   -0.683953  0.000000  1.0
    0.249902   -0.681953  0.000000  1.0
    0.249902   -0.679953  0.000000  1.0
    0.249902   -0.677953  0.000000  1.0
    0.249902   -0.675953  0.000000  1.0
    0.249902   -0.673953  0.000000  1.0
    0.249902   -0.671953  0.000000  1.0
    0.249902   -0.669953  0.000000  1.0
    0.249902   -0.667953  0.000000  1.0
    0.249902   -0.665953  0.000000  1.0
    0.249902   -0.663953  0.000000  1.0
    0.249902   -0.661953  0.000000  1.0
    0.249902   -0.659953  0.000000  1.0
    0.249902   -0.657953  0.000000  1.0
    0.249902   -0.655953  0.000000  1.0
    0.249902   -0.653953  0.000000  1.0
    0.249902   -0.651953  0.000000  1.0
    0.249902   -0.649953  0.000000  1.0
    0.249902   -0.647953  0.000000  1.0
    0.249902   -0.645953  0.000000  1.0
    0.249902   -0.643953  0.000000  1.0
    0.249902   -0.641953  0.000000  1.0
    0.249902   -0.639953  0.000000  1.0
    0.249902   -0.637953  0.000000  1.0
    0.249902   -0.635953  0.000000  1.0
    0.249902   -0.633953  0.000000  1.0
    0.249902   -0.631953  0.000000  1.0
    0.249902   -0.629953  0.000000  1.0
    0.249902   -0.627953  0.000000  1.0
    0.249902   -0.625953  0.000000  1.0
    0.249902   -0.623953  0.000000  1.0
    0.251902   -0.703953  0.000000  1.0
    0.251902   -0.701953  0.000000  1.0
    0.251902   -0.699953  0.000000  1.0
    0.251902   -0.697953  0.000000  1.0
    0.251902   -0.695953  0.000000  1.0
    0.251902   -0.693953  0.000000  1.0
    0.251902   -0.691953  0.000000  1.0
    0.251902   -0.689953  0.000000  1.0
    0.251902   -0.687953  0.000000  1.0
    0.251902   -0.685953  0.000000  1.0
    0.251902   -0.683953  0.000000  1.0
    0.251902   -0.681953  0.000000  1.0
    0.251902   -0.679953  0.000000  1.0
    0.251902   -0.677953  0.000000  1.0
    0.251902   -0.675953  0.000000  1.0
    0.251902   -0.673953  0.000000  1.0
    0.251902   -0.671953  0.000000  1.0
    0.251902   -0.669953  0.000000  1.0
    0.251902   -0.667953  0.000000  1.0
    0.251902   -0.665953  0.000000  1.0
    0.251902   -0.663953  0.000000  1.0
    0.251902   -0.661953  0.000000  1.0
    0.251902   -0.659953  0.000000  1.0
    0.251902   -0.657953  0.000000  1.0
    0.251902   -0.655953  0.000000  1.0
    0.251902   -0.653953  0.000000  1.0
    0.251902   -0.651953  0.000000  1.0
    0.251902   -0.649953  0.000000  1.0
    0.251902   -0.647953  0.000000  1.0
    0.251902   -0.645953  0.000000  1.0
    0.251902   -0.643953  0.000000  1.0
    0.251902   -0.641953  0.000000  1.0
    0.251902   -0.639953  0.000000  1.0
    0.251902   -0.637953  0.000000  1.0
    0.251902   -0.635953  0.000000  1.0
    0.251902   -0.633953  0.000000  1.0
    0.251902   -0.631953  0.000000  1.0
    0.251902   -0.629953  0.000000  1.0
    0.251902   -0.627953  0.000000  1.0
    0.251902   -0.625953  0.000000  1.0
    0.251902   -0.623953  0.000000  1.0
    0.253902   -0.703953  0.000000  1.0
    0.253902   -0.701953  0.000000  1.0
    0.253902   -0.699953  0.000000  1.0
    0.253902   -0.697953  0.000000  1.0
    0.253902   -0.695953  0.000000  1.0
    0.253902   -0.693953  0.000000  1.0
    0.253902   -0.691953  0.000000  1.0
    0.253902   -0.689953  0.000000  1.0
    0.253902   -0.687953  0.000000  1.0
    0.253902   -0.685953  0.000000  1.0
    0.253902   -0.683953  0.000000  1.0
    0.253902   -0.681953  0.000000  1.0
    0.253902   -0.679953  0.000000  1.0
    0.253902   -0.677953  0.000000  1.0
    0.253902   -0.675953  0.000000  1.0
    0.253902   -0.673953  0.000000  1.0
    0.253902   -0.671953  0.000000  1.0
    0.253902   -0.669953  0.000000  1.0
    0.253902   -0.667953  0.000000  1.0
    0.253902   -0.665953  0.000000  1.0
    0.253902   -0.663953  0.000000  1.0
    0.253902   -0.661953  0.000000  1.0
    0.253902   -0.659953  0.000000  1.0
    0.253902   -0.657953  0.000000  1.0
    0.253902   -0.655953  0.000000  1.0
    0.253902   -0.653953  0.000000  1.0
    0.253902   -0.651953  0.000000  1.0
    0.253902   -0.649953  0.000000  1.0
    0.253902   -0.647953  0.000000  1.0
    0.253902   -0.645953  0.000000  1.0
    0.253902   -0.643953  0.000000  1.0
    0.253902   -0.641953  0.000000  1.0
    0.253902   -0.639953  0.000000  1.0
    0.253902   -0.637953  0.000000  1.0
    0.253902   -0.635953  0.000000  1.0
    0.253902   -0.633953  0.000000  1.0
    0.253902   -0.631953  0.000000  1.0
    0.253902   -0.629953  0.000000  1.0
    0.253902   -0.627953  0.000000  1.0
    0.253902   -0.625953  0.000000  1.0
    0.253902   -0.623953  0.000000  1.0
    0.255902   -0.703953  0.000000  1.0
    0.255902   -0.701953  0.000000  1.0
    0.255902   -0.699953  0.000000  1.0
    0.255902   -0.697953  0.000000  1.0
    0.255902   -0.695953  0.000000  1.0
    0.255902   -0.693953  0.000000  1.0
    0.255902   -0.691953  0.000000  1.0
    0.255902   -0.689953  0.000000  1.0
    0.255902   -0.687953  0.000000  1.0
    0.255902   -0.685953  0.000000  1.0
    0.255902   -0.683953  0.000000  1.0
    0.255902   -0.681953  0.000000  1.0
    0.255902   -0.679953  0.000000  1.0
    0.255902   -0.677953  0.000000  1.0
    0.255902   -0.675953  0.000000  1.0
    0.255902   -0.673953  0.000000  1.0
    0.255902   -0.671953  0.000000  1.0
    0.255902   -0.669953  0.000000  1.0
    0.255902   -0.667953  0.000000  1.0
    0.255902   -0.665953  0.000000  1.0
    0.255902   -0.663953  0.000000  1.0
    0.255902   -0.661953  0.000000  1.0
    0.255902   -0.659953  0.000000  1.0
    0.255902   -0.657953  0.000000  1.0
    0.255902   -0.655953  0.000000  1.0
    0.255902   -0.653953  0.000000  1.0
    0.255902   -0.651953  0.000000  1.0
    0.255902   -0.649953  0.000000  1.0
    0.255902   -0.647953  0.000000  1.0
    0.255902   -0.645953  0.000000  1.0
    0.255902   -0.643953  0.000000  1.0
    0.255902   -0.641953  0.000000  1.0
    0.255902   -0.639953  0.000000  1.0
    0.255902   -0.637953  0.000000  1.0
    0.255902   -0.635953  0.000000  1.0
    0.255902   -0.633953  0.000000  1.0
    0.255902   -0.631953  0.000000  1.0
    0.255902   -0.629953  0.000000  1.0
    0.255902   -0.627953  0.000000  1.0
    0.255902   -0.625953  0.000000  1.0
    0.255902   -0.623953  0.000000  1.0
    0.257902   -0.703953  0.000000  1.0
    0.257902   -0.701953  0.000000  1.0
    0.257902   -0.699953  0.000000  1.0
    0.257902   -0.697953  0.000000  1.0
    0.257902   -0.695953  0.000000  1.0
    0.257902   -0.693953  0.000000  1.0
    0.257902   -0.691953  0.000000  1.0
    0.257902   -0.689953  0.000000  1.0
    0.257902   -0.687953  0.000000  1.0
    0.257902   -0.685953  0.000000  1.0
    0.257902   -0.683953  0.000000  1.0
    0.257902   -0.681953  0.000000  1.0
    0.257902   -0.679953  0.000000  1.0
    0.257902   -0.677953  0.000000  1.0
    0.257902   -0.675953  0.000000  1.0
    0.257902   -0.673953  0.000000  1.0
    0.257902   -0.671953  0.000000  1.0
    0.257902   -0.669953  0.000000  1.0
    0.257902   -0.667953  0.000000  1.0
    0.257902   -0.665953  0.000000  1.0
    0.257902   -0.663953  0.000000  1.0
    0.257902   -0.661953  0.000000  1.0
    0.257902   -0.659953  0.000000  1.0
    0.257902   -0.657953  0.000000  1.0
    0.257902   -0.655953  0.000000  1.0
    0.257902   -0.653953  0.000000  1.0
    0.257902   -0.651953  0.000000  1.0
    0.257902   -0.649953  0.000000  1.0
    0.257902   -0.647953  0.000000  1.0
    0.257902   -0.645953  0.000000  1.0
    0.257902   -0.643953  0.000000  1.0
    0.257902   -0.641953  0.000000  1.0
    0.257902   -0.639953  0.000000  1.0
    0.257902   -0.637953  0.000000  1.0
    0.257902   -0.635953  0.000000  1.0
    0.257902   -0.633953  0.000000  1.0
    0.257902   -0.631953  0.000000  1.0
    0.257902   -0.629953  0.000000  1.0
    0.257902   -0.627953  0.000000  1.0
    0.257902   -0.625953  0.000000  1.0
    0.257902   -0.623953  0.000000  1.0
    0.259902   -0.703953  0.000000  1.0
    0.259902   -0.701953  0.000000  1.0
    0.259902   -0.699953  0.000000  1.0
    0.259902   -0.697953  0.000000  1.0
    0.259902   -0.695953  0.000000  1.0
    0.259902   -0.693953  0.000000  1.0
    0.259902   -0.691953  0.000000  1.0
    0.259902   -0.689953  0.000000  1.0
    0.259902   -0.687953  0.000000  1.0
    0.259902   -0.685953  0.000000  1.0
    0.259902   -0.683953  0.000000  1.0
    0.259902   -0.681953  0.000000  1.0
    0.259902   -0.679953  0.000000  1.0
    0.259902   -0.677953  0.000000  1.0
    0.259902   -0.675953  0.000000  1.0
    0.259902   -0.673953  0.000000  1.0
    0.259902   -0.671953  0.000000  1.0
    0.259902   -0.669953  0.000000  1.0
    0.259902   -0.667953  0.000000  1.0
    0.259902   -0.665953  0.000000  1.0
    0.259902   -0.663953  0.000000  1.0
    0.259902   -0.661953  0.000000  1.0
    0.259902   -0.659953  0.000000  1.0
    0.259902   -0.657953  0.000000  1.0
    0.259902   -0.655953  0.000000  1.0
    0.259902   -0.653953  0.000000  1.0
    0.259902   -0.651953  0.000000  1.0
    0.259902   -0.649953  0.000000  1.0
    0.259902   -0.647953  0.000000  1.0
    0.259902   -0.645953  0.000000  1.0
    0.259902   -0.643953  0.000000  1.0
    0.259902   -0.641953  0.000000  1.0
    0.259902   -0.639953  0.000000  1.0
    0.259902   -0.637953  0.000000  1.0
    0.259902   -0.635953  0.000000  1.0
    0.259902   -0.633953  0.000000  1.0
    0.259902   -0.631953  0.000000  1.0
    0.259902   -0.629953  0.000000  1.0
    0.259902   -0.627953  0.000000  1.0
    0.259902   -0.625953  0.000000  1.0
    0.259902   -0.623953  0.000000  1.0
    0.261902   -0.703953  0.000000  1.0
    0.261902   -0.701953  0.000000  1.0
    0.261902   -0.699953  0.000000  1.0
    0.261902   -0.697953  0.000000  1.0
    0.261902   -0.695953  0.000000  1.0
    0.261902   -0.693953  0.000000  1.0
    0.261902   -0.691953  0.000000  1.0
    0.261902   -0.689953  0.000000  1.0
    0.261902   -0.687953  0.000000  1.0
    0.261902   -0.685953  0.000000  1.0
    0.261902   -0.683953  0.000000  1.0
    0.261902   -0.681953  0.000000  1.0
    0.261902   -0.679953  0.000000  1.0
    0.261902   -0.677953  0.000000  1.0
    0.261902   -0.675953  0.000000  1.0
    0.261902   -0.673953  0.000000  1.0
    0.261902   -0.671953  0.000000  1.0
    0.261902   -0.669953  0.000000  1.0
    0.261902   -0.667953  0.000000  1.0
    0.261902   -0.665953  0.000000  1.0
    0.261902   -0.663953  0.000000  1.0
    0.261902   -0.661953  0.000000  1.0
    0.261902   -0.659953  0.000000  1.0
    0.261902   -0.657953  0.000000  1.0
    0.261902   -0.655953  0.000000  1.0
    0.261902   -0.653953  0.000000  1.0
    0.261902   -0.651953  0.000000  1.0
    0.261902   -0.649953  0.000000  1.0
    0.261902   -0.647953  0.000000  1.0
    0.261902   -0.645953  0.000000  1.0
    0.261902   -0.643953  0.000000  1.0
    0.261902   -0.641953  0.000000  1.0
    0.261902   -0.639953  0.000000  1.0
    0.261902   -0.637953  0.000000  1.0
    0.261902   -0.635953  0.000000  1.0
    0.261902   -0.633953  0.000000  1.0
    0.261902   -0.631953  0.000000  1.0
    0.261902   -0.629953  0.000000  1.0
    0.261902   -0.627953  0.000000  1.0
    0.261902   -0.625953  0.000000  1.0
    0.261902   -0.623953  0.000000  1.0
    0.263902   -0.703953  0.000000  1.0
    0.263902   -0.701953  0.000000  1.0
    0.263902   -0.699953  0.000000  1.0
    0.263902   -0.697953  0.000000  1.0
    0.263902   -0.695953  0.000000  1.0
    0.263902   -0.693953  0.000000  1.0
    0.263902   -0.691953  0.000000  1.0
    0.263902   -0.689953  0.000000  1.0
    0.263902   -0.687953  0.000000  1.0
    0.263902   -0.685953  0.000000  1.0
    0.263902   -0.683953  0.000000  1.0
    0.263902   -0.681953  0.000000  1.0
    0.263902   -0.679953  0.000000  1.0
    0.263902   -0.677953  0.000000  1.0
    0.263902   -0.675953  0.000000  1.0
    0.263902   -0.673953  0.000000  1.0
    0.263902   -0.671953  0.000000  1.0
    0.263902   -0.669953  0.000000  1.0
    0.263902   -0.667953  0.000000  1.0
    0.263902   -0.665953  0.000000  1.0
    0.263902   -0.663953  0.000000  1.0
    0.263902   -0.661953  0.000000  1.0
    0.263902   -0.659953  0.000000  1.0
    0.263902   -0.657953  0.000000  1.0
    0.263902   -0.655953  0.000000  1.0
    0.263902   -0.653953  0.000000  1.0
    0.263902   -0.651953  0.000000  1.0
    0.263902   -0.649953  0.000000  1.0
    0.263902   -0.647953  0.000000  1.0
    0.263902   -0.645953  0.000000  1.0
    0.263902   -0.643953  0.000000  1.0
    0.263902   -0.641953  0.000000  1.0
    0.263902   -0.639953  0.000000  1.0
    0.263902   -0.637953  0.000000  1.0
    0.263902   -0.635953  0.000000  1.0
    0.263902   -0.633953  0.000000  1.0
    0.263902   -0.631953  0.000000  1.0
    0.263902   -0.629953  0.000000  1.0
    0.263902   -0.627953  0.000000  1.0
    0.263902   -0.625953  0.000000  1.0
    0.263902   -0.623953  0.000000  1.0
    0.265902   -0.703953  0.000000  1.0
    0.265902   -0.701953  0.000000  1.0
    0.265902   -0.699953  0.000000  1.0
    0.265902   -0.697953  0.000000  1.0
    0.265902   -0.695953  0.000000  1.0
    0.265902   -0.693953  0.000000  1.0
    0.265902   -0.691953  0.000000  1.0
    0.265902   -0.689953  0.000000  1.0
    0.265902   -0.687953  0.000000  1.0
    0.265902   -0.685953  0.000000  1.0
    0.265902   -0.683953  0.000000  1.0
    0.265902   -0.681953  0.000000  1.0
    0.265902   -0.679953  0.000000  1.0
    0.265902   -0.677953  0.000000  1.0
    0.265902   -0.675953  0.000000  1.0
    0.265902   -0.673953  0.000000  1.0
    0.265902   -0.671953  0.000000  1.0
    0.265902   -0.669953  0.000000  1.0
    0.265902   -0.667953  0.000000  1.0
    0.265902   -0.665953  0.000000  1.0
    0.265902   -0.663953  0.000000  1.0
    0.265902   -0.661953  0.000000  1.0
    0.265902   -0.659953  0.000000  1.0
    0.265902   -0.657953  0.000000  1.0
    0.265902   -0.655953  0.000000  1.0
    0.265902   -0.653953  0.000000  1.0
    0.265902   -0.651953  0.000000  1.0
    0.265902   -0.649953  0.000000  1.0
    0.265902   -0.647953  0.000000  1.0
    0.265902   -0.645953  0.000000  1.0
    0.265902   -0.643953  0.000000  1.0
    0.265902   -0.641953  0.000000  1.0
    0.265902   -0.639953  0.000000  1.0
    0.265902   -0.637953  0.000000  1.0
    0.265902   -0.635953  0.000000  1.0
    0.265902   -0.633953  0.000000  1.0
    0.265902   -0.631953  0.000000  1.0
    0.265902   -0.629953  0.000000  1.0
    0.265902   -0.627953  0.000000  1.0
    0.265902   -0.625953  0.000000  1.0
    0.265902   -0.623953  0.000000  1.0
    0.267902   -0.703953  0.000000  1.0
    0.267902   -0.701953  0.000000  1.0
    0.267902   -0.699953  0.000000  1.0
    0.267902   -0.697953  0.000000  1.0
    0.267902   -0.695953  0.000000  1.0
    0.267902   -0.693953  0.000000  1.0
    0.267902   -0.691953  0.000000  1.0
    0.267902   -0.689953  0.000000  1.0
    0.267902   -0.687953  0.000000  1.0
    0.267902   -0.685953  0.000000  1.0
    0.267902   -0.683953  0.000000  1.0
    0.267902   -0.681953  0.000000  1.0
    0.267902   -0.679953  0.000000  1.0
    0.267902   -0.677953  0.000000  1.0
    0.267902   -0.675953  0.000000  1.0
    0.267902   -0.673953  0.000000  1.0
    0.267902   -0.671953  0.000000  1.0
    0.267902   -0.669953  0.000000  1.0
    0.267902   -0.667953  0.000000  1.0
    0.267902   -0.665953  0.000000  1.0
    0.267902   -0.663953  0.000000  1.0
    0.267902   -0.661953  0.000000  1.0
    0.267902   -0.659953  0.000000  1.0
    0.267902   -0.657953  0.000000  1.0
    0.267902   -0.655953  0.000000  1.0
    0.267902   -0.653953  0.000000  1.0
    0.267902   -0.651953  0.000000  1.0
    0.267902   -0.649953  0.000000  1.0
    0.267902   -0.647953  0.000000  1.0
    0.267902   -0.645953  0.000000  1.0
    0.267902   -0.643953  0.000000  1.0
    0.267902   -0.641953  0.000000  1.0
    0.267902   -0.639953  0.000000  1.0
    0.267902   -0.637953  0.000000  1.0
    0.267902   -0.635953  0.000000  1.0
    0.267902   -0.633953  0.000000  1.0
    0.267902   -0.631953  0.000000  1.0
    0.267902   -0.629953  0.000000  1.0
    0.267902   -0.627953  0.000000  1.0
    0.267902   -0.625953  0.000000  1.0
    0.267902   -0.623953  0.000000  1.0
    0.269902   -0.703953  0.000000  1.0
    0.269902   -0.701953  0.000000  1.0
    0.269902   -0.699953  0.000000  1.0
    0.269902   -0.697953  0.000000  1.0
    0.269902   -0.695953  0.000000  1.0
    0.269902   -0.693953  0.000000  1.0
    0.269902   -0.691953  0.000000  1.0
    0.269902   -0.689953  0.000000  1.0
    0.269902   -0.687953  0.000000  1.0
    0.269902   -0.685953  0.000000  1.0
    0.269902   -0.683953  0.000000  1.0
    0.269902   -0.681953  0.000000  1.0
    0.269902   -0.679953  0.000000  1.0
    0.269902   -0.677953  0.000000  1.0
    0.269902   -0.675953  0.000000  1.0
    0.269902   -0.673953  0.000000  1.0
    0.269902   -0.671953  0.000000  1.0
    0.269902   -0.669953  0.000000  1.0
    0.269902   -0.667953  0.000000  1.0
    0.269902   -0.665953  0.000000  1.0
    0.269902   -0.663953  0.000000  1.0
    0.269902   -0.661953  0.000000  1.0
    0.269902   -0.659953  0.000000  1.0
    0.269902   -0.657953  0.000000  1.0
    0.269902   -0.655953  0.000000  1.0
    0.269902   -0.653953  0.000000  1.0
    0.269902   -0.651953  0.000000  1.0
    0.269902   -0.649953  0.000000  1.0
    0.269902   -0.647953  0.000000  1.0
    0.269902   -0.645953  0.000000  1.0
    0.269902   -0.643953  0.000000  1.0
    0.269902   -0.641953  0.000000  1.0
    0.269902   -0.639953  0.000000  1.0
    0.269902   -0.637953  0.000000  1.0
    0.269902   -0.635953  0.000000  1.0
    0.269902   -0.633953  0.000000  1.0
    0.269902   -0.631953  0.000000  1.0
    0.269902   -0.629953  0.000000  1.0
    0.269902   -0.627953  0.000000  1.0
    0.269902   -0.625953  0.000000  1.0
    0.269902   -0.623953  0.000000  1.0
    0.271902   -0.703953  0.000000  1.0
    0.271902   -0.701953  0.000000  1.0
    0.271902   -0.699953  0.000000  1.0
    0.271902   -0.697953  0.000000  1.0
    0.271902   -0.695953  0.000000  1.0
    0.271902   -0.693953  0.000000  1.0
    0.271902   -0.691953  0.000000  1.0
    0.271902   -0.689953  0.000000  1.0
    0.271902   -0.687953  0.000000  1.0
    0.271902   -0.685953  0.000000  1.0
    0.271902   -0.683953  0.000000  1.0
    0.271902   -0.681953  0.000000  1.0
    0.271902   -0.679953  0.000000  1.0
    0.271902   -0.677953  0.000000  1.0
    0.271902   -0.675953  0.000000  1.0
    0.271902   -0.673953  0.000000  1.0
    0.271902   -0.671953  0.000000  1.0
    0.271902   -0.669953  0.000000  1.0
    0.271902   -0.667953  0.000000  1.0
    0.271902   -0.665953  0.000000  1.0
    0.271902   -0.663953  0.000000  1.0
    0.271902   -0.661953  0.000000  1.0
    0.271902   -0.659953  0.000000  1.0
    0.271902   -0.657953  0.000000  1.0
    0.271902   -0.655953  0.000000  1.0
    0.271902   -0.653953  0.000000  1.0
    0.271902   -0.651953  0.000000  1.0
    0.271902   -0.649953  0.000000  1.0
    0.271902   -0.647953  0.000000  1.0
    0.271902   -0.645953  0.000000  1.0
    0.271902   -0.643953  0.000000  1.0
    0.271902   -0.641953  0.000000  1.0
    0.271902   -0.639953  0.000000  1.0
    0.271902   -0.637953  0.000000  1.0
    0.271902   -0.635953  0.000000  1.0
    0.271902   -0.633953  0.000000  1.0
    0.271902   -0.631953  0.000000  1.0
    0.271902   -0.629953  0.000000  1.0
    0.271902   -0.627953  0.000000  1.0
    0.271902   -0.625953  0.000000  1.0
    0.271902   -0.623953  0.000000  1.0
    0.273902   -0.703953  0.000000  1.0
    0.273902   -0.701953  0.000000  1.0
    0.273902   -0.699953  0.000000  1.0
    0.273902   -0.697953  0.000000  1.0
    0.273902   -0.695953  0.000000  1.0
    0.273902   -0.693953  0.000000  1.0
    0.273902   -0.691953  0.000000  1.0
    0.273902   -0.689953  0.000000  1.0
    0.273902   -0.687953  0.000000  1.0
    0.273902   -0.685953  0.000000  1.0
    0.273902   -0.683953  0.000000  1.0
    0.273902   -0.681953  0.000000  1.0
    0.273902   -0.679953  0.000000  1.0
    0.273902   -0.677953  0.000000  1.0
    0.273902   -0.675953  0.000000  1.0
    0.273902   -0.673953  0.000000  1.0
    0.273902   -0.671953  0.000000  1.0
    0.273902   -0.669953  0.000000  1.0
    0.273902   -0.667953  0.000000  1.0
    0.273902   -0.665953  0.000000  1.0
    0.273902   -0.663953  0.000000  1.0
    0.273902   -0.661953  0.000000  1.0
    0.273902   -0.659953  0.000000  1.0
    0.273902   -0.657953  0.000000  1.0
    0.273902   -0.655953  0.000000  1.0
    0.273902   -0.653953  0.000000  1.0
    0.273902   -0.651953  0.000000  1.0
    0.273902   -0.649953  0.000000  1.0
    0.273902   -0.647953  0.000000  1.0
    0.273902   -0.645953  0.000000  1.0
    0.273902   -0.643953  0.000000  1.0
    0.273902   -0.641953  0.000000  1.0
    0.273902   -0.639953  0.000000  1.0
    0.273902   -0.637953  0.000000  1.0
    0.273902   -0.635953  0.000000  1.0
    0.273902   -0.633953  0.000000  1.0
    0.273902   -0.631953  0.000000  1.0
    0.273902   -0.629953  0.000000  1.0
    0.273902   -0.627953  0.000000  1.0
    0.273902   -0.625953  0.000000  1.0
    0.273902   -0.623953  0.000000  1.0
    0.275902   -0.703953  0.000000  1.0
    0.275902   -0.701953  0.000000  1.0
    0.275902   -0.699953  0.000000  1.0
    0.275902   -0.697953  0.000000  1.0
    0.275902   -0.695953  0.000000  1.0
    0.275902   -0.693953  0.000000  1.0
    0.275902   -0.691953  0.000000  1.0
    0.275902   -0.689953  0.000000  1.0
    0.275902   -0.687953  0.000000  1.0
    0.275902   -0.685953  0.000000  1.0
    0.275902   -0.683953  0.000000  1.0
    0.275902   -0.681953  0.000000  1.0
    0.275902   -0.679953  0.000000  1.0
    0.275902   -0.677953  0.000000  1.0
    0.275902   -0.675953  0.000000  1.0
    0.275902   -0.673953  0.000000  1.0
    0.275902   -0.671953  0.000000  1.0
    0.275902   -0.669953  0.000000  1.0
    0.275902   -0.667953  0.000000  1.0
    0.275902   -0.665953  0.000000  1.0
    0.275902   -0.663953  0.000000  1.0
    0.275902   -0.661953  0.000000  1.0
    0.275902   -0.659953  0.000000  1.0
    0.275902   -0.657953  0.000000  1.0
    0.275902   -0.655953  0.000000  1.0
    0.275902   -0.653953  0.000000  1.0
    0.275902   -0.651953  0.000000  1.0
    0.275902   -0.649953  0.000000  1.0
    0.275902   -0.647953  0.000000  1.0
    0.275902   -0.645953  0.000000  1.0
    0.275902   -0.643953  0.000000  1.0
    0.275902   -0.641953  0.000000  1.0
    0.275902   -0.639953  0.000000  1.0
    0.275902   -0.637953  0.000000  1.0
    0.275902   -0.635953  0.000000  1.0
    0.275902   -0.633953  0.000000  1.0
    0.275902   -0.631953  0.000000  1.0
    0.275902   -0.629953  0.000000  1.0
    0.275902   -0.627953  0.000000  1.0
    0.275902   -0.625953  0.000000  1.0
    0.275902   -0.623953  0.000000  1.0
    0.277902   -0.703953  0.000000  1.0
    0.277902   -0.701953  0.000000  1.0
    0.277902   -0.699953  0.000000  1.0
    0.277902   -0.697953  0.000000  1.0
    0.277902   -0.695953  0.000000  1.0
    0.277902   -0.693953  0.000000  1.0
    0.277902   -0.691953  0.000000  1.0
    0.277902   -0.689953  0.000000  1.0
    0.277902   -0.687953  0.000000  1.0
    0.277902   -0.685953  0.000000  1.0
    0.277902   -0.683953  0.000000  1.0
    0.277902   -0.681953  0.000000  1.0
    0.277902   -0.679953  0.000000  1.0
    0.277902   -0.677953  0.000000  1.0
    0.277902   -0.675953  0.000000  1.0
    0.277902   -0.673953  0.000000  1.0
    0.277902   -0.671953  0.000000  1.0
    0.277902   -0.669953  0.000000  1.0
    0.277902   -0.667953  0.000000  1.0
    0.277902   -0.665953  0.000000  1.0
    0.277902   -0.663953  0.000000  1.0
    0.277902   -0.661953  0.000000  1.0
    0.277902   -0.659953  0.000000  1.0
    0.277902   -0.657953  0.000000  1.0
    0.277902   -0.655953  0.000000  1.0
    0.277902   -0.653953  0.000000  1.0
    0.277902   -0.651953  0.000000  1.0
    0.277902   -0.649953  0.000000  1.0
    0.277902   -0.647953  0.000000  1.0
    0.277902   -0.645953  0.000000  1.0
    0.277902   -0.643953  0.000000  1.0
    0.277902   -0.641953  0.000000  1.0
    0.277902   -0.639953  0.000000  1.0
    0.277902   -0.637953  0.000000  1.0
    0.277902   -0.635953  0.000000  1.0
    0.277902   -0.633953  0.000000  1.0
    0.277902   -0.631953  0.000000  1.0
    0.277902   -0.629953  0.000000  1.0
    0.277902   -0.627953  0.000000  1.0
    0.277902   -0.625953  0.000000  1.0
    0.277902   -0.623953  0.000000  1.0
    0.279902   -0.703953  0.000000  1.0
    0.279902   -0.701953  0.000000  1.0
    0.279902   -0.699953  0.000000  1.0
    0.279902   -0.697953  0.000000  1.0
    0.279902   -0.695953  0.000000  1.0
    0.279902   -0.693953  0.000000  1.0
    0.279902   -0.691953  0.000000  1.0
    0.279902   -0.689953  0.000000  1.0
    0.279902   -0.687953  0.000000  1.0
    0.279902   -0.685953  0.000000  1.0
    0.279902   -0.683953  0.000000  1.0
    0.279902   -0.681953  0.000000  1.0
    0.279902   -0.679953  0.000000  1.0
    0.279902   -0.677953  0.000000  1.0
    0.279902   -0.675953  0.000000  1.0
    0.279902   -0.673953  0.000000  1.0
    0.279902   -0.671953  0.000000  1.0
    0.279902   -0.669953  0.000000  1.0
    0.279902   -0.667953  0.000000  1.0
    0.279902   -0.665953  0.000000  1.0
    0.279902   -0.663953  0.000000  1.0
    0.279902   -0.661953  0.000000  1.0
    0.279902   -0.659953  0.000000  1.0
    0.279902   -0.657953  0.000000  1.0
    0.279902   -0.655953  0.000000  1.0
    0.279902   -0.653953  0.000000  1.0
    0.279902   -0.651953  0.000000  1.0
    0.279902   -0.649953  0.000000  1.0
    0.279902   -0.647953  0.000000  1.0
    0.279902   -0.645953  0.000000  1.0
    0.279902   -0.643953  0.000000  1.0
    0.279902   -0.641953  0.000000  1.0
    0.279902   -0.639953  0.000000  1.0
    0.279902   -0.637953  0.000000  1.0
    0.279902   -0.635953  0.000000  1.0
    0.279902   -0.633953  0.000000  1.0
    0.279902   -0.631953  0.000000  1.0
    0.279902   -0.629953  0.000000  1.0
    0.279902   -0.627953  0.000000  1.0
    0.279902   -0.625953  0.000000  1.0
    0.279902   -0.623953  0.000000  1.0
    0.281902   -0.703953  0.000000  1.0
    0.281902   -0.701953  0.000000  1.0
    0.281902   -0.699953  0.000000  1.0
    0.281902   -0.697953  0.000000  1.0
    0.281902   -0.695953  0.000000  1.0
    0.281902   -0.693953  0.000000  1.0
    0.281902   -0.691953  0.000000  1.0
    0.281902   -0.689953  0.000000  1.0
    0.281902   -0.687953  0.000000  1.0
    0.281902   -0.685953  0.000000  1.0
    0.281902   -0.683953  0.000000  1.0
    0.281902   -0.681953  0.000000  1.0
    0.281902   -0.679953  0.000000  1.0
    0.281902   -0.677953  0.000000  1.0
    0.281902   -0.675953  0.000000  1.0
    0.281902   -0.673953  0.000000  1.0
    0.281902   -0.671953  0.000000  1.0
    0.281902   -0.669953  0.000000  1.0
    0.281902   -0.667953  0.000000  1.0
    0.281902   -0.665953  0.000000  1.0
    0.281902   -0.663953  0.000000  1.0
    0.281902   -0.661953  0.000000  1.0
    0.281902   -0.659953  0.000000  1.0
    0.281902   -0.657953  0.000000  1.0
    0.281902   -0.655953  0.000000  1.0
    0.281902   -0.653953  0.000000  1.0
    0.281902   -0.651953  0.000000  1.0
    0.281902   -0.649953  0.000000  1.0
    0.281902   -0.647953  0.000000  1.0
    0.281902   -0.645953  0.000000  1.0
    0.281902   -0.643953  0.000000  1.0
    0.281902   -0.641953  0.000000  1.0
    0.281902   -0.639953  0.000000  1.0
    0.281902   -0.637953  0.000000  1.0
    0.281902   -0.635953  0.000000  1.0
    0.281902   -0.633953  0.000000  1.0
    0.281902   -0.631953  0.000000  1.0
    0.281902   -0.629953  0.000000  1.0
    0.281902   -0.627953  0.000000  1.0
    0.281902   -0.625953  0.000000  1.0
    0.281902   -0.623953  0.000000  1.0
    0.283902   -0.703953  0.000000  1.0
    0.283902   -0.701953  0.000000  1.0
    0.283902   -0.699953  0.000000  1.0
    0.283902   -0.697953  0.000000  1.0
    0.283902   -0.695953  0.000000  1.0
    0.283902   -0.693953  0.000000  1.0
    0.283902   -0.691953  0.000000  1.0
    0.283902   -0.689953  0.000000  1.0
    0.283902   -0.687953  0.000000  1.0
    0.283902   -0.685953  0.000000  1.0
    0.283902   -0.683953  0.000000  1.0
    0.283902   -0.681953  0.000000  1.0
    0.283902   -0.679953  0.000000  1.0
    0.283902   -0.677953  0.000000  1.0
    0.283902   -0.675953  0.000000  1.0
    0.283902   -0.673953  0.000000  1.0
    0.283902   -0.671953  0.000000  1.0
    0.283902   -0.669953  0.000000  1.0
    0.283902   -0.667953  0.000000  1.0
    0.283902   -0.665953  0.000000  1.0
    0.283902   -0.663953  0.000000  1.0
    0.283902   -0.661953  0.000000  1.0
    0.283902   -0.659953  0.000000  1.0
    0.283902   -0.657953  0.000000  1.0
    0.283902   -0.655953  0.000000  1.0
    0.283902   -0.653953  0.000000  1.0
    0.283902   -0.651953  0.000000  1.0
    0.283902   -0.649953  0.000000  1.0
    0.283902   -0.647953  0.000000  1.0
    0.283902   -0.645953  0.000000  1.0
    0.283902   -0.643953  0.000000  1.0
    0.283902   -0.641953  0.000000  1.0
    0.283902   -0.639953  0.000000  1.0
    0.283902   -0.637953  0.000000  1.0
    0.283902   -0.635953  0.000000  1.0
    0.283902   -0.633953  0.000000  1.0
    0.283902   -0.631953  0.000000  1.0
    0.283902   -0.629953  0.000000  1.0
    0.283902   -0.627953  0.000000  1.0
    0.283902   -0.625953  0.000000  1.0
    0.283902   -0.623953  0.000000  1.0
    0.285902   -0.703953  0.000000  1.0
    0.285902   -0.701953  0.000000  1.0
    0.285902   -0.699953  0.000000  1.0
    0.285902   -0.697953  0.000000  1.0
    0.285902   -0.695953  0.000000  1.0
    0.285902   -0.693953  0.000000  1.0
    0.285902   -0.691953  0.000000  1.0
    0.285902   -0.689953  0.000000  1.0
    0.285902   -0.687953  0.000000  1.0
    0.285902   -0.685953  0.000000  1.0
    0.285902   -0.683953  0.000000  1.0
    0.285902   -0.681953  0.000000  1.0
    0.285902   -0.679953  0.000000  1.0
    0.285902   -0.677953  0.000000  1.0
    0.285902   -0.675953  0.000000  1.0
    0.285902   -0.673953  0.000000  1.0
    0.285902   -0.671953  0.000000  1.0
    0.285902   -0.669953  0.000000  1.0
    0.285902   -0.667953  0.000000  1.0
    0.285902   -0.665953  0.000000  1.0
    0.285902   -0.663953  0.000000  1.0
    0.285902   -0.661953  0.000000  1.0
    0.285902   -0.659953  0.000000  1.0
    0.285902   -0.657953  0.000000  1.0
    0.285902   -0.655953  0.000000  1.0
    0.285902   -0.653953  0.000000  1.0
    0.285902   -0.651953  0.000000  1.0
    0.285902   -0.649953  0.000000  1.0
    0.285902   -0.647953  0.000000  1.0
    0.285902   -0.645953  0.000000  1.0
    0.285902   -0.643953  0.000000  1.0
    0.285902   -0.641953  0.000000  1.0
    0.285902   -0.639953  0.000000  1.0
    0.285902   -0.637953  0.000000  1.0
    0.285902   -0.635953  0.000000  1.0
    0.285902   -0.633953  0.000000  1.0
    0.285902   -0.631953  0.000000  1.0
    0.285902   -0.629953  0.000000  1.0
    0.285902   -0.627953  0.000000  1.0
    0.285902   -0.625953  0.000000  1.0
    0.285902   -0.623953  0.000000  1.0
