&CONTROL
  calculation = 'bands'
  prefix = 'graphene28.0lower'
  outdir = './tmp'
  pseudo_dir = './'
  verbosity = 'high'
/
&SYSTEM
  ibrav = 0
  nat = 2
  ntyp = 1
  ecutwfc = 40.0
  nosym = .true.
  noinv = .true.
  nbnd = 8
/
&ELECTRONS
/
ATOMIC_SPECIES
  C  12.011 C.pbe-n-kjpaw_psl.1.0.0.UPF
CELL_PARAMETERS {bohr}
  5.921182  0.000000  0.000000
  2.960591  4.006167  0.000000
  0.000000  0.000000  28.346456
ATOMIC_POSITIONS {crystal}
  C  0.004944  -0.009869  0.000000
  C  0.328389  0.343202  0.000000
K_POINTS {tpiba}
1681
   -0.023607   -0.779008  0.000000  1.0
   -0.023607   -0.777008  0.000000  1.0
   -0.023607   -0.775008  0.000000  1.0
   -0.023607   -0.773008  0.000000  1.0
   -0.023607   -0.771008  0.000000  1.0
   -0.023607   -0.769008  0.000000  1.0
   -0.023607   -0.767008  0.000000  1.0
   -0.023607   -0.765008  0.000000  1.0
   -0.023607   -0.763008  0.000000  1.0
   -0.023607   -0.761008  0.000000  1.0
   -0.023607   -0.759008  0.000000  1.0
   -0.023607   -0.757008  0.000000  1.0
   -0.023607   -0.755008  0.000000  1.0
   -0.023607   -0.753008  0.000000  1.0
   -0.023607   -0.751008  0.000000  1.0
   -0.023607   -0.749008  0.000000  1.0
   -0.023607   -0.747008  0.000000  1.0
   -0.023607   -0.745008  0.000000  1.0
   -0.023607   -0.743008  0.000000  1.0
   -0.023607   -0.741008  0.000000  1.0
   -0.023607   -0.739008  0.000000  1.0
   -0.023607   -0.737008  0.000000  1.0
   -0.023607   -0.735008  0.000000  1.0
   -0.023607   -0.733008  0.000000  1.0
   -0.023607   -0.731008  0.000000  1.0
   -0.023607   -0.729008  0.000000  1.0
   -0.023607   -0.727008  0.000000  1.0
   -0.023607   -0.725008  0.000000  1.0
   -0.023607   -0.723008  0.000000  1.0
   -0.023607   -0.721008  0.000000  1.0
   -0.023607   -0.719008  0.000000  1.0
   -0.023607   -0.717008  0.000000  1.0
   -0.023607   -0.715008  0.000000  1.0
   -0.023607   -0.713008  0.000000  1.0
   -0.023607   -0.711008  0.000000  1.0
   -0.023607   -0.709008  0.000000  1.0
   -0.023607   -0.707008  0.000000  1.0
   -0.023607   -0.705008  0.000000  1.0
   -0.023607   -0.703008  0.000000  1.0
   -0.023607   -0.701008  0.000000  1.0
   -0.023607   -0.699008  0.000000  1.0
   -0.021607   -0.779008  0.000000  1.0
   -0.021607   -0.777008  0.000000  1.0
   -0.021607   -0.775008  0.000000  1.0
   -0.021607   -0.773008  0.000000  1.0
   -0.021607   -0.771008  0.000000  1.0
   -0.021607   -0.769008  0.000000  1.0
   -0.021607   -0.767008  0.000000  1.0
   -0.021607   -0.765008  0.000000  1.0
   -0.021607   -0.763008  0.000000  1.0
   -0.021607   -0.761008  0.000000  1.0
   -0.021607   -0.759008  0.000000  1.0
   -0.021607   -0.757008  0.000000  1.0
   -0.021607   -0.755008  0.000000  1.0
   -0.021607   -0.753008  0.000000  1.0
   -0.021607   -0.751008  0.000000  1.0
   -0.021607   -0.749008  0.000000  1.0
   -0.021607   -0.747008  0.000000  1.0
   -0.021607   -0.745008  0.000000  1.0
   -0.021607   -0.743008  0.000000  1.0
   -0.021607   -0.741008  0.000000  1.0
   -0.021607   -0.739008  0.000000  1.0
   -0.021607   -0.737008  0.000000  1.0
   -0.021607   -0.735008  0.000000  1.0
   -0.021607   -0.733008  0.000000  1.0
   -0.021607   -0.731008  0.000000  1.0
   -0.021607   -0.729008  0.000000  1.0
   -0.021607   -0.727008  0.000000  1.0
   -0.021607   -0.725008  0.000000  1.0
   -0.021607   -0.723008  0.000000  1.0
   -0.021607   -0.721008  0.000000  1.0
   -0.021607   -0.719008  0.000000  1.0
   -0.021607   -0.717008  0.000000  1.0
   -0.021607   -0.715008  0.000000  1.0
   -0.021607   -0.713008  0.000000  1.0
   -0.021607   -0.711008  0.000000  1.0
   -0.021607   -0.709008  0.000000  1.0
   -0.021607   -0.707008  0.000000  1.0
   -0.021607   -0.705008  0.000000  1.0
   -0.021607   -0.703008  0.000000  1.0
   -0.021607   -0.701008  0.000000  1.0
   -0.021607   -0.699008  0.000000  1.0
   -0.019607   -0.779008  0.000000  1.0
   -0.019607   -0.777008  0.000000  1.0
   -0.019607   -0.775008  0.000000  1.0
   -0.019607   -0.773008  0.000000  1.0
   -0.019607   -0.771008  0.000000  1.0
   -0.019607   -0.769008  0.000000  1.0
   -0.019607   -0.767008  0.000000  1.0
   -0.019607   -0.765008  0.000000  1.0
   -0.019607   -0.763008  0.000000  1.0
   -0.019607   -0.761008  0.000000  1.0
   -0.019607   -0.759008  0.000000  1.0
   -0.019607   -0.757008  0.000000  1.0
   -0.019607   -0.755008  0.000000  1.0
   -0.019607   -0.753008  0.000000  1.0
   -0.019607   -0.751008  0.000000  1.0
   -0.019607   -0.749008  0.000000  1.0
   -0.019607   -0.747008  0.000000  1.0
   -0.019607   -0.745008  0.000000  1.0
   -0.019607   -0.743008  0.000000  1.0
   -0.019607   -0.741008  0.000000  1.0
   -0.019607   -0.739008  0.000000  1.0
   -0.019607   -0.737008  0.000000  1.0
   -0.019607   -0.735008  0.000000  1.0
   -0.019607   -0.733008  0.000000  1.0
   -0.019607   -0.731008  0.000000  1.0
   -0.019607   -0.729008  0.000000  1.0
   -0.019607   -0.727008  0.000000  1.0
   -0.019607   -0.725008  0.000000  1.0
   -0.019607   -0.723008  0.000000  1.0
   -0.019607   -0.721008  0.000000  1.0
   -0.019607   -0.719008  0.000000  1.0
   -0.019607   -0.717008  0.000000  1.0
   -0.019607   -0.715008  0.000000  1.0
   -0.019607   -0.713008  0.000000  1.0
   -0.019607   -0.711008  0.000000  1.0
   -0.019607   -0.709008  0.000000  1.0
   -0.019607   -0.707008  0.000000  1.0
   -0.019607   -0.705008  0.000000  1.0
   -0.019607   -0.703008  0.000000  1.0
   -0.019607   -0.701008  0.000000  1.0
   -0.019607   -0.699008  0.000000  1.0
   -0.017607   -0.779008  0.000000  1.0
   -0.017607   -0.777008  0.000000  1.0
   -0.017607   -0.775008  0.000000  1.0
   -0.017607   -0.773008  0.000000  1.0
   -0.017607   -0.771008  0.000000  1.0
   -0.017607   -0.769008  0.000000  1.0
   -0.017607   -0.767008  0.000000  1.0
   -0.017607   -0.765008  0.000000  1.0
   -0.017607   -0.763008  0.000000  1.0
   -0.017607   -0.761008  0.000000  1.0
   -0.017607   -0.759008  0.000000  1.0
   -0.017607   -0.757008  0.000000  1.0
   -0.017607   -0.755008  0.000000  1.0
   -0.017607   -0.753008  0.000000  1.0
   -0.017607   -0.751008  0.000000  1.0
   -0.017607   -0.749008  0.000000  1.0
   -0.017607   -0.747008  0.000000  1.0
   -0.017607   -0.745008  0.000000  1.0
   -0.017607   -0.743008  0.000000  1.0
   -0.017607   -0.741008  0.000000  1.0
   -0.017607   -0.739008  0.000000  1.0
   -0.017607   -0.737008  0.000000  1.0
   -0.017607   -0.735008  0.000000  1.0
   -0.017607   -0.733008  0.000000  1.0
   -0.017607   -0.731008  0.000000  1.0
   -0.017607   -0.729008  0.000000  1.0
   -0.017607   -0.727008  0.000000  1.0
   -0.017607   -0.725008  0.000000  1.0
   -0.017607   -0.723008  0.000000  1.0
   -0.017607   -0.721008  0.000000  1.0
   -0.017607   -0.719008  0.000000  1.0
   -0.017607   -0.717008  0.000000  1.0
   -0.017607   -0.715008  0.000000  1.0
   -0.017607   -0.713008  0.000000  1.0
   -0.017607   -0.711008  0.000000  1.0
   -0.017607   -0.709008  0.000000  1.0
   -0.017607   -0.707008  0.000000  1.0
   -0.017607   -0.705008  0.000000  1.0
   -0.017607   -0.703008  0.000000  1.0
   -0.017607   -0.701008  0.000000  1.0
   -0.017607   -0.699008  0.000000  1.0
   -0.015607   -0.779008  0.000000  1.0
   -0.015607   -0.777008  0.000000  1.0
   -0.015607   -0.775008  0.000000  1.0
   -0.015607   -0.773008  0.000000  1.0
   -0.015607   -0.771008  0.000000  1.0
   -0.015607   -0.769008  0.000000  1.0
   -0.015607   -0.767008  0.000000  1.0
   -0.015607   -0.765008  0.000000  1.0
   -0.015607   -0.763008  0.000000  1.0
   -0.015607   -0.761008  0.000000  1.0
   -0.015607   -0.759008  0.000000  1.0
   -0.015607   -0.757008  0.000000  1.0
   -0.015607   -0.755008  0.000000  1.0
   -0.015607   -0.753008  0.000000  1.0
   -0.015607   -0.751008  0.000000  1.0
   -0.015607   -0.749008  0.000000  1.0
   -0.015607   -0.747008  0.000000  1.0
   -0.015607   -0.745008  0.000000  1.0
   -0.015607   -0.743008  0.000000  1.0
   -0.015607   -0.741008  0.000000  1.0
   -0.015607   -0.739008  0.000000  1.0
   -0.015607   -0.737008  0.000000  1.0
   -0.015607   -0.735008  0.000000  1.0
   -0.015607   -0.733008  0.000000  1.0
   -0.015607   -0.731008  0.000000  1.0
   -0.015607   -0.729008  0.000000  1.0
   -0.015607   -0.727008  0.000000  1.0
   -0.015607   -0.725008  0.000000  1.0
   -0.015607   -0.723008  0.000000  1.0
   -0.015607   -0.721008  0.000000  1.0
   -0.015607   -0.719008  0.000000  1.0
   -0.015607   -0.717008  0.000000  1.0
   -0.015607   -0.715008  0.000000  1.0
   -0.015607   -0.713008  0.000000  1.0
   -0.015607   -0.711008  0.000000  1.0
   -0.015607   -0.709008  0.000000  1.0
   -0.015607   -0.707008  0.000000  1.0
   -0.015607   -0.705008  0.000000  1.0
   -0.015607   -0.703008  0.000000  1.0
   -0.015607   -0.701008  0.000000  1.0
   -0.015607   -0.699008  0.000000  1.0
   -0.013607   -0.779008  0.000000  1.0
   -0.013607   -0.777008  0.000000  1.0
   -0.013607   -0.775008  0.000000  1.0
   -0.013607   -0.773008  0.000000  1.0
   -0.013607   -0.771008  0.000000  1.0
   -0.013607   -0.769008  0.000000  1.0
   -0.013607   -0.767008  0.000000  1.0
   -0.013607   -0.765008  0.000000  1.0
   -0.013607   -0.763008  0.000000  1.0
   -0.013607   -0.761008  0.000000  1.0
   -0.013607   -0.759008  0.000000  1.0
   -0.013607   -0.757008  0.000000  1.0
   -0.013607   -0.755008  0.000000  1.0
   -0.013607   -0.753008  0.000000  1.0
   -0.013607   -0.751008  0.000000  1.0
   -0.013607   -0.749008  0.000000  1.0
   -0.013607   -0.747008  0.000000  1.0
   -0.013607   -0.745008  0.000000  1.0
   -0.013607   -0.743008  0.000000  1.0
   -0.013607   -0.741008  0.000000  1.0
   -0.013607   -0.739008  0.000000  1.0
   -0.013607   -0.737008  0.000000  1.0
   -0.013607   -0.735008  0.000000  1.0
   -0.013607   -0.733008  0.000000  1.0
   -0.013607   -0.731008  0.000000  1.0
   -0.013607   -0.729008  0.000000  1.0
   -0.013607   -0.727008  0.000000  1.0
   -0.013607   -0.725008  0.000000  1.0
   -0.013607   -0.723008  0.000000  1.0
   -0.013607   -0.721008  0.000000  1.0
   -0.013607   -0.719008  0.000000  1.0
   -0.013607   -0.717008  0.000000  1.0
   -0.013607   -0.715008  0.000000  1.0
   -0.013607   -0.713008  0.000000  1.0
   -0.013607   -0.711008  0.000000  1.0
   -0.013607   -0.709008  0.000000  1.0
   -0.013607   -0.707008  0.000000  1.0
   -0.013607   -0.705008  0.000000  1.0
   -0.013607   -0.703008  0.000000  1.0
   -0.013607   -0.701008  0.000000  1.0
   -0.013607   -0.699008  0.000000  1.0
   -0.011607   -0.779008  0.000000  1.0
   -0.011607   -0.777008  0.000000  1.0
   -0.011607   -0.775008  0.000000  1.0
   -0.011607   -0.773008  0.000000  1.0
   -0.011607   -0.771008  0.000000  1.0
   -0.011607   -0.769008  0.000000  1.0
   -0.011607   -0.767008  0.000000  1.0
   -0.011607   -0.765008  0.000000  1.0
   -0.011607   -0.763008  0.000000  1.0
   -0.011607   -0.761008  0.000000  1.0
   -0.011607   -0.759008  0.000000  1.0
   -0.011607   -0.757008  0.000000  1.0
   -0.011607   -0.755008  0.000000  1.0
   -0.011607   -0.753008  0.000000  1.0
   -0.011607   -0.751008  0.000000  1.0
   -0.011607   -0.749008  0.000000  1.0
   -0.011607   -0.747008  0.000000  1.0
   -0.011607   -0.745008  0.000000  1.0
   -0.011607   -0.743008  0.000000  1.0
   -0.011607   -0.741008  0.000000  1.0
   -0.011607   -0.739008  0.000000  1.0
   -0.011607   -0.737008  0.000000  1.0
   -0.011607   -0.735008  0.000000  1.0
   -0.011607   -0.733008  0.000000  1.0
   -0.011607   -0.731008  0.000000  1.0
   -0.011607   -0.729008  0.000000  1.0
   -0.011607   -0.727008  0.000000  1.0
   -0.011607   -0.725008  0.000000  1.0
   -0.011607   -0.723008  0.000000  1.0
   -0.011607   -0.721008  0.000000  1.0
   -0.011607   -0.719008  0.000000  1.0
   -0.011607   -0.717008  0.000000  1.0
   -0.011607   -0.715008  0.000000  1.0
   -0.011607   -0.713008  0.000000  1.0
   -0.011607   -0.711008  0.000000  1.0
   -0.011607   -0.709008  0.000000  1.0
   -0.011607   -0.707008  0.000000  1.0
   -0.011607   -0.705008  0.000000  1.0
   -0.011607   -0.703008  0.000000  1.0
   -0.011607   -0.701008  0.000000  1.0
   -0.011607   -0.699008  0.000000  1.0
   -0.009607   -0.779008  0.000000  1.0
   -0.009607   -0.777008  0.000000  1.0
   -0.009607   -0.775008  0.000000  1.0
   -0.009607   -0.773008  0.000000  1.0
   -0.009607   -0.771008  0.000000  1.0
   -0.009607   -0.769008  0.000000  1.0
   -0.009607   -0.767008  0.000000  1.0
   -0.009607   -0.765008  0.000000  1.0
   -0.009607   -0.763008  0.000000  1.0
   -0.009607   -0.761008  0.000000  1.0
   -0.009607   -0.759008  0.000000  1.0
   -0.009607   -0.757008  0.000000  1.0
   -0.009607   -0.755008  0.000000  1.0
   -0.009607   -0.753008  0.000000  1.0
   -0.009607   -0.751008  0.000000  1.0
   -0.009607   -0.749008  0.000000  1.0
   -0.009607   -0.747008  0.000000  1.0
   -0.009607   -0.745008  0.000000  1.0
   -0.009607   -0.743008  0.000000  1.0
   -0.009607   -0.741008  0.000000  1.0
   -0.009607   -0.739008  0.000000  1.0
   -0.009607   -0.737008  0.000000  1.0
   -0.009607   -0.735008  0.000000  1.0
   -0.009607   -0.733008  0.000000  1.0
   -0.009607   -0.731008  0.000000  1.0
   -0.009607   -0.729008  0.000000  1.0
   -0.009607   -0.727008  0.000000  1.0
   -0.009607   -0.725008  0.000000  1.0
   -0.009607   -0.723008  0.000000  1.0
   -0.009607   -0.721008  0.000000  1.0
   -0.009607   -0.719008  0.000000  1.0
   -0.009607   -0.717008  0.000000  1.0
   -0.009607   -0.715008  0.000000  1.0
   -0.009607   -0.713008  0.000000  1.0
   -0.009607   -0.711008  0.000000  1.0
   -0.009607   -0.709008  0.000000  1.0
   -0.009607   -0.707008  0.000000  1.0
   -0.009607   -0.705008  0.000000  1.0
   -0.009607   -0.703008  0.000000  1.0
   -0.009607   -0.701008  0.000000  1.0
   -0.009607   -0.699008  0.000000  1.0
   -0.007607   -0.779008  0.000000  1.0
   -0.007607   -0.777008  0.000000  1.0
   -0.007607   -0.775008  0.000000  1.0
   -0.007607   -0.773008  0.000000  1.0
   -0.007607   -0.771008  0.000000  1.0
   -0.007607   -0.769008  0.000000  1.0
   -0.007607   -0.767008  0.000000  1.0
   -0.007607   -0.765008  0.000000  1.0
   -0.007607   -0.763008  0.000000  1.0
   -0.007607   -0.761008  0.000000  1.0
   -0.007607   -0.759008  0.000000  1.0
   -0.007607   -0.757008  0.000000  1.0
   -0.007607   -0.755008  0.000000  1.0
   -0.007607   -0.753008  0.000000  1.0
   -0.007607   -0.751008  0.000000  1.0
   -0.007607   -0.749008  0.000000  1.0
   -0.007607   -0.747008  0.000000  1.0
   -0.007607   -0.745008  0.000000  1.0
   -0.007607   -0.743008  0.000000  1.0
   -0.007607   -0.741008  0.000000  1.0
   -0.007607   -0.739008  0.000000  1.0
   -0.007607   -0.737008  0.000000  1.0
   -0.007607   -0.735008  0.000000  1.0
   -0.007607   -0.733008  0.000000  1.0
   -0.007607   -0.731008  0.000000  1.0
   -0.007607   -0.729008  0.000000  1.0
   -0.007607   -0.727008  0.000000  1.0
   -0.007607   -0.725008  0.000000  1.0
   -0.007607   -0.723008  0.000000  1.0
   -0.007607   -0.721008  0.000000  1.0
   -0.007607   -0.719008  0.000000  1.0
   -0.007607   -0.717008  0.000000  1.0
   -0.007607   -0.715008  0.000000  1.0
   -0.007607   -0.713008  0.000000  1.0
   -0.007607   -0.711008  0.000000  1.0
   -0.007607   -0.709008  0.000000  1.0
   -0.007607   -0.707008  0.000000  1.0
   -0.007607   -0.705008  0.000000  1.0
   -0.007607   -0.703008  0.000000  1.0
   -0.007607   -0.701008  0.000000  1.0
   -0.007607   -0.699008  0.000000  1.0
   -0.005607   -0.779008  0.000000  1.0
   -0.005607   -0.777008  0.000000  1.0
   -0.005607   -0.775008  0.000000  1.0
   -0.005607   -0.773008  0.000000  1.0
   -0.005607   -0.771008  0.000000  1.0
   -0.005607   -0.769008  0.000000  1.0
   -0.005607   -0.767008  0.000000  1.0
   -0.005607   -0.765008  0.000000  1.0
   -0.005607   -0.763008  0.000000  1.0
   -0.005607   -0.761008  0.000000  1.0
   -0.005607   -0.759008  0.000000  1.0
   -0.005607   -0.757008  0.000000  1.0
   -0.005607   -0.755008  0.000000  1.0
   -0.005607   -0.753008  0.000000  1.0
   -0.005607   -0.751008  0.000000  1.0
   -0.005607   -0.749008  0.000000  1.0
   -0.005607   -0.747008  0.000000  1.0
   -0.005607   -0.745008  0.000000  1.0
   -0.005607   -0.743008  0.000000  1.0
   -0.005607   -0.741008  0.000000  1.0
   -0.005607   -0.739008  0.000000  1.0
   -0.005607   -0.737008  0.000000  1.0
   -0.005607   -0.735008  0.000000  1.0
   -0.005607   -0.733008  0.000000  1.0
   -0.005607   -0.731008  0.000000  1.0
   -0.005607   -0.729008  0.000000  1.0
   -0.005607   -0.727008  0.000000  1.0
   -0.005607   -0.725008  0.000000  1.0
   -0.005607   -0.723008  0.000000  1.0
   -0.005607   -0.721008  0.000000  1.0
   -0.005607   -0.719008  0.000000  1.0
   -0.005607   -0.717008  0.000000  1.0
   -0.005607   -0.715008  0.000000  1.0
   -0.005607   -0.713008  0.000000  1.0
   -0.005607   -0.711008  0.000000  1.0
   -0.005607   -0.709008  0.000000  1.0
   -0.005607   -0.707008  0.000000  1.0
   -0.005607   -0.705008  0.000000  1.0
   -0.005607   -0.703008  0.000000  1.0
   -0.005607   -0.701008  0.000000  1.0
   -0.005607   -0.699008  0.000000  1.0
   -0.003607   -0.779008  0.000000  1.0
   -0.003607   -0.777008  0.000000  1.0
   -0.003607   -0.775008  0.000000  1.0
   -0.003607   -0.773008  0.000000  1.0
   -0.003607   -0.771008  0.000000  1.0
   -0.003607   -0.769008  0.000000  1.0
   -0.003607   -0.767008  0.000000  1.0
   -0.003607   -0.765008  0.000000  1.0
   -0.003607   -0.763008  0.000000  1.0
   -0.003607   -0.761008  0.000000  1.0
   -0.003607   -0.759008  0.000000  1.0
   -0.003607   -0.757008  0.000000  1.0
   -0.003607   -0.755008  0.000000  1.0
   -0.003607   -0.753008  0.000000  1.0
   -0.003607   -0.751008  0.000000  1.0
   -0.003607   -0.749008  0.000000  1.0
   -0.003607   -0.747008  0.000000  1.0
   -0.003607   -0.745008  0.000000  1.0
   -0.003607   -0.743008  0.000000  1.0
   -0.003607   -0.741008  0.000000  1.0
   -0.003607   -0.739008  0.000000  1.0
   -0.003607   -0.737008  0.000000  1.0
   -0.003607   -0.735008  0.000000  1.0
   -0.003607   -0.733008  0.000000  1.0
   -0.003607   -0.731008  0.000000  1.0
   -0.003607   -0.729008  0.000000  1.0
   -0.003607   -0.727008  0.000000  1.0
   -0.003607   -0.725008  0.000000  1.0
   -0.003607   -0.723008  0.000000  1.0
   -0.003607   -0.721008  0.000000  1.0
   -0.003607   -0.719008  0.000000  1.0
   -0.003607   -0.717008  0.000000  1.0
   -0.003607   -0.715008  0.000000  1.0
   -0.003607   -0.713008  0.000000  1.0
   -0.003607   -0.711008  0.000000  1.0
   -0.003607   -0.709008  0.000000  1.0
   -0.003607   -0.707008  0.000000  1.0
   -0.003607   -0.705008  0.000000  1.0
   -0.003607   -0.703008  0.000000  1.0
   -0.003607   -0.701008  0.000000  1.0
   -0.003607   -0.699008  0.000000  1.0
   -0.001607   -0.779008  0.000000  1.0
   -0.001607   -0.777008  0.000000  1.0
   -0.001607   -0.775008  0.000000  1.0
   -0.001607   -0.773008  0.000000  1.0
   -0.001607   -0.771008  0.000000  1.0
   -0.001607   -0.769008  0.000000  1.0
   -0.001607   -0.767008  0.000000  1.0
   -0.001607   -0.765008  0.000000  1.0
   -0.001607   -0.763008  0.000000  1.0
   -0.001607   -0.761008  0.000000  1.0
   -0.001607   -0.759008  0.000000  1.0
   -0.001607   -0.757008  0.000000  1.0
   -0.001607   -0.755008  0.000000  1.0
   -0.001607   -0.753008  0.000000  1.0
   -0.001607   -0.751008  0.000000  1.0
   -0.001607   -0.749008  0.000000  1.0
   -0.001607   -0.747008  0.000000  1.0
   -0.001607   -0.745008  0.000000  1.0
   -0.001607   -0.743008  0.000000  1.0
   -0.001607   -0.741008  0.000000  1.0
   -0.001607   -0.739008  0.000000  1.0
   -0.001607   -0.737008  0.000000  1.0
   -0.001607   -0.735008  0.000000  1.0
   -0.001607   -0.733008  0.000000  1.0
   -0.001607   -0.731008  0.000000  1.0
   -0.001607   -0.729008  0.000000  1.0
   -0.001607   -0.727008  0.000000  1.0
   -0.001607   -0.725008  0.000000  1.0
   -0.001607   -0.723008  0.000000  1.0
   -0.001607   -0.721008  0.000000  1.0
   -0.001607   -0.719008  0.000000  1.0
   -0.001607   -0.717008  0.000000  1.0
   -0.001607   -0.715008  0.000000  1.0
   -0.001607   -0.713008  0.000000  1.0
   -0.001607   -0.711008  0.000000  1.0
   -0.001607   -0.709008  0.000000  1.0
   -0.001607   -0.707008  0.000000  1.0
   -0.001607   -0.705008  0.000000  1.0
   -0.001607   -0.703008  0.000000  1.0
   -0.001607   -0.701008  0.000000  1.0
   -0.001607   -0.699008  0.000000  1.0
    0.000393   -0.779008  0.000000  1.0
    0.000393   -0.777008  0.000000  1.0
    0.000393   -0.775008  0.000000  1.0
    0.000393   -0.773008  0.000000  1.0
    0.000393   -0.771008  0.000000  1.0
    0.000393   -0.769008  0.000000  1.0
    0.000393   -0.767008  0.000000  1.0
    0.000393   -0.765008  0.000000  1.0
    0.000393   -0.763008  0.000000  1.0
    0.000393   -0.761008  0.000000  1.0
    0.000393   -0.759008  0.000000  1.0
    0.000393   -0.757008  0.000000  1.0
    0.000393   -0.755008  0.000000  1.0
    0.000393   -0.753008  0.000000  1.0
    0.000393   -0.751008  0.000000  1.0
    0.000393   -0.749008  0.000000  1.0
    0.000393   -0.747008  0.000000  1.0
    0.000393   -0.745008  0.000000  1.0
    0.000393   -0.743008  0.000000  1.0
    0.000393   -0.741008  0.000000  1.0
    0.000393   -0.739008  0.000000  1.0
    0.000393   -0.737008  0.000000  1.0
    0.000393   -0.735008  0.000000  1.0
    0.000393   -0.733008  0.000000  1.0
    0.000393   -0.731008  0.000000  1.0
    0.000393   -0.729008  0.000000  1.0
    0.000393   -0.727008  0.000000  1.0
    0.000393   -0.725008  0.000000  1.0
    0.000393   -0.723008  0.000000  1.0
    0.000393   -0.721008  0.000000  1.0
    0.000393   -0.719008  0.000000  1.0
    0.000393   -0.717008  0.000000  1.0
    0.000393   -0.715008  0.000000  1.0
    0.000393   -0.713008  0.000000  1.0
    0.000393   -0.711008  0.000000  1.0
    0.000393   -0.709008  0.000000  1.0
    0.000393   -0.707008  0.000000  1.0
    0.000393   -0.705008  0.000000  1.0
    0.000393   -0.703008  0.000000  1.0
    0.000393   -0.701008  0.000000  1.0
    0.000393   -0.699008  0.000000  1.0
    0.002393   -0.779008  0.000000  1.0
    0.002393   -0.777008  0.000000  1.0
    0.002393   -0.775008  0.000000  1.0
    0.002393   -0.773008  0.000000  1.0
    0.002393   -0.771008  0.000000  1.0
    0.002393   -0.769008  0.000000  1.0
    0.002393   -0.767008  0.000000  1.0
    0.002393   -0.765008  0.000000  1.0
    0.002393   -0.763008  0.000000  1.0
    0.002393   -0.761008  0.000000  1.0
    0.002393   -0.759008  0.000000  1.0
    0.002393   -0.757008  0.000000  1.0
    0.002393   -0.755008  0.000000  1.0
    0.002393   -0.753008  0.000000  1.0
    0.002393   -0.751008  0.000000  1.0
    0.002393   -0.749008  0.000000  1.0
    0.002393   -0.747008  0.000000  1.0
    0.002393   -0.745008  0.000000  1.0
    0.002393   -0.743008  0.000000  1.0
    0.002393   -0.741008  0.000000  1.0
    0.002393   -0.739008  0.000000  1.0
    0.002393   -0.737008  0.000000  1.0
    0.002393   -0.735008  0.000000  1.0
    0.002393   -0.733008  0.000000  1.0
    0.002393   -0.731008  0.000000  1.0
    0.002393   -0.729008  0.000000  1.0
    0.002393   -0.727008  0.000000  1.0
    0.002393   -0.725008  0.000000  1.0
    0.002393   -0.723008  0.000000  1.0
    0.002393   -0.721008  0.000000  1.0
    0.002393   -0.719008  0.000000  1.0
    0.002393   -0.717008  0.000000  1.0
    0.002393   -0.715008  0.000000  1.0
    0.002393   -0.713008  0.000000  1.0
    0.002393   -0.711008  0.000000  1.0
    0.002393   -0.709008  0.000000  1.0
    0.002393   -0.707008  0.000000  1.0
    0.002393   -0.705008  0.000000  1.0
    0.002393   -0.703008  0.000000  1.0
    0.002393   -0.701008  0.000000  1.0
    0.002393   -0.699008  0.000000  1.0
    0.004393   -0.779008  0.000000  1.0
    0.004393   -0.777008  0.000000  1.0
    0.004393   -0.775008  0.000000  1.0
    0.004393   -0.773008  0.000000  1.0
    0.004393   -0.771008  0.000000  1.0
    0.004393   -0.769008  0.000000  1.0
    0.004393   -0.767008  0.000000  1.0
    0.004393   -0.765008  0.000000  1.0
    0.004393   -0.763008  0.000000  1.0
    0.004393   -0.761008  0.000000  1.0
    0.004393   -0.759008  0.000000  1.0
    0.004393   -0.757008  0.000000  1.0
    0.004393   -0.755008  0.000000  1.0
    0.004393   -0.753008  0.000000  1.0
    0.004393   -0.751008  0.000000  1.0
    0.004393   -0.749008  0.000000  1.0
    0.004393   -0.747008  0.000000  1.0
    0.004393   -0.745008  0.000000  1.0
    0.004393   -0.743008  0.000000  1.0
    0.004393   -0.741008  0.000000  1.0
    0.004393   -0.739008  0.000000  1.0
    0.004393   -0.737008  0.000000  1.0
    0.004393   -0.735008  0.000000  1.0
    0.004393   -0.733008  0.000000  1.0
    0.004393   -0.731008  0.000000  1.0
    0.004393   -0.729008  0.000000  1.0
    0.004393   -0.727008  0.000000  1.0
    0.004393   -0.725008  0.000000  1.0
    0.004393   -0.723008  0.000000  1.0
    0.004393   -0.721008  0.000000  1.0
    0.004393   -0.719008  0.000000  1.0
    0.004393   -0.717008  0.000000  1.0
    0.004393   -0.715008  0.000000  1.0
    0.004393   -0.713008  0.000000  1.0
    0.004393   -0.711008  0.000000  1.0
    0.004393   -0.709008  0.000000  1.0
    0.004393   -0.707008  0.000000  1.0
    0.004393   -0.705008  0.000000  1.0
    0.004393   -0.703008  0.000000  1.0
    0.004393   -0.701008  0.000000  1.0
    0.004393   -0.699008  0.000000  1.0
    0.006393   -0.779008  0.000000  1.0
    0.006393   -0.777008  0.000000  1.0
    0.006393   -0.775008  0.000000  1.0
    0.006393   -0.773008  0.000000  1.0
    0.006393   -0.771008  0.000000  1.0
    0.006393   -0.769008  0.000000  1.0
    0.006393   -0.767008  0.000000  1.0
    0.006393   -0.765008  0.000000  1.0
    0.006393   -0.763008  0.000000  1.0
    0.006393   -0.761008  0.000000  1.0
    0.006393   -0.759008  0.000000  1.0
    0.006393   -0.757008  0.000000  1.0
    0.006393   -0.755008  0.000000  1.0
    0.006393   -0.753008  0.000000  1.0
    0.006393   -0.751008  0.000000  1.0
    0.006393   -0.749008  0.000000  1.0
    0.006393   -0.747008  0.000000  1.0
    0.006393   -0.745008  0.000000  1.0
    0.006393   -0.743008  0.000000  1.0
    0.006393   -0.741008  0.000000  1.0
    0.006393   -0.739008  0.000000  1.0
    0.006393   -0.737008  0.000000  1.0
    0.006393   -0.735008  0.000000  1.0
    0.006393   -0.733008  0.000000  1.0
    0.006393   -0.731008  0.000000  1.0
    0.006393   -0.729008  0.000000  1.0
    0.006393   -0.727008  0.000000  1.0
    0.006393   -0.725008  0.000000  1.0
    0.006393   -0.723008  0.000000  1.0
    0.006393   -0.721008  0.000000  1.0
    0.006393   -0.719008  0.000000  1.0
    0.006393   -0.717008  0.000000  1.0
    0.006393   -0.715008  0.000000  1.0
    0.006393   -0.713008  0.000000  1.0
    0.006393   -0.711008  0.000000  1.0
    0.006393   -0.709008  0.000000  1.0
    0.006393   -0.707008  0.000000  1.0
    0.006393   -0.705008  0.000000  1.0
    0.006393   -0.703008  0.000000  1.0
    0.006393   -0.701008  0.000000  1.0
    0.006393   -0.699008  0.000000  1.0
    0.008393   -0.779008  0.000000  1.0
    0.008393   -0.777008  0.000000  1.0
    0.008393   -0.775008  0.000000  1.0
    0.008393   -0.773008  0.000000  1.0
    0.008393   -0.771008  0.000000  1.0
    0.008393   -0.769008  0.000000  1.0
    0.008393   -0.767008  0.000000  1.0
    0.008393   -0.765008  0.000000  1.0
    0.008393   -0.763008  0.000000  1.0
    0.008393   -0.761008  0.000000  1.0
    0.008393   -0.759008  0.000000  1.0
    0.008393   -0.757008  0.000000  1.0
    0.008393   -0.755008  0.000000  1.0
    0.008393   -0.753008  0.000000  1.0
    0.008393   -0.751008  0.000000  1.0
    0.008393   -0.749008  0.000000  1.0
    0.008393   -0.747008  0.000000  1.0
    0.008393   -0.745008  0.000000  1.0
    0.008393   -0.743008  0.000000  1.0
    0.008393   -0.741008  0.000000  1.0
    0.008393   -0.739008  0.000000  1.0
    0.008393   -0.737008  0.000000  1.0
    0.008393   -0.735008  0.000000  1.0
    0.008393   -0.733008  0.000000  1.0
    0.008393   -0.731008  0.000000  1.0
    0.008393   -0.729008  0.000000  1.0
    0.008393   -0.727008  0.000000  1.0
    0.008393   -0.725008  0.000000  1.0
    0.008393   -0.723008  0.000000  1.0
    0.008393   -0.721008  0.000000  1.0
    0.008393   -0.719008  0.000000  1.0
    0.008393   -0.717008  0.000000  1.0
    0.008393   -0.715008  0.000000  1.0
    0.008393   -0.713008  0.000000  1.0
    0.008393   -0.711008  0.000000  1.0
    0.008393   -0.709008  0.000000  1.0
    0.008393   -0.707008  0.000000  1.0
    0.008393   -0.705008  0.000000  1.0
    0.008393   -0.703008  0.000000  1.0
    0.008393   -0.701008  0.000000  1.0
    0.008393   -0.699008  0.000000  1.0
    0.010393   -0.779008  0.000000  1.0
    0.010393   -0.777008  0.000000  1.0
    0.010393   -0.775008  0.000000  1.0
    0.010393   -0.773008  0.000000  1.0
    0.010393   -0.771008  0.000000  1.0
    0.010393   -0.769008  0.000000  1.0
    0.010393   -0.767008  0.000000  1.0
    0.010393   -0.765008  0.000000  1.0
    0.010393   -0.763008  0.000000  1.0
    0.010393   -0.761008  0.000000  1.0
    0.010393   -0.759008  0.000000  1.0
    0.010393   -0.757008  0.000000  1.0
    0.010393   -0.755008  0.000000  1.0
    0.010393   -0.753008  0.000000  1.0
    0.010393   -0.751008  0.000000  1.0
    0.010393   -0.749008  0.000000  1.0
    0.010393   -0.747008  0.000000  1.0
    0.010393   -0.745008  0.000000  1.0
    0.010393   -0.743008  0.000000  1.0
    0.010393   -0.741008  0.000000  1.0
    0.010393   -0.739008  0.000000  1.0
    0.010393   -0.737008  0.000000  1.0
    0.010393   -0.735008  0.000000  1.0
    0.010393   -0.733008  0.000000  1.0
    0.010393   -0.731008  0.000000  1.0
    0.010393   -0.729008  0.000000  1.0
    0.010393   -0.727008  0.000000  1.0
    0.010393   -0.725008  0.000000  1.0
    0.010393   -0.723008  0.000000  1.0
    0.010393   -0.721008  0.000000  1.0
    0.010393   -0.719008  0.000000  1.0
    0.010393   -0.717008  0.000000  1.0
    0.010393   -0.715008  0.000000  1.0
    0.010393   -0.713008  0.000000  1.0
    0.010393   -0.711008  0.000000  1.0
    0.010393   -0.709008  0.000000  1.0
    0.010393   -0.707008  0.000000  1.0
    0.010393   -0.705008  0.000000  1.0
    0.010393   -0.703008  0.000000  1.0
    0.010393   -0.701008  0.000000  1.0
    0.010393   -0.699008  0.000000  1.0
    0.012393   -0.779008  0.000000  1.0
    0.012393   -0.777008  0.000000  1.0
    0.012393   -0.775008  0.000000  1.0
    0.012393   -0.773008  0.000000  1.0
    0.012393   -0.771008  0.000000  1.0
    0.012393   -0.769008  0.000000  1.0
    0.012393   -0.767008  0.000000  1.0
    0.012393   -0.765008  0.000000  1.0
    0.012393   -0.763008  0.000000  1.0
    0.012393   -0.761008  0.000000  1.0
    0.012393   -0.759008  0.000000  1.0
    0.012393   -0.757008  0.000000  1.0
    0.012393   -0.755008  0.000000  1.0
    0.012393   -0.753008  0.000000  1.0
    0.012393   -0.751008  0.000000  1.0
    0.012393   -0.749008  0.000000  1.0
    0.012393   -0.747008  0.000000  1.0
    0.012393   -0.745008  0.000000  1.0
    0.012393   -0.743008  0.000000  1.0
    0.012393   -0.741008  0.000000  1.0
    0.012393   -0.739008  0.000000  1.0
    0.012393   -0.737008  0.000000  1.0
    0.012393   -0.735008  0.000000  1.0
    0.012393   -0.733008  0.000000  1.0
    0.012393   -0.731008  0.000000  1.0
    0.012393   -0.729008  0.000000  1.0
    0.012393   -0.727008  0.000000  1.0
    0.012393   -0.725008  0.000000  1.0
    0.012393   -0.723008  0.000000  1.0
    0.012393   -0.721008  0.000000  1.0
    0.012393   -0.719008  0.000000  1.0
    0.012393   -0.717008  0.000000  1.0
    0.012393   -0.715008  0.000000  1.0
    0.012393   -0.713008  0.000000  1.0
    0.012393   -0.711008  0.000000  1.0
    0.012393   -0.709008  0.000000  1.0
    0.012393   -0.707008  0.000000  1.0
    0.012393   -0.705008  0.000000  1.0
    0.012393   -0.703008  0.000000  1.0
    0.012393   -0.701008  0.000000  1.0
    0.012393   -0.699008  0.000000  1.0
    0.014393   -0.779008  0.000000  1.0
    0.014393   -0.777008  0.000000  1.0
    0.014393   -0.775008  0.000000  1.0
    0.014393   -0.773008  0.000000  1.0
    0.014393   -0.771008  0.000000  1.0
    0.014393   -0.769008  0.000000  1.0
    0.014393   -0.767008  0.000000  1.0
    0.014393   -0.765008  0.000000  1.0
    0.014393   -0.763008  0.000000  1.0
    0.014393   -0.761008  0.000000  1.0
    0.014393   -0.759008  0.000000  1.0
    0.014393   -0.757008  0.000000  1.0
    0.014393   -0.755008  0.000000  1.0
    0.014393   -0.753008  0.000000  1.0
    0.014393   -0.751008  0.000000  1.0
    0.014393   -0.749008  0.000000  1.0
    0.014393   -0.747008  0.000000  1.0
    0.014393   -0.745008  0.000000  1.0
    0.014393   -0.743008  0.000000  1.0
    0.014393   -0.741008  0.000000  1.0
    0.014393   -0.739008  0.000000  1.0
    0.014393   -0.737008  0.000000  1.0
    0.014393   -0.735008  0.000000  1.0
    0.014393   -0.733008  0.000000  1.0
    0.014393   -0.731008  0.000000  1.0
    0.014393   -0.729008  0.000000  1.0
    0.014393   -0.727008  0.000000  1.0
    0.014393   -0.725008  0.000000  1.0
    0.014393   -0.723008  0.000000  1.0
    0.014393   -0.721008  0.000000  1.0
    0.014393   -0.719008  0.000000  1.0
    0.014393   -0.717008  0.000000  1.0
    0.014393   -0.715008  0.000000  1.0
    0.014393   -0.713008  0.000000  1.0
    0.014393   -0.711008  0.000000  1.0
    0.014393   -0.709008  0.000000  1.0
    0.014393   -0.707008  0.000000  1.0
    0.014393   -0.705008  0.000000  1.0
    0.014393   -0.703008  0.000000  1.0
    0.014393   -0.701008  0.000000  1.0
    0.014393   -0.699008  0.000000  1.0
    0.016393   -0.779008  0.000000  1.0
    0.016393   -0.777008  0.000000  1.0
    0.016393   -0.775008  0.000000  1.0
    0.016393   -0.773008  0.000000  1.0
    0.016393   -0.771008  0.000000  1.0
    0.016393   -0.769008  0.000000  1.0
    0.016393   -0.767008  0.000000  1.0
    0.016393   -0.765008  0.000000  1.0
    0.016393   -0.763008  0.000000  1.0
    0.016393   -0.761008  0.000000  1.0
    0.016393   -0.759008  0.000000  1.0
    0.016393   -0.757008  0.000000  1.0
    0.016393   -0.755008  0.000000  1.0
    0.016393   -0.753008  0.000000  1.0
    0.016393   -0.751008  0.000000  1.0
    0.016393   -0.749008  0.000000  1.0
    0.016393   -0.747008  0.000000  1.0
    0.016393   -0.745008  0.000000  1.0
    0.016393   -0.743008  0.000000  1.0
    0.016393   -0.741008  0.000000  1.0
    0.016393   -0.739008  0.000000  1.0
    0.016393   -0.737008  0.000000  1.0
    0.016393   -0.735008  0.000000  1.0
    0.016393   -0.733008  0.000000  1.0
    0.016393   -0.731008  0.000000  1.0
    0.016393   -0.729008  0.000000  1.0
    0.016393   -0.727008  0.000000  1.0
    0.016393   -0.725008  0.000000  1.0
    0.016393   -0.723008  0.000000  1.0
    0.016393   -0.721008  0.000000  1.0
    0.016393   -0.719008  0.000000  1.0
    0.016393   -0.717008  0.000000  1.0
    0.016393   -0.715008  0.000000  1.0
    0.016393   -0.713008  0.000000  1.0
    0.016393   -0.711008  0.000000  1.0
    0.016393   -0.709008  0.000000  1.0
    0.016393   -0.707008  0.000000  1.0
    0.016393   -0.705008  0.000000  1.0
    0.016393   -0.703008  0.000000  1.0
    0.016393   -0.701008  0.000000  1.0
    0.016393   -0.699008  0.000000  1.0
    0.018393   -0.779008  0.000000  1.0
    0.018393   -0.777008  0.000000  1.0
    0.018393   -0.775008  0.000000  1.0
    0.018393   -0.773008  0.000000  1.0
    0.018393   -0.771008  0.000000  1.0
    0.018393   -0.769008  0.000000  1.0
    0.018393   -0.767008  0.000000  1.0
    0.018393   -0.765008  0.000000  1.0
    0.018393   -0.763008  0.000000  1.0
    0.018393   -0.761008  0.000000  1.0
    0.018393   -0.759008  0.000000  1.0
    0.018393   -0.757008  0.000000  1.0
    0.018393   -0.755008  0.000000  1.0
    0.018393   -0.753008  0.000000  1.0
    0.018393   -0.751008  0.000000  1.0
    0.018393   -0.749008  0.000000  1.0
    0.018393   -0.747008  0.000000  1.0
    0.018393   -0.745008  0.000000  1.0
    0.018393   -0.743008  0.000000  1.0
    0.018393   -0.741008  0.000000  1.0
    0.018393   -0.739008  0.000000  1.0
    0.018393   -0.737008  0.000000  1.0
    0.018393   -0.735008  0.000000  1.0
    0.018393   -0.733008  0.000000  1.0
    0.018393   -0.731008  0.000000  1.0
    0.018393   -0.729008  0.000000  1.0
    0.018393   -0.727008  0.000000  1.0
    0.018393   -0.725008  0.000000  1.0
    0.018393   -0.723008  0.000000  1.0
    0.018393   -0.721008  0.000000  1.0
    0.018393   -0.719008  0.000000  1.0
    0.018393   -0.717008  0.000000  1.0
    0.018393   -0.715008  0.000000  1.0
    0.018393   -0.713008  0.000000  1.0
    0.018393   -0.711008  0.000000  1.0
    0.018393   -0.709008  0.000000  1.0
    0.018393   -0.707008  0.000000  1.0
    0.018393   -0.705008  0.000000  1.0
    0.018393   -0.703008  0.000000  1.0
    0.018393   -0.701008  0.000000  1.0
    0.018393   -0.699008  0.000000  1.0
    0.020393   -0.779008  0.000000  1.0
    0.020393   -0.777008  0.000000  1.0
    0.020393   -0.775008  0.000000  1.0
    0.020393   -0.773008  0.000000  1.0
    0.020393   -0.771008  0.000000  1.0
    0.020393   -0.769008  0.000000  1.0
    0.020393   -0.767008  0.000000  1.0
    0.020393   -0.765008  0.000000  1.0
    0.020393   -0.763008  0.000000  1.0
    0.020393   -0.761008  0.000000  1.0
    0.020393   -0.759008  0.000000  1.0
    0.020393   -0.757008  0.000000  1.0
    0.020393   -0.755008  0.000000  1.0
    0.020393   -0.753008  0.000000  1.0
    0.020393   -0.751008  0.000000  1.0
    0.020393   -0.749008  0.000000  1.0
    0.020393   -0.747008  0.000000  1.0
    0.020393   -0.745008  0.000000  1.0
    0.020393   -0.743008  0.000000  1.0
    0.020393   -0.741008  0.000000  1.0
    0.020393   -0.739008  0.000000  1.0
    0.020393   -0.737008  0.000000  1.0
    0.020393   -0.735008  0.000000  1.0
    0.020393   -0.733008  0.000000  1.0
    0.020393   -0.731008  0.000000  1.0
    0.020393   -0.729008  0.000000  1.0
    0.020393   -0.727008  0.000000  1.0
    0.020393   -0.725008  0.000000  1.0
    0.020393   -0.723008  0.000000  1.0
    0.020393   -0.721008  0.000000  1.0
    0.020393   -0.719008  0.000000  1.0
    0.020393   -0.717008  0.000000  1.0
    0.020393   -0.715008  0.000000  1.0
    0.020393   -0.713008  0.000000  1.0
    0.020393   -0.711008  0.000000  1.0
    0.020393   -0.709008  0.000000  1.0
    0.020393   -0.707008  0.000000  1.0
    0.020393   -0.705008  0.000000  1.0
    0.020393   -0.703008  0.000000  1.0
    0.020393   -0.701008  0.000000  1.0
    0.020393   -0.699008  0.000000  1.0
    0.022393   -0.779008  0.000000  1.0
    0.022393   -0.777008  0.000000  1.0
    0.022393   -0.775008  0.000000  1.0
    0.022393   -0.773008  0.000000  1.0
    0.022393   -0.771008  0.000000  1.0
    0.022393   -0.769008  0.000000  1.0
    0.022393   -0.767008  0.000000  1.0
    0.022393   -0.765008  0.000000  1.0
    0.022393   -0.763008  0.000000  1.0
    0.022393   -0.761008  0.000000  1.0
    0.022393   -0.759008  0.000000  1.0
    0.022393   -0.757008  0.000000  1.0
    0.022393   -0.755008  0.000000  1.0
    0.022393   -0.753008  0.000000  1.0
    0.022393   -0.751008  0.000000  1.0
    0.022393   -0.749008  0.000000  1.0
    0.022393   -0.747008  0.000000  1.0
    0.022393   -0.745008  0.000000  1.0
    0.022393   -0.743008  0.000000  1.0
    0.022393   -0.741008  0.000000  1.0
    0.022393   -0.739008  0.000000  1.0
    0.022393   -0.737008  0.000000  1.0
    0.022393   -0.735008  0.000000  1.0
    0.022393   -0.733008  0.000000  1.0
    0.022393   -0.731008  0.000000  1.0
    0.022393   -0.729008  0.000000  1.0
    0.022393   -0.727008  0.000000  1.0
    0.022393   -0.725008  0.000000  1.0
    0.022393   -0.723008  0.000000  1.0
    0.022393   -0.721008  0.000000  1.0
    0.022393   -0.719008  0.000000  1.0
    0.022393   -0.717008  0.000000  1.0
    0.022393   -0.715008  0.000000  1.0
    0.022393   -0.713008  0.000000  1.0
    0.022393   -0.711008  0.000000  1.0
    0.022393   -0.709008  0.000000  1.0
    0.022393   -0.707008  0.000000  1.0
    0.022393   -0.705008  0.000000  1.0
    0.022393   -0.703008  0.000000  1.0
    0.022393   -0.701008  0.000000  1.0
    0.022393   -0.699008  0.000000  1.0
    0.024393   -0.779008  0.000000  1.0
    0.024393   -0.777008  0.000000  1.0
    0.024393   -0.775008  0.000000  1.0
    0.024393   -0.773008  0.000000  1.0
    0.024393   -0.771008  0.000000  1.0
    0.024393   -0.769008  0.000000  1.0
    0.024393   -0.767008  0.000000  1.0
    0.024393   -0.765008  0.000000  1.0
    0.024393   -0.763008  0.000000  1.0
    0.024393   -0.761008  0.000000  1.0
    0.024393   -0.759008  0.000000  1.0
    0.024393   -0.757008  0.000000  1.0
    0.024393   -0.755008  0.000000  1.0
    0.024393   -0.753008  0.000000  1.0
    0.024393   -0.751008  0.000000  1.0
    0.024393   -0.749008  0.000000  1.0
    0.024393   -0.747008  0.000000  1.0
    0.024393   -0.745008  0.000000  1.0
    0.024393   -0.743008  0.000000  1.0
    0.024393   -0.741008  0.000000  1.0
    0.024393   -0.739008  0.000000  1.0
    0.024393   -0.737008  0.000000  1.0
    0.024393   -0.735008  0.000000  1.0
    0.024393   -0.733008  0.000000  1.0
    0.024393   -0.731008  0.000000  1.0
    0.024393   -0.729008  0.000000  1.0
    0.024393   -0.727008  0.000000  1.0
    0.024393   -0.725008  0.000000  1.0
    0.024393   -0.723008  0.000000  1.0
    0.024393   -0.721008  0.000000  1.0
    0.024393   -0.719008  0.000000  1.0
    0.024393   -0.717008  0.000000  1.0
    0.024393   -0.715008  0.000000  1.0
    0.024393   -0.713008  0.000000  1.0
    0.024393   -0.711008  0.000000  1.0
    0.024393   -0.709008  0.000000  1.0
    0.024393   -0.707008  0.000000  1.0
    0.024393   -0.705008  0.000000  1.0
    0.024393   -0.703008  0.000000  1.0
    0.024393   -0.701008  0.000000  1.0
    0.024393   -0.699008  0.000000  1.0
    0.026393   -0.779008  0.000000  1.0
    0.026393   -0.777008  0.000000  1.0
    0.026393   -0.775008  0.000000  1.0
    0.026393   -0.773008  0.000000  1.0
    0.026393   -0.771008  0.000000  1.0
    0.026393   -0.769008  0.000000  1.0
    0.026393   -0.767008  0.000000  1.0
    0.026393   -0.765008  0.000000  1.0
    0.026393   -0.763008  0.000000  1.0
    0.026393   -0.761008  0.000000  1.0
    0.026393   -0.759008  0.000000  1.0
    0.026393   -0.757008  0.000000  1.0
    0.026393   -0.755008  0.000000  1.0
    0.026393   -0.753008  0.000000  1.0
    0.026393   -0.751008  0.000000  1.0
    0.026393   -0.749008  0.000000  1.0
    0.026393   -0.747008  0.000000  1.0
    0.026393   -0.745008  0.000000  1.0
    0.026393   -0.743008  0.000000  1.0
    0.026393   -0.741008  0.000000  1.0
    0.026393   -0.739008  0.000000  1.0
    0.026393   -0.737008  0.000000  1.0
    0.026393   -0.735008  0.000000  1.0
    0.026393   -0.733008  0.000000  1.0
    0.026393   -0.731008  0.000000  1.0
    0.026393   -0.729008  0.000000  1.0
    0.026393   -0.727008  0.000000  1.0
    0.026393   -0.725008  0.000000  1.0
    0.026393   -0.723008  0.000000  1.0
    0.026393   -0.721008  0.000000  1.0
    0.026393   -0.719008  0.000000  1.0
    0.026393   -0.717008  0.000000  1.0
    0.026393   -0.715008  0.000000  1.0
    0.026393   -0.713008  0.000000  1.0
    0.026393   -0.711008  0.000000  1.0
    0.026393   -0.709008  0.000000  1.0
    0.026393   -0.707008  0.000000  1.0
    0.026393   -0.705008  0.000000  1.0
    0.026393   -0.703008  0.000000  1.0
    0.026393   -0.701008  0.000000  1.0
    0.026393   -0.699008  0.000000  1.0
    0.028393   -0.779008  0.000000  1.0
    0.028393   -0.777008  0.000000  1.0
    0.028393   -0.775008  0.000000  1.0
    0.028393   -0.773008  0.000000  1.0
    0.028393   -0.771008  0.000000  1.0
    0.028393   -0.769008  0.000000  1.0
    0.028393   -0.767008  0.000000  1.0
    0.028393   -0.765008  0.000000  1.0
    0.028393   -0.763008  0.000000  1.0
    0.028393   -0.761008  0.000000  1.0
    0.028393   -0.759008  0.000000  1.0
    0.028393   -0.757008  0.000000  1.0
    0.028393   -0.755008  0.000000  1.0
    0.028393   -0.753008  0.000000  1.0
    0.028393   -0.751008  0.000000  1.0
    0.028393   -0.749008  0.000000  1.0
    0.028393   -0.747008  0.000000  1.0
    0.028393   -0.745008  0.000000  1.0
    0.028393   -0.743008  0.000000  1.0
    0.028393   -0.741008  0.000000  1.0
    0.028393   -0.739008  0.000000  1.0
    0.028393   -0.737008  0.000000  1.0
    0.028393   -0.735008  0.000000  1.0
    0.028393   -0.733008  0.000000  1.0
    0.028393   -0.731008  0.000000  1.0
    0.028393   -0.729008  0.000000  1.0
    0.028393   -0.727008  0.000000  1.0
    0.028393   -0.725008  0.000000  1.0
    0.028393   -0.723008  0.000000  1.0
    0.028393   -0.721008  0.000000  1.0
    0.028393   -0.719008  0.000000  1.0
    0.028393   -0.717008  0.000000  1.0
    0.028393   -0.715008  0.000000  1.0
    0.028393   -0.713008  0.000000  1.0
    0.028393   -0.711008  0.000000  1.0
    0.028393   -0.709008  0.000000  1.0
    0.028393   -0.707008  0.000000  1.0
    0.028393   -0.705008  0.000000  1.0
    0.028393   -0.703008  0.000000  1.0
    0.028393   -0.701008  0.000000  1.0
    0.028393   -0.699008  0.000000  1.0
    0.030393   -0.779008  0.000000  1.0
    0.030393   -0.777008  0.000000  1.0
    0.030393   -0.775008  0.000000  1.0
    0.030393   -0.773008  0.000000  1.0
    0.030393   -0.771008  0.000000  1.0
    0.030393   -0.769008  0.000000  1.0
    0.030393   -0.767008  0.000000  1.0
    0.030393   -0.765008  0.000000  1.0
    0.030393   -0.763008  0.000000  1.0
    0.030393   -0.761008  0.000000  1.0
    0.030393   -0.759008  0.000000  1.0
    0.030393   -0.757008  0.000000  1.0
    0.030393   -0.755008  0.000000  1.0
    0.030393   -0.753008  0.000000  1.0
    0.030393   -0.751008  0.000000  1.0
    0.030393   -0.749008  0.000000  1.0
    0.030393   -0.747008  0.000000  1.0
    0.030393   -0.745008  0.000000  1.0
    0.030393   -0.743008  0.000000  1.0
    0.030393   -0.741008  0.000000  1.0
    0.030393   -0.739008  0.000000  1.0
    0.030393   -0.737008  0.000000  1.0
    0.030393   -0.735008  0.000000  1.0
    0.030393   -0.733008  0.000000  1.0
    0.030393   -0.731008  0.000000  1.0
    0.030393   -0.729008  0.000000  1.0
    0.030393   -0.727008  0.000000  1.0
    0.030393   -0.725008  0.000000  1.0
    0.030393   -0.723008  0.000000  1.0
    0.030393   -0.721008  0.000000  1.0
    0.030393   -0.719008  0.000000  1.0
    0.030393   -0.717008  0.000000  1.0
    0.030393   -0.715008  0.000000  1.0
    0.030393   -0.713008  0.000000  1.0
    0.030393   -0.711008  0.000000  1.0
    0.030393   -0.709008  0.000000  1.0
    0.030393   -0.707008  0.000000  1.0
    0.030393   -0.705008  0.000000  1.0
    0.030393   -0.703008  0.000000  1.0
    0.030393   -0.701008  0.000000  1.0
    0.030393   -0.699008  0.000000  1.0
    0.032393   -0.779008  0.000000  1.0
    0.032393   -0.777008  0.000000  1.0
    0.032393   -0.775008  0.000000  1.0
    0.032393   -0.773008  0.000000  1.0
    0.032393   -0.771008  0.000000  1.0
    0.032393   -0.769008  0.000000  1.0
    0.032393   -0.767008  0.000000  1.0
    0.032393   -0.765008  0.000000  1.0
    0.032393   -0.763008  0.000000  1.0
    0.032393   -0.761008  0.000000  1.0
    0.032393   -0.759008  0.000000  1.0
    0.032393   -0.757008  0.000000  1.0
    0.032393   -0.755008  0.000000  1.0
    0.032393   -0.753008  0.000000  1.0
    0.032393   -0.751008  0.000000  1.0
    0.032393   -0.749008  0.000000  1.0
    0.032393   -0.747008  0.000000  1.0
    0.032393   -0.745008  0.000000  1.0
    0.032393   -0.743008  0.000000  1.0
    0.032393   -0.741008  0.000000  1.0
    0.032393   -0.739008  0.000000  1.0
    0.032393   -0.737008  0.000000  1.0
    0.032393   -0.735008  0.000000  1.0
    0.032393   -0.733008  0.000000  1.0
    0.032393   -0.731008  0.000000  1.0
    0.032393   -0.729008  0.000000  1.0
    0.032393   -0.727008  0.000000  1.0
    0.032393   -0.725008  0.000000  1.0
    0.032393   -0.723008  0.000000  1.0
    0.032393   -0.721008  0.000000  1.0
    0.032393   -0.719008  0.000000  1.0
    0.032393   -0.717008  0.000000  1.0
    0.032393   -0.715008  0.000000  1.0
    0.032393   -0.713008  0.000000  1.0
    0.032393   -0.711008  0.000000  1.0
    0.032393   -0.709008  0.000000  1.0
    0.032393   -0.707008  0.000000  1.0
    0.032393   -0.705008  0.000000  1.0
    0.032393   -0.703008  0.000000  1.0
    0.032393   -0.701008  0.000000  1.0
    0.032393   -0.699008  0.000000  1.0
    0.034393   -0.779008  0.000000  1.0
    0.034393   -0.777008  0.000000  1.0
    0.034393   -0.775008  0.000000  1.0
    0.034393   -0.773008  0.000000  1.0
    0.034393   -0.771008  0.000000  1.0
    0.034393   -0.769008  0.000000  1.0
    0.034393   -0.767008  0.000000  1.0
    0.034393   -0.765008  0.000000  1.0
    0.034393   -0.763008  0.000000  1.0
    0.034393   -0.761008  0.000000  1.0
    0.034393   -0.759008  0.000000  1.0
    0.034393   -0.757008  0.000000  1.0
    0.034393   -0.755008  0.000000  1.0
    0.034393   -0.753008  0.000000  1.0
    0.034393   -0.751008  0.000000  1.0
    0.034393   -0.749008  0.000000  1.0
    0.034393   -0.747008  0.000000  1.0
    0.034393   -0.745008  0.000000  1.0
    0.034393   -0.743008  0.000000  1.0
    0.034393   -0.741008  0.000000  1.0
    0.034393   -0.739008  0.000000  1.0
    0.034393   -0.737008  0.000000  1.0
    0.034393   -0.735008  0.000000  1.0
    0.034393   -0.733008  0.000000  1.0
    0.034393   -0.731008  0.000000  1.0
    0.034393   -0.729008  0.000000  1.0
    0.034393   -0.727008  0.000000  1.0
    0.034393   -0.725008  0.000000  1.0
    0.034393   -0.723008  0.000000  1.0
    0.034393   -0.721008  0.000000  1.0
    0.034393   -0.719008  0.000000  1.0
    0.034393   -0.717008  0.000000  1.0
    0.034393   -0.715008  0.000000  1.0
    0.034393   -0.713008  0.000000  1.0
    0.034393   -0.711008  0.000000  1.0
    0.034393   -0.709008  0.000000  1.0
    0.034393   -0.707008  0.000000  1.0
    0.034393   -0.705008  0.000000  1.0
    0.034393   -0.703008  0.000000  1.0
    0.034393   -0.701008  0.000000  1.0
    0.034393   -0.699008  0.000000  1.0
    0.036393   -0.779008  0.000000  1.0
    0.036393   -0.777008  0.000000  1.0
    0.036393   -0.775008  0.000000  1.0
    0.036393   -0.773008  0.000000  1.0
    0.036393   -0.771008  0.000000  1.0
    0.036393   -0.769008  0.000000  1.0
    0.036393   -0.767008  0.000000  1.0
    0.036393   -0.765008  0.000000  1.0
    0.036393   -0.763008  0.000000  1.0
    0.036393   -0.761008  0.000000  1.0
    0.036393   -0.759008  0.000000  1.0
    0.036393   -0.757008  0.000000  1.0
    0.036393   -0.755008  0.000000  1.0
    0.036393   -0.753008  0.000000  1.0
    0.036393   -0.751008  0.000000  1.0
    0.036393   -0.749008  0.000000  1.0
    0.036393   -0.747008  0.000000  1.0
    0.036393   -0.745008  0.000000  1.0
    0.036393   -0.743008  0.000000  1.0
    0.036393   -0.741008  0.000000  1.0
    0.036393   -0.739008  0.000000  1.0
    0.036393   -0.737008  0.000000  1.0
    0.036393   -0.735008  0.000000  1.0
    0.036393   -0.733008  0.000000  1.0
    0.036393   -0.731008  0.000000  1.0
    0.036393   -0.729008  0.000000  1.0
    0.036393   -0.727008  0.000000  1.0
    0.036393   -0.725008  0.000000  1.0
    0.036393   -0.723008  0.000000  1.0
    0.036393   -0.721008  0.000000  1.0
    0.036393   -0.719008  0.000000  1.0
    0.036393   -0.717008  0.000000  1.0
    0.036393   -0.715008  0.000000  1.0
    0.036393   -0.713008  0.000000  1.0
    0.036393   -0.711008  0.000000  1.0
    0.036393   -0.709008  0.000000  1.0
    0.036393   -0.707008  0.000000  1.0
    0.036393   -0.705008  0.000000  1.0
    0.036393   -0.703008  0.000000  1.0
    0.036393   -0.701008  0.000000  1.0
    0.036393   -0.699008  0.000000  1.0
    0.038393   -0.779008  0.000000  1.0
    0.038393   -0.777008  0.000000  1.0
    0.038393   -0.775008  0.000000  1.0
    0.038393   -0.773008  0.000000  1.0
    0.038393   -0.771008  0.000000  1.0
    0.038393   -0.769008  0.000000  1.0
    0.038393   -0.767008  0.000000  1.0
    0.038393   -0.765008  0.000000  1.0
    0.038393   -0.763008  0.000000  1.0
    0.038393   -0.761008  0.000000  1.0
    0.038393   -0.759008  0.000000  1.0
    0.038393   -0.757008  0.000000  1.0
    0.038393   -0.755008  0.000000  1.0
    0.038393   -0.753008  0.000000  1.0
    0.038393   -0.751008  0.000000  1.0
    0.038393   -0.749008  0.000000  1.0
    0.038393   -0.747008  0.000000  1.0
    0.038393   -0.745008  0.000000  1.0
    0.038393   -0.743008  0.000000  1.0
    0.038393   -0.741008  0.000000  1.0
    0.038393   -0.739008  0.000000  1.0
    0.038393   -0.737008  0.000000  1.0
    0.038393   -0.735008  0.000000  1.0
    0.038393   -0.733008  0.000000  1.0
    0.038393   -0.731008  0.000000  1.0
    0.038393   -0.729008  0.000000  1.0
    0.038393   -0.727008  0.000000  1.0
    0.038393   -0.725008  0.000000  1.0
    0.038393   -0.723008  0.000000  1.0
    0.038393   -0.721008  0.000000  1.0
    0.038393   -0.719008  0.000000  1.0
    0.038393   -0.717008  0.000000  1.0
    0.038393   -0.715008  0.000000  1.0
    0.038393   -0.713008  0.000000  1.0
    0.038393   -0.711008  0.000000  1.0
    0.038393   -0.709008  0.000000  1.0
    0.038393   -0.707008  0.000000  1.0
    0.038393   -0.705008  0.000000  1.0
    0.038393   -0.703008  0.000000  1.0
    0.038393   -0.701008  0.000000  1.0
    0.038393   -0.699008  0.000000  1.0
    0.040393   -0.779008  0.000000  1.0
    0.040393   -0.777008  0.000000  1.0
    0.040393   -0.775008  0.000000  1.0
    0.040393   -0.773008  0.000000  1.0
    0.040393   -0.771008  0.000000  1.0
    0.040393   -0.769008  0.000000  1.0
    0.040393   -0.767008  0.000000  1.0
    0.040393   -0.765008  0.000000  1.0
    0.040393   -0.763008  0.000000  1.0
    0.040393   -0.761008  0.000000  1.0
    0.040393   -0.759008  0.000000  1.0
    0.040393   -0.757008  0.000000  1.0
    0.040393   -0.755008  0.000000  1.0
    0.040393   -0.753008  0.000000  1.0
    0.040393   -0.751008  0.000000  1.0
    0.040393   -0.749008  0.000000  1.0
    0.040393   -0.747008  0.000000  1.0
    0.040393   -0.745008  0.000000  1.0
    0.040393   -0.743008  0.000000  1.0
    0.040393   -0.741008  0.000000  1.0
    0.040393   -0.739008  0.000000  1.0
    0.040393   -0.737008  0.000000  1.0
    0.040393   -0.735008  0.000000  1.0
    0.040393   -0.733008  0.000000  1.0
    0.040393   -0.731008  0.000000  1.0
    0.040393   -0.729008  0.000000  1.0
    0.040393   -0.727008  0.000000  1.0
    0.040393   -0.725008  0.000000  1.0
    0.040393   -0.723008  0.000000  1.0
    0.040393   -0.721008  0.000000  1.0
    0.040393   -0.719008  0.000000  1.0
    0.040393   -0.717008  0.000000  1.0
    0.040393   -0.715008  0.000000  1.0
    0.040393   -0.713008  0.000000  1.0
    0.040393   -0.711008  0.000000  1.0
    0.040393   -0.709008  0.000000  1.0
    0.040393   -0.707008  0.000000  1.0
    0.040393   -0.705008  0.000000  1.0
    0.040393   -0.703008  0.000000  1.0
    0.040393   -0.701008  0.000000  1.0
    0.040393   -0.699008  0.000000  1.0
    0.042393   -0.779008  0.000000  1.0
    0.042393   -0.777008  0.000000  1.0
    0.042393   -0.775008  0.000000  1.0
    0.042393   -0.773008  0.000000  1.0
    0.042393   -0.771008  0.000000  1.0
    0.042393   -0.769008  0.000000  1.0
    0.042393   -0.767008  0.000000  1.0
    0.042393   -0.765008  0.000000  1.0
    0.042393   -0.763008  0.000000  1.0
    0.042393   -0.761008  0.000000  1.0
    0.042393   -0.759008  0.000000  1.0
    0.042393   -0.757008  0.000000  1.0
    0.042393   -0.755008  0.000000  1.0
    0.042393   -0.753008  0.000000  1.0
    0.042393   -0.751008  0.000000  1.0
    0.042393   -0.749008  0.000000  1.0
    0.042393   -0.747008  0.000000  1.0
    0.042393   -0.745008  0.000000  1.0
    0.042393   -0.743008  0.000000  1.0
    0.042393   -0.741008  0.000000  1.0
    0.042393   -0.739008  0.000000  1.0
    0.042393   -0.737008  0.000000  1.0
    0.042393   -0.735008  0.000000  1.0
    0.042393   -0.733008  0.000000  1.0
    0.042393   -0.731008  0.000000  1.0
    0.042393   -0.729008  0.000000  1.0
    0.042393   -0.727008  0.000000  1.0
    0.042393   -0.725008  0.000000  1.0
    0.042393   -0.723008  0.000000  1.0
    0.042393   -0.721008  0.000000  1.0
    0.042393   -0.719008  0.000000  1.0
    0.042393   -0.717008  0.000000  1.0
    0.042393   -0.715008  0.000000  1.0
    0.042393   -0.713008  0.000000  1.0
    0.042393   -0.711008  0.000000  1.0
    0.042393   -0.709008  0.000000  1.0
    0.042393   -0.707008  0.000000  1.0
    0.042393   -0.705008  0.000000  1.0
    0.042393   -0.703008  0.000000  1.0
    0.042393   -0.701008  0.000000  1.0
    0.042393   -0.699008  0.000000  1.0
    0.044393   -0.779008  0.000000  1.0
    0.044393   -0.777008  0.000000  1.0
    0.044393   -0.775008  0.000000  1.0
    0.044393   -0.773008  0.000000  1.0
    0.044393   -0.771008  0.000000  1.0
    0.044393   -0.769008  0.000000  1.0
    0.044393   -0.767008  0.000000  1.0
    0.044393   -0.765008  0.000000  1.0
    0.044393   -0.763008  0.000000  1.0
    0.044393   -0.761008  0.000000  1.0
    0.044393   -0.759008  0.000000  1.0
    0.044393   -0.757008  0.000000  1.0
    0.044393   -0.755008  0.000000  1.0
    0.044393   -0.753008  0.000000  1.0
    0.044393   -0.751008  0.000000  1.0
    0.044393   -0.749008  0.000000  1.0
    0.044393   -0.747008  0.000000  1.0
    0.044393   -0.745008  0.000000  1.0
    0.044393   -0.743008  0.000000  1.0
    0.044393   -0.741008  0.000000  1.0
    0.044393   -0.739008  0.000000  1.0
    0.044393   -0.737008  0.000000  1.0
    0.044393   -0.735008  0.000000  1.0
    0.044393   -0.733008  0.000000  1.0
    0.044393   -0.731008  0.000000  1.0
    0.044393   -0.729008  0.000000  1.0
    0.044393   -0.727008  0.000000  1.0
    0.044393   -0.725008  0.000000  1.0
    0.044393   -0.723008  0.000000  1.0
    0.044393   -0.721008  0.000000  1.0
    0.044393   -0.719008  0.000000  1.0
    0.044393   -0.717008  0.000000  1.0
    0.044393   -0.715008  0.000000  1.0
    0.044393   -0.713008  0.000000  1.0
    0.044393   -0.711008  0.000000  1.0
    0.044393   -0.709008  0.000000  1.0
    0.044393   -0.707008  0.000000  1.0
    0.044393   -0.705008  0.000000  1.0
    0.044393   -0.703008  0.000000  1.0
    0.044393   -0.701008  0.000000  1.0
    0.044393   -0.699008  0.000000  1.0
    0.046393   -0.779008  0.000000  1.0
    0.046393   -0.777008  0.000000  1.0
    0.046393   -0.775008  0.000000  1.0
    0.046393   -0.773008  0.000000  1.0
    0.046393   -0.771008  0.000000  1.0
    0.046393   -0.769008  0.000000  1.0
    0.046393   -0.767008  0.000000  1.0
    0.046393   -0.765008  0.000000  1.0
    0.046393   -0.763008  0.000000  1.0
    0.046393   -0.761008  0.000000  1.0
    0.046393   -0.759008  0.000000  1.0
    0.046393   -0.757008  0.000000  1.0
    0.046393   -0.755008  0.000000  1.0
    0.046393   -0.753008  0.000000  1.0
    0.046393   -0.751008  0.000000  1.0
    0.046393   -0.749008  0.000000  1.0
    0.046393   -0.747008  0.000000  1.0
    0.046393   -0.745008  0.000000  1.0
    0.046393   -0.743008  0.000000  1.0
    0.046393   -0.741008  0.000000  1.0
    0.046393   -0.739008  0.000000  1.0
    0.046393   -0.737008  0.000000  1.0
    0.046393   -0.735008  0.000000  1.0
    0.046393   -0.733008  0.000000  1.0
    0.046393   -0.731008  0.000000  1.0
    0.046393   -0.729008  0.000000  1.0
    0.046393   -0.727008  0.000000  1.0
    0.046393   -0.725008  0.000000  1.0
    0.046393   -0.723008  0.000000  1.0
    0.046393   -0.721008  0.000000  1.0
    0.046393   -0.719008  0.000000  1.0
    0.046393   -0.717008  0.000000  1.0
    0.046393   -0.715008  0.000000  1.0
    0.046393   -0.713008  0.000000  1.0
    0.046393   -0.711008  0.000000  1.0
    0.046393   -0.709008  0.000000  1.0
    0.046393   -0.707008  0.000000  1.0
    0.046393   -0.705008  0.000000  1.0
    0.046393   -0.703008  0.000000  1.0
    0.046393   -0.701008  0.000000  1.0
    0.046393   -0.699008  0.000000  1.0
    0.048393   -0.779008  0.000000  1.0
    0.048393   -0.777008  0.000000  1.0
    0.048393   -0.775008  0.000000  1.0
    0.048393   -0.773008  0.000000  1.0
    0.048393   -0.771008  0.000000  1.0
    0.048393   -0.769008  0.000000  1.0
    0.048393   -0.767008  0.000000  1.0
    0.048393   -0.765008  0.000000  1.0
    0.048393   -0.763008  0.000000  1.0
    0.048393   -0.761008  0.000000  1.0
    0.048393   -0.759008  0.000000  1.0
    0.048393   -0.757008  0.000000  1.0
    0.048393   -0.755008  0.000000  1.0
    0.048393   -0.753008  0.000000  1.0
    0.048393   -0.751008  0.000000  1.0
    0.048393   -0.749008  0.000000  1.0
    0.048393   -0.747008  0.000000  1.0
    0.048393   -0.745008  0.000000  1.0
    0.048393   -0.743008  0.000000  1.0
    0.048393   -0.741008  0.000000  1.0
    0.048393   -0.739008  0.000000  1.0
    0.048393   -0.737008  0.000000  1.0
    0.048393   -0.735008  0.000000  1.0
    0.048393   -0.733008  0.000000  1.0
    0.048393   -0.731008  0.000000  1.0
    0.048393   -0.729008  0.000000  1.0
    0.048393   -0.727008  0.000000  1.0
    0.048393   -0.725008  0.000000  1.0
    0.048393   -0.723008  0.000000  1.0
    0.048393   -0.721008  0.000000  1.0
    0.048393   -0.719008  0.000000  1.0
    0.048393   -0.717008  0.000000  1.0
    0.048393   -0.715008  0.000000  1.0
    0.048393   -0.713008  0.000000  1.0
    0.048393   -0.711008  0.000000  1.0
    0.048393   -0.709008  0.000000  1.0
    0.048393   -0.707008  0.000000  1.0
    0.048393   -0.705008  0.000000  1.0
    0.048393   -0.703008  0.000000  1.0
    0.048393   -0.701008  0.000000  1.0
    0.048393   -0.699008  0.000000  1.0
    0.050393   -0.779008  0.000000  1.0
    0.050393   -0.777008  0.000000  1.0
    0.050393   -0.775008  0.000000  1.0
    0.050393   -0.773008  0.000000  1.0
    0.050393   -0.771008  0.000000  1.0
    0.050393   -0.769008  0.000000  1.0
    0.050393   -0.767008  0.000000  1.0
    0.050393   -0.765008  0.000000  1.0
    0.050393   -0.763008  0.000000  1.0
    0.050393   -0.761008  0.000000  1.0
    0.050393   -0.759008  0.000000  1.0
    0.050393   -0.757008  0.000000  1.0
    0.050393   -0.755008  0.000000  1.0
    0.050393   -0.753008  0.000000  1.0
    0.050393   -0.751008  0.000000  1.0
    0.050393   -0.749008  0.000000  1.0
    0.050393   -0.747008  0.000000  1.0
    0.050393   -0.745008  0.000000  1.0
    0.050393   -0.743008  0.000000  1.0
    0.050393   -0.741008  0.000000  1.0
    0.050393   -0.739008  0.000000  1.0
    0.050393   -0.737008  0.000000  1.0
    0.050393   -0.735008  0.000000  1.0
    0.050393   -0.733008  0.000000  1.0
    0.050393   -0.731008  0.000000  1.0
    0.050393   -0.729008  0.000000  1.0
    0.050393   -0.727008  0.000000  1.0
    0.050393   -0.725008  0.000000  1.0
    0.050393   -0.723008  0.000000  1.0
    0.050393   -0.721008  0.000000  1.0
    0.050393   -0.719008  0.000000  1.0
    0.050393   -0.717008  0.000000  1.0
    0.050393   -0.715008  0.000000  1.0
    0.050393   -0.713008  0.000000  1.0
    0.050393   -0.711008  0.000000  1.0
    0.050393   -0.709008  0.000000  1.0
    0.050393   -0.707008  0.000000  1.0
    0.050393   -0.705008  0.000000  1.0
    0.050393   -0.703008  0.000000  1.0
    0.050393   -0.701008  0.000000  1.0
    0.050393   -0.699008  0.000000  1.0
    0.052393   -0.779008  0.000000  1.0
    0.052393   -0.777008  0.000000  1.0
    0.052393   -0.775008  0.000000  1.0
    0.052393   -0.773008  0.000000  1.0
    0.052393   -0.771008  0.000000  1.0
    0.052393   -0.769008  0.000000  1.0
    0.052393   -0.767008  0.000000  1.0
    0.052393   -0.765008  0.000000  1.0
    0.052393   -0.763008  0.000000  1.0
    0.052393   -0.761008  0.000000  1.0
    0.052393   -0.759008  0.000000  1.0
    0.052393   -0.757008  0.000000  1.0
    0.052393   -0.755008  0.000000  1.0
    0.052393   -0.753008  0.000000  1.0
    0.052393   -0.751008  0.000000  1.0
    0.052393   -0.749008  0.000000  1.0
    0.052393   -0.747008  0.000000  1.0
    0.052393   -0.745008  0.000000  1.0
    0.052393   -0.743008  0.000000  1.0
    0.052393   -0.741008  0.000000  1.0
    0.052393   -0.739008  0.000000  1.0
    0.052393   -0.737008  0.000000  1.0
    0.052393   -0.735008  0.000000  1.0
    0.052393   -0.733008  0.000000  1.0
    0.052393   -0.731008  0.000000  1.0
    0.052393   -0.729008  0.000000  1.0
    0.052393   -0.727008  0.000000  1.0
    0.052393   -0.725008  0.000000  1.0
    0.052393   -0.723008  0.000000  1.0
    0.052393   -0.721008  0.000000  1.0
    0.052393   -0.719008  0.000000  1.0
    0.052393   -0.717008  0.000000  1.0
    0.052393   -0.715008  0.000000  1.0
    0.052393   -0.713008  0.000000  1.0
    0.052393   -0.711008  0.000000  1.0
    0.052393   -0.709008  0.000000  1.0
    0.052393   -0.707008  0.000000  1.0
    0.052393   -0.705008  0.000000  1.0
    0.052393   -0.703008  0.000000  1.0
    0.052393   -0.701008  0.000000  1.0
    0.052393   -0.699008  0.000000  1.0
    0.054393   -0.779008  0.000000  1.0
    0.054393   -0.777008  0.000000  1.0
    0.054393   -0.775008  0.000000  1.0
    0.054393   -0.773008  0.000000  1.0
    0.054393   -0.771008  0.000000  1.0
    0.054393   -0.769008  0.000000  1.0
    0.054393   -0.767008  0.000000  1.0
    0.054393   -0.765008  0.000000  1.0
    0.054393   -0.763008  0.000000  1.0
    0.054393   -0.761008  0.000000  1.0
    0.054393   -0.759008  0.000000  1.0
    0.054393   -0.757008  0.000000  1.0
    0.054393   -0.755008  0.000000  1.0
    0.054393   -0.753008  0.000000  1.0
    0.054393   -0.751008  0.000000  1.0
    0.054393   -0.749008  0.000000  1.0
    0.054393   -0.747008  0.000000  1.0
    0.054393   -0.745008  0.000000  1.0
    0.054393   -0.743008  0.000000  1.0
    0.054393   -0.741008  0.000000  1.0
    0.054393   -0.739008  0.000000  1.0
    0.054393   -0.737008  0.000000  1.0
    0.054393   -0.735008  0.000000  1.0
    0.054393   -0.733008  0.000000  1.0
    0.054393   -0.731008  0.000000  1.0
    0.054393   -0.729008  0.000000  1.0
    0.054393   -0.727008  0.000000  1.0
    0.054393   -0.725008  0.000000  1.0
    0.054393   -0.723008  0.000000  1.0
    0.054393   -0.721008  0.000000  1.0
    0.054393   -0.719008  0.000000  1.0
    0.054393   -0.717008  0.000000  1.0
    0.054393   -0.715008  0.000000  1.0
    0.054393   -0.713008  0.000000  1.0
    0.054393   -0.711008  0.000000  1.0
    0.054393   -0.709008  0.000000  1.0
    0.054393   -0.707008  0.000000  1.0
    0.054393   -0.705008  0.000000  1.0
    0.054393   -0.703008  0.000000  1.0
    0.054393   -0.701008  0.000000  1.0
    0.054393   -0.699008  0.000000  1.0
    0.056393   -0.779008  0.000000  1.0
    0.056393   -0.777008  0.000000  1.0
    0.056393   -0.775008  0.000000  1.0
    0.056393   -0.773008  0.000000  1.0
    0.056393   -0.771008  0.000000  1.0
    0.056393   -0.769008  0.000000  1.0
    0.056393   -0.767008  0.000000  1.0
    0.056393   -0.765008  0.000000  1.0
    0.056393   -0.763008  0.000000  1.0
    0.056393   -0.761008  0.000000  1.0
    0.056393   -0.759008  0.000000  1.0
    0.056393   -0.757008  0.000000  1.0
    0.056393   -0.755008  0.000000  1.0
    0.056393   -0.753008  0.000000  1.0
    0.056393   -0.751008  0.000000  1.0
    0.056393   -0.749008  0.000000  1.0
    0.056393   -0.747008  0.000000  1.0
    0.056393   -0.745008  0.000000  1.0
    0.056393   -0.743008  0.000000  1.0
    0.056393   -0.741008  0.000000  1.0
    0.056393   -0.739008  0.000000  1.0
    0.056393   -0.737008  0.000000  1.0
    0.056393   -0.735008  0.000000  1.0
    0.056393   -0.733008  0.000000  1.0
    0.056393   -0.731008  0.000000  1.0
    0.056393   -0.729008  0.000000  1.0
    0.056393   -0.727008  0.000000  1.0
    0.056393   -0.725008  0.000000  1.0
    0.056393   -0.723008  0.000000  1.0
    0.056393   -0.721008  0.000000  1.0
    0.056393   -0.719008  0.000000  1.0
    0.056393   -0.717008  0.000000  1.0
    0.056393   -0.715008  0.000000  1.0
    0.056393   -0.713008  0.000000  1.0
    0.056393   -0.711008  0.000000  1.0
    0.056393   -0.709008  0.000000  1.0
    0.056393   -0.707008  0.000000  1.0
    0.056393   -0.705008  0.000000  1.0
    0.056393   -0.703008  0.000000  1.0
    0.056393   -0.701008  0.000000  1.0
    0.056393   -0.699008  0.000000  1.0
