&CONTROL
  calculation = 'bands'
  prefix = 'graphene27.0upper'
  outdir = './tmp'
  pseudo_dir = './'
  verbosity = 'high'
/
&SYSTEM
  ibrav = 0
  nat = 2
  ntyp = 1
  ecutwfc = 40.0
  nosym = .true.
  noinv = .true.
  nbnd = 8
/
&ELECTRONS
/
ATOMIC_SPECIES
  C  12.011 C.pbe-n-kjpaw_psl.1.0.0.UPF
CELL_PARAMETERS {bohr}
  5.874923  0.000000  0.000000
  2.937461  4.006167  0.000000
  0.000000  0.000000  28.346456
ATOMIC_POSITIONS {crystal}
  C  0.004530  -0.009057  0.000000
  C  0.328803  0.342390  0.000000
K_POINTS {tpiba}
1681
   -0.056393    0.693235  0.000000  1.0
   -0.056393    0.695235  0.000000  1.0
   -0.056393    0.697235  0.000000  1.0
   -0.056393    0.699235  0.000000  1.0
   -0.056393    0.701235  0.000000  1.0
   -0.056393    0.703235  0.000000  1.0
   -0.056393    0.705235  0.000000  1.0
   -0.056393    0.707235  0.000000  1.0
   -0.056393    0.709235  0.000000  1.0
   -0.056393    0.711235  0.000000  1.0
   -0.056393    0.713235  0.000000  1.0
   -0.056393    0.715235  0.000000  1.0
   -0.056393    0.717235  0.000000  1.0
   -0.056393    0.719235  0.000000  1.0
   -0.056393    0.721235  0.000000  1.0
   -0.056393    0.723235  0.000000  1.0
   -0.056393    0.725235  0.000000  1.0
   -0.056393    0.727235  0.000000  1.0
   -0.056393    0.729235  0.000000  1.0
   -0.056393    0.731235  0.000000  1.0
   -0.056393    0.733235  0.000000  1.0
   -0.056393    0.735235  0.000000  1.0
   -0.056393    0.737235  0.000000  1.0
   -0.056393    0.739235  0.000000  1.0
   -0.056393    0.741235  0.000000  1.0
   -0.056393    0.743235  0.000000  1.0
   -0.056393    0.745235  0.000000  1.0
   -0.056393    0.747235  0.000000  1.0
   -0.056393    0.749235  0.000000  1.0
   -0.056393    0.751235  0.000000  1.0
   -0.056393    0.753235  0.000000  1.0
   -0.056393    0.755235  0.000000  1.0
   -0.056393    0.757235  0.000000  1.0
   -0.056393    0.759235  0.000000  1.0
   -0.056393    0.761235  0.000000  1.0
   -0.056393    0.763235  0.000000  1.0
   -0.056393    0.765235  0.000000  1.0
   -0.056393    0.767235  0.000000  1.0
   -0.056393    0.769235  0.000000  1.0
   -0.056393    0.771235  0.000000  1.0
   -0.056393    0.773235  0.000000  1.0
   -0.054393    0.693235  0.000000  1.0
   -0.054393    0.695235  0.000000  1.0
   -0.054393    0.697235  0.000000  1.0
   -0.054393    0.699235  0.000000  1.0
   -0.054393    0.701235  0.000000  1.0
   -0.054393    0.703235  0.000000  1.0
   -0.054393    0.705235  0.000000  1.0
   -0.054393    0.707235  0.000000  1.0
   -0.054393    0.709235  0.000000  1.0
   -0.054393    0.711235  0.000000  1.0
   -0.054393    0.713235  0.000000  1.0
   -0.054393    0.715235  0.000000  1.0
   -0.054393    0.717235  0.000000  1.0
   -0.054393    0.719235  0.000000  1.0
   -0.054393    0.721235  0.000000  1.0
   -0.054393    0.723235  0.000000  1.0
   -0.054393    0.725235  0.000000  1.0
   -0.054393    0.727235  0.000000  1.0
   -0.054393    0.729235  0.000000  1.0
   -0.054393    0.731235  0.000000  1.0
   -0.054393    0.733235  0.000000  1.0
   -0.054393    0.735235  0.000000  1.0
   -0.054393    0.737235  0.000000  1.0
   -0.054393    0.739235  0.000000  1.0
   -0.054393    0.741235  0.000000  1.0
   -0.054393    0.743235  0.000000  1.0
   -0.054393    0.745235  0.000000  1.0
   -0.054393    0.747235  0.000000  1.0
   -0.054393    0.749235  0.000000  1.0
   -0.054393    0.751235  0.000000  1.0
   -0.054393    0.753235  0.000000  1.0
   -0.054393    0.755235  0.000000  1.0
   -0.054393    0.757235  0.000000  1.0
   -0.054393    0.759235  0.000000  1.0
   -0.054393    0.761235  0.000000  1.0
   -0.054393    0.763235  0.000000  1.0
   -0.054393    0.765235  0.000000  1.0
   -0.054393    0.767235  0.000000  1.0
   -0.054393    0.769235  0.000000  1.0
   -0.054393    0.771235  0.000000  1.0
   -0.054393    0.773235  0.000000  1.0
   -0.052393    0.693235  0.000000  1.0
   -0.052393    0.695235  0.000000  1.0
   -0.052393    0.697235  0.000000  1.0
   -0.052393    0.699235  0.000000  1.0
   -0.052393    0.701235  0.000000  1.0
   -0.052393    0.703235  0.000000  1.0
   -0.052393    0.705235  0.000000  1.0
   -0.052393    0.707235  0.000000  1.0
   -0.052393    0.709235  0.000000  1.0
   -0.052393    0.711235  0.000000  1.0
   -0.052393    0.713235  0.000000  1.0
   -0.052393    0.715235  0.000000  1.0
   -0.052393    0.717235  0.000000  1.0
   -0.052393    0.719235  0.000000  1.0
   -0.052393    0.721235  0.000000  1.0
   -0.052393    0.723235  0.000000  1.0
   -0.052393    0.725235  0.000000  1.0
   -0.052393    0.727235  0.000000  1.0
   -0.052393    0.729235  0.000000  1.0
   -0.052393    0.731235  0.000000  1.0
   -0.052393    0.733235  0.000000  1.0
   -0.052393    0.735235  0.000000  1.0
   -0.052393    0.737235  0.000000  1.0
   -0.052393    0.739235  0.000000  1.0
   -0.052393    0.741235  0.000000  1.0
   -0.052393    0.743235  0.000000  1.0
   -0.052393    0.745235  0.000000  1.0
   -0.052393    0.747235  0.000000  1.0
   -0.052393    0.749235  0.000000  1.0
   -0.052393    0.751235  0.000000  1.0
   -0.052393    0.753235  0.000000  1.0
   -0.052393    0.755235  0.000000  1.0
   -0.052393    0.757235  0.000000  1.0
   -0.052393    0.759235  0.000000  1.0
   -0.052393    0.761235  0.000000  1.0
   -0.052393    0.763235  0.000000  1.0
   -0.052393    0.765235  0.000000  1.0
   -0.052393    0.767235  0.000000  1.0
   -0.052393    0.769235  0.000000  1.0
   -0.052393    0.771235  0.000000  1.0
   -0.052393    0.773235  0.000000  1.0
   -0.050393    0.693235  0.000000  1.0
   -0.050393    0.695235  0.000000  1.0
   -0.050393    0.697235  0.000000  1.0
   -0.050393    0.699235  0.000000  1.0
   -0.050393    0.701235  0.000000  1.0
   -0.050393    0.703235  0.000000  1.0
   -0.050393    0.705235  0.000000  1.0
   -0.050393    0.707235  0.000000  1.0
   -0.050393    0.709235  0.000000  1.0
   -0.050393    0.711235  0.000000  1.0
   -0.050393    0.713235  0.000000  1.0
   -0.050393    0.715235  0.000000  1.0
   -0.050393    0.717235  0.000000  1.0
   -0.050393    0.719235  0.000000  1.0
   -0.050393    0.721235  0.000000  1.0
   -0.050393    0.723235  0.000000  1.0
   -0.050393    0.725235  0.000000  1.0
   -0.050393    0.727235  0.000000  1.0
   -0.050393    0.729235  0.000000  1.0
   -0.050393    0.731235  0.000000  1.0
   -0.050393    0.733235  0.000000  1.0
   -0.050393    0.735235  0.000000  1.0
   -0.050393    0.737235  0.000000  1.0
   -0.050393    0.739235  0.000000  1.0
   -0.050393    0.741235  0.000000  1.0
   -0.050393    0.743235  0.000000  1.0
   -0.050393    0.745235  0.000000  1.0
   -0.050393    0.747235  0.000000  1.0
   -0.050393    0.749235  0.000000  1.0
   -0.050393    0.751235  0.000000  1.0
   -0.050393    0.753235  0.000000  1.0
   -0.050393    0.755235  0.000000  1.0
   -0.050393    0.757235  0.000000  1.0
   -0.050393    0.759235  0.000000  1.0
   -0.050393    0.761235  0.000000  1.0
   -0.050393    0.763235  0.000000  1.0
   -0.050393    0.765235  0.000000  1.0
   -0.050393    0.767235  0.000000  1.0
   -0.050393    0.769235  0.000000  1.0
   -0.050393    0.771235  0.000000  1.0
   -0.050393    0.773235  0.000000  1.0
   -0.048393    0.693235  0.000000  1.0
   -0.048393    0.695235  0.000000  1.0
   -0.048393    0.697235  0.000000  1.0
   -0.048393    0.699235  0.000000  1.0
   -0.048393    0.701235  0.000000  1.0
   -0.048393    0.703235  0.000000  1.0
   -0.048393    0.705235  0.000000  1.0
   -0.048393    0.707235  0.000000  1.0
   -0.048393    0.709235  0.000000  1.0
   -0.048393    0.711235  0.000000  1.0
   -0.048393    0.713235  0.000000  1.0
   -0.048393    0.715235  0.000000  1.0
   -0.048393    0.717235  0.000000  1.0
   -0.048393    0.719235  0.000000  1.0
   -0.048393    0.721235  0.000000  1.0
   -0.048393    0.723235  0.000000  1.0
   -0.048393    0.725235  0.000000  1.0
   -0.048393    0.727235  0.000000  1.0
   -0.048393    0.729235  0.000000  1.0
   -0.048393    0.731235  0.000000  1.0
   -0.048393    0.733235  0.000000  1.0
   -0.048393    0.735235  0.000000  1.0
   -0.048393    0.737235  0.000000  1.0
   -0.048393    0.739235  0.000000  1.0
   -0.048393    0.741235  0.000000  1.0
   -0.048393    0.743235  0.000000  1.0
   -0.048393    0.745235  0.000000  1.0
   -0.048393    0.747235  0.000000  1.0
   -0.048393    0.749235  0.000000  1.0
   -0.048393    0.751235  0.000000  1.0
   -0.048393    0.753235  0.000000  1.0
   -0.048393    0.755235  0.000000  1.0
   -0.048393    0.757235  0.000000  1.0
   -0.048393    0.759235  0.000000  1.0
   -0.048393    0.761235  0.000000  1.0
   -0.048393    0.763235  0.000000  1.0
   -0.048393    0.765235  0.000000  1.0
   -0.048393    0.767235  0.000000  1.0
   -0.048393    0.769235  0.000000  1.0
   -0.048393    0.771235  0.000000  1.0
   -0.048393    0.773235  0.000000  1.0
   -0.046393    0.693235  0.000000  1.0
   -0.046393    0.695235  0.000000  1.0
   -0.046393    0.697235  0.000000  1.0
   -0.046393    0.699235  0.000000  1.0
   -0.046393    0.701235  0.000000  1.0
   -0.046393    0.703235  0.000000  1.0
   -0.046393    0.705235  0.000000  1.0
   -0.046393    0.707235  0.000000  1.0
   -0.046393    0.709235  0.000000  1.0
   -0.046393    0.711235  0.000000  1.0
   -0.046393    0.713235  0.000000  1.0
   -0.046393    0.715235  0.000000  1.0
   -0.046393    0.717235  0.000000  1.0
   -0.046393    0.719235  0.000000  1.0
   -0.046393    0.721235  0.000000  1.0
   -0.046393    0.723235  0.000000  1.0
   -0.046393    0.725235  0.000000  1.0
   -0.046393    0.727235  0.000000  1.0
   -0.046393    0.729235  0.000000  1.0
   -0.046393    0.731235  0.000000  1.0
   -0.046393    0.733235  0.000000  1.0
   -0.046393    0.735235  0.000000  1.0
   -0.046393    0.737235  0.000000  1.0
   -0.046393    0.739235  0.000000  1.0
   -0.046393    0.741235  0.000000  1.0
   -0.046393    0.743235  0.000000  1.0
   -0.046393    0.745235  0.000000  1.0
   -0.046393    0.747235  0.000000  1.0
   -0.046393    0.749235  0.000000  1.0
   -0.046393    0.751235  0.000000  1.0
   -0.046393    0.753235  0.000000  1.0
   -0.046393    0.755235  0.000000  1.0
   -0.046393    0.757235  0.000000  1.0
   -0.046393    0.759235  0.000000  1.0
   -0.046393    0.761235  0.000000  1.0
   -0.046393    0.763235  0.000000  1.0
   -0.046393    0.765235  0.000000  1.0
   -0.046393    0.767235  0.000000  1.0
   -0.046393    0.769235  0.000000  1.0
   -0.046393    0.771235  0.000000  1.0
   -0.046393    0.773235  0.000000  1.0
   -0.044393    0.693235  0.000000  1.0
   -0.044393    0.695235  0.000000  1.0
   -0.044393    0.697235  0.000000  1.0
   -0.044393    0.699235  0.000000  1.0
   -0.044393    0.701235  0.000000  1.0
   -0.044393    0.703235  0.000000  1.0
   -0.044393    0.705235  0.000000  1.0
   -0.044393    0.707235  0.000000  1.0
   -0.044393    0.709235  0.000000  1.0
   -0.044393    0.711235  0.000000  1.0
   -0.044393    0.713235  0.000000  1.0
   -0.044393    0.715235  0.000000  1.0
   -0.044393    0.717235  0.000000  1.0
   -0.044393    0.719235  0.000000  1.0
   -0.044393    0.721235  0.000000  1.0
   -0.044393    0.723235  0.000000  1.0
   -0.044393    0.725235  0.000000  1.0
   -0.044393    0.727235  0.000000  1.0
   -0.044393    0.729235  0.000000  1.0
   -0.044393    0.731235  0.000000  1.0
   -0.044393    0.733235  0.000000  1.0
   -0.044393    0.735235  0.000000  1.0
   -0.044393    0.737235  0.000000  1.0
   -0.044393    0.739235  0.000000  1.0
   -0.044393    0.741235  0.000000  1.0
   -0.044393    0.743235  0.000000  1.0
   -0.044393    0.745235  0.000000  1.0
   -0.044393    0.747235  0.000000  1.0
   -0.044393    0.749235  0.000000  1.0
   -0.044393    0.751235  0.000000  1.0
   -0.044393    0.753235  0.000000  1.0
   -0.044393    0.755235  0.000000  1.0
   -0.044393    0.757235  0.000000  1.0
   -0.044393    0.759235  0.000000  1.0
   -0.044393    0.761235  0.000000  1.0
   -0.044393    0.763235  0.000000  1.0
   -0.044393    0.765235  0.000000  1.0
   -0.044393    0.767235  0.000000  1.0
   -0.044393    0.769235  0.000000  1.0
   -0.044393    0.771235  0.000000  1.0
   -0.044393    0.773235  0.000000  1.0
   -0.042393    0.693235  0.000000  1.0
   -0.042393    0.695235  0.000000  1.0
   -0.042393    0.697235  0.000000  1.0
   -0.042393    0.699235  0.000000  1.0
   -0.042393    0.701235  0.000000  1.0
   -0.042393    0.703235  0.000000  1.0
   -0.042393    0.705235  0.000000  1.0
   -0.042393    0.707235  0.000000  1.0
   -0.042393    0.709235  0.000000  1.0
   -0.042393    0.711235  0.000000  1.0
   -0.042393    0.713235  0.000000  1.0
   -0.042393    0.715235  0.000000  1.0
   -0.042393    0.717235  0.000000  1.0
   -0.042393    0.719235  0.000000  1.0
   -0.042393    0.721235  0.000000  1.0
   -0.042393    0.723235  0.000000  1.0
   -0.042393    0.725235  0.000000  1.0
   -0.042393    0.727235  0.000000  1.0
   -0.042393    0.729235  0.000000  1.0
   -0.042393    0.731235  0.000000  1.0
   -0.042393    0.733235  0.000000  1.0
   -0.042393    0.735235  0.000000  1.0
   -0.042393    0.737235  0.000000  1.0
   -0.042393    0.739235  0.000000  1.0
   -0.042393    0.741235  0.000000  1.0
   -0.042393    0.743235  0.000000  1.0
   -0.042393    0.745235  0.000000  1.0
   -0.042393    0.747235  0.000000  1.0
   -0.042393    0.749235  0.000000  1.0
   -0.042393    0.751235  0.000000  1.0
   -0.042393    0.753235  0.000000  1.0
   -0.042393    0.755235  0.000000  1.0
   -0.042393    0.757235  0.000000  1.0
   -0.042393    0.759235  0.000000  1.0
   -0.042393    0.761235  0.000000  1.0
   -0.042393    0.763235  0.000000  1.0
   -0.042393    0.765235  0.000000  1.0
   -0.042393    0.767235  0.000000  1.0
   -0.042393    0.769235  0.000000  1.0
   -0.042393    0.771235  0.000000  1.0
   -0.042393    0.773235  0.000000  1.0
   -0.040393    0.693235  0.000000  1.0
   -0.040393    0.695235  0.000000  1.0
   -0.040393    0.697235  0.000000  1.0
   -0.040393    0.699235  0.000000  1.0
   -0.040393    0.701235  0.000000  1.0
   -0.040393    0.703235  0.000000  1.0
   -0.040393    0.705235  0.000000  1.0
   -0.040393    0.707235  0.000000  1.0
   -0.040393    0.709235  0.000000  1.0
   -0.040393    0.711235  0.000000  1.0
   -0.040393    0.713235  0.000000  1.0
   -0.040393    0.715235  0.000000  1.0
   -0.040393    0.717235  0.000000  1.0
   -0.040393    0.719235  0.000000  1.0
   -0.040393    0.721235  0.000000  1.0
   -0.040393    0.723235  0.000000  1.0
   -0.040393    0.725235  0.000000  1.0
   -0.040393    0.727235  0.000000  1.0
   -0.040393    0.729235  0.000000  1.0
   -0.040393    0.731235  0.000000  1.0
   -0.040393    0.733235  0.000000  1.0
   -0.040393    0.735235  0.000000  1.0
   -0.040393    0.737235  0.000000  1.0
   -0.040393    0.739235  0.000000  1.0
   -0.040393    0.741235  0.000000  1.0
   -0.040393    0.743235  0.000000  1.0
   -0.040393    0.745235  0.000000  1.0
   -0.040393    0.747235  0.000000  1.0
   -0.040393    0.749235  0.000000  1.0
   -0.040393    0.751235  0.000000  1.0
   -0.040393    0.753235  0.000000  1.0
   -0.040393    0.755235  0.000000  1.0
   -0.040393    0.757235  0.000000  1.0
   -0.040393    0.759235  0.000000  1.0
   -0.040393    0.761235  0.000000  1.0
   -0.040393    0.763235  0.000000  1.0
   -0.040393    0.765235  0.000000  1.0
   -0.040393    0.767235  0.000000  1.0
   -0.040393    0.769235  0.000000  1.0
   -0.040393    0.771235  0.000000  1.0
   -0.040393    0.773235  0.000000  1.0
   -0.038393    0.693235  0.000000  1.0
   -0.038393    0.695235  0.000000  1.0
   -0.038393    0.697235  0.000000  1.0
   -0.038393    0.699235  0.000000  1.0
   -0.038393    0.701235  0.000000  1.0
   -0.038393    0.703235  0.000000  1.0
   -0.038393    0.705235  0.000000  1.0
   -0.038393    0.707235  0.000000  1.0
   -0.038393    0.709235  0.000000  1.0
   -0.038393    0.711235  0.000000  1.0
   -0.038393    0.713235  0.000000  1.0
   -0.038393    0.715235  0.000000  1.0
   -0.038393    0.717235  0.000000  1.0
   -0.038393    0.719235  0.000000  1.0
   -0.038393    0.721235  0.000000  1.0
   -0.038393    0.723235  0.000000  1.0
   -0.038393    0.725235  0.000000  1.0
   -0.038393    0.727235  0.000000  1.0
   -0.038393    0.729235  0.000000  1.0
   -0.038393    0.731235  0.000000  1.0
   -0.038393    0.733235  0.000000  1.0
   -0.038393    0.735235  0.000000  1.0
   -0.038393    0.737235  0.000000  1.0
   -0.038393    0.739235  0.000000  1.0
   -0.038393    0.741235  0.000000  1.0
   -0.038393    0.743235  0.000000  1.0
   -0.038393    0.745235  0.000000  1.0
   -0.038393    0.747235  0.000000  1.0
   -0.038393    0.749235  0.000000  1.0
   -0.038393    0.751235  0.000000  1.0
   -0.038393    0.753235  0.000000  1.0
   -0.038393    0.755235  0.000000  1.0
   -0.038393    0.757235  0.000000  1.0
   -0.038393    0.759235  0.000000  1.0
   -0.038393    0.761235  0.000000  1.0
   -0.038393    0.763235  0.000000  1.0
   -0.038393    0.765235  0.000000  1.0
   -0.038393    0.767235  0.000000  1.0
   -0.038393    0.769235  0.000000  1.0
   -0.038393    0.771235  0.000000  1.0
   -0.038393    0.773235  0.000000  1.0
   -0.036393    0.693235  0.000000  1.0
   -0.036393    0.695235  0.000000  1.0
   -0.036393    0.697235  0.000000  1.0
   -0.036393    0.699235  0.000000  1.0
   -0.036393    0.701235  0.000000  1.0
   -0.036393    0.703235  0.000000  1.0
   -0.036393    0.705235  0.000000  1.0
   -0.036393    0.707235  0.000000  1.0
   -0.036393    0.709235  0.000000  1.0
   -0.036393    0.711235  0.000000  1.0
   -0.036393    0.713235  0.000000  1.0
   -0.036393    0.715235  0.000000  1.0
   -0.036393    0.717235  0.000000  1.0
   -0.036393    0.719235  0.000000  1.0
   -0.036393    0.721235  0.000000  1.0
   -0.036393    0.723235  0.000000  1.0
   -0.036393    0.725235  0.000000  1.0
   -0.036393    0.727235  0.000000  1.0
   -0.036393    0.729235  0.000000  1.0
   -0.036393    0.731235  0.000000  1.0
   -0.036393    0.733235  0.000000  1.0
   -0.036393    0.735235  0.000000  1.0
   -0.036393    0.737235  0.000000  1.0
   -0.036393    0.739235  0.000000  1.0
   -0.036393    0.741235  0.000000  1.0
   -0.036393    0.743235  0.000000  1.0
   -0.036393    0.745235  0.000000  1.0
   -0.036393    0.747235  0.000000  1.0
   -0.036393    0.749235  0.000000  1.0
   -0.036393    0.751235  0.000000  1.0
   -0.036393    0.753235  0.000000  1.0
   -0.036393    0.755235  0.000000  1.0
   -0.036393    0.757235  0.000000  1.0
   -0.036393    0.759235  0.000000  1.0
   -0.036393    0.761235  0.000000  1.0
   -0.036393    0.763235  0.000000  1.0
   -0.036393    0.765235  0.000000  1.0
   -0.036393    0.767235  0.000000  1.0
   -0.036393    0.769235  0.000000  1.0
   -0.036393    0.771235  0.000000  1.0
   -0.036393    0.773235  0.000000  1.0
   -0.034393    0.693235  0.000000  1.0
   -0.034393    0.695235  0.000000  1.0
   -0.034393    0.697235  0.000000  1.0
   -0.034393    0.699235  0.000000  1.0
   -0.034393    0.701235  0.000000  1.0
   -0.034393    0.703235  0.000000  1.0
   -0.034393    0.705235  0.000000  1.0
   -0.034393    0.707235  0.000000  1.0
   -0.034393    0.709235  0.000000  1.0
   -0.034393    0.711235  0.000000  1.0
   -0.034393    0.713235  0.000000  1.0
   -0.034393    0.715235  0.000000  1.0
   -0.034393    0.717235  0.000000  1.0
   -0.034393    0.719235  0.000000  1.0
   -0.034393    0.721235  0.000000  1.0
   -0.034393    0.723235  0.000000  1.0
   -0.034393    0.725235  0.000000  1.0
   -0.034393    0.727235  0.000000  1.0
   -0.034393    0.729235  0.000000  1.0
   -0.034393    0.731235  0.000000  1.0
   -0.034393    0.733235  0.000000  1.0
   -0.034393    0.735235  0.000000  1.0
   -0.034393    0.737235  0.000000  1.0
   -0.034393    0.739235  0.000000  1.0
   -0.034393    0.741235  0.000000  1.0
   -0.034393    0.743235  0.000000  1.0
   -0.034393    0.745235  0.000000  1.0
   -0.034393    0.747235  0.000000  1.0
   -0.034393    0.749235  0.000000  1.0
   -0.034393    0.751235  0.000000  1.0
   -0.034393    0.753235  0.000000  1.0
   -0.034393    0.755235  0.000000  1.0
   -0.034393    0.757235  0.000000  1.0
   -0.034393    0.759235  0.000000  1.0
   -0.034393    0.761235  0.000000  1.0
   -0.034393    0.763235  0.000000  1.0
   -0.034393    0.765235  0.000000  1.0
   -0.034393    0.767235  0.000000  1.0
   -0.034393    0.769235  0.000000  1.0
   -0.034393    0.771235  0.000000  1.0
   -0.034393    0.773235  0.000000  1.0
   -0.032393    0.693235  0.000000  1.0
   -0.032393    0.695235  0.000000  1.0
   -0.032393    0.697235  0.000000  1.0
   -0.032393    0.699235  0.000000  1.0
   -0.032393    0.701235  0.000000  1.0
   -0.032393    0.703235  0.000000  1.0
   -0.032393    0.705235  0.000000  1.0
   -0.032393    0.707235  0.000000  1.0
   -0.032393    0.709235  0.000000  1.0
   -0.032393    0.711235  0.000000  1.0
   -0.032393    0.713235  0.000000  1.0
   -0.032393    0.715235  0.000000  1.0
   -0.032393    0.717235  0.000000  1.0
   -0.032393    0.719235  0.000000  1.0
   -0.032393    0.721235  0.000000  1.0
   -0.032393    0.723235  0.000000  1.0
   -0.032393    0.725235  0.000000  1.0
   -0.032393    0.727235  0.000000  1.0
   -0.032393    0.729235  0.000000  1.0
   -0.032393    0.731235  0.000000  1.0
   -0.032393    0.733235  0.000000  1.0
   -0.032393    0.735235  0.000000  1.0
   -0.032393    0.737235  0.000000  1.0
   -0.032393    0.739235  0.000000  1.0
   -0.032393    0.741235  0.000000  1.0
   -0.032393    0.743235  0.000000  1.0
   -0.032393    0.745235  0.000000  1.0
   -0.032393    0.747235  0.000000  1.0
   -0.032393    0.749235  0.000000  1.0
   -0.032393    0.751235  0.000000  1.0
   -0.032393    0.753235  0.000000  1.0
   -0.032393    0.755235  0.000000  1.0
   -0.032393    0.757235  0.000000  1.0
   -0.032393    0.759235  0.000000  1.0
   -0.032393    0.761235  0.000000  1.0
   -0.032393    0.763235  0.000000  1.0
   -0.032393    0.765235  0.000000  1.0
   -0.032393    0.767235  0.000000  1.0
   -0.032393    0.769235  0.000000  1.0
   -0.032393    0.771235  0.000000  1.0
   -0.032393    0.773235  0.000000  1.0
   -0.030393    0.693235  0.000000  1.0
   -0.030393    0.695235  0.000000  1.0
   -0.030393    0.697235  0.000000  1.0
   -0.030393    0.699235  0.000000  1.0
   -0.030393    0.701235  0.000000  1.0
   -0.030393    0.703235  0.000000  1.0
   -0.030393    0.705235  0.000000  1.0
   -0.030393    0.707235  0.000000  1.0
   -0.030393    0.709235  0.000000  1.0
   -0.030393    0.711235  0.000000  1.0
   -0.030393    0.713235  0.000000  1.0
   -0.030393    0.715235  0.000000  1.0
   -0.030393    0.717235  0.000000  1.0
   -0.030393    0.719235  0.000000  1.0
   -0.030393    0.721235  0.000000  1.0
   -0.030393    0.723235  0.000000  1.0
   -0.030393    0.725235  0.000000  1.0
   -0.030393    0.727235  0.000000  1.0
   -0.030393    0.729235  0.000000  1.0
   -0.030393    0.731235  0.000000  1.0
   -0.030393    0.733235  0.000000  1.0
   -0.030393    0.735235  0.000000  1.0
   -0.030393    0.737235  0.000000  1.0
   -0.030393    0.739235  0.000000  1.0
   -0.030393    0.741235  0.000000  1.0
   -0.030393    0.743235  0.000000  1.0
   -0.030393    0.745235  0.000000  1.0
   -0.030393    0.747235  0.000000  1.0
   -0.030393    0.749235  0.000000  1.0
   -0.030393    0.751235  0.000000  1.0
   -0.030393    0.753235  0.000000  1.0
   -0.030393    0.755235  0.000000  1.0
   -0.030393    0.757235  0.000000  1.0
   -0.030393    0.759235  0.000000  1.0
   -0.030393    0.761235  0.000000  1.0
   -0.030393    0.763235  0.000000  1.0
   -0.030393    0.765235  0.000000  1.0
   -0.030393    0.767235  0.000000  1.0
   -0.030393    0.769235  0.000000  1.0
   -0.030393    0.771235  0.000000  1.0
   -0.030393    0.773235  0.000000  1.0
   -0.028393    0.693235  0.000000  1.0
   -0.028393    0.695235  0.000000  1.0
   -0.028393    0.697235  0.000000  1.0
   -0.028393    0.699235  0.000000  1.0
   -0.028393    0.701235  0.000000  1.0
   -0.028393    0.703235  0.000000  1.0
   -0.028393    0.705235  0.000000  1.0
   -0.028393    0.707235  0.000000  1.0
   -0.028393    0.709235  0.000000  1.0
   -0.028393    0.711235  0.000000  1.0
   -0.028393    0.713235  0.000000  1.0
   -0.028393    0.715235  0.000000  1.0
   -0.028393    0.717235  0.000000  1.0
   -0.028393    0.719235  0.000000  1.0
   -0.028393    0.721235  0.000000  1.0
   -0.028393    0.723235  0.000000  1.0
   -0.028393    0.725235  0.000000  1.0
   -0.028393    0.727235  0.000000  1.0
   -0.028393    0.729235  0.000000  1.0
   -0.028393    0.731235  0.000000  1.0
   -0.028393    0.733235  0.000000  1.0
   -0.028393    0.735235  0.000000  1.0
   -0.028393    0.737235  0.000000  1.0
   -0.028393    0.739235  0.000000  1.0
   -0.028393    0.741235  0.000000  1.0
   -0.028393    0.743235  0.000000  1.0
   -0.028393    0.745235  0.000000  1.0
   -0.028393    0.747235  0.000000  1.0
   -0.028393    0.749235  0.000000  1.0
   -0.028393    0.751235  0.000000  1.0
   -0.028393    0.753235  0.000000  1.0
   -0.028393    0.755235  0.000000  1.0
   -0.028393    0.757235  0.000000  1.0
   -0.028393    0.759235  0.000000  1.0
   -0.028393    0.761235  0.000000  1.0
   -0.028393    0.763235  0.000000  1.0
   -0.028393    0.765235  0.000000  1.0
   -0.028393    0.767235  0.000000  1.0
   -0.028393    0.769235  0.000000  1.0
   -0.028393    0.771235  0.000000  1.0
   -0.028393    0.773235  0.000000  1.0
   -0.026393    0.693235  0.000000  1.0
   -0.026393    0.695235  0.000000  1.0
   -0.026393    0.697235  0.000000  1.0
   -0.026393    0.699235  0.000000  1.0
   -0.026393    0.701235  0.000000  1.0
   -0.026393    0.703235  0.000000  1.0
   -0.026393    0.705235  0.000000  1.0
   -0.026393    0.707235  0.000000  1.0
   -0.026393    0.709235  0.000000  1.0
   -0.026393    0.711235  0.000000  1.0
   -0.026393    0.713235  0.000000  1.0
   -0.026393    0.715235  0.000000  1.0
   -0.026393    0.717235  0.000000  1.0
   -0.026393    0.719235  0.000000  1.0
   -0.026393    0.721235  0.000000  1.0
   -0.026393    0.723235  0.000000  1.0
   -0.026393    0.725235  0.000000  1.0
   -0.026393    0.727235  0.000000  1.0
   -0.026393    0.729235  0.000000  1.0
   -0.026393    0.731235  0.000000  1.0
   -0.026393    0.733235  0.000000  1.0
   -0.026393    0.735235  0.000000  1.0
   -0.026393    0.737235  0.000000  1.0
   -0.026393    0.739235  0.000000  1.0
   -0.026393    0.741235  0.000000  1.0
   -0.026393    0.743235  0.000000  1.0
   -0.026393    0.745235  0.000000  1.0
   -0.026393    0.747235  0.000000  1.0
   -0.026393    0.749235  0.000000  1.0
   -0.026393    0.751235  0.000000  1.0
   -0.026393    0.753235  0.000000  1.0
   -0.026393    0.755235  0.000000  1.0
   -0.026393    0.757235  0.000000  1.0
   -0.026393    0.759235  0.000000  1.0
   -0.026393    0.761235  0.000000  1.0
   -0.026393    0.763235  0.000000  1.0
   -0.026393    0.765235  0.000000  1.0
   -0.026393    0.767235  0.000000  1.0
   -0.026393    0.769235  0.000000  1.0
   -0.026393    0.771235  0.000000  1.0
   -0.026393    0.773235  0.000000  1.0
   -0.024393    0.693235  0.000000  1.0
   -0.024393    0.695235  0.000000  1.0
   -0.024393    0.697235  0.000000  1.0
   -0.024393    0.699235  0.000000  1.0
   -0.024393    0.701235  0.000000  1.0
   -0.024393    0.703235  0.000000  1.0
   -0.024393    0.705235  0.000000  1.0
   -0.024393    0.707235  0.000000  1.0
   -0.024393    0.709235  0.000000  1.0
   -0.024393    0.711235  0.000000  1.0
   -0.024393    0.713235  0.000000  1.0
   -0.024393    0.715235  0.000000  1.0
   -0.024393    0.717235  0.000000  1.0
   -0.024393    0.719235  0.000000  1.0
   -0.024393    0.721235  0.000000  1.0
   -0.024393    0.723235  0.000000  1.0
   -0.024393    0.725235  0.000000  1.0
   -0.024393    0.727235  0.000000  1.0
   -0.024393    0.729235  0.000000  1.0
   -0.024393    0.731235  0.000000  1.0
   -0.024393    0.733235  0.000000  1.0
   -0.024393    0.735235  0.000000  1.0
   -0.024393    0.737235  0.000000  1.0
   -0.024393    0.739235  0.000000  1.0
   -0.024393    0.741235  0.000000  1.0
   -0.024393    0.743235  0.000000  1.0
   -0.024393    0.745235  0.000000  1.0
   -0.024393    0.747235  0.000000  1.0
   -0.024393    0.749235  0.000000  1.0
   -0.024393    0.751235  0.000000  1.0
   -0.024393    0.753235  0.000000  1.0
   -0.024393    0.755235  0.000000  1.0
   -0.024393    0.757235  0.000000  1.0
   -0.024393    0.759235  0.000000  1.0
   -0.024393    0.761235  0.000000  1.0
   -0.024393    0.763235  0.000000  1.0
   -0.024393    0.765235  0.000000  1.0
   -0.024393    0.767235  0.000000  1.0
   -0.024393    0.769235  0.000000  1.0
   -0.024393    0.771235  0.000000  1.0
   -0.024393    0.773235  0.000000  1.0
   -0.022393    0.693235  0.000000  1.0
   -0.022393    0.695235  0.000000  1.0
   -0.022393    0.697235  0.000000  1.0
   -0.022393    0.699235  0.000000  1.0
   -0.022393    0.701235  0.000000  1.0
   -0.022393    0.703235  0.000000  1.0
   -0.022393    0.705235  0.000000  1.0
   -0.022393    0.707235  0.000000  1.0
   -0.022393    0.709235  0.000000  1.0
   -0.022393    0.711235  0.000000  1.0
   -0.022393    0.713235  0.000000  1.0
   -0.022393    0.715235  0.000000  1.0
   -0.022393    0.717235  0.000000  1.0
   -0.022393    0.719235  0.000000  1.0
   -0.022393    0.721235  0.000000  1.0
   -0.022393    0.723235  0.000000  1.0
   -0.022393    0.725235  0.000000  1.0
   -0.022393    0.727235  0.000000  1.0
   -0.022393    0.729235  0.000000  1.0
   -0.022393    0.731235  0.000000  1.0
   -0.022393    0.733235  0.000000  1.0
   -0.022393    0.735235  0.000000  1.0
   -0.022393    0.737235  0.000000  1.0
   -0.022393    0.739235  0.000000  1.0
   -0.022393    0.741235  0.000000  1.0
   -0.022393    0.743235  0.000000  1.0
   -0.022393    0.745235  0.000000  1.0
   -0.022393    0.747235  0.000000  1.0
   -0.022393    0.749235  0.000000  1.0
   -0.022393    0.751235  0.000000  1.0
   -0.022393    0.753235  0.000000  1.0
   -0.022393    0.755235  0.000000  1.0
   -0.022393    0.757235  0.000000  1.0
   -0.022393    0.759235  0.000000  1.0
   -0.022393    0.761235  0.000000  1.0
   -0.022393    0.763235  0.000000  1.0
   -0.022393    0.765235  0.000000  1.0
   -0.022393    0.767235  0.000000  1.0
   -0.022393    0.769235  0.000000  1.0
   -0.022393    0.771235  0.000000  1.0
   -0.022393    0.773235  0.000000  1.0
   -0.020393    0.693235  0.000000  1.0
   -0.020393    0.695235  0.000000  1.0
   -0.020393    0.697235  0.000000  1.0
   -0.020393    0.699235  0.000000  1.0
   -0.020393    0.701235  0.000000  1.0
   -0.020393    0.703235  0.000000  1.0
   -0.020393    0.705235  0.000000  1.0
   -0.020393    0.707235  0.000000  1.0
   -0.020393    0.709235  0.000000  1.0
   -0.020393    0.711235  0.000000  1.0
   -0.020393    0.713235  0.000000  1.0
   -0.020393    0.715235  0.000000  1.0
   -0.020393    0.717235  0.000000  1.0
   -0.020393    0.719235  0.000000  1.0
   -0.020393    0.721235  0.000000  1.0
   -0.020393    0.723235  0.000000  1.0
   -0.020393    0.725235  0.000000  1.0
   -0.020393    0.727235  0.000000  1.0
   -0.020393    0.729235  0.000000  1.0
   -0.020393    0.731235  0.000000  1.0
   -0.020393    0.733235  0.000000  1.0
   -0.020393    0.735235  0.000000  1.0
   -0.020393    0.737235  0.000000  1.0
   -0.020393    0.739235  0.000000  1.0
   -0.020393    0.741235  0.000000  1.0
   -0.020393    0.743235  0.000000  1.0
   -0.020393    0.745235  0.000000  1.0
   -0.020393    0.747235  0.000000  1.0
   -0.020393    0.749235  0.000000  1.0
   -0.020393    0.751235  0.000000  1.0
   -0.020393    0.753235  0.000000  1.0
   -0.020393    0.755235  0.000000  1.0
   -0.020393    0.757235  0.000000  1.0
   -0.020393    0.759235  0.000000  1.0
   -0.020393    0.761235  0.000000  1.0
   -0.020393    0.763235  0.000000  1.0
   -0.020393    0.765235  0.000000  1.0
   -0.020393    0.767235  0.000000  1.0
   -0.020393    0.769235  0.000000  1.0
   -0.020393    0.771235  0.000000  1.0
   -0.020393    0.773235  0.000000  1.0
   -0.018393    0.693235  0.000000  1.0
   -0.018393    0.695235  0.000000  1.0
   -0.018393    0.697235  0.000000  1.0
   -0.018393    0.699235  0.000000  1.0
   -0.018393    0.701235  0.000000  1.0
   -0.018393    0.703235  0.000000  1.0
   -0.018393    0.705235  0.000000  1.0
   -0.018393    0.707235  0.000000  1.0
   -0.018393    0.709235  0.000000  1.0
   -0.018393    0.711235  0.000000  1.0
   -0.018393    0.713235  0.000000  1.0
   -0.018393    0.715235  0.000000  1.0
   -0.018393    0.717235  0.000000  1.0
   -0.018393    0.719235  0.000000  1.0
   -0.018393    0.721235  0.000000  1.0
   -0.018393    0.723235  0.000000  1.0
   -0.018393    0.725235  0.000000  1.0
   -0.018393    0.727235  0.000000  1.0
   -0.018393    0.729235  0.000000  1.0
   -0.018393    0.731235  0.000000  1.0
   -0.018393    0.733235  0.000000  1.0
   -0.018393    0.735235  0.000000  1.0
   -0.018393    0.737235  0.000000  1.0
   -0.018393    0.739235  0.000000  1.0
   -0.018393    0.741235  0.000000  1.0
   -0.018393    0.743235  0.000000  1.0
   -0.018393    0.745235  0.000000  1.0
   -0.018393    0.747235  0.000000  1.0
   -0.018393    0.749235  0.000000  1.0
   -0.018393    0.751235  0.000000  1.0
   -0.018393    0.753235  0.000000  1.0
   -0.018393    0.755235  0.000000  1.0
   -0.018393    0.757235  0.000000  1.0
   -0.018393    0.759235  0.000000  1.0
   -0.018393    0.761235  0.000000  1.0
   -0.018393    0.763235  0.000000  1.0
   -0.018393    0.765235  0.000000  1.0
   -0.018393    0.767235  0.000000  1.0
   -0.018393    0.769235  0.000000  1.0
   -0.018393    0.771235  0.000000  1.0
   -0.018393    0.773235  0.000000  1.0
   -0.016393    0.693235  0.000000  1.0
   -0.016393    0.695235  0.000000  1.0
   -0.016393    0.697235  0.000000  1.0
   -0.016393    0.699235  0.000000  1.0
   -0.016393    0.701235  0.000000  1.0
   -0.016393    0.703235  0.000000  1.0
   -0.016393    0.705235  0.000000  1.0
   -0.016393    0.707235  0.000000  1.0
   -0.016393    0.709235  0.000000  1.0
   -0.016393    0.711235  0.000000  1.0
   -0.016393    0.713235  0.000000  1.0
   -0.016393    0.715235  0.000000  1.0
   -0.016393    0.717235  0.000000  1.0
   -0.016393    0.719235  0.000000  1.0
   -0.016393    0.721235  0.000000  1.0
   -0.016393    0.723235  0.000000  1.0
   -0.016393    0.725235  0.000000  1.0
   -0.016393    0.727235  0.000000  1.0
   -0.016393    0.729235  0.000000  1.0
   -0.016393    0.731235  0.000000  1.0
   -0.016393    0.733235  0.000000  1.0
   -0.016393    0.735235  0.000000  1.0
   -0.016393    0.737235  0.000000  1.0
   -0.016393    0.739235  0.000000  1.0
   -0.016393    0.741235  0.000000  1.0
   -0.016393    0.743235  0.000000  1.0
   -0.016393    0.745235  0.000000  1.0
   -0.016393    0.747235  0.000000  1.0
   -0.016393    0.749235  0.000000  1.0
   -0.016393    0.751235  0.000000  1.0
   -0.016393    0.753235  0.000000  1.0
   -0.016393    0.755235  0.000000  1.0
   -0.016393    0.757235  0.000000  1.0
   -0.016393    0.759235  0.000000  1.0
   -0.016393    0.761235  0.000000  1.0
   -0.016393    0.763235  0.000000  1.0
   -0.016393    0.765235  0.000000  1.0
   -0.016393    0.767235  0.000000  1.0
   -0.016393    0.769235  0.000000  1.0
   -0.016393    0.771235  0.000000  1.0
   -0.016393    0.773235  0.000000  1.0
   -0.014393    0.693235  0.000000  1.0
   -0.014393    0.695235  0.000000  1.0
   -0.014393    0.697235  0.000000  1.0
   -0.014393    0.699235  0.000000  1.0
   -0.014393    0.701235  0.000000  1.0
   -0.014393    0.703235  0.000000  1.0
   -0.014393    0.705235  0.000000  1.0
   -0.014393    0.707235  0.000000  1.0
   -0.014393    0.709235  0.000000  1.0
   -0.014393    0.711235  0.000000  1.0
   -0.014393    0.713235  0.000000  1.0
   -0.014393    0.715235  0.000000  1.0
   -0.014393    0.717235  0.000000  1.0
   -0.014393    0.719235  0.000000  1.0
   -0.014393    0.721235  0.000000  1.0
   -0.014393    0.723235  0.000000  1.0
   -0.014393    0.725235  0.000000  1.0
   -0.014393    0.727235  0.000000  1.0
   -0.014393    0.729235  0.000000  1.0
   -0.014393    0.731235  0.000000  1.0
   -0.014393    0.733235  0.000000  1.0
   -0.014393    0.735235  0.000000  1.0
   -0.014393    0.737235  0.000000  1.0
   -0.014393    0.739235  0.000000  1.0
   -0.014393    0.741235  0.000000  1.0
   -0.014393    0.743235  0.000000  1.0
   -0.014393    0.745235  0.000000  1.0
   -0.014393    0.747235  0.000000  1.0
   -0.014393    0.749235  0.000000  1.0
   -0.014393    0.751235  0.000000  1.0
   -0.014393    0.753235  0.000000  1.0
   -0.014393    0.755235  0.000000  1.0
   -0.014393    0.757235  0.000000  1.0
   -0.014393    0.759235  0.000000  1.0
   -0.014393    0.761235  0.000000  1.0
   -0.014393    0.763235  0.000000  1.0
   -0.014393    0.765235  0.000000  1.0
   -0.014393    0.767235  0.000000  1.0
   -0.014393    0.769235  0.000000  1.0
   -0.014393    0.771235  0.000000  1.0
   -0.014393    0.773235  0.000000  1.0
   -0.012393    0.693235  0.000000  1.0
   -0.012393    0.695235  0.000000  1.0
   -0.012393    0.697235  0.000000  1.0
   -0.012393    0.699235  0.000000  1.0
   -0.012393    0.701235  0.000000  1.0
   -0.012393    0.703235  0.000000  1.0
   -0.012393    0.705235  0.000000  1.0
   -0.012393    0.707235  0.000000  1.0
   -0.012393    0.709235  0.000000  1.0
   -0.012393    0.711235  0.000000  1.0
   -0.012393    0.713235  0.000000  1.0
   -0.012393    0.715235  0.000000  1.0
   -0.012393    0.717235  0.000000  1.0
   -0.012393    0.719235  0.000000  1.0
   -0.012393    0.721235  0.000000  1.0
   -0.012393    0.723235  0.000000  1.0
   -0.012393    0.725235  0.000000  1.0
   -0.012393    0.727235  0.000000  1.0
   -0.012393    0.729235  0.000000  1.0
   -0.012393    0.731235  0.000000  1.0
   -0.012393    0.733235  0.000000  1.0
   -0.012393    0.735235  0.000000  1.0
   -0.012393    0.737235  0.000000  1.0
   -0.012393    0.739235  0.000000  1.0
   -0.012393    0.741235  0.000000  1.0
   -0.012393    0.743235  0.000000  1.0
   -0.012393    0.745235  0.000000  1.0
   -0.012393    0.747235  0.000000  1.0
   -0.012393    0.749235  0.000000  1.0
   -0.012393    0.751235  0.000000  1.0
   -0.012393    0.753235  0.000000  1.0
   -0.012393    0.755235  0.000000  1.0
   -0.012393    0.757235  0.000000  1.0
   -0.012393    0.759235  0.000000  1.0
   -0.012393    0.761235  0.000000  1.0
   -0.012393    0.763235  0.000000  1.0
   -0.012393    0.765235  0.000000  1.0
   -0.012393    0.767235  0.000000  1.0
   -0.012393    0.769235  0.000000  1.0
   -0.012393    0.771235  0.000000  1.0
   -0.012393    0.773235  0.000000  1.0
   -0.010393    0.693235  0.000000  1.0
   -0.010393    0.695235  0.000000  1.0
   -0.010393    0.697235  0.000000  1.0
   -0.010393    0.699235  0.000000  1.0
   -0.010393    0.701235  0.000000  1.0
   -0.010393    0.703235  0.000000  1.0
   -0.010393    0.705235  0.000000  1.0
   -0.010393    0.707235  0.000000  1.0
   -0.010393    0.709235  0.000000  1.0
   -0.010393    0.711235  0.000000  1.0
   -0.010393    0.713235  0.000000  1.0
   -0.010393    0.715235  0.000000  1.0
   -0.010393    0.717235  0.000000  1.0
   -0.010393    0.719235  0.000000  1.0
   -0.010393    0.721235  0.000000  1.0
   -0.010393    0.723235  0.000000  1.0
   -0.010393    0.725235  0.000000  1.0
   -0.010393    0.727235  0.000000  1.0
   -0.010393    0.729235  0.000000  1.0
   -0.010393    0.731235  0.000000  1.0
   -0.010393    0.733235  0.000000  1.0
   -0.010393    0.735235  0.000000  1.0
   -0.010393    0.737235  0.000000  1.0
   -0.010393    0.739235  0.000000  1.0
   -0.010393    0.741235  0.000000  1.0
   -0.010393    0.743235  0.000000  1.0
   -0.010393    0.745235  0.000000  1.0
   -0.010393    0.747235  0.000000  1.0
   -0.010393    0.749235  0.000000  1.0
   -0.010393    0.751235  0.000000  1.0
   -0.010393    0.753235  0.000000  1.0
   -0.010393    0.755235  0.000000  1.0
   -0.010393    0.757235  0.000000  1.0
   -0.010393    0.759235  0.000000  1.0
   -0.010393    0.761235  0.000000  1.0
   -0.010393    0.763235  0.000000  1.0
   -0.010393    0.765235  0.000000  1.0
   -0.010393    0.767235  0.000000  1.0
   -0.010393    0.769235  0.000000  1.0
   -0.010393    0.771235  0.000000  1.0
   -0.010393    0.773235  0.000000  1.0
   -0.008393    0.693235  0.000000  1.0
   -0.008393    0.695235  0.000000  1.0
   -0.008393    0.697235  0.000000  1.0
   -0.008393    0.699235  0.000000  1.0
   -0.008393    0.701235  0.000000  1.0
   -0.008393    0.703235  0.000000  1.0
   -0.008393    0.705235  0.000000  1.0
   -0.008393    0.707235  0.000000  1.0
   -0.008393    0.709235  0.000000  1.0
   -0.008393    0.711235  0.000000  1.0
   -0.008393    0.713235  0.000000  1.0
   -0.008393    0.715235  0.000000  1.0
   -0.008393    0.717235  0.000000  1.0
   -0.008393    0.719235  0.000000  1.0
   -0.008393    0.721235  0.000000  1.0
   -0.008393    0.723235  0.000000  1.0
   -0.008393    0.725235  0.000000  1.0
   -0.008393    0.727235  0.000000  1.0
   -0.008393    0.729235  0.000000  1.0
   -0.008393    0.731235  0.000000  1.0
   -0.008393    0.733235  0.000000  1.0
   -0.008393    0.735235  0.000000  1.0
   -0.008393    0.737235  0.000000  1.0
   -0.008393    0.739235  0.000000  1.0
   -0.008393    0.741235  0.000000  1.0
   -0.008393    0.743235  0.000000  1.0
   -0.008393    0.745235  0.000000  1.0
   -0.008393    0.747235  0.000000  1.0
   -0.008393    0.749235  0.000000  1.0
   -0.008393    0.751235  0.000000  1.0
   -0.008393    0.753235  0.000000  1.0
   -0.008393    0.755235  0.000000  1.0
   -0.008393    0.757235  0.000000  1.0
   -0.008393    0.759235  0.000000  1.0
   -0.008393    0.761235  0.000000  1.0
   -0.008393    0.763235  0.000000  1.0
   -0.008393    0.765235  0.000000  1.0
   -0.008393    0.767235  0.000000  1.0
   -0.008393    0.769235  0.000000  1.0
   -0.008393    0.771235  0.000000  1.0
   -0.008393    0.773235  0.000000  1.0
   -0.006393    0.693235  0.000000  1.0
   -0.006393    0.695235  0.000000  1.0
   -0.006393    0.697235  0.000000  1.0
   -0.006393    0.699235  0.000000  1.0
   -0.006393    0.701235  0.000000  1.0
   -0.006393    0.703235  0.000000  1.0
   -0.006393    0.705235  0.000000  1.0
   -0.006393    0.707235  0.000000  1.0
   -0.006393    0.709235  0.000000  1.0
   -0.006393    0.711235  0.000000  1.0
   -0.006393    0.713235  0.000000  1.0
   -0.006393    0.715235  0.000000  1.0
   -0.006393    0.717235  0.000000  1.0
   -0.006393    0.719235  0.000000  1.0
   -0.006393    0.721235  0.000000  1.0
   -0.006393    0.723235  0.000000  1.0
   -0.006393    0.725235  0.000000  1.0
   -0.006393    0.727235  0.000000  1.0
   -0.006393    0.729235  0.000000  1.0
   -0.006393    0.731235  0.000000  1.0
   -0.006393    0.733235  0.000000  1.0
   -0.006393    0.735235  0.000000  1.0
   -0.006393    0.737235  0.000000  1.0
   -0.006393    0.739235  0.000000  1.0
   -0.006393    0.741235  0.000000  1.0
   -0.006393    0.743235  0.000000  1.0
   -0.006393    0.745235  0.000000  1.0
   -0.006393    0.747235  0.000000  1.0
   -0.006393    0.749235  0.000000  1.0
   -0.006393    0.751235  0.000000  1.0
   -0.006393    0.753235  0.000000  1.0
   -0.006393    0.755235  0.000000  1.0
   -0.006393    0.757235  0.000000  1.0
   -0.006393    0.759235  0.000000  1.0
   -0.006393    0.761235  0.000000  1.0
   -0.006393    0.763235  0.000000  1.0
   -0.006393    0.765235  0.000000  1.0
   -0.006393    0.767235  0.000000  1.0
   -0.006393    0.769235  0.000000  1.0
   -0.006393    0.771235  0.000000  1.0
   -0.006393    0.773235  0.000000  1.0
   -0.004393    0.693235  0.000000  1.0
   -0.004393    0.695235  0.000000  1.0
   -0.004393    0.697235  0.000000  1.0
   -0.004393    0.699235  0.000000  1.0
   -0.004393    0.701235  0.000000  1.0
   -0.004393    0.703235  0.000000  1.0
   -0.004393    0.705235  0.000000  1.0
   -0.004393    0.707235  0.000000  1.0
   -0.004393    0.709235  0.000000  1.0
   -0.004393    0.711235  0.000000  1.0
   -0.004393    0.713235  0.000000  1.0
   -0.004393    0.715235  0.000000  1.0
   -0.004393    0.717235  0.000000  1.0
   -0.004393    0.719235  0.000000  1.0
   -0.004393    0.721235  0.000000  1.0
   -0.004393    0.723235  0.000000  1.0
   -0.004393    0.725235  0.000000  1.0
   -0.004393    0.727235  0.000000  1.0
   -0.004393    0.729235  0.000000  1.0
   -0.004393    0.731235  0.000000  1.0
   -0.004393    0.733235  0.000000  1.0
   -0.004393    0.735235  0.000000  1.0
   -0.004393    0.737235  0.000000  1.0
   -0.004393    0.739235  0.000000  1.0
   -0.004393    0.741235  0.000000  1.0
   -0.004393    0.743235  0.000000  1.0
   -0.004393    0.745235  0.000000  1.0
   -0.004393    0.747235  0.000000  1.0
   -0.004393    0.749235  0.000000  1.0
   -0.004393    0.751235  0.000000  1.0
   -0.004393    0.753235  0.000000  1.0
   -0.004393    0.755235  0.000000  1.0
   -0.004393    0.757235  0.000000  1.0
   -0.004393    0.759235  0.000000  1.0
   -0.004393    0.761235  0.000000  1.0
   -0.004393    0.763235  0.000000  1.0
   -0.004393    0.765235  0.000000  1.0
   -0.004393    0.767235  0.000000  1.0
   -0.004393    0.769235  0.000000  1.0
   -0.004393    0.771235  0.000000  1.0
   -0.004393    0.773235  0.000000  1.0
   -0.002393    0.693235  0.000000  1.0
   -0.002393    0.695235  0.000000  1.0
   -0.002393    0.697235  0.000000  1.0
   -0.002393    0.699235  0.000000  1.0
   -0.002393    0.701235  0.000000  1.0
   -0.002393    0.703235  0.000000  1.0
   -0.002393    0.705235  0.000000  1.0
   -0.002393    0.707235  0.000000  1.0
   -0.002393    0.709235  0.000000  1.0
   -0.002393    0.711235  0.000000  1.0
   -0.002393    0.713235  0.000000  1.0
   -0.002393    0.715235  0.000000  1.0
   -0.002393    0.717235  0.000000  1.0
   -0.002393    0.719235  0.000000  1.0
   -0.002393    0.721235  0.000000  1.0
   -0.002393    0.723235  0.000000  1.0
   -0.002393    0.725235  0.000000  1.0
   -0.002393    0.727235  0.000000  1.0
   -0.002393    0.729235  0.000000  1.0
   -0.002393    0.731235  0.000000  1.0
   -0.002393    0.733235  0.000000  1.0
   -0.002393    0.735235  0.000000  1.0
   -0.002393    0.737235  0.000000  1.0
   -0.002393    0.739235  0.000000  1.0
   -0.002393    0.741235  0.000000  1.0
   -0.002393    0.743235  0.000000  1.0
   -0.002393    0.745235  0.000000  1.0
   -0.002393    0.747235  0.000000  1.0
   -0.002393    0.749235  0.000000  1.0
   -0.002393    0.751235  0.000000  1.0
   -0.002393    0.753235  0.000000  1.0
   -0.002393    0.755235  0.000000  1.0
   -0.002393    0.757235  0.000000  1.0
   -0.002393    0.759235  0.000000  1.0
   -0.002393    0.761235  0.000000  1.0
   -0.002393    0.763235  0.000000  1.0
   -0.002393    0.765235  0.000000  1.0
   -0.002393    0.767235  0.000000  1.0
   -0.002393    0.769235  0.000000  1.0
   -0.002393    0.771235  0.000000  1.0
   -0.002393    0.773235  0.000000  1.0
   -0.000393    0.693235  0.000000  1.0
   -0.000393    0.695235  0.000000  1.0
   -0.000393    0.697235  0.000000  1.0
   -0.000393    0.699235  0.000000  1.0
   -0.000393    0.701235  0.000000  1.0
   -0.000393    0.703235  0.000000  1.0
   -0.000393    0.705235  0.000000  1.0
   -0.000393    0.707235  0.000000  1.0
   -0.000393    0.709235  0.000000  1.0
   -0.000393    0.711235  0.000000  1.0
   -0.000393    0.713235  0.000000  1.0
   -0.000393    0.715235  0.000000  1.0
   -0.000393    0.717235  0.000000  1.0
   -0.000393    0.719235  0.000000  1.0
   -0.000393    0.721235  0.000000  1.0
   -0.000393    0.723235  0.000000  1.0
   -0.000393    0.725235  0.000000  1.0
   -0.000393    0.727235  0.000000  1.0
   -0.000393    0.729235  0.000000  1.0
   -0.000393    0.731235  0.000000  1.0
   -0.000393    0.733235  0.000000  1.0
   -0.000393    0.735235  0.000000  1.0
   -0.000393    0.737235  0.000000  1.0
   -0.000393    0.739235  0.000000  1.0
   -0.000393    0.741235  0.000000  1.0
   -0.000393    0.743235  0.000000  1.0
   -0.000393    0.745235  0.000000  1.0
   -0.000393    0.747235  0.000000  1.0
   -0.000393    0.749235  0.000000  1.0
   -0.000393    0.751235  0.000000  1.0
   -0.000393    0.753235  0.000000  1.0
   -0.000393    0.755235  0.000000  1.0
   -0.000393    0.757235  0.000000  1.0
   -0.000393    0.759235  0.000000  1.0
   -0.000393    0.761235  0.000000  1.0
   -0.000393    0.763235  0.000000  1.0
   -0.000393    0.765235  0.000000  1.0
   -0.000393    0.767235  0.000000  1.0
   -0.000393    0.769235  0.000000  1.0
   -0.000393    0.771235  0.000000  1.0
   -0.000393    0.773235  0.000000  1.0
    0.001607    0.693235  0.000000  1.0
    0.001607    0.695235  0.000000  1.0
    0.001607    0.697235  0.000000  1.0
    0.001607    0.699235  0.000000  1.0
    0.001607    0.701235  0.000000  1.0
    0.001607    0.703235  0.000000  1.0
    0.001607    0.705235  0.000000  1.0
    0.001607    0.707235  0.000000  1.0
    0.001607    0.709235  0.000000  1.0
    0.001607    0.711235  0.000000  1.0
    0.001607    0.713235  0.000000  1.0
    0.001607    0.715235  0.000000  1.0
    0.001607    0.717235  0.000000  1.0
    0.001607    0.719235  0.000000  1.0
    0.001607    0.721235  0.000000  1.0
    0.001607    0.723235  0.000000  1.0
    0.001607    0.725235  0.000000  1.0
    0.001607    0.727235  0.000000  1.0
    0.001607    0.729235  0.000000  1.0
    0.001607    0.731235  0.000000  1.0
    0.001607    0.733235  0.000000  1.0
    0.001607    0.735235  0.000000  1.0
    0.001607    0.737235  0.000000  1.0
    0.001607    0.739235  0.000000  1.0
    0.001607    0.741235  0.000000  1.0
    0.001607    0.743235  0.000000  1.0
    0.001607    0.745235  0.000000  1.0
    0.001607    0.747235  0.000000  1.0
    0.001607    0.749235  0.000000  1.0
    0.001607    0.751235  0.000000  1.0
    0.001607    0.753235  0.000000  1.0
    0.001607    0.755235  0.000000  1.0
    0.001607    0.757235  0.000000  1.0
    0.001607    0.759235  0.000000  1.0
    0.001607    0.761235  0.000000  1.0
    0.001607    0.763235  0.000000  1.0
    0.001607    0.765235  0.000000  1.0
    0.001607    0.767235  0.000000  1.0
    0.001607    0.769235  0.000000  1.0
    0.001607    0.771235  0.000000  1.0
    0.001607    0.773235  0.000000  1.0
    0.003607    0.693235  0.000000  1.0
    0.003607    0.695235  0.000000  1.0
    0.003607    0.697235  0.000000  1.0
    0.003607    0.699235  0.000000  1.0
    0.003607    0.701235  0.000000  1.0
    0.003607    0.703235  0.000000  1.0
    0.003607    0.705235  0.000000  1.0
    0.003607    0.707235  0.000000  1.0
    0.003607    0.709235  0.000000  1.0
    0.003607    0.711235  0.000000  1.0
    0.003607    0.713235  0.000000  1.0
    0.003607    0.715235  0.000000  1.0
    0.003607    0.717235  0.000000  1.0
    0.003607    0.719235  0.000000  1.0
    0.003607    0.721235  0.000000  1.0
    0.003607    0.723235  0.000000  1.0
    0.003607    0.725235  0.000000  1.0
    0.003607    0.727235  0.000000  1.0
    0.003607    0.729235  0.000000  1.0
    0.003607    0.731235  0.000000  1.0
    0.003607    0.733235  0.000000  1.0
    0.003607    0.735235  0.000000  1.0
    0.003607    0.737235  0.000000  1.0
    0.003607    0.739235  0.000000  1.0
    0.003607    0.741235  0.000000  1.0
    0.003607    0.743235  0.000000  1.0
    0.003607    0.745235  0.000000  1.0
    0.003607    0.747235  0.000000  1.0
    0.003607    0.749235  0.000000  1.0
    0.003607    0.751235  0.000000  1.0
    0.003607    0.753235  0.000000  1.0
    0.003607    0.755235  0.000000  1.0
    0.003607    0.757235  0.000000  1.0
    0.003607    0.759235  0.000000  1.0
    0.003607    0.761235  0.000000  1.0
    0.003607    0.763235  0.000000  1.0
    0.003607    0.765235  0.000000  1.0
    0.003607    0.767235  0.000000  1.0
    0.003607    0.769235  0.000000  1.0
    0.003607    0.771235  0.000000  1.0
    0.003607    0.773235  0.000000  1.0
    0.005607    0.693235  0.000000  1.0
    0.005607    0.695235  0.000000  1.0
    0.005607    0.697235  0.000000  1.0
    0.005607    0.699235  0.000000  1.0
    0.005607    0.701235  0.000000  1.0
    0.005607    0.703235  0.000000  1.0
    0.005607    0.705235  0.000000  1.0
    0.005607    0.707235  0.000000  1.0
    0.005607    0.709235  0.000000  1.0
    0.005607    0.711235  0.000000  1.0
    0.005607    0.713235  0.000000  1.0
    0.005607    0.715235  0.000000  1.0
    0.005607    0.717235  0.000000  1.0
    0.005607    0.719235  0.000000  1.0
    0.005607    0.721235  0.000000  1.0
    0.005607    0.723235  0.000000  1.0
    0.005607    0.725235  0.000000  1.0
    0.005607    0.727235  0.000000  1.0
    0.005607    0.729235  0.000000  1.0
    0.005607    0.731235  0.000000  1.0
    0.005607    0.733235  0.000000  1.0
    0.005607    0.735235  0.000000  1.0
    0.005607    0.737235  0.000000  1.0
    0.005607    0.739235  0.000000  1.0
    0.005607    0.741235  0.000000  1.0
    0.005607    0.743235  0.000000  1.0
    0.005607    0.745235  0.000000  1.0
    0.005607    0.747235  0.000000  1.0
    0.005607    0.749235  0.000000  1.0
    0.005607    0.751235  0.000000  1.0
    0.005607    0.753235  0.000000  1.0
    0.005607    0.755235  0.000000  1.0
    0.005607    0.757235  0.000000  1.0
    0.005607    0.759235  0.000000  1.0
    0.005607    0.761235  0.000000  1.0
    0.005607    0.763235  0.000000  1.0
    0.005607    0.765235  0.000000  1.0
    0.005607    0.767235  0.000000  1.0
    0.005607    0.769235  0.000000  1.0
    0.005607    0.771235  0.000000  1.0
    0.005607    0.773235  0.000000  1.0
    0.007607    0.693235  0.000000  1.0
    0.007607    0.695235  0.000000  1.0
    0.007607    0.697235  0.000000  1.0
    0.007607    0.699235  0.000000  1.0
    0.007607    0.701235  0.000000  1.0
    0.007607    0.703235  0.000000  1.0
    0.007607    0.705235  0.000000  1.0
    0.007607    0.707235  0.000000  1.0
    0.007607    0.709235  0.000000  1.0
    0.007607    0.711235  0.000000  1.0
    0.007607    0.713235  0.000000  1.0
    0.007607    0.715235  0.000000  1.0
    0.007607    0.717235  0.000000  1.0
    0.007607    0.719235  0.000000  1.0
    0.007607    0.721235  0.000000  1.0
    0.007607    0.723235  0.000000  1.0
    0.007607    0.725235  0.000000  1.0
    0.007607    0.727235  0.000000  1.0
    0.007607    0.729235  0.000000  1.0
    0.007607    0.731235  0.000000  1.0
    0.007607    0.733235  0.000000  1.0
    0.007607    0.735235  0.000000  1.0
    0.007607    0.737235  0.000000  1.0
    0.007607    0.739235  0.000000  1.0
    0.007607    0.741235  0.000000  1.0
    0.007607    0.743235  0.000000  1.0
    0.007607    0.745235  0.000000  1.0
    0.007607    0.747235  0.000000  1.0
    0.007607    0.749235  0.000000  1.0
    0.007607    0.751235  0.000000  1.0
    0.007607    0.753235  0.000000  1.0
    0.007607    0.755235  0.000000  1.0
    0.007607    0.757235  0.000000  1.0
    0.007607    0.759235  0.000000  1.0
    0.007607    0.761235  0.000000  1.0
    0.007607    0.763235  0.000000  1.0
    0.007607    0.765235  0.000000  1.0
    0.007607    0.767235  0.000000  1.0
    0.007607    0.769235  0.000000  1.0
    0.007607    0.771235  0.000000  1.0
    0.007607    0.773235  0.000000  1.0
    0.009607    0.693235  0.000000  1.0
    0.009607    0.695235  0.000000  1.0
    0.009607    0.697235  0.000000  1.0
    0.009607    0.699235  0.000000  1.0
    0.009607    0.701235  0.000000  1.0
    0.009607    0.703235  0.000000  1.0
    0.009607    0.705235  0.000000  1.0
    0.009607    0.707235  0.000000  1.0
    0.009607    0.709235  0.000000  1.0
    0.009607    0.711235  0.000000  1.0
    0.009607    0.713235  0.000000  1.0
    0.009607    0.715235  0.000000  1.0
    0.009607    0.717235  0.000000  1.0
    0.009607    0.719235  0.000000  1.0
    0.009607    0.721235  0.000000  1.0
    0.009607    0.723235  0.000000  1.0
    0.009607    0.725235  0.000000  1.0
    0.009607    0.727235  0.000000  1.0
    0.009607    0.729235  0.000000  1.0
    0.009607    0.731235  0.000000  1.0
    0.009607    0.733235  0.000000  1.0
    0.009607    0.735235  0.000000  1.0
    0.009607    0.737235  0.000000  1.0
    0.009607    0.739235  0.000000  1.0
    0.009607    0.741235  0.000000  1.0
    0.009607    0.743235  0.000000  1.0
    0.009607    0.745235  0.000000  1.0
    0.009607    0.747235  0.000000  1.0
    0.009607    0.749235  0.000000  1.0
    0.009607    0.751235  0.000000  1.0
    0.009607    0.753235  0.000000  1.0
    0.009607    0.755235  0.000000  1.0
    0.009607    0.757235  0.000000  1.0
    0.009607    0.759235  0.000000  1.0
    0.009607    0.761235  0.000000  1.0
    0.009607    0.763235  0.000000  1.0
    0.009607    0.765235  0.000000  1.0
    0.009607    0.767235  0.000000  1.0
    0.009607    0.769235  0.000000  1.0
    0.009607    0.771235  0.000000  1.0
    0.009607    0.773235  0.000000  1.0
    0.011607    0.693235  0.000000  1.0
    0.011607    0.695235  0.000000  1.0
    0.011607    0.697235  0.000000  1.0
    0.011607    0.699235  0.000000  1.0
    0.011607    0.701235  0.000000  1.0
    0.011607    0.703235  0.000000  1.0
    0.011607    0.705235  0.000000  1.0
    0.011607    0.707235  0.000000  1.0
    0.011607    0.709235  0.000000  1.0
    0.011607    0.711235  0.000000  1.0
    0.011607    0.713235  0.000000  1.0
    0.011607    0.715235  0.000000  1.0
    0.011607    0.717235  0.000000  1.0
    0.011607    0.719235  0.000000  1.0
    0.011607    0.721235  0.000000  1.0
    0.011607    0.723235  0.000000  1.0
    0.011607    0.725235  0.000000  1.0
    0.011607    0.727235  0.000000  1.0
    0.011607    0.729235  0.000000  1.0
    0.011607    0.731235  0.000000  1.0
    0.011607    0.733235  0.000000  1.0
    0.011607    0.735235  0.000000  1.0
    0.011607    0.737235  0.000000  1.0
    0.011607    0.739235  0.000000  1.0
    0.011607    0.741235  0.000000  1.0
    0.011607    0.743235  0.000000  1.0
    0.011607    0.745235  0.000000  1.0
    0.011607    0.747235  0.000000  1.0
    0.011607    0.749235  0.000000  1.0
    0.011607    0.751235  0.000000  1.0
    0.011607    0.753235  0.000000  1.0
    0.011607    0.755235  0.000000  1.0
    0.011607    0.757235  0.000000  1.0
    0.011607    0.759235  0.000000  1.0
    0.011607    0.761235  0.000000  1.0
    0.011607    0.763235  0.000000  1.0
    0.011607    0.765235  0.000000  1.0
    0.011607    0.767235  0.000000  1.0
    0.011607    0.769235  0.000000  1.0
    0.011607    0.771235  0.000000  1.0
    0.011607    0.773235  0.000000  1.0
    0.013607    0.693235  0.000000  1.0
    0.013607    0.695235  0.000000  1.0
    0.013607    0.697235  0.000000  1.0
    0.013607    0.699235  0.000000  1.0
    0.013607    0.701235  0.000000  1.0
    0.013607    0.703235  0.000000  1.0
    0.013607    0.705235  0.000000  1.0
    0.013607    0.707235  0.000000  1.0
    0.013607    0.709235  0.000000  1.0
    0.013607    0.711235  0.000000  1.0
    0.013607    0.713235  0.000000  1.0
    0.013607    0.715235  0.000000  1.0
    0.013607    0.717235  0.000000  1.0
    0.013607    0.719235  0.000000  1.0
    0.013607    0.721235  0.000000  1.0
    0.013607    0.723235  0.000000  1.0
    0.013607    0.725235  0.000000  1.0
    0.013607    0.727235  0.000000  1.0
    0.013607    0.729235  0.000000  1.0
    0.013607    0.731235  0.000000  1.0
    0.013607    0.733235  0.000000  1.0
    0.013607    0.735235  0.000000  1.0
    0.013607    0.737235  0.000000  1.0
    0.013607    0.739235  0.000000  1.0
    0.013607    0.741235  0.000000  1.0
    0.013607    0.743235  0.000000  1.0
    0.013607    0.745235  0.000000  1.0
    0.013607    0.747235  0.000000  1.0
    0.013607    0.749235  0.000000  1.0
    0.013607    0.751235  0.000000  1.0
    0.013607    0.753235  0.000000  1.0
    0.013607    0.755235  0.000000  1.0
    0.013607    0.757235  0.000000  1.0
    0.013607    0.759235  0.000000  1.0
    0.013607    0.761235  0.000000  1.0
    0.013607    0.763235  0.000000  1.0
    0.013607    0.765235  0.000000  1.0
    0.013607    0.767235  0.000000  1.0
    0.013607    0.769235  0.000000  1.0
    0.013607    0.771235  0.000000  1.0
    0.013607    0.773235  0.000000  1.0
    0.015607    0.693235  0.000000  1.0
    0.015607    0.695235  0.000000  1.0
    0.015607    0.697235  0.000000  1.0
    0.015607    0.699235  0.000000  1.0
    0.015607    0.701235  0.000000  1.0
    0.015607    0.703235  0.000000  1.0
    0.015607    0.705235  0.000000  1.0
    0.015607    0.707235  0.000000  1.0
    0.015607    0.709235  0.000000  1.0
    0.015607    0.711235  0.000000  1.0
    0.015607    0.713235  0.000000  1.0
    0.015607    0.715235  0.000000  1.0
    0.015607    0.717235  0.000000  1.0
    0.015607    0.719235  0.000000  1.0
    0.015607    0.721235  0.000000  1.0
    0.015607    0.723235  0.000000  1.0
    0.015607    0.725235  0.000000  1.0
    0.015607    0.727235  0.000000  1.0
    0.015607    0.729235  0.000000  1.0
    0.015607    0.731235  0.000000  1.0
    0.015607    0.733235  0.000000  1.0
    0.015607    0.735235  0.000000  1.0
    0.015607    0.737235  0.000000  1.0
    0.015607    0.739235  0.000000  1.0
    0.015607    0.741235  0.000000  1.0
    0.015607    0.743235  0.000000  1.0
    0.015607    0.745235  0.000000  1.0
    0.015607    0.747235  0.000000  1.0
    0.015607    0.749235  0.000000  1.0
    0.015607    0.751235  0.000000  1.0
    0.015607    0.753235  0.000000  1.0
    0.015607    0.755235  0.000000  1.0
    0.015607    0.757235  0.000000  1.0
    0.015607    0.759235  0.000000  1.0
    0.015607    0.761235  0.000000  1.0
    0.015607    0.763235  0.000000  1.0
    0.015607    0.765235  0.000000  1.0
    0.015607    0.767235  0.000000  1.0
    0.015607    0.769235  0.000000  1.0
    0.015607    0.771235  0.000000  1.0
    0.015607    0.773235  0.000000  1.0
    0.017607    0.693235  0.000000  1.0
    0.017607    0.695235  0.000000  1.0
    0.017607    0.697235  0.000000  1.0
    0.017607    0.699235  0.000000  1.0
    0.017607    0.701235  0.000000  1.0
    0.017607    0.703235  0.000000  1.0
    0.017607    0.705235  0.000000  1.0
    0.017607    0.707235  0.000000  1.0
    0.017607    0.709235  0.000000  1.0
    0.017607    0.711235  0.000000  1.0
    0.017607    0.713235  0.000000  1.0
    0.017607    0.715235  0.000000  1.0
    0.017607    0.717235  0.000000  1.0
    0.017607    0.719235  0.000000  1.0
    0.017607    0.721235  0.000000  1.0
    0.017607    0.723235  0.000000  1.0
    0.017607    0.725235  0.000000  1.0
    0.017607    0.727235  0.000000  1.0
    0.017607    0.729235  0.000000  1.0
    0.017607    0.731235  0.000000  1.0
    0.017607    0.733235  0.000000  1.0
    0.017607    0.735235  0.000000  1.0
    0.017607    0.737235  0.000000  1.0
    0.017607    0.739235  0.000000  1.0
    0.017607    0.741235  0.000000  1.0
    0.017607    0.743235  0.000000  1.0
    0.017607    0.745235  0.000000  1.0
    0.017607    0.747235  0.000000  1.0
    0.017607    0.749235  0.000000  1.0
    0.017607    0.751235  0.000000  1.0
    0.017607    0.753235  0.000000  1.0
    0.017607    0.755235  0.000000  1.0
    0.017607    0.757235  0.000000  1.0
    0.017607    0.759235  0.000000  1.0
    0.017607    0.761235  0.000000  1.0
    0.017607    0.763235  0.000000  1.0
    0.017607    0.765235  0.000000  1.0
    0.017607    0.767235  0.000000  1.0
    0.017607    0.769235  0.000000  1.0
    0.017607    0.771235  0.000000  1.0
    0.017607    0.773235  0.000000  1.0
    0.019607    0.693235  0.000000  1.0
    0.019607    0.695235  0.000000  1.0
    0.019607    0.697235  0.000000  1.0
    0.019607    0.699235  0.000000  1.0
    0.019607    0.701235  0.000000  1.0
    0.019607    0.703235  0.000000  1.0
    0.019607    0.705235  0.000000  1.0
    0.019607    0.707235  0.000000  1.0
    0.019607    0.709235  0.000000  1.0
    0.019607    0.711235  0.000000  1.0
    0.019607    0.713235  0.000000  1.0
    0.019607    0.715235  0.000000  1.0
    0.019607    0.717235  0.000000  1.0
    0.019607    0.719235  0.000000  1.0
    0.019607    0.721235  0.000000  1.0
    0.019607    0.723235  0.000000  1.0
    0.019607    0.725235  0.000000  1.0
    0.019607    0.727235  0.000000  1.0
    0.019607    0.729235  0.000000  1.0
    0.019607    0.731235  0.000000  1.0
    0.019607    0.733235  0.000000  1.0
    0.019607    0.735235  0.000000  1.0
    0.019607    0.737235  0.000000  1.0
    0.019607    0.739235  0.000000  1.0
    0.019607    0.741235  0.000000  1.0
    0.019607    0.743235  0.000000  1.0
    0.019607    0.745235  0.000000  1.0
    0.019607    0.747235  0.000000  1.0
    0.019607    0.749235  0.000000  1.0
    0.019607    0.751235  0.000000  1.0
    0.019607    0.753235  0.000000  1.0
    0.019607    0.755235  0.000000  1.0
    0.019607    0.757235  0.000000  1.0
    0.019607    0.759235  0.000000  1.0
    0.019607    0.761235  0.000000  1.0
    0.019607    0.763235  0.000000  1.0
    0.019607    0.765235  0.000000  1.0
    0.019607    0.767235  0.000000  1.0
    0.019607    0.769235  0.000000  1.0
    0.019607    0.771235  0.000000  1.0
    0.019607    0.773235  0.000000  1.0
    0.021607    0.693235  0.000000  1.0
    0.021607    0.695235  0.000000  1.0
    0.021607    0.697235  0.000000  1.0
    0.021607    0.699235  0.000000  1.0
    0.021607    0.701235  0.000000  1.0
    0.021607    0.703235  0.000000  1.0
    0.021607    0.705235  0.000000  1.0
    0.021607    0.707235  0.000000  1.0
    0.021607    0.709235  0.000000  1.0
    0.021607    0.711235  0.000000  1.0
    0.021607    0.713235  0.000000  1.0
    0.021607    0.715235  0.000000  1.0
    0.021607    0.717235  0.000000  1.0
    0.021607    0.719235  0.000000  1.0
    0.021607    0.721235  0.000000  1.0
    0.021607    0.723235  0.000000  1.0
    0.021607    0.725235  0.000000  1.0
    0.021607    0.727235  0.000000  1.0
    0.021607    0.729235  0.000000  1.0
    0.021607    0.731235  0.000000  1.0
    0.021607    0.733235  0.000000  1.0
    0.021607    0.735235  0.000000  1.0
    0.021607    0.737235  0.000000  1.0
    0.021607    0.739235  0.000000  1.0
    0.021607    0.741235  0.000000  1.0
    0.021607    0.743235  0.000000  1.0
    0.021607    0.745235  0.000000  1.0
    0.021607    0.747235  0.000000  1.0
    0.021607    0.749235  0.000000  1.0
    0.021607    0.751235  0.000000  1.0
    0.021607    0.753235  0.000000  1.0
    0.021607    0.755235  0.000000  1.0
    0.021607    0.757235  0.000000  1.0
    0.021607    0.759235  0.000000  1.0
    0.021607    0.761235  0.000000  1.0
    0.021607    0.763235  0.000000  1.0
    0.021607    0.765235  0.000000  1.0
    0.021607    0.767235  0.000000  1.0
    0.021607    0.769235  0.000000  1.0
    0.021607    0.771235  0.000000  1.0
    0.021607    0.773235  0.000000  1.0
    0.023607    0.693235  0.000000  1.0
    0.023607    0.695235  0.000000  1.0
    0.023607    0.697235  0.000000  1.0
    0.023607    0.699235  0.000000  1.0
    0.023607    0.701235  0.000000  1.0
    0.023607    0.703235  0.000000  1.0
    0.023607    0.705235  0.000000  1.0
    0.023607    0.707235  0.000000  1.0
    0.023607    0.709235  0.000000  1.0
    0.023607    0.711235  0.000000  1.0
    0.023607    0.713235  0.000000  1.0
    0.023607    0.715235  0.000000  1.0
    0.023607    0.717235  0.000000  1.0
    0.023607    0.719235  0.000000  1.0
    0.023607    0.721235  0.000000  1.0
    0.023607    0.723235  0.000000  1.0
    0.023607    0.725235  0.000000  1.0
    0.023607    0.727235  0.000000  1.0
    0.023607    0.729235  0.000000  1.0
    0.023607    0.731235  0.000000  1.0
    0.023607    0.733235  0.000000  1.0
    0.023607    0.735235  0.000000  1.0
    0.023607    0.737235  0.000000  1.0
    0.023607    0.739235  0.000000  1.0
    0.023607    0.741235  0.000000  1.0
    0.023607    0.743235  0.000000  1.0
    0.023607    0.745235  0.000000  1.0
    0.023607    0.747235  0.000000  1.0
    0.023607    0.749235  0.000000  1.0
    0.023607    0.751235  0.000000  1.0
    0.023607    0.753235  0.000000  1.0
    0.023607    0.755235  0.000000  1.0
    0.023607    0.757235  0.000000  1.0
    0.023607    0.759235  0.000000  1.0
    0.023607    0.761235  0.000000  1.0
    0.023607    0.763235  0.000000  1.0
    0.023607    0.765235  0.000000  1.0
    0.023607    0.767235  0.000000  1.0
    0.023607    0.769235  0.000000  1.0
    0.023607    0.771235  0.000000  1.0
    0.023607    0.773235  0.000000  1.0
