&CONTROL
  calculation = 'bands'
  prefix = 'graphene20.0upper'
  outdir = './tmp'
  pseudo_dir = './'
  verbosity = 'high'
/
&SYSTEM
  ibrav = 0
  nat = 2
  ntyp = 1
  ecutwfc = 40.0
  nosym = .true.
  noinv = .true.
  nbnd = 8
/
&ELECTRONS
/
ATOMIC_SPECIES
  C  12.011 C.pbe-n-kjpaw_psl.1.0.0.UPF
CELL_PARAMETERS {bohr}
  5.551108  0.000000  0.000000
  2.775554  4.006167  0.000000
  0.000000  0.000000  28.346456
ATOMIC_POSITIONS {crystal}
  C  0.001254  -0.002456  0.000000
  C  0.332079  0.335789  0.000000
K_POINTS {tpiba}
1681
   -0.220328    0.652820  0.000000  1.0
   -0.220328    0.654820  0.000000  1.0
   -0.220328    0.656820  0.000000  1.0
   -0.220328    0.658820  0.000000  1.0
   -0.220328    0.660820  0.000000  1.0
   -0.220328    0.662820  0.000000  1.0
   -0.220328    0.664820  0.000000  1.0
   -0.220328    0.666820  0.000000  1.0
   -0.220328    0.668820  0.000000  1.0
   -0.220328    0.670820  0.000000  1.0
   -0.220328    0.672820  0.000000  1.0
   -0.220328    0.674820  0.000000  1.0
   -0.220328    0.676820  0.000000  1.0
   -0.220328    0.678820  0.000000  1.0
   -0.220328    0.680820  0.000000  1.0
   -0.220328    0.682820  0.000000  1.0
   -0.220328    0.684820  0.000000  1.0
   -0.220328    0.686820  0.000000  1.0
   -0.220328    0.688820  0.000000  1.0
   -0.220328    0.690820  0.000000  1.0
   -0.220328    0.692820  0.000000  1.0
   -0.220328    0.694820  0.000000  1.0
   -0.220328    0.696820  0.000000  1.0
   -0.220328    0.698820  0.000000  1.0
   -0.220328    0.700820  0.000000  1.0
   -0.220328    0.702820  0.000000  1.0
   -0.220328    0.704820  0.000000  1.0
   -0.220328    0.706820  0.000000  1.0
   -0.220328    0.708820  0.000000  1.0
   -0.220328    0.710820  0.000000  1.0
   -0.220328    0.712820  0.000000  1.0
   -0.220328    0.714820  0.000000  1.0
   -0.220328    0.716820  0.000000  1.0
   -0.220328    0.718820  0.000000  1.0
   -0.220328    0.720820  0.000000  1.0
   -0.220328    0.722820  0.000000  1.0
   -0.220328    0.724820  0.000000  1.0
   -0.220328    0.726820  0.000000  1.0
   -0.220328    0.728820  0.000000  1.0
   -0.220328    0.730820  0.000000  1.0
   -0.220328    0.732820  0.000000  1.0
   -0.218328    0.652820  0.000000  1.0
   -0.218328    0.654820  0.000000  1.0
   -0.218328    0.656820  0.000000  1.0
   -0.218328    0.658820  0.000000  1.0
   -0.218328    0.660820  0.000000  1.0
   -0.218328    0.662820  0.000000  1.0
   -0.218328    0.664820  0.000000  1.0
   -0.218328    0.666820  0.000000  1.0
   -0.218328    0.668820  0.000000  1.0
   -0.218328    0.670820  0.000000  1.0
   -0.218328    0.672820  0.000000  1.0
   -0.218328    0.674820  0.000000  1.0
   -0.218328    0.676820  0.000000  1.0
   -0.218328    0.678820  0.000000  1.0
   -0.218328    0.680820  0.000000  1.0
   -0.218328    0.682820  0.000000  1.0
   -0.218328    0.684820  0.000000  1.0
   -0.218328    0.686820  0.000000  1.0
   -0.218328    0.688820  0.000000  1.0
   -0.218328    0.690820  0.000000  1.0
   -0.218328    0.692820  0.000000  1.0
   -0.218328    0.694820  0.000000  1.0
   -0.218328    0.696820  0.000000  1.0
   -0.218328    0.698820  0.000000  1.0
   -0.218328    0.700820  0.000000  1.0
   -0.218328    0.702820  0.000000  1.0
   -0.218328    0.704820  0.000000  1.0
   -0.218328    0.706820  0.000000  1.0
   -0.218328    0.708820  0.000000  1.0
   -0.218328    0.710820  0.000000  1.0
   -0.218328    0.712820  0.000000  1.0
   -0.218328    0.714820  0.000000  1.0
   -0.218328    0.716820  0.000000  1.0
   -0.218328    0.718820  0.000000  1.0
   -0.218328    0.720820  0.000000  1.0
   -0.218328    0.722820  0.000000  1.0
   -0.218328    0.724820  0.000000  1.0
   -0.218328    0.726820  0.000000  1.0
   -0.218328    0.728820  0.000000  1.0
   -0.218328    0.730820  0.000000  1.0
   -0.218328    0.732820  0.000000  1.0
   -0.216328    0.652820  0.000000  1.0
   -0.216328    0.654820  0.000000  1.0
   -0.216328    0.656820  0.000000  1.0
   -0.216328    0.658820  0.000000  1.0
   -0.216328    0.660820  0.000000  1.0
   -0.216328    0.662820  0.000000  1.0
   -0.216328    0.664820  0.000000  1.0
   -0.216328    0.666820  0.000000  1.0
   -0.216328    0.668820  0.000000  1.0
   -0.216328    0.670820  0.000000  1.0
   -0.216328    0.672820  0.000000  1.0
   -0.216328    0.674820  0.000000  1.0
   -0.216328    0.676820  0.000000  1.0
   -0.216328    0.678820  0.000000  1.0
   -0.216328    0.680820  0.000000  1.0
   -0.216328    0.682820  0.000000  1.0
   -0.216328    0.684820  0.000000  1.0
   -0.216328    0.686820  0.000000  1.0
   -0.216328    0.688820  0.000000  1.0
   -0.216328    0.690820  0.000000  1.0
   -0.216328    0.692820  0.000000  1.0
   -0.216328    0.694820  0.000000  1.0
   -0.216328    0.696820  0.000000  1.0
   -0.216328    0.698820  0.000000  1.0
   -0.216328    0.700820  0.000000  1.0
   -0.216328    0.702820  0.000000  1.0
   -0.216328    0.704820  0.000000  1.0
   -0.216328    0.706820  0.000000  1.0
   -0.216328    0.708820  0.000000  1.0
   -0.216328    0.710820  0.000000  1.0
   -0.216328    0.712820  0.000000  1.0
   -0.216328    0.714820  0.000000  1.0
   -0.216328    0.716820  0.000000  1.0
   -0.216328    0.718820  0.000000  1.0
   -0.216328    0.720820  0.000000  1.0
   -0.216328    0.722820  0.000000  1.0
   -0.216328    0.724820  0.000000  1.0
   -0.216328    0.726820  0.000000  1.0
   -0.216328    0.728820  0.000000  1.0
   -0.216328    0.730820  0.000000  1.0
   -0.216328    0.732820  0.000000  1.0
   -0.214328    0.652820  0.000000  1.0
   -0.214328    0.654820  0.000000  1.0
   -0.214328    0.656820  0.000000  1.0
   -0.214328    0.658820  0.000000  1.0
   -0.214328    0.660820  0.000000  1.0
   -0.214328    0.662820  0.000000  1.0
   -0.214328    0.664820  0.000000  1.0
   -0.214328    0.666820  0.000000  1.0
   -0.214328    0.668820  0.000000  1.0
   -0.214328    0.670820  0.000000  1.0
   -0.214328    0.672820  0.000000  1.0
   -0.214328    0.674820  0.000000  1.0
   -0.214328    0.676820  0.000000  1.0
   -0.214328    0.678820  0.000000  1.0
   -0.214328    0.680820  0.000000  1.0
   -0.214328    0.682820  0.000000  1.0
   -0.214328    0.684820  0.000000  1.0
   -0.214328    0.686820  0.000000  1.0
   -0.214328    0.688820  0.000000  1.0
   -0.214328    0.690820  0.000000  1.0
   -0.214328    0.692820  0.000000  1.0
   -0.214328    0.694820  0.000000  1.0
   -0.214328    0.696820  0.000000  1.0
   -0.214328    0.698820  0.000000  1.0
   -0.214328    0.700820  0.000000  1.0
   -0.214328    0.702820  0.000000  1.0
   -0.214328    0.704820  0.000000  1.0
   -0.214328    0.706820  0.000000  1.0
   -0.214328    0.708820  0.000000  1.0
   -0.214328    0.710820  0.000000  1.0
   -0.214328    0.712820  0.000000  1.0
   -0.214328    0.714820  0.000000  1.0
   -0.214328    0.716820  0.000000  1.0
   -0.214328    0.718820  0.000000  1.0
   -0.214328    0.720820  0.000000  1.0
   -0.214328    0.722820  0.000000  1.0
   -0.214328    0.724820  0.000000  1.0
   -0.214328    0.726820  0.000000  1.0
   -0.214328    0.728820  0.000000  1.0
   -0.214328    0.730820  0.000000  1.0
   -0.214328    0.732820  0.000000  1.0
   -0.212328    0.652820  0.000000  1.0
   -0.212328    0.654820  0.000000  1.0
   -0.212328    0.656820  0.000000  1.0
   -0.212328    0.658820  0.000000  1.0
   -0.212328    0.660820  0.000000  1.0
   -0.212328    0.662820  0.000000  1.0
   -0.212328    0.664820  0.000000  1.0
   -0.212328    0.666820  0.000000  1.0
   -0.212328    0.668820  0.000000  1.0
   -0.212328    0.670820  0.000000  1.0
   -0.212328    0.672820  0.000000  1.0
   -0.212328    0.674820  0.000000  1.0
   -0.212328    0.676820  0.000000  1.0
   -0.212328    0.678820  0.000000  1.0
   -0.212328    0.680820  0.000000  1.0
   -0.212328    0.682820  0.000000  1.0
   -0.212328    0.684820  0.000000  1.0
   -0.212328    0.686820  0.000000  1.0
   -0.212328    0.688820  0.000000  1.0
   -0.212328    0.690820  0.000000  1.0
   -0.212328    0.692820  0.000000  1.0
   -0.212328    0.694820  0.000000  1.0
   -0.212328    0.696820  0.000000  1.0
   -0.212328    0.698820  0.000000  1.0
   -0.212328    0.700820  0.000000  1.0
   -0.212328    0.702820  0.000000  1.0
   -0.212328    0.704820  0.000000  1.0
   -0.212328    0.706820  0.000000  1.0
   -0.212328    0.708820  0.000000  1.0
   -0.212328    0.710820  0.000000  1.0
   -0.212328    0.712820  0.000000  1.0
   -0.212328    0.714820  0.000000  1.0
   -0.212328    0.716820  0.000000  1.0
   -0.212328    0.718820  0.000000  1.0
   -0.212328    0.720820  0.000000  1.0
   -0.212328    0.722820  0.000000  1.0
   -0.212328    0.724820  0.000000  1.0
   -0.212328    0.726820  0.000000  1.0
   -0.212328    0.728820  0.000000  1.0
   -0.212328    0.730820  0.000000  1.0
   -0.212328    0.732820  0.000000  1.0
   -0.210328    0.652820  0.000000  1.0
   -0.210328    0.654820  0.000000  1.0
   -0.210328    0.656820  0.000000  1.0
   -0.210328    0.658820  0.000000  1.0
   -0.210328    0.660820  0.000000  1.0
   -0.210328    0.662820  0.000000  1.0
   -0.210328    0.664820  0.000000  1.0
   -0.210328    0.666820  0.000000  1.0
   -0.210328    0.668820  0.000000  1.0
   -0.210328    0.670820  0.000000  1.0
   -0.210328    0.672820  0.000000  1.0
   -0.210328    0.674820  0.000000  1.0
   -0.210328    0.676820  0.000000  1.0
   -0.210328    0.678820  0.000000  1.0
   -0.210328    0.680820  0.000000  1.0
   -0.210328    0.682820  0.000000  1.0
   -0.210328    0.684820  0.000000  1.0
   -0.210328    0.686820  0.000000  1.0
   -0.210328    0.688820  0.000000  1.0
   -0.210328    0.690820  0.000000  1.0
   -0.210328    0.692820  0.000000  1.0
   -0.210328    0.694820  0.000000  1.0
   -0.210328    0.696820  0.000000  1.0
   -0.210328    0.698820  0.000000  1.0
   -0.210328    0.700820  0.000000  1.0
   -0.210328    0.702820  0.000000  1.0
   -0.210328    0.704820  0.000000  1.0
   -0.210328    0.706820  0.000000  1.0
   -0.210328    0.708820  0.000000  1.0
   -0.210328    0.710820  0.000000  1.0
   -0.210328    0.712820  0.000000  1.0
   -0.210328    0.714820  0.000000  1.0
   -0.210328    0.716820  0.000000  1.0
   -0.210328    0.718820  0.000000  1.0
   -0.210328    0.720820  0.000000  1.0
   -0.210328    0.722820  0.000000  1.0
   -0.210328    0.724820  0.000000  1.0
   -0.210328    0.726820  0.000000  1.0
   -0.210328    0.728820  0.000000  1.0
   -0.210328    0.730820  0.000000  1.0
   -0.210328    0.732820  0.000000  1.0
   -0.208328    0.652820  0.000000  1.0
   -0.208328    0.654820  0.000000  1.0
   -0.208328    0.656820  0.000000  1.0
   -0.208328    0.658820  0.000000  1.0
   -0.208328    0.660820  0.000000  1.0
   -0.208328    0.662820  0.000000  1.0
   -0.208328    0.664820  0.000000  1.0
   -0.208328    0.666820  0.000000  1.0
   -0.208328    0.668820  0.000000  1.0
   -0.208328    0.670820  0.000000  1.0
   -0.208328    0.672820  0.000000  1.0
   -0.208328    0.674820  0.000000  1.0
   -0.208328    0.676820  0.000000  1.0
   -0.208328    0.678820  0.000000  1.0
   -0.208328    0.680820  0.000000  1.0
   -0.208328    0.682820  0.000000  1.0
   -0.208328    0.684820  0.000000  1.0
   -0.208328    0.686820  0.000000  1.0
   -0.208328    0.688820  0.000000  1.0
   -0.208328    0.690820  0.000000  1.0
   -0.208328    0.692820  0.000000  1.0
   -0.208328    0.694820  0.000000  1.0
   -0.208328    0.696820  0.000000  1.0
   -0.208328    0.698820  0.000000  1.0
   -0.208328    0.700820  0.000000  1.0
   -0.208328    0.702820  0.000000  1.0
   -0.208328    0.704820  0.000000  1.0
   -0.208328    0.706820  0.000000  1.0
   -0.208328    0.708820  0.000000  1.0
   -0.208328    0.710820  0.000000  1.0
   -0.208328    0.712820  0.000000  1.0
   -0.208328    0.714820  0.000000  1.0
   -0.208328    0.716820  0.000000  1.0
   -0.208328    0.718820  0.000000  1.0
   -0.208328    0.720820  0.000000  1.0
   -0.208328    0.722820  0.000000  1.0
   -0.208328    0.724820  0.000000  1.0
   -0.208328    0.726820  0.000000  1.0
   -0.208328    0.728820  0.000000  1.0
   -0.208328    0.730820  0.000000  1.0
   -0.208328    0.732820  0.000000  1.0
   -0.206328    0.652820  0.000000  1.0
   -0.206328    0.654820  0.000000  1.0
   -0.206328    0.656820  0.000000  1.0
   -0.206328    0.658820  0.000000  1.0
   -0.206328    0.660820  0.000000  1.0
   -0.206328    0.662820  0.000000  1.0
   -0.206328    0.664820  0.000000  1.0
   -0.206328    0.666820  0.000000  1.0
   -0.206328    0.668820  0.000000  1.0
   -0.206328    0.670820  0.000000  1.0
   -0.206328    0.672820  0.000000  1.0
   -0.206328    0.674820  0.000000  1.0
   -0.206328    0.676820  0.000000  1.0
   -0.206328    0.678820  0.000000  1.0
   -0.206328    0.680820  0.000000  1.0
   -0.206328    0.682820  0.000000  1.0
   -0.206328    0.684820  0.000000  1.0
   -0.206328    0.686820  0.000000  1.0
   -0.206328    0.688820  0.000000  1.0
   -0.206328    0.690820  0.000000  1.0
   -0.206328    0.692820  0.000000  1.0
   -0.206328    0.694820  0.000000  1.0
   -0.206328    0.696820  0.000000  1.0
   -0.206328    0.698820  0.000000  1.0
   -0.206328    0.700820  0.000000  1.0
   -0.206328    0.702820  0.000000  1.0
   -0.206328    0.704820  0.000000  1.0
   -0.206328    0.706820  0.000000  1.0
   -0.206328    0.708820  0.000000  1.0
   -0.206328    0.710820  0.000000  1.0
   -0.206328    0.712820  0.000000  1.0
   -0.206328    0.714820  0.000000  1.0
   -0.206328    0.716820  0.000000  1.0
   -0.206328    0.718820  0.000000  1.0
   -0.206328    0.720820  0.000000  1.0
   -0.206328    0.722820  0.000000  1.0
   -0.206328    0.724820  0.000000  1.0
   -0.206328    0.726820  0.000000  1.0
   -0.206328    0.728820  0.000000  1.0
   -0.206328    0.730820  0.000000  1.0
   -0.206328    0.732820  0.000000  1.0
   -0.204328    0.652820  0.000000  1.0
   -0.204328    0.654820  0.000000  1.0
   -0.204328    0.656820  0.000000  1.0
   -0.204328    0.658820  0.000000  1.0
   -0.204328    0.660820  0.000000  1.0
   -0.204328    0.662820  0.000000  1.0
   -0.204328    0.664820  0.000000  1.0
   -0.204328    0.666820  0.000000  1.0
   -0.204328    0.668820  0.000000  1.0
   -0.204328    0.670820  0.000000  1.0
   -0.204328    0.672820  0.000000  1.0
   -0.204328    0.674820  0.000000  1.0
   -0.204328    0.676820  0.000000  1.0
   -0.204328    0.678820  0.000000  1.0
   -0.204328    0.680820  0.000000  1.0
   -0.204328    0.682820  0.000000  1.0
   -0.204328    0.684820  0.000000  1.0
   -0.204328    0.686820  0.000000  1.0
   -0.204328    0.688820  0.000000  1.0
   -0.204328    0.690820  0.000000  1.0
   -0.204328    0.692820  0.000000  1.0
   -0.204328    0.694820  0.000000  1.0
   -0.204328    0.696820  0.000000  1.0
   -0.204328    0.698820  0.000000  1.0
   -0.204328    0.700820  0.000000  1.0
   -0.204328    0.702820  0.000000  1.0
   -0.204328    0.704820  0.000000  1.0
   -0.204328    0.706820  0.000000  1.0
   -0.204328    0.708820  0.000000  1.0
   -0.204328    0.710820  0.000000  1.0
   -0.204328    0.712820  0.000000  1.0
   -0.204328    0.714820  0.000000  1.0
   -0.204328    0.716820  0.000000  1.0
   -0.204328    0.718820  0.000000  1.0
   -0.204328    0.720820  0.000000  1.0
   -0.204328    0.722820  0.000000  1.0
   -0.204328    0.724820  0.000000  1.0
   -0.204328    0.726820  0.000000  1.0
   -0.204328    0.728820  0.000000  1.0
   -0.204328    0.730820  0.000000  1.0
   -0.204328    0.732820  0.000000  1.0
   -0.202328    0.652820  0.000000  1.0
   -0.202328    0.654820  0.000000  1.0
   -0.202328    0.656820  0.000000  1.0
   -0.202328    0.658820  0.000000  1.0
   -0.202328    0.660820  0.000000  1.0
   -0.202328    0.662820  0.000000  1.0
   -0.202328    0.664820  0.000000  1.0
   -0.202328    0.666820  0.000000  1.0
   -0.202328    0.668820  0.000000  1.0
   -0.202328    0.670820  0.000000  1.0
   -0.202328    0.672820  0.000000  1.0
   -0.202328    0.674820  0.000000  1.0
   -0.202328    0.676820  0.000000  1.0
   -0.202328    0.678820  0.000000  1.0
   -0.202328    0.680820  0.000000  1.0
   -0.202328    0.682820  0.000000  1.0
   -0.202328    0.684820  0.000000  1.0
   -0.202328    0.686820  0.000000  1.0
   -0.202328    0.688820  0.000000  1.0
   -0.202328    0.690820  0.000000  1.0
   -0.202328    0.692820  0.000000  1.0
   -0.202328    0.694820  0.000000  1.0
   -0.202328    0.696820  0.000000  1.0
   -0.202328    0.698820  0.000000  1.0
   -0.202328    0.700820  0.000000  1.0
   -0.202328    0.702820  0.000000  1.0
   -0.202328    0.704820  0.000000  1.0
   -0.202328    0.706820  0.000000  1.0
   -0.202328    0.708820  0.000000  1.0
   -0.202328    0.710820  0.000000  1.0
   -0.202328    0.712820  0.000000  1.0
   -0.202328    0.714820  0.000000  1.0
   -0.202328    0.716820  0.000000  1.0
   -0.202328    0.718820  0.000000  1.0
   -0.202328    0.720820  0.000000  1.0
   -0.202328    0.722820  0.000000  1.0
   -0.202328    0.724820  0.000000  1.0
   -0.202328    0.726820  0.000000  1.0
   -0.202328    0.728820  0.000000  1.0
   -0.202328    0.730820  0.000000  1.0
   -0.202328    0.732820  0.000000  1.0
   -0.200328    0.652820  0.000000  1.0
   -0.200328    0.654820  0.000000  1.0
   -0.200328    0.656820  0.000000  1.0
   -0.200328    0.658820  0.000000  1.0
   -0.200328    0.660820  0.000000  1.0
   -0.200328    0.662820  0.000000  1.0
   -0.200328    0.664820  0.000000  1.0
   -0.200328    0.666820  0.000000  1.0
   -0.200328    0.668820  0.000000  1.0
   -0.200328    0.670820  0.000000  1.0
   -0.200328    0.672820  0.000000  1.0
   -0.200328    0.674820  0.000000  1.0
   -0.200328    0.676820  0.000000  1.0
   -0.200328    0.678820  0.000000  1.0
   -0.200328    0.680820  0.000000  1.0
   -0.200328    0.682820  0.000000  1.0
   -0.200328    0.684820  0.000000  1.0
   -0.200328    0.686820  0.000000  1.0
   -0.200328    0.688820  0.000000  1.0
   -0.200328    0.690820  0.000000  1.0
   -0.200328    0.692820  0.000000  1.0
   -0.200328    0.694820  0.000000  1.0
   -0.200328    0.696820  0.000000  1.0
   -0.200328    0.698820  0.000000  1.0
   -0.200328    0.700820  0.000000  1.0
   -0.200328    0.702820  0.000000  1.0
   -0.200328    0.704820  0.000000  1.0
   -0.200328    0.706820  0.000000  1.0
   -0.200328    0.708820  0.000000  1.0
   -0.200328    0.710820  0.000000  1.0
   -0.200328    0.712820  0.000000  1.0
   -0.200328    0.714820  0.000000  1.0
   -0.200328    0.716820  0.000000  1.0
   -0.200328    0.718820  0.000000  1.0
   -0.200328    0.720820  0.000000  1.0
   -0.200328    0.722820  0.000000  1.0
   -0.200328    0.724820  0.000000  1.0
   -0.200328    0.726820  0.000000  1.0
   -0.200328    0.728820  0.000000  1.0
   -0.200328    0.730820  0.000000  1.0
   -0.200328    0.732820  0.000000  1.0
   -0.198328    0.652820  0.000000  1.0
   -0.198328    0.654820  0.000000  1.0
   -0.198328    0.656820  0.000000  1.0
   -0.198328    0.658820  0.000000  1.0
   -0.198328    0.660820  0.000000  1.0
   -0.198328    0.662820  0.000000  1.0
   -0.198328    0.664820  0.000000  1.0
   -0.198328    0.666820  0.000000  1.0
   -0.198328    0.668820  0.000000  1.0
   -0.198328    0.670820  0.000000  1.0
   -0.198328    0.672820  0.000000  1.0
   -0.198328    0.674820  0.000000  1.0
   -0.198328    0.676820  0.000000  1.0
   -0.198328    0.678820  0.000000  1.0
   -0.198328    0.680820  0.000000  1.0
   -0.198328    0.682820  0.000000  1.0
   -0.198328    0.684820  0.000000  1.0
   -0.198328    0.686820  0.000000  1.0
   -0.198328    0.688820  0.000000  1.0
   -0.198328    0.690820  0.000000  1.0
   -0.198328    0.692820  0.000000  1.0
   -0.198328    0.694820  0.000000  1.0
   -0.198328    0.696820  0.000000  1.0
   -0.198328    0.698820  0.000000  1.0
   -0.198328    0.700820  0.000000  1.0
   -0.198328    0.702820  0.000000  1.0
   -0.198328    0.704820  0.000000  1.0
   -0.198328    0.706820  0.000000  1.0
   -0.198328    0.708820  0.000000  1.0
   -0.198328    0.710820  0.000000  1.0
   -0.198328    0.712820  0.000000  1.0
   -0.198328    0.714820  0.000000  1.0
   -0.198328    0.716820  0.000000  1.0
   -0.198328    0.718820  0.000000  1.0
   -0.198328    0.720820  0.000000  1.0
   -0.198328    0.722820  0.000000  1.0
   -0.198328    0.724820  0.000000  1.0
   -0.198328    0.726820  0.000000  1.0
   -0.198328    0.728820  0.000000  1.0
   -0.198328    0.730820  0.000000  1.0
   -0.198328    0.732820  0.000000  1.0
   -0.196328    0.652820  0.000000  1.0
   -0.196328    0.654820  0.000000  1.0
   -0.196328    0.656820  0.000000  1.0
   -0.196328    0.658820  0.000000  1.0
   -0.196328    0.660820  0.000000  1.0
   -0.196328    0.662820  0.000000  1.0
   -0.196328    0.664820  0.000000  1.0
   -0.196328    0.666820  0.000000  1.0
   -0.196328    0.668820  0.000000  1.0
   -0.196328    0.670820  0.000000  1.0
   -0.196328    0.672820  0.000000  1.0
   -0.196328    0.674820  0.000000  1.0
   -0.196328    0.676820  0.000000  1.0
   -0.196328    0.678820  0.000000  1.0
   -0.196328    0.680820  0.000000  1.0
   -0.196328    0.682820  0.000000  1.0
   -0.196328    0.684820  0.000000  1.0
   -0.196328    0.686820  0.000000  1.0
   -0.196328    0.688820  0.000000  1.0
   -0.196328    0.690820  0.000000  1.0
   -0.196328    0.692820  0.000000  1.0
   -0.196328    0.694820  0.000000  1.0
   -0.196328    0.696820  0.000000  1.0
   -0.196328    0.698820  0.000000  1.0
   -0.196328    0.700820  0.000000  1.0
   -0.196328    0.702820  0.000000  1.0
   -0.196328    0.704820  0.000000  1.0
   -0.196328    0.706820  0.000000  1.0
   -0.196328    0.708820  0.000000  1.0
   -0.196328    0.710820  0.000000  1.0
   -0.196328    0.712820  0.000000  1.0
   -0.196328    0.714820  0.000000  1.0
   -0.196328    0.716820  0.000000  1.0
   -0.196328    0.718820  0.000000  1.0
   -0.196328    0.720820  0.000000  1.0
   -0.196328    0.722820  0.000000  1.0
   -0.196328    0.724820  0.000000  1.0
   -0.196328    0.726820  0.000000  1.0
   -0.196328    0.728820  0.000000  1.0
   -0.196328    0.730820  0.000000  1.0
   -0.196328    0.732820  0.000000  1.0
   -0.194328    0.652820  0.000000  1.0
   -0.194328    0.654820  0.000000  1.0
   -0.194328    0.656820  0.000000  1.0
   -0.194328    0.658820  0.000000  1.0
   -0.194328    0.660820  0.000000  1.0
   -0.194328    0.662820  0.000000  1.0
   -0.194328    0.664820  0.000000  1.0
   -0.194328    0.666820  0.000000  1.0
   -0.194328    0.668820  0.000000  1.0
   -0.194328    0.670820  0.000000  1.0
   -0.194328    0.672820  0.000000  1.0
   -0.194328    0.674820  0.000000  1.0
   -0.194328    0.676820  0.000000  1.0
   -0.194328    0.678820  0.000000  1.0
   -0.194328    0.680820  0.000000  1.0
   -0.194328    0.682820  0.000000  1.0
   -0.194328    0.684820  0.000000  1.0
   -0.194328    0.686820  0.000000  1.0
   -0.194328    0.688820  0.000000  1.0
   -0.194328    0.690820  0.000000  1.0
   -0.194328    0.692820  0.000000  1.0
   -0.194328    0.694820  0.000000  1.0
   -0.194328    0.696820  0.000000  1.0
   -0.194328    0.698820  0.000000  1.0
   -0.194328    0.700820  0.000000  1.0
   -0.194328    0.702820  0.000000  1.0
   -0.194328    0.704820  0.000000  1.0
   -0.194328    0.706820  0.000000  1.0
   -0.194328    0.708820  0.000000  1.0
   -0.194328    0.710820  0.000000  1.0
   -0.194328    0.712820  0.000000  1.0
   -0.194328    0.714820  0.000000  1.0
   -0.194328    0.716820  0.000000  1.0
   -0.194328    0.718820  0.000000  1.0
   -0.194328    0.720820  0.000000  1.0
   -0.194328    0.722820  0.000000  1.0
   -0.194328    0.724820  0.000000  1.0
   -0.194328    0.726820  0.000000  1.0
   -0.194328    0.728820  0.000000  1.0
   -0.194328    0.730820  0.000000  1.0
   -0.194328    0.732820  0.000000  1.0
   -0.192328    0.652820  0.000000  1.0
   -0.192328    0.654820  0.000000  1.0
   -0.192328    0.656820  0.000000  1.0
   -0.192328    0.658820  0.000000  1.0
   -0.192328    0.660820  0.000000  1.0
   -0.192328    0.662820  0.000000  1.0
   -0.192328    0.664820  0.000000  1.0
   -0.192328    0.666820  0.000000  1.0
   -0.192328    0.668820  0.000000  1.0
   -0.192328    0.670820  0.000000  1.0
   -0.192328    0.672820  0.000000  1.0
   -0.192328    0.674820  0.000000  1.0
   -0.192328    0.676820  0.000000  1.0
   -0.192328    0.678820  0.000000  1.0
   -0.192328    0.680820  0.000000  1.0
   -0.192328    0.682820  0.000000  1.0
   -0.192328    0.684820  0.000000  1.0
   -0.192328    0.686820  0.000000  1.0
   -0.192328    0.688820  0.000000  1.0
   -0.192328    0.690820  0.000000  1.0
   -0.192328    0.692820  0.000000  1.0
   -0.192328    0.694820  0.000000  1.0
   -0.192328    0.696820  0.000000  1.0
   -0.192328    0.698820  0.000000  1.0
   -0.192328    0.700820  0.000000  1.0
   -0.192328    0.702820  0.000000  1.0
   -0.192328    0.704820  0.000000  1.0
   -0.192328    0.706820  0.000000  1.0
   -0.192328    0.708820  0.000000  1.0
   -0.192328    0.710820  0.000000  1.0
   -0.192328    0.712820  0.000000  1.0
   -0.192328    0.714820  0.000000  1.0
   -0.192328    0.716820  0.000000  1.0
   -0.192328    0.718820  0.000000  1.0
   -0.192328    0.720820  0.000000  1.0
   -0.192328    0.722820  0.000000  1.0
   -0.192328    0.724820  0.000000  1.0
   -0.192328    0.726820  0.000000  1.0
   -0.192328    0.728820  0.000000  1.0
   -0.192328    0.730820  0.000000  1.0
   -0.192328    0.732820  0.000000  1.0
   -0.190328    0.652820  0.000000  1.0
   -0.190328    0.654820  0.000000  1.0
   -0.190328    0.656820  0.000000  1.0
   -0.190328    0.658820  0.000000  1.0
   -0.190328    0.660820  0.000000  1.0
   -0.190328    0.662820  0.000000  1.0
   -0.190328    0.664820  0.000000  1.0
   -0.190328    0.666820  0.000000  1.0
   -0.190328    0.668820  0.000000  1.0
   -0.190328    0.670820  0.000000  1.0
   -0.190328    0.672820  0.000000  1.0
   -0.190328    0.674820  0.000000  1.0
   -0.190328    0.676820  0.000000  1.0
   -0.190328    0.678820  0.000000  1.0
   -0.190328    0.680820  0.000000  1.0
   -0.190328    0.682820  0.000000  1.0
   -0.190328    0.684820  0.000000  1.0
   -0.190328    0.686820  0.000000  1.0
   -0.190328    0.688820  0.000000  1.0
   -0.190328    0.690820  0.000000  1.0
   -0.190328    0.692820  0.000000  1.0
   -0.190328    0.694820  0.000000  1.0
   -0.190328    0.696820  0.000000  1.0
   -0.190328    0.698820  0.000000  1.0
   -0.190328    0.700820  0.000000  1.0
   -0.190328    0.702820  0.000000  1.0
   -0.190328    0.704820  0.000000  1.0
   -0.190328    0.706820  0.000000  1.0
   -0.190328    0.708820  0.000000  1.0
   -0.190328    0.710820  0.000000  1.0
   -0.190328    0.712820  0.000000  1.0
   -0.190328    0.714820  0.000000  1.0
   -0.190328    0.716820  0.000000  1.0
   -0.190328    0.718820  0.000000  1.0
   -0.190328    0.720820  0.000000  1.0
   -0.190328    0.722820  0.000000  1.0
   -0.190328    0.724820  0.000000  1.0
   -0.190328    0.726820  0.000000  1.0
   -0.190328    0.728820  0.000000  1.0
   -0.190328    0.730820  0.000000  1.0
   -0.190328    0.732820  0.000000  1.0
   -0.188328    0.652820  0.000000  1.0
   -0.188328    0.654820  0.000000  1.0
   -0.188328    0.656820  0.000000  1.0
   -0.188328    0.658820  0.000000  1.0
   -0.188328    0.660820  0.000000  1.0
   -0.188328    0.662820  0.000000  1.0
   -0.188328    0.664820  0.000000  1.0
   -0.188328    0.666820  0.000000  1.0
   -0.188328    0.668820  0.000000  1.0
   -0.188328    0.670820  0.000000  1.0
   -0.188328    0.672820  0.000000  1.0
   -0.188328    0.674820  0.000000  1.0
   -0.188328    0.676820  0.000000  1.0
   -0.188328    0.678820  0.000000  1.0
   -0.188328    0.680820  0.000000  1.0
   -0.188328    0.682820  0.000000  1.0
   -0.188328    0.684820  0.000000  1.0
   -0.188328    0.686820  0.000000  1.0
   -0.188328    0.688820  0.000000  1.0
   -0.188328    0.690820  0.000000  1.0
   -0.188328    0.692820  0.000000  1.0
   -0.188328    0.694820  0.000000  1.0
   -0.188328    0.696820  0.000000  1.0
   -0.188328    0.698820  0.000000  1.0
   -0.188328    0.700820  0.000000  1.0
   -0.188328    0.702820  0.000000  1.0
   -0.188328    0.704820  0.000000  1.0
   -0.188328    0.706820  0.000000  1.0
   -0.188328    0.708820  0.000000  1.0
   -0.188328    0.710820  0.000000  1.0
   -0.188328    0.712820  0.000000  1.0
   -0.188328    0.714820  0.000000  1.0
   -0.188328    0.716820  0.000000  1.0
   -0.188328    0.718820  0.000000  1.0
   -0.188328    0.720820  0.000000  1.0
   -0.188328    0.722820  0.000000  1.0
   -0.188328    0.724820  0.000000  1.0
   -0.188328    0.726820  0.000000  1.0
   -0.188328    0.728820  0.000000  1.0
   -0.188328    0.730820  0.000000  1.0
   -0.188328    0.732820  0.000000  1.0
   -0.186328    0.652820  0.000000  1.0
   -0.186328    0.654820  0.000000  1.0
   -0.186328    0.656820  0.000000  1.0
   -0.186328    0.658820  0.000000  1.0
   -0.186328    0.660820  0.000000  1.0
   -0.186328    0.662820  0.000000  1.0
   -0.186328    0.664820  0.000000  1.0
   -0.186328    0.666820  0.000000  1.0
   -0.186328    0.668820  0.000000  1.0
   -0.186328    0.670820  0.000000  1.0
   -0.186328    0.672820  0.000000  1.0
   -0.186328    0.674820  0.000000  1.0
   -0.186328    0.676820  0.000000  1.0
   -0.186328    0.678820  0.000000  1.0
   -0.186328    0.680820  0.000000  1.0
   -0.186328    0.682820  0.000000  1.0
   -0.186328    0.684820  0.000000  1.0
   -0.186328    0.686820  0.000000  1.0
   -0.186328    0.688820  0.000000  1.0
   -0.186328    0.690820  0.000000  1.0
   -0.186328    0.692820  0.000000  1.0
   -0.186328    0.694820  0.000000  1.0
   -0.186328    0.696820  0.000000  1.0
   -0.186328    0.698820  0.000000  1.0
   -0.186328    0.700820  0.000000  1.0
   -0.186328    0.702820  0.000000  1.0
   -0.186328    0.704820  0.000000  1.0
   -0.186328    0.706820  0.000000  1.0
   -0.186328    0.708820  0.000000  1.0
   -0.186328    0.710820  0.000000  1.0
   -0.186328    0.712820  0.000000  1.0
   -0.186328    0.714820  0.000000  1.0
   -0.186328    0.716820  0.000000  1.0
   -0.186328    0.718820  0.000000  1.0
   -0.186328    0.720820  0.000000  1.0
   -0.186328    0.722820  0.000000  1.0
   -0.186328    0.724820  0.000000  1.0
   -0.186328    0.726820  0.000000  1.0
   -0.186328    0.728820  0.000000  1.0
   -0.186328    0.730820  0.000000  1.0
   -0.186328    0.732820  0.000000  1.0
   -0.184328    0.652820  0.000000  1.0
   -0.184328    0.654820  0.000000  1.0
   -0.184328    0.656820  0.000000  1.0
   -0.184328    0.658820  0.000000  1.0
   -0.184328    0.660820  0.000000  1.0
   -0.184328    0.662820  0.000000  1.0
   -0.184328    0.664820  0.000000  1.0
   -0.184328    0.666820  0.000000  1.0
   -0.184328    0.668820  0.000000  1.0
   -0.184328    0.670820  0.000000  1.0
   -0.184328    0.672820  0.000000  1.0
   -0.184328    0.674820  0.000000  1.0
   -0.184328    0.676820  0.000000  1.0
   -0.184328    0.678820  0.000000  1.0
   -0.184328    0.680820  0.000000  1.0
   -0.184328    0.682820  0.000000  1.0
   -0.184328    0.684820  0.000000  1.0
   -0.184328    0.686820  0.000000  1.0
   -0.184328    0.688820  0.000000  1.0
   -0.184328    0.690820  0.000000  1.0
   -0.184328    0.692820  0.000000  1.0
   -0.184328    0.694820  0.000000  1.0
   -0.184328    0.696820  0.000000  1.0
   -0.184328    0.698820  0.000000  1.0
   -0.184328    0.700820  0.000000  1.0
   -0.184328    0.702820  0.000000  1.0
   -0.184328    0.704820  0.000000  1.0
   -0.184328    0.706820  0.000000  1.0
   -0.184328    0.708820  0.000000  1.0
   -0.184328    0.710820  0.000000  1.0
   -0.184328    0.712820  0.000000  1.0
   -0.184328    0.714820  0.000000  1.0
   -0.184328    0.716820  0.000000  1.0
   -0.184328    0.718820  0.000000  1.0
   -0.184328    0.720820  0.000000  1.0
   -0.184328    0.722820  0.000000  1.0
   -0.184328    0.724820  0.000000  1.0
   -0.184328    0.726820  0.000000  1.0
   -0.184328    0.728820  0.000000  1.0
   -0.184328    0.730820  0.000000  1.0
   -0.184328    0.732820  0.000000  1.0
   -0.182328    0.652820  0.000000  1.0
   -0.182328    0.654820  0.000000  1.0
   -0.182328    0.656820  0.000000  1.0
   -0.182328    0.658820  0.000000  1.0
   -0.182328    0.660820  0.000000  1.0
   -0.182328    0.662820  0.000000  1.0
   -0.182328    0.664820  0.000000  1.0
   -0.182328    0.666820  0.000000  1.0
   -0.182328    0.668820  0.000000  1.0
   -0.182328    0.670820  0.000000  1.0
   -0.182328    0.672820  0.000000  1.0
   -0.182328    0.674820  0.000000  1.0
   -0.182328    0.676820  0.000000  1.0
   -0.182328    0.678820  0.000000  1.0
   -0.182328    0.680820  0.000000  1.0
   -0.182328    0.682820  0.000000  1.0
   -0.182328    0.684820  0.000000  1.0
   -0.182328    0.686820  0.000000  1.0
   -0.182328    0.688820  0.000000  1.0
   -0.182328    0.690820  0.000000  1.0
   -0.182328    0.692820  0.000000  1.0
   -0.182328    0.694820  0.000000  1.0
   -0.182328    0.696820  0.000000  1.0
   -0.182328    0.698820  0.000000  1.0
   -0.182328    0.700820  0.000000  1.0
   -0.182328    0.702820  0.000000  1.0
   -0.182328    0.704820  0.000000  1.0
   -0.182328    0.706820  0.000000  1.0
   -0.182328    0.708820  0.000000  1.0
   -0.182328    0.710820  0.000000  1.0
   -0.182328    0.712820  0.000000  1.0
   -0.182328    0.714820  0.000000  1.0
   -0.182328    0.716820  0.000000  1.0
   -0.182328    0.718820  0.000000  1.0
   -0.182328    0.720820  0.000000  1.0
   -0.182328    0.722820  0.000000  1.0
   -0.182328    0.724820  0.000000  1.0
   -0.182328    0.726820  0.000000  1.0
   -0.182328    0.728820  0.000000  1.0
   -0.182328    0.730820  0.000000  1.0
   -0.182328    0.732820  0.000000  1.0
   -0.180328    0.652820  0.000000  1.0
   -0.180328    0.654820  0.000000  1.0
   -0.180328    0.656820  0.000000  1.0
   -0.180328    0.658820  0.000000  1.0
   -0.180328    0.660820  0.000000  1.0
   -0.180328    0.662820  0.000000  1.0
   -0.180328    0.664820  0.000000  1.0
   -0.180328    0.666820  0.000000  1.0
   -0.180328    0.668820  0.000000  1.0
   -0.180328    0.670820  0.000000  1.0
   -0.180328    0.672820  0.000000  1.0
   -0.180328    0.674820  0.000000  1.0
   -0.180328    0.676820  0.000000  1.0
   -0.180328    0.678820  0.000000  1.0
   -0.180328    0.680820  0.000000  1.0
   -0.180328    0.682820  0.000000  1.0
   -0.180328    0.684820  0.000000  1.0
   -0.180328    0.686820  0.000000  1.0
   -0.180328    0.688820  0.000000  1.0
   -0.180328    0.690820  0.000000  1.0
   -0.180328    0.692820  0.000000  1.0
   -0.180328    0.694820  0.000000  1.0
   -0.180328    0.696820  0.000000  1.0
   -0.180328    0.698820  0.000000  1.0
   -0.180328    0.700820  0.000000  1.0
   -0.180328    0.702820  0.000000  1.0
   -0.180328    0.704820  0.000000  1.0
   -0.180328    0.706820  0.000000  1.0
   -0.180328    0.708820  0.000000  1.0
   -0.180328    0.710820  0.000000  1.0
   -0.180328    0.712820  0.000000  1.0
   -0.180328    0.714820  0.000000  1.0
   -0.180328    0.716820  0.000000  1.0
   -0.180328    0.718820  0.000000  1.0
   -0.180328    0.720820  0.000000  1.0
   -0.180328    0.722820  0.000000  1.0
   -0.180328    0.724820  0.000000  1.0
   -0.180328    0.726820  0.000000  1.0
   -0.180328    0.728820  0.000000  1.0
   -0.180328    0.730820  0.000000  1.0
   -0.180328    0.732820  0.000000  1.0
   -0.178328    0.652820  0.000000  1.0
   -0.178328    0.654820  0.000000  1.0
   -0.178328    0.656820  0.000000  1.0
   -0.178328    0.658820  0.000000  1.0
   -0.178328    0.660820  0.000000  1.0
   -0.178328    0.662820  0.000000  1.0
   -0.178328    0.664820  0.000000  1.0
   -0.178328    0.666820  0.000000  1.0
   -0.178328    0.668820  0.000000  1.0
   -0.178328    0.670820  0.000000  1.0
   -0.178328    0.672820  0.000000  1.0
   -0.178328    0.674820  0.000000  1.0
   -0.178328    0.676820  0.000000  1.0
   -0.178328    0.678820  0.000000  1.0
   -0.178328    0.680820  0.000000  1.0
   -0.178328    0.682820  0.000000  1.0
   -0.178328    0.684820  0.000000  1.0
   -0.178328    0.686820  0.000000  1.0
   -0.178328    0.688820  0.000000  1.0
   -0.178328    0.690820  0.000000  1.0
   -0.178328    0.692820  0.000000  1.0
   -0.178328    0.694820  0.000000  1.0
   -0.178328    0.696820  0.000000  1.0
   -0.178328    0.698820  0.000000  1.0
   -0.178328    0.700820  0.000000  1.0
   -0.178328    0.702820  0.000000  1.0
   -0.178328    0.704820  0.000000  1.0
   -0.178328    0.706820  0.000000  1.0
   -0.178328    0.708820  0.000000  1.0
   -0.178328    0.710820  0.000000  1.0
   -0.178328    0.712820  0.000000  1.0
   -0.178328    0.714820  0.000000  1.0
   -0.178328    0.716820  0.000000  1.0
   -0.178328    0.718820  0.000000  1.0
   -0.178328    0.720820  0.000000  1.0
   -0.178328    0.722820  0.000000  1.0
   -0.178328    0.724820  0.000000  1.0
   -0.178328    0.726820  0.000000  1.0
   -0.178328    0.728820  0.000000  1.0
   -0.178328    0.730820  0.000000  1.0
   -0.178328    0.732820  0.000000  1.0
   -0.176328    0.652820  0.000000  1.0
   -0.176328    0.654820  0.000000  1.0
   -0.176328    0.656820  0.000000  1.0
   -0.176328    0.658820  0.000000  1.0
   -0.176328    0.660820  0.000000  1.0
   -0.176328    0.662820  0.000000  1.0
   -0.176328    0.664820  0.000000  1.0
   -0.176328    0.666820  0.000000  1.0
   -0.176328    0.668820  0.000000  1.0
   -0.176328    0.670820  0.000000  1.0
   -0.176328    0.672820  0.000000  1.0
   -0.176328    0.674820  0.000000  1.0
   -0.176328    0.676820  0.000000  1.0
   -0.176328    0.678820  0.000000  1.0
   -0.176328    0.680820  0.000000  1.0
   -0.176328    0.682820  0.000000  1.0
   -0.176328    0.684820  0.000000  1.0
   -0.176328    0.686820  0.000000  1.0
   -0.176328    0.688820  0.000000  1.0
   -0.176328    0.690820  0.000000  1.0
   -0.176328    0.692820  0.000000  1.0
   -0.176328    0.694820  0.000000  1.0
   -0.176328    0.696820  0.000000  1.0
   -0.176328    0.698820  0.000000  1.0
   -0.176328    0.700820  0.000000  1.0
   -0.176328    0.702820  0.000000  1.0
   -0.176328    0.704820  0.000000  1.0
   -0.176328    0.706820  0.000000  1.0
   -0.176328    0.708820  0.000000  1.0
   -0.176328    0.710820  0.000000  1.0
   -0.176328    0.712820  0.000000  1.0
   -0.176328    0.714820  0.000000  1.0
   -0.176328    0.716820  0.000000  1.0
   -0.176328    0.718820  0.000000  1.0
   -0.176328    0.720820  0.000000  1.0
   -0.176328    0.722820  0.000000  1.0
   -0.176328    0.724820  0.000000  1.0
   -0.176328    0.726820  0.000000  1.0
   -0.176328    0.728820  0.000000  1.0
   -0.176328    0.730820  0.000000  1.0
   -0.176328    0.732820  0.000000  1.0
   -0.174328    0.652820  0.000000  1.0
   -0.174328    0.654820  0.000000  1.0
   -0.174328    0.656820  0.000000  1.0
   -0.174328    0.658820  0.000000  1.0
   -0.174328    0.660820  0.000000  1.0
   -0.174328    0.662820  0.000000  1.0
   -0.174328    0.664820  0.000000  1.0
   -0.174328    0.666820  0.000000  1.0
   -0.174328    0.668820  0.000000  1.0
   -0.174328    0.670820  0.000000  1.0
   -0.174328    0.672820  0.000000  1.0
   -0.174328    0.674820  0.000000  1.0
   -0.174328    0.676820  0.000000  1.0
   -0.174328    0.678820  0.000000  1.0
   -0.174328    0.680820  0.000000  1.0
   -0.174328    0.682820  0.000000  1.0
   -0.174328    0.684820  0.000000  1.0
   -0.174328    0.686820  0.000000  1.0
   -0.174328    0.688820  0.000000  1.0
   -0.174328    0.690820  0.000000  1.0
   -0.174328    0.692820  0.000000  1.0
   -0.174328    0.694820  0.000000  1.0
   -0.174328    0.696820  0.000000  1.0
   -0.174328    0.698820  0.000000  1.0
   -0.174328    0.700820  0.000000  1.0
   -0.174328    0.702820  0.000000  1.0
   -0.174328    0.704820  0.000000  1.0
   -0.174328    0.706820  0.000000  1.0
   -0.174328    0.708820  0.000000  1.0
   -0.174328    0.710820  0.000000  1.0
   -0.174328    0.712820  0.000000  1.0
   -0.174328    0.714820  0.000000  1.0
   -0.174328    0.716820  0.000000  1.0
   -0.174328    0.718820  0.000000  1.0
   -0.174328    0.720820  0.000000  1.0
   -0.174328    0.722820  0.000000  1.0
   -0.174328    0.724820  0.000000  1.0
   -0.174328    0.726820  0.000000  1.0
   -0.174328    0.728820  0.000000  1.0
   -0.174328    0.730820  0.000000  1.0
   -0.174328    0.732820  0.000000  1.0
   -0.172328    0.652820  0.000000  1.0
   -0.172328    0.654820  0.000000  1.0
   -0.172328    0.656820  0.000000  1.0
   -0.172328    0.658820  0.000000  1.0
   -0.172328    0.660820  0.000000  1.0
   -0.172328    0.662820  0.000000  1.0
   -0.172328    0.664820  0.000000  1.0
   -0.172328    0.666820  0.000000  1.0
   -0.172328    0.668820  0.000000  1.0
   -0.172328    0.670820  0.000000  1.0
   -0.172328    0.672820  0.000000  1.0
   -0.172328    0.674820  0.000000  1.0
   -0.172328    0.676820  0.000000  1.0
   -0.172328    0.678820  0.000000  1.0
   -0.172328    0.680820  0.000000  1.0
   -0.172328    0.682820  0.000000  1.0
   -0.172328    0.684820  0.000000  1.0
   -0.172328    0.686820  0.000000  1.0
   -0.172328    0.688820  0.000000  1.0
   -0.172328    0.690820  0.000000  1.0
   -0.172328    0.692820  0.000000  1.0
   -0.172328    0.694820  0.000000  1.0
   -0.172328    0.696820  0.000000  1.0
   -0.172328    0.698820  0.000000  1.0
   -0.172328    0.700820  0.000000  1.0
   -0.172328    0.702820  0.000000  1.0
   -0.172328    0.704820  0.000000  1.0
   -0.172328    0.706820  0.000000  1.0
   -0.172328    0.708820  0.000000  1.0
   -0.172328    0.710820  0.000000  1.0
   -0.172328    0.712820  0.000000  1.0
   -0.172328    0.714820  0.000000  1.0
   -0.172328    0.716820  0.000000  1.0
   -0.172328    0.718820  0.000000  1.0
   -0.172328    0.720820  0.000000  1.0
   -0.172328    0.722820  0.000000  1.0
   -0.172328    0.724820  0.000000  1.0
   -0.172328    0.726820  0.000000  1.0
   -0.172328    0.728820  0.000000  1.0
   -0.172328    0.730820  0.000000  1.0
   -0.172328    0.732820  0.000000  1.0
   -0.170328    0.652820  0.000000  1.0
   -0.170328    0.654820  0.000000  1.0
   -0.170328    0.656820  0.000000  1.0
   -0.170328    0.658820  0.000000  1.0
   -0.170328    0.660820  0.000000  1.0
   -0.170328    0.662820  0.000000  1.0
   -0.170328    0.664820  0.000000  1.0
   -0.170328    0.666820  0.000000  1.0
   -0.170328    0.668820  0.000000  1.0
   -0.170328    0.670820  0.000000  1.0
   -0.170328    0.672820  0.000000  1.0
   -0.170328    0.674820  0.000000  1.0
   -0.170328    0.676820  0.000000  1.0
   -0.170328    0.678820  0.000000  1.0
   -0.170328    0.680820  0.000000  1.0
   -0.170328    0.682820  0.000000  1.0
   -0.170328    0.684820  0.000000  1.0
   -0.170328    0.686820  0.000000  1.0
   -0.170328    0.688820  0.000000  1.0
   -0.170328    0.690820  0.000000  1.0
   -0.170328    0.692820  0.000000  1.0
   -0.170328    0.694820  0.000000  1.0
   -0.170328    0.696820  0.000000  1.0
   -0.170328    0.698820  0.000000  1.0
   -0.170328    0.700820  0.000000  1.0
   -0.170328    0.702820  0.000000  1.0
   -0.170328    0.704820  0.000000  1.0
   -0.170328    0.706820  0.000000  1.0
   -0.170328    0.708820  0.000000  1.0
   -0.170328    0.710820  0.000000  1.0
   -0.170328    0.712820  0.000000  1.0
   -0.170328    0.714820  0.000000  1.0
   -0.170328    0.716820  0.000000  1.0
   -0.170328    0.718820  0.000000  1.0
   -0.170328    0.720820  0.000000  1.0
   -0.170328    0.722820  0.000000  1.0
   -0.170328    0.724820  0.000000  1.0
   -0.170328    0.726820  0.000000  1.0
   -0.170328    0.728820  0.000000  1.0
   -0.170328    0.730820  0.000000  1.0
   -0.170328    0.732820  0.000000  1.0
   -0.168328    0.652820  0.000000  1.0
   -0.168328    0.654820  0.000000  1.0
   -0.168328    0.656820  0.000000  1.0
   -0.168328    0.658820  0.000000  1.0
   -0.168328    0.660820  0.000000  1.0
   -0.168328    0.662820  0.000000  1.0
   -0.168328    0.664820  0.000000  1.0
   -0.168328    0.666820  0.000000  1.0
   -0.168328    0.668820  0.000000  1.0
   -0.168328    0.670820  0.000000  1.0
   -0.168328    0.672820  0.000000  1.0
   -0.168328    0.674820  0.000000  1.0
   -0.168328    0.676820  0.000000  1.0
   -0.168328    0.678820  0.000000  1.0
   -0.168328    0.680820  0.000000  1.0
   -0.168328    0.682820  0.000000  1.0
   -0.168328    0.684820  0.000000  1.0
   -0.168328    0.686820  0.000000  1.0
   -0.168328    0.688820  0.000000  1.0
   -0.168328    0.690820  0.000000  1.0
   -0.168328    0.692820  0.000000  1.0
   -0.168328    0.694820  0.000000  1.0
   -0.168328    0.696820  0.000000  1.0
   -0.168328    0.698820  0.000000  1.0
   -0.168328    0.700820  0.000000  1.0
   -0.168328    0.702820  0.000000  1.0
   -0.168328    0.704820  0.000000  1.0
   -0.168328    0.706820  0.000000  1.0
   -0.168328    0.708820  0.000000  1.0
   -0.168328    0.710820  0.000000  1.0
   -0.168328    0.712820  0.000000  1.0
   -0.168328    0.714820  0.000000  1.0
   -0.168328    0.716820  0.000000  1.0
   -0.168328    0.718820  0.000000  1.0
   -0.168328    0.720820  0.000000  1.0
   -0.168328    0.722820  0.000000  1.0
   -0.168328    0.724820  0.000000  1.0
   -0.168328    0.726820  0.000000  1.0
   -0.168328    0.728820  0.000000  1.0
   -0.168328    0.730820  0.000000  1.0
   -0.168328    0.732820  0.000000  1.0
   -0.166328    0.652820  0.000000  1.0
   -0.166328    0.654820  0.000000  1.0
   -0.166328    0.656820  0.000000  1.0
   -0.166328    0.658820  0.000000  1.0
   -0.166328    0.660820  0.000000  1.0
   -0.166328    0.662820  0.000000  1.0
   -0.166328    0.664820  0.000000  1.0
   -0.166328    0.666820  0.000000  1.0
   -0.166328    0.668820  0.000000  1.0
   -0.166328    0.670820  0.000000  1.0
   -0.166328    0.672820  0.000000  1.0
   -0.166328    0.674820  0.000000  1.0
   -0.166328    0.676820  0.000000  1.0
   -0.166328    0.678820  0.000000  1.0
   -0.166328    0.680820  0.000000  1.0
   -0.166328    0.682820  0.000000  1.0
   -0.166328    0.684820  0.000000  1.0
   -0.166328    0.686820  0.000000  1.0
   -0.166328    0.688820  0.000000  1.0
   -0.166328    0.690820  0.000000  1.0
   -0.166328    0.692820  0.000000  1.0
   -0.166328    0.694820  0.000000  1.0
   -0.166328    0.696820  0.000000  1.0
   -0.166328    0.698820  0.000000  1.0
   -0.166328    0.700820  0.000000  1.0
   -0.166328    0.702820  0.000000  1.0
   -0.166328    0.704820  0.000000  1.0
   -0.166328    0.706820  0.000000  1.0
   -0.166328    0.708820  0.000000  1.0
   -0.166328    0.710820  0.000000  1.0
   -0.166328    0.712820  0.000000  1.0
   -0.166328    0.714820  0.000000  1.0
   -0.166328    0.716820  0.000000  1.0
   -0.166328    0.718820  0.000000  1.0
   -0.166328    0.720820  0.000000  1.0
   -0.166328    0.722820  0.000000  1.0
   -0.166328    0.724820  0.000000  1.0
   -0.166328    0.726820  0.000000  1.0
   -0.166328    0.728820  0.000000  1.0
   -0.166328    0.730820  0.000000  1.0
   -0.166328    0.732820  0.000000  1.0
   -0.164328    0.652820  0.000000  1.0
   -0.164328    0.654820  0.000000  1.0
   -0.164328    0.656820  0.000000  1.0
   -0.164328    0.658820  0.000000  1.0
   -0.164328    0.660820  0.000000  1.0
   -0.164328    0.662820  0.000000  1.0
   -0.164328    0.664820  0.000000  1.0
   -0.164328    0.666820  0.000000  1.0
   -0.164328    0.668820  0.000000  1.0
   -0.164328    0.670820  0.000000  1.0
   -0.164328    0.672820  0.000000  1.0
   -0.164328    0.674820  0.000000  1.0
   -0.164328    0.676820  0.000000  1.0
   -0.164328    0.678820  0.000000  1.0
   -0.164328    0.680820  0.000000  1.0
   -0.164328    0.682820  0.000000  1.0
   -0.164328    0.684820  0.000000  1.0
   -0.164328    0.686820  0.000000  1.0
   -0.164328    0.688820  0.000000  1.0
   -0.164328    0.690820  0.000000  1.0
   -0.164328    0.692820  0.000000  1.0
   -0.164328    0.694820  0.000000  1.0
   -0.164328    0.696820  0.000000  1.0
   -0.164328    0.698820  0.000000  1.0
   -0.164328    0.700820  0.000000  1.0
   -0.164328    0.702820  0.000000  1.0
   -0.164328    0.704820  0.000000  1.0
   -0.164328    0.706820  0.000000  1.0
   -0.164328    0.708820  0.000000  1.0
   -0.164328    0.710820  0.000000  1.0
   -0.164328    0.712820  0.000000  1.0
   -0.164328    0.714820  0.000000  1.0
   -0.164328    0.716820  0.000000  1.0
   -0.164328    0.718820  0.000000  1.0
   -0.164328    0.720820  0.000000  1.0
   -0.164328    0.722820  0.000000  1.0
   -0.164328    0.724820  0.000000  1.0
   -0.164328    0.726820  0.000000  1.0
   -0.164328    0.728820  0.000000  1.0
   -0.164328    0.730820  0.000000  1.0
   -0.164328    0.732820  0.000000  1.0
   -0.162328    0.652820  0.000000  1.0
   -0.162328    0.654820  0.000000  1.0
   -0.162328    0.656820  0.000000  1.0
   -0.162328    0.658820  0.000000  1.0
   -0.162328    0.660820  0.000000  1.0
   -0.162328    0.662820  0.000000  1.0
   -0.162328    0.664820  0.000000  1.0
   -0.162328    0.666820  0.000000  1.0
   -0.162328    0.668820  0.000000  1.0
   -0.162328    0.670820  0.000000  1.0
   -0.162328    0.672820  0.000000  1.0
   -0.162328    0.674820  0.000000  1.0
   -0.162328    0.676820  0.000000  1.0
   -0.162328    0.678820  0.000000  1.0
   -0.162328    0.680820  0.000000  1.0
   -0.162328    0.682820  0.000000  1.0
   -0.162328    0.684820  0.000000  1.0
   -0.162328    0.686820  0.000000  1.0
   -0.162328    0.688820  0.000000  1.0
   -0.162328    0.690820  0.000000  1.0
   -0.162328    0.692820  0.000000  1.0
   -0.162328    0.694820  0.000000  1.0
   -0.162328    0.696820  0.000000  1.0
   -0.162328    0.698820  0.000000  1.0
   -0.162328    0.700820  0.000000  1.0
   -0.162328    0.702820  0.000000  1.0
   -0.162328    0.704820  0.000000  1.0
   -0.162328    0.706820  0.000000  1.0
   -0.162328    0.708820  0.000000  1.0
   -0.162328    0.710820  0.000000  1.0
   -0.162328    0.712820  0.000000  1.0
   -0.162328    0.714820  0.000000  1.0
   -0.162328    0.716820  0.000000  1.0
   -0.162328    0.718820  0.000000  1.0
   -0.162328    0.720820  0.000000  1.0
   -0.162328    0.722820  0.000000  1.0
   -0.162328    0.724820  0.000000  1.0
   -0.162328    0.726820  0.000000  1.0
   -0.162328    0.728820  0.000000  1.0
   -0.162328    0.730820  0.000000  1.0
   -0.162328    0.732820  0.000000  1.0
   -0.160328    0.652820  0.000000  1.0
   -0.160328    0.654820  0.000000  1.0
   -0.160328    0.656820  0.000000  1.0
   -0.160328    0.658820  0.000000  1.0
   -0.160328    0.660820  0.000000  1.0
   -0.160328    0.662820  0.000000  1.0
   -0.160328    0.664820  0.000000  1.0
   -0.160328    0.666820  0.000000  1.0
   -0.160328    0.668820  0.000000  1.0
   -0.160328    0.670820  0.000000  1.0
   -0.160328    0.672820  0.000000  1.0
   -0.160328    0.674820  0.000000  1.0
   -0.160328    0.676820  0.000000  1.0
   -0.160328    0.678820  0.000000  1.0
   -0.160328    0.680820  0.000000  1.0
   -0.160328    0.682820  0.000000  1.0
   -0.160328    0.684820  0.000000  1.0
   -0.160328    0.686820  0.000000  1.0
   -0.160328    0.688820  0.000000  1.0
   -0.160328    0.690820  0.000000  1.0
   -0.160328    0.692820  0.000000  1.0
   -0.160328    0.694820  0.000000  1.0
   -0.160328    0.696820  0.000000  1.0
   -0.160328    0.698820  0.000000  1.0
   -0.160328    0.700820  0.000000  1.0
   -0.160328    0.702820  0.000000  1.0
   -0.160328    0.704820  0.000000  1.0
   -0.160328    0.706820  0.000000  1.0
   -0.160328    0.708820  0.000000  1.0
   -0.160328    0.710820  0.000000  1.0
   -0.160328    0.712820  0.000000  1.0
   -0.160328    0.714820  0.000000  1.0
   -0.160328    0.716820  0.000000  1.0
   -0.160328    0.718820  0.000000  1.0
   -0.160328    0.720820  0.000000  1.0
   -0.160328    0.722820  0.000000  1.0
   -0.160328    0.724820  0.000000  1.0
   -0.160328    0.726820  0.000000  1.0
   -0.160328    0.728820  0.000000  1.0
   -0.160328    0.730820  0.000000  1.0
   -0.160328    0.732820  0.000000  1.0
   -0.158328    0.652820  0.000000  1.0
   -0.158328    0.654820  0.000000  1.0
   -0.158328    0.656820  0.000000  1.0
   -0.158328    0.658820  0.000000  1.0
   -0.158328    0.660820  0.000000  1.0
   -0.158328    0.662820  0.000000  1.0
   -0.158328    0.664820  0.000000  1.0
   -0.158328    0.666820  0.000000  1.0
   -0.158328    0.668820  0.000000  1.0
   -0.158328    0.670820  0.000000  1.0
   -0.158328    0.672820  0.000000  1.0
   -0.158328    0.674820  0.000000  1.0
   -0.158328    0.676820  0.000000  1.0
   -0.158328    0.678820  0.000000  1.0
   -0.158328    0.680820  0.000000  1.0
   -0.158328    0.682820  0.000000  1.0
   -0.158328    0.684820  0.000000  1.0
   -0.158328    0.686820  0.000000  1.0
   -0.158328    0.688820  0.000000  1.0
   -0.158328    0.690820  0.000000  1.0
   -0.158328    0.692820  0.000000  1.0
   -0.158328    0.694820  0.000000  1.0
   -0.158328    0.696820  0.000000  1.0
   -0.158328    0.698820  0.000000  1.0
   -0.158328    0.700820  0.000000  1.0
   -0.158328    0.702820  0.000000  1.0
   -0.158328    0.704820  0.000000  1.0
   -0.158328    0.706820  0.000000  1.0
   -0.158328    0.708820  0.000000  1.0
   -0.158328    0.710820  0.000000  1.0
   -0.158328    0.712820  0.000000  1.0
   -0.158328    0.714820  0.000000  1.0
   -0.158328    0.716820  0.000000  1.0
   -0.158328    0.718820  0.000000  1.0
   -0.158328    0.720820  0.000000  1.0
   -0.158328    0.722820  0.000000  1.0
   -0.158328    0.724820  0.000000  1.0
   -0.158328    0.726820  0.000000  1.0
   -0.158328    0.728820  0.000000  1.0
   -0.158328    0.730820  0.000000  1.0
   -0.158328    0.732820  0.000000  1.0
   -0.156328    0.652820  0.000000  1.0
   -0.156328    0.654820  0.000000  1.0
   -0.156328    0.656820  0.000000  1.0
   -0.156328    0.658820  0.000000  1.0
   -0.156328    0.660820  0.000000  1.0
   -0.156328    0.662820  0.000000  1.0
   -0.156328    0.664820  0.000000  1.0
   -0.156328    0.666820  0.000000  1.0
   -0.156328    0.668820  0.000000  1.0
   -0.156328    0.670820  0.000000  1.0
   -0.156328    0.672820  0.000000  1.0
   -0.156328    0.674820  0.000000  1.0
   -0.156328    0.676820  0.000000  1.0
   -0.156328    0.678820  0.000000  1.0
   -0.156328    0.680820  0.000000  1.0
   -0.156328    0.682820  0.000000  1.0
   -0.156328    0.684820  0.000000  1.0
   -0.156328    0.686820  0.000000  1.0
   -0.156328    0.688820  0.000000  1.0
   -0.156328    0.690820  0.000000  1.0
   -0.156328    0.692820  0.000000  1.0
   -0.156328    0.694820  0.000000  1.0
   -0.156328    0.696820  0.000000  1.0
   -0.156328    0.698820  0.000000  1.0
   -0.156328    0.700820  0.000000  1.0
   -0.156328    0.702820  0.000000  1.0
   -0.156328    0.704820  0.000000  1.0
   -0.156328    0.706820  0.000000  1.0
   -0.156328    0.708820  0.000000  1.0
   -0.156328    0.710820  0.000000  1.0
   -0.156328    0.712820  0.000000  1.0
   -0.156328    0.714820  0.000000  1.0
   -0.156328    0.716820  0.000000  1.0
   -0.156328    0.718820  0.000000  1.0
   -0.156328    0.720820  0.000000  1.0
   -0.156328    0.722820  0.000000  1.0
   -0.156328    0.724820  0.000000  1.0
   -0.156328    0.726820  0.000000  1.0
   -0.156328    0.728820  0.000000  1.0
   -0.156328    0.730820  0.000000  1.0
   -0.156328    0.732820  0.000000  1.0
   -0.154328    0.652820  0.000000  1.0
   -0.154328    0.654820  0.000000  1.0
   -0.154328    0.656820  0.000000  1.0
   -0.154328    0.658820  0.000000  1.0
   -0.154328    0.660820  0.000000  1.0
   -0.154328    0.662820  0.000000  1.0
   -0.154328    0.664820  0.000000  1.0
   -0.154328    0.666820  0.000000  1.0
   -0.154328    0.668820  0.000000  1.0
   -0.154328    0.670820  0.000000  1.0
   -0.154328    0.672820  0.000000  1.0
   -0.154328    0.674820  0.000000  1.0
   -0.154328    0.676820  0.000000  1.0
   -0.154328    0.678820  0.000000  1.0
   -0.154328    0.680820  0.000000  1.0
   -0.154328    0.682820  0.000000  1.0
   -0.154328    0.684820  0.000000  1.0
   -0.154328    0.686820  0.000000  1.0
   -0.154328    0.688820  0.000000  1.0
   -0.154328    0.690820  0.000000  1.0
   -0.154328    0.692820  0.000000  1.0
   -0.154328    0.694820  0.000000  1.0
   -0.154328    0.696820  0.000000  1.0
   -0.154328    0.698820  0.000000  1.0
   -0.154328    0.700820  0.000000  1.0
   -0.154328    0.702820  0.000000  1.0
   -0.154328    0.704820  0.000000  1.0
   -0.154328    0.706820  0.000000  1.0
   -0.154328    0.708820  0.000000  1.0
   -0.154328    0.710820  0.000000  1.0
   -0.154328    0.712820  0.000000  1.0
   -0.154328    0.714820  0.000000  1.0
   -0.154328    0.716820  0.000000  1.0
   -0.154328    0.718820  0.000000  1.0
   -0.154328    0.720820  0.000000  1.0
   -0.154328    0.722820  0.000000  1.0
   -0.154328    0.724820  0.000000  1.0
   -0.154328    0.726820  0.000000  1.0
   -0.154328    0.728820  0.000000  1.0
   -0.154328    0.730820  0.000000  1.0
   -0.154328    0.732820  0.000000  1.0
   -0.152328    0.652820  0.000000  1.0
   -0.152328    0.654820  0.000000  1.0
   -0.152328    0.656820  0.000000  1.0
   -0.152328    0.658820  0.000000  1.0
   -0.152328    0.660820  0.000000  1.0
   -0.152328    0.662820  0.000000  1.0
   -0.152328    0.664820  0.000000  1.0
   -0.152328    0.666820  0.000000  1.0
   -0.152328    0.668820  0.000000  1.0
   -0.152328    0.670820  0.000000  1.0
   -0.152328    0.672820  0.000000  1.0
   -0.152328    0.674820  0.000000  1.0
   -0.152328    0.676820  0.000000  1.0
   -0.152328    0.678820  0.000000  1.0
   -0.152328    0.680820  0.000000  1.0
   -0.152328    0.682820  0.000000  1.0
   -0.152328    0.684820  0.000000  1.0
   -0.152328    0.686820  0.000000  1.0
   -0.152328    0.688820  0.000000  1.0
   -0.152328    0.690820  0.000000  1.0
   -0.152328    0.692820  0.000000  1.0
   -0.152328    0.694820  0.000000  1.0
   -0.152328    0.696820  0.000000  1.0
   -0.152328    0.698820  0.000000  1.0
   -0.152328    0.700820  0.000000  1.0
   -0.152328    0.702820  0.000000  1.0
   -0.152328    0.704820  0.000000  1.0
   -0.152328    0.706820  0.000000  1.0
   -0.152328    0.708820  0.000000  1.0
   -0.152328    0.710820  0.000000  1.0
   -0.152328    0.712820  0.000000  1.0
   -0.152328    0.714820  0.000000  1.0
   -0.152328    0.716820  0.000000  1.0
   -0.152328    0.718820  0.000000  1.0
   -0.152328    0.720820  0.000000  1.0
   -0.152328    0.722820  0.000000  1.0
   -0.152328    0.724820  0.000000  1.0
   -0.152328    0.726820  0.000000  1.0
   -0.152328    0.728820  0.000000  1.0
   -0.152328    0.730820  0.000000  1.0
   -0.152328    0.732820  0.000000  1.0
   -0.150328    0.652820  0.000000  1.0
   -0.150328    0.654820  0.000000  1.0
   -0.150328    0.656820  0.000000  1.0
   -0.150328    0.658820  0.000000  1.0
   -0.150328    0.660820  0.000000  1.0
   -0.150328    0.662820  0.000000  1.0
   -0.150328    0.664820  0.000000  1.0
   -0.150328    0.666820  0.000000  1.0
   -0.150328    0.668820  0.000000  1.0
   -0.150328    0.670820  0.000000  1.0
   -0.150328    0.672820  0.000000  1.0
   -0.150328    0.674820  0.000000  1.0
   -0.150328    0.676820  0.000000  1.0
   -0.150328    0.678820  0.000000  1.0
   -0.150328    0.680820  0.000000  1.0
   -0.150328    0.682820  0.000000  1.0
   -0.150328    0.684820  0.000000  1.0
   -0.150328    0.686820  0.000000  1.0
   -0.150328    0.688820  0.000000  1.0
   -0.150328    0.690820  0.000000  1.0
   -0.150328    0.692820  0.000000  1.0
   -0.150328    0.694820  0.000000  1.0
   -0.150328    0.696820  0.000000  1.0
   -0.150328    0.698820  0.000000  1.0
   -0.150328    0.700820  0.000000  1.0
   -0.150328    0.702820  0.000000  1.0
   -0.150328    0.704820  0.000000  1.0
   -0.150328    0.706820  0.000000  1.0
   -0.150328    0.708820  0.000000  1.0
   -0.150328    0.710820  0.000000  1.0
   -0.150328    0.712820  0.000000  1.0
   -0.150328    0.714820  0.000000  1.0
   -0.150328    0.716820  0.000000  1.0
   -0.150328    0.718820  0.000000  1.0
   -0.150328    0.720820  0.000000  1.0
   -0.150328    0.722820  0.000000  1.0
   -0.150328    0.724820  0.000000  1.0
   -0.150328    0.726820  0.000000  1.0
   -0.150328    0.728820  0.000000  1.0
   -0.150328    0.730820  0.000000  1.0
   -0.150328    0.732820  0.000000  1.0
   -0.148328    0.652820  0.000000  1.0
   -0.148328    0.654820  0.000000  1.0
   -0.148328    0.656820  0.000000  1.0
   -0.148328    0.658820  0.000000  1.0
   -0.148328    0.660820  0.000000  1.0
   -0.148328    0.662820  0.000000  1.0
   -0.148328    0.664820  0.000000  1.0
   -0.148328    0.666820  0.000000  1.0
   -0.148328    0.668820  0.000000  1.0
   -0.148328    0.670820  0.000000  1.0
   -0.148328    0.672820  0.000000  1.0
   -0.148328    0.674820  0.000000  1.0
   -0.148328    0.676820  0.000000  1.0
   -0.148328    0.678820  0.000000  1.0
   -0.148328    0.680820  0.000000  1.0
   -0.148328    0.682820  0.000000  1.0
   -0.148328    0.684820  0.000000  1.0
   -0.148328    0.686820  0.000000  1.0
   -0.148328    0.688820  0.000000  1.0
   -0.148328    0.690820  0.000000  1.0
   -0.148328    0.692820  0.000000  1.0
   -0.148328    0.694820  0.000000  1.0
   -0.148328    0.696820  0.000000  1.0
   -0.148328    0.698820  0.000000  1.0
   -0.148328    0.700820  0.000000  1.0
   -0.148328    0.702820  0.000000  1.0
   -0.148328    0.704820  0.000000  1.0
   -0.148328    0.706820  0.000000  1.0
   -0.148328    0.708820  0.000000  1.0
   -0.148328    0.710820  0.000000  1.0
   -0.148328    0.712820  0.000000  1.0
   -0.148328    0.714820  0.000000  1.0
   -0.148328    0.716820  0.000000  1.0
   -0.148328    0.718820  0.000000  1.0
   -0.148328    0.720820  0.000000  1.0
   -0.148328    0.722820  0.000000  1.0
   -0.148328    0.724820  0.000000  1.0
   -0.148328    0.726820  0.000000  1.0
   -0.148328    0.728820  0.000000  1.0
   -0.148328    0.730820  0.000000  1.0
   -0.148328    0.732820  0.000000  1.0
   -0.146328    0.652820  0.000000  1.0
   -0.146328    0.654820  0.000000  1.0
   -0.146328    0.656820  0.000000  1.0
   -0.146328    0.658820  0.000000  1.0
   -0.146328    0.660820  0.000000  1.0
   -0.146328    0.662820  0.000000  1.0
   -0.146328    0.664820  0.000000  1.0
   -0.146328    0.666820  0.000000  1.0
   -0.146328    0.668820  0.000000  1.0
   -0.146328    0.670820  0.000000  1.0
   -0.146328    0.672820  0.000000  1.0
   -0.146328    0.674820  0.000000  1.0
   -0.146328    0.676820  0.000000  1.0
   -0.146328    0.678820  0.000000  1.0
   -0.146328    0.680820  0.000000  1.0
   -0.146328    0.682820  0.000000  1.0
   -0.146328    0.684820  0.000000  1.0
   -0.146328    0.686820  0.000000  1.0
   -0.146328    0.688820  0.000000  1.0
   -0.146328    0.690820  0.000000  1.0
   -0.146328    0.692820  0.000000  1.0
   -0.146328    0.694820  0.000000  1.0
   -0.146328    0.696820  0.000000  1.0
   -0.146328    0.698820  0.000000  1.0
   -0.146328    0.700820  0.000000  1.0
   -0.146328    0.702820  0.000000  1.0
   -0.146328    0.704820  0.000000  1.0
   -0.146328    0.706820  0.000000  1.0
   -0.146328    0.708820  0.000000  1.0
   -0.146328    0.710820  0.000000  1.0
   -0.146328    0.712820  0.000000  1.0
   -0.146328    0.714820  0.000000  1.0
   -0.146328    0.716820  0.000000  1.0
   -0.146328    0.718820  0.000000  1.0
   -0.146328    0.720820  0.000000  1.0
   -0.146328    0.722820  0.000000  1.0
   -0.146328    0.724820  0.000000  1.0
   -0.146328    0.726820  0.000000  1.0
   -0.146328    0.728820  0.000000  1.0
   -0.146328    0.730820  0.000000  1.0
   -0.146328    0.732820  0.000000  1.0
   -0.144328    0.652820  0.000000  1.0
   -0.144328    0.654820  0.000000  1.0
   -0.144328    0.656820  0.000000  1.0
   -0.144328    0.658820  0.000000  1.0
   -0.144328    0.660820  0.000000  1.0
   -0.144328    0.662820  0.000000  1.0
   -0.144328    0.664820  0.000000  1.0
   -0.144328    0.666820  0.000000  1.0
   -0.144328    0.668820  0.000000  1.0
   -0.144328    0.670820  0.000000  1.0
   -0.144328    0.672820  0.000000  1.0
   -0.144328    0.674820  0.000000  1.0
   -0.144328    0.676820  0.000000  1.0
   -0.144328    0.678820  0.000000  1.0
   -0.144328    0.680820  0.000000  1.0
   -0.144328    0.682820  0.000000  1.0
   -0.144328    0.684820  0.000000  1.0
   -0.144328    0.686820  0.000000  1.0
   -0.144328    0.688820  0.000000  1.0
   -0.144328    0.690820  0.000000  1.0
   -0.144328    0.692820  0.000000  1.0
   -0.144328    0.694820  0.000000  1.0
   -0.144328    0.696820  0.000000  1.0
   -0.144328    0.698820  0.000000  1.0
   -0.144328    0.700820  0.000000  1.0
   -0.144328    0.702820  0.000000  1.0
   -0.144328    0.704820  0.000000  1.0
   -0.144328    0.706820  0.000000  1.0
   -0.144328    0.708820  0.000000  1.0
   -0.144328    0.710820  0.000000  1.0
   -0.144328    0.712820  0.000000  1.0
   -0.144328    0.714820  0.000000  1.0
   -0.144328    0.716820  0.000000  1.0
   -0.144328    0.718820  0.000000  1.0
   -0.144328    0.720820  0.000000  1.0
   -0.144328    0.722820  0.000000  1.0
   -0.144328    0.724820  0.000000  1.0
   -0.144328    0.726820  0.000000  1.0
   -0.144328    0.728820  0.000000  1.0
   -0.144328    0.730820  0.000000  1.0
   -0.144328    0.732820  0.000000  1.0
   -0.142328    0.652820  0.000000  1.0
   -0.142328    0.654820  0.000000  1.0
   -0.142328    0.656820  0.000000  1.0
   -0.142328    0.658820  0.000000  1.0
   -0.142328    0.660820  0.000000  1.0
   -0.142328    0.662820  0.000000  1.0
   -0.142328    0.664820  0.000000  1.0
   -0.142328    0.666820  0.000000  1.0
   -0.142328    0.668820  0.000000  1.0
   -0.142328    0.670820  0.000000  1.0
   -0.142328    0.672820  0.000000  1.0
   -0.142328    0.674820  0.000000  1.0
   -0.142328    0.676820  0.000000  1.0
   -0.142328    0.678820  0.000000  1.0
   -0.142328    0.680820  0.000000  1.0
   -0.142328    0.682820  0.000000  1.0
   -0.142328    0.684820  0.000000  1.0
   -0.142328    0.686820  0.000000  1.0
   -0.142328    0.688820  0.000000  1.0
   -0.142328    0.690820  0.000000  1.0
   -0.142328    0.692820  0.000000  1.0
   -0.142328    0.694820  0.000000  1.0
   -0.142328    0.696820  0.000000  1.0
   -0.142328    0.698820  0.000000  1.0
   -0.142328    0.700820  0.000000  1.0
   -0.142328    0.702820  0.000000  1.0
   -0.142328    0.704820  0.000000  1.0
   -0.142328    0.706820  0.000000  1.0
   -0.142328    0.708820  0.000000  1.0
   -0.142328    0.710820  0.000000  1.0
   -0.142328    0.712820  0.000000  1.0
   -0.142328    0.714820  0.000000  1.0
   -0.142328    0.716820  0.000000  1.0
   -0.142328    0.718820  0.000000  1.0
   -0.142328    0.720820  0.000000  1.0
   -0.142328    0.722820  0.000000  1.0
   -0.142328    0.724820  0.000000  1.0
   -0.142328    0.726820  0.000000  1.0
   -0.142328    0.728820  0.000000  1.0
   -0.142328    0.730820  0.000000  1.0
   -0.142328    0.732820  0.000000  1.0
   -0.140328    0.652820  0.000000  1.0
   -0.140328    0.654820  0.000000  1.0
   -0.140328    0.656820  0.000000  1.0
   -0.140328    0.658820  0.000000  1.0
   -0.140328    0.660820  0.000000  1.0
   -0.140328    0.662820  0.000000  1.0
   -0.140328    0.664820  0.000000  1.0
   -0.140328    0.666820  0.000000  1.0
   -0.140328    0.668820  0.000000  1.0
   -0.140328    0.670820  0.000000  1.0
   -0.140328    0.672820  0.000000  1.0
   -0.140328    0.674820  0.000000  1.0
   -0.140328    0.676820  0.000000  1.0
   -0.140328    0.678820  0.000000  1.0
   -0.140328    0.680820  0.000000  1.0
   -0.140328    0.682820  0.000000  1.0
   -0.140328    0.684820  0.000000  1.0
   -0.140328    0.686820  0.000000  1.0
   -0.140328    0.688820  0.000000  1.0
   -0.140328    0.690820  0.000000  1.0
   -0.140328    0.692820  0.000000  1.0
   -0.140328    0.694820  0.000000  1.0
   -0.140328    0.696820  0.000000  1.0
   -0.140328    0.698820  0.000000  1.0
   -0.140328    0.700820  0.000000  1.0
   -0.140328    0.702820  0.000000  1.0
   -0.140328    0.704820  0.000000  1.0
   -0.140328    0.706820  0.000000  1.0
   -0.140328    0.708820  0.000000  1.0
   -0.140328    0.710820  0.000000  1.0
   -0.140328    0.712820  0.000000  1.0
   -0.140328    0.714820  0.000000  1.0
   -0.140328    0.716820  0.000000  1.0
   -0.140328    0.718820  0.000000  1.0
   -0.140328    0.720820  0.000000  1.0
   -0.140328    0.722820  0.000000  1.0
   -0.140328    0.724820  0.000000  1.0
   -0.140328    0.726820  0.000000  1.0
   -0.140328    0.728820  0.000000  1.0
   -0.140328    0.730820  0.000000  1.0
   -0.140328    0.732820  0.000000  1.0
