&CONTROL
  calculation = 'bands'
  prefix = 'graphene26.5upper'
  outdir = './tmp'
  pseudo_dir = './'
  verbosity = 'high'
/
&SYSTEM
  ibrav = 0
  nat = 2
  ntyp = 1
  ecutwfc = 40.0
  nosym = .true.
  noinv = .true.
  nbnd = 8
/
&ELECTRONS
/
ATOMIC_SPECIES
  C  12.011 C.pbe-n-kjpaw_psl.1.0.0.UPF
CELL_PARAMETERS {bohr}
  5.851793  0.000000  0.000000
  2.925897  4.006167  0.000000
  0.000000  0.000000  28.346456
ATOMIC_POSITIONS {crystal}
  C  0.004310  -0.008581  0.000000
  C  0.329023  0.341914  0.000000
K_POINTS {tpiba}
1681
   -0.056393    0.690348  0.000000  1.0
   -0.056393    0.692348  0.000000  1.0
   -0.056393    0.694348  0.000000  1.0
   -0.056393    0.696348  0.000000  1.0
   -0.056393    0.698348  0.000000  1.0
   -0.056393    0.700348  0.000000  1.0
   -0.056393    0.702348  0.000000  1.0
   -0.056393    0.704348  0.000000  1.0
   -0.056393    0.706348  0.000000  1.0
   -0.056393    0.708348  0.000000  1.0
   -0.056393    0.710348  0.000000  1.0
   -0.056393    0.712348  0.000000  1.0
   -0.056393    0.714348  0.000000  1.0
   -0.056393    0.716348  0.000000  1.0
   -0.056393    0.718348  0.000000  1.0
   -0.056393    0.720348  0.000000  1.0
   -0.056393    0.722348  0.000000  1.0
   -0.056393    0.724348  0.000000  1.0
   -0.056393    0.726348  0.000000  1.0
   -0.056393    0.728348  0.000000  1.0
   -0.056393    0.730348  0.000000  1.0
   -0.056393    0.732348  0.000000  1.0
   -0.056393    0.734348  0.000000  1.0
   -0.056393    0.736348  0.000000  1.0
   -0.056393    0.738348  0.000000  1.0
   -0.056393    0.740348  0.000000  1.0
   -0.056393    0.742348  0.000000  1.0
   -0.056393    0.744348  0.000000  1.0
   -0.056393    0.746348  0.000000  1.0
   -0.056393    0.748348  0.000000  1.0
   -0.056393    0.750348  0.000000  1.0
   -0.056393    0.752348  0.000000  1.0
   -0.056393    0.754348  0.000000  1.0
   -0.056393    0.756348  0.000000  1.0
   -0.056393    0.758348  0.000000  1.0
   -0.056393    0.760348  0.000000  1.0
   -0.056393    0.762348  0.000000  1.0
   -0.056393    0.764348  0.000000  1.0
   -0.056393    0.766348  0.000000  1.0
   -0.056393    0.768348  0.000000  1.0
   -0.056393    0.770348  0.000000  1.0
   -0.054393    0.690348  0.000000  1.0
   -0.054393    0.692348  0.000000  1.0
   -0.054393    0.694348  0.000000  1.0
   -0.054393    0.696348  0.000000  1.0
   -0.054393    0.698348  0.000000  1.0
   -0.054393    0.700348  0.000000  1.0
   -0.054393    0.702348  0.000000  1.0
   -0.054393    0.704348  0.000000  1.0
   -0.054393    0.706348  0.000000  1.0
   -0.054393    0.708348  0.000000  1.0
   -0.054393    0.710348  0.000000  1.0
   -0.054393    0.712348  0.000000  1.0
   -0.054393    0.714348  0.000000  1.0
   -0.054393    0.716348  0.000000  1.0
   -0.054393    0.718348  0.000000  1.0
   -0.054393    0.720348  0.000000  1.0
   -0.054393    0.722348  0.000000  1.0
   -0.054393    0.724348  0.000000  1.0
   -0.054393    0.726348  0.000000  1.0
   -0.054393    0.728348  0.000000  1.0
   -0.054393    0.730348  0.000000  1.0
   -0.054393    0.732348  0.000000  1.0
   -0.054393    0.734348  0.000000  1.0
   -0.054393    0.736348  0.000000  1.0
   -0.054393    0.738348  0.000000  1.0
   -0.054393    0.740348  0.000000  1.0
   -0.054393    0.742348  0.000000  1.0
   -0.054393    0.744348  0.000000  1.0
   -0.054393    0.746348  0.000000  1.0
   -0.054393    0.748348  0.000000  1.0
   -0.054393    0.750348  0.000000  1.0
   -0.054393    0.752348  0.000000  1.0
   -0.054393    0.754348  0.000000  1.0
   -0.054393    0.756348  0.000000  1.0
   -0.054393    0.758348  0.000000  1.0
   -0.054393    0.760348  0.000000  1.0
   -0.054393    0.762348  0.000000  1.0
   -0.054393    0.764348  0.000000  1.0
   -0.054393    0.766348  0.000000  1.0
   -0.054393    0.768348  0.000000  1.0
   -0.054393    0.770348  0.000000  1.0
   -0.052393    0.690348  0.000000  1.0
   -0.052393    0.692348  0.000000  1.0
   -0.052393    0.694348  0.000000  1.0
   -0.052393    0.696348  0.000000  1.0
   -0.052393    0.698348  0.000000  1.0
   -0.052393    0.700348  0.000000  1.0
   -0.052393    0.702348  0.000000  1.0
   -0.052393    0.704348  0.000000  1.0
   -0.052393    0.706348  0.000000  1.0
   -0.052393    0.708348  0.000000  1.0
   -0.052393    0.710348  0.000000  1.0
   -0.052393    0.712348  0.000000  1.0
   -0.052393    0.714348  0.000000  1.0
   -0.052393    0.716348  0.000000  1.0
   -0.052393    0.718348  0.000000  1.0
   -0.052393    0.720348  0.000000  1.0
   -0.052393    0.722348  0.000000  1.0
   -0.052393    0.724348  0.000000  1.0
   -0.052393    0.726348  0.000000  1.0
   -0.052393    0.728348  0.000000  1.0
   -0.052393    0.730348  0.000000  1.0
   -0.052393    0.732348  0.000000  1.0
   -0.052393    0.734348  0.000000  1.0
   -0.052393    0.736348  0.000000  1.0
   -0.052393    0.738348  0.000000  1.0
   -0.052393    0.740348  0.000000  1.0
   -0.052393    0.742348  0.000000  1.0
   -0.052393    0.744348  0.000000  1.0
   -0.052393    0.746348  0.000000  1.0
   -0.052393    0.748348  0.000000  1.0
   -0.052393    0.750348  0.000000  1.0
   -0.052393    0.752348  0.000000  1.0
   -0.052393    0.754348  0.000000  1.0
   -0.052393    0.756348  0.000000  1.0
   -0.052393    0.758348  0.000000  1.0
   -0.052393    0.760348  0.000000  1.0
   -0.052393    0.762348  0.000000  1.0
   -0.052393    0.764348  0.000000  1.0
   -0.052393    0.766348  0.000000  1.0
   -0.052393    0.768348  0.000000  1.0
   -0.052393    0.770348  0.000000  1.0
   -0.050393    0.690348  0.000000  1.0
   -0.050393    0.692348  0.000000  1.0
   -0.050393    0.694348  0.000000  1.0
   -0.050393    0.696348  0.000000  1.0
   -0.050393    0.698348  0.000000  1.0
   -0.050393    0.700348  0.000000  1.0
   -0.050393    0.702348  0.000000  1.0
   -0.050393    0.704348  0.000000  1.0
   -0.050393    0.706348  0.000000  1.0
   -0.050393    0.708348  0.000000  1.0
   -0.050393    0.710348  0.000000  1.0
   -0.050393    0.712348  0.000000  1.0
   -0.050393    0.714348  0.000000  1.0
   -0.050393    0.716348  0.000000  1.0
   -0.050393    0.718348  0.000000  1.0
   -0.050393    0.720348  0.000000  1.0
   -0.050393    0.722348  0.000000  1.0
   -0.050393    0.724348  0.000000  1.0
   -0.050393    0.726348  0.000000  1.0
   -0.050393    0.728348  0.000000  1.0
   -0.050393    0.730348  0.000000  1.0
   -0.050393    0.732348  0.000000  1.0
   -0.050393    0.734348  0.000000  1.0
   -0.050393    0.736348  0.000000  1.0
   -0.050393    0.738348  0.000000  1.0
   -0.050393    0.740348  0.000000  1.0
   -0.050393    0.742348  0.000000  1.0
   -0.050393    0.744348  0.000000  1.0
   -0.050393    0.746348  0.000000  1.0
   -0.050393    0.748348  0.000000  1.0
   -0.050393    0.750348  0.000000  1.0
   -0.050393    0.752348  0.000000  1.0
   -0.050393    0.754348  0.000000  1.0
   -0.050393    0.756348  0.000000  1.0
   -0.050393    0.758348  0.000000  1.0
   -0.050393    0.760348  0.000000  1.0
   -0.050393    0.762348  0.000000  1.0
   -0.050393    0.764348  0.000000  1.0
   -0.050393    0.766348  0.000000  1.0
   -0.050393    0.768348  0.000000  1.0
   -0.050393    0.770348  0.000000  1.0
   -0.048393    0.690348  0.000000  1.0
   -0.048393    0.692348  0.000000  1.0
   -0.048393    0.694348  0.000000  1.0
   -0.048393    0.696348  0.000000  1.0
   -0.048393    0.698348  0.000000  1.0
   -0.048393    0.700348  0.000000  1.0
   -0.048393    0.702348  0.000000  1.0
   -0.048393    0.704348  0.000000  1.0
   -0.048393    0.706348  0.000000  1.0
   -0.048393    0.708348  0.000000  1.0
   -0.048393    0.710348  0.000000  1.0
   -0.048393    0.712348  0.000000  1.0
   -0.048393    0.714348  0.000000  1.0
   -0.048393    0.716348  0.000000  1.0
   -0.048393    0.718348  0.000000  1.0
   -0.048393    0.720348  0.000000  1.0
   -0.048393    0.722348  0.000000  1.0
   -0.048393    0.724348  0.000000  1.0
   -0.048393    0.726348  0.000000  1.0
   -0.048393    0.728348  0.000000  1.0
   -0.048393    0.730348  0.000000  1.0
   -0.048393    0.732348  0.000000  1.0
   -0.048393    0.734348  0.000000  1.0
   -0.048393    0.736348  0.000000  1.0
   -0.048393    0.738348  0.000000  1.0
   -0.048393    0.740348  0.000000  1.0
   -0.048393    0.742348  0.000000  1.0
   -0.048393    0.744348  0.000000  1.0
   -0.048393    0.746348  0.000000  1.0
   -0.048393    0.748348  0.000000  1.0
   -0.048393    0.750348  0.000000  1.0
   -0.048393    0.752348  0.000000  1.0
   -0.048393    0.754348  0.000000  1.0
   -0.048393    0.756348  0.000000  1.0
   -0.048393    0.758348  0.000000  1.0
   -0.048393    0.760348  0.000000  1.0
   -0.048393    0.762348  0.000000  1.0
   -0.048393    0.764348  0.000000  1.0
   -0.048393    0.766348  0.000000  1.0
   -0.048393    0.768348  0.000000  1.0
   -0.048393    0.770348  0.000000  1.0
   -0.046393    0.690348  0.000000  1.0
   -0.046393    0.692348  0.000000  1.0
   -0.046393    0.694348  0.000000  1.0
   -0.046393    0.696348  0.000000  1.0
   -0.046393    0.698348  0.000000  1.0
   -0.046393    0.700348  0.000000  1.0
   -0.046393    0.702348  0.000000  1.0
   -0.046393    0.704348  0.000000  1.0
   -0.046393    0.706348  0.000000  1.0
   -0.046393    0.708348  0.000000  1.0
   -0.046393    0.710348  0.000000  1.0
   -0.046393    0.712348  0.000000  1.0
   -0.046393    0.714348  0.000000  1.0
   -0.046393    0.716348  0.000000  1.0
   -0.046393    0.718348  0.000000  1.0
   -0.046393    0.720348  0.000000  1.0
   -0.046393    0.722348  0.000000  1.0
   -0.046393    0.724348  0.000000  1.0
   -0.046393    0.726348  0.000000  1.0
   -0.046393    0.728348  0.000000  1.0
   -0.046393    0.730348  0.000000  1.0
   -0.046393    0.732348  0.000000  1.0
   -0.046393    0.734348  0.000000  1.0
   -0.046393    0.736348  0.000000  1.0
   -0.046393    0.738348  0.000000  1.0
   -0.046393    0.740348  0.000000  1.0
   -0.046393    0.742348  0.000000  1.0
   -0.046393    0.744348  0.000000  1.0
   -0.046393    0.746348  0.000000  1.0
   -0.046393    0.748348  0.000000  1.0
   -0.046393    0.750348  0.000000  1.0
   -0.046393    0.752348  0.000000  1.0
   -0.046393    0.754348  0.000000  1.0
   -0.046393    0.756348  0.000000  1.0
   -0.046393    0.758348  0.000000  1.0
   -0.046393    0.760348  0.000000  1.0
   -0.046393    0.762348  0.000000  1.0
   -0.046393    0.764348  0.000000  1.0
   -0.046393    0.766348  0.000000  1.0
   -0.046393    0.768348  0.000000  1.0
   -0.046393    0.770348  0.000000  1.0
   -0.044393    0.690348  0.000000  1.0
   -0.044393    0.692348  0.000000  1.0
   -0.044393    0.694348  0.000000  1.0
   -0.044393    0.696348  0.000000  1.0
   -0.044393    0.698348  0.000000  1.0
   -0.044393    0.700348  0.000000  1.0
   -0.044393    0.702348  0.000000  1.0
   -0.044393    0.704348  0.000000  1.0
   -0.044393    0.706348  0.000000  1.0
   -0.044393    0.708348  0.000000  1.0
   -0.044393    0.710348  0.000000  1.0
   -0.044393    0.712348  0.000000  1.0
   -0.044393    0.714348  0.000000  1.0
   -0.044393    0.716348  0.000000  1.0
   -0.044393    0.718348  0.000000  1.0
   -0.044393    0.720348  0.000000  1.0
   -0.044393    0.722348  0.000000  1.0
   -0.044393    0.724348  0.000000  1.0
   -0.044393    0.726348  0.000000  1.0
   -0.044393    0.728348  0.000000  1.0
   -0.044393    0.730348  0.000000  1.0
   -0.044393    0.732348  0.000000  1.0
   -0.044393    0.734348  0.000000  1.0
   -0.044393    0.736348  0.000000  1.0
   -0.044393    0.738348  0.000000  1.0
   -0.044393    0.740348  0.000000  1.0
   -0.044393    0.742348  0.000000  1.0
   -0.044393    0.744348  0.000000  1.0
   -0.044393    0.746348  0.000000  1.0
   -0.044393    0.748348  0.000000  1.0
   -0.044393    0.750348  0.000000  1.0
   -0.044393    0.752348  0.000000  1.0
   -0.044393    0.754348  0.000000  1.0
   -0.044393    0.756348  0.000000  1.0
   -0.044393    0.758348  0.000000  1.0
   -0.044393    0.760348  0.000000  1.0
   -0.044393    0.762348  0.000000  1.0
   -0.044393    0.764348  0.000000  1.0
   -0.044393    0.766348  0.000000  1.0
   -0.044393    0.768348  0.000000  1.0
   -0.044393    0.770348  0.000000  1.0
   -0.042393    0.690348  0.000000  1.0
   -0.042393    0.692348  0.000000  1.0
   -0.042393    0.694348  0.000000  1.0
   -0.042393    0.696348  0.000000  1.0
   -0.042393    0.698348  0.000000  1.0
   -0.042393    0.700348  0.000000  1.0
   -0.042393    0.702348  0.000000  1.0
   -0.042393    0.704348  0.000000  1.0
   -0.042393    0.706348  0.000000  1.0
   -0.042393    0.708348  0.000000  1.0
   -0.042393    0.710348  0.000000  1.0
   -0.042393    0.712348  0.000000  1.0
   -0.042393    0.714348  0.000000  1.0
   -0.042393    0.716348  0.000000  1.0
   -0.042393    0.718348  0.000000  1.0
   -0.042393    0.720348  0.000000  1.0
   -0.042393    0.722348  0.000000  1.0
   -0.042393    0.724348  0.000000  1.0
   -0.042393    0.726348  0.000000  1.0
   -0.042393    0.728348  0.000000  1.0
   -0.042393    0.730348  0.000000  1.0
   -0.042393    0.732348  0.000000  1.0
   -0.042393    0.734348  0.000000  1.0
   -0.042393    0.736348  0.000000  1.0
   -0.042393    0.738348  0.000000  1.0
   -0.042393    0.740348  0.000000  1.0
   -0.042393    0.742348  0.000000  1.0
   -0.042393    0.744348  0.000000  1.0
   -0.042393    0.746348  0.000000  1.0
   -0.042393    0.748348  0.000000  1.0
   -0.042393    0.750348  0.000000  1.0
   -0.042393    0.752348  0.000000  1.0
   -0.042393    0.754348  0.000000  1.0
   -0.042393    0.756348  0.000000  1.0
   -0.042393    0.758348  0.000000  1.0
   -0.042393    0.760348  0.000000  1.0
   -0.042393    0.762348  0.000000  1.0
   -0.042393    0.764348  0.000000  1.0
   -0.042393    0.766348  0.000000  1.0
   -0.042393    0.768348  0.000000  1.0
   -0.042393    0.770348  0.000000  1.0
   -0.040393    0.690348  0.000000  1.0
   -0.040393    0.692348  0.000000  1.0
   -0.040393    0.694348  0.000000  1.0
   -0.040393    0.696348  0.000000  1.0
   -0.040393    0.698348  0.000000  1.0
   -0.040393    0.700348  0.000000  1.0
   -0.040393    0.702348  0.000000  1.0
   -0.040393    0.704348  0.000000  1.0
   -0.040393    0.706348  0.000000  1.0
   -0.040393    0.708348  0.000000  1.0
   -0.040393    0.710348  0.000000  1.0
   -0.040393    0.712348  0.000000  1.0
   -0.040393    0.714348  0.000000  1.0
   -0.040393    0.716348  0.000000  1.0
   -0.040393    0.718348  0.000000  1.0
   -0.040393    0.720348  0.000000  1.0
   -0.040393    0.722348  0.000000  1.0
   -0.040393    0.724348  0.000000  1.0
   -0.040393    0.726348  0.000000  1.0
   -0.040393    0.728348  0.000000  1.0
   -0.040393    0.730348  0.000000  1.0
   -0.040393    0.732348  0.000000  1.0
   -0.040393    0.734348  0.000000  1.0
   -0.040393    0.736348  0.000000  1.0
   -0.040393    0.738348  0.000000  1.0
   -0.040393    0.740348  0.000000  1.0
   -0.040393    0.742348  0.000000  1.0
   -0.040393    0.744348  0.000000  1.0
   -0.040393    0.746348  0.000000  1.0
   -0.040393    0.748348  0.000000  1.0
   -0.040393    0.750348  0.000000  1.0
   -0.040393    0.752348  0.000000  1.0
   -0.040393    0.754348  0.000000  1.0
   -0.040393    0.756348  0.000000  1.0
   -0.040393    0.758348  0.000000  1.0
   -0.040393    0.760348  0.000000  1.0
   -0.040393    0.762348  0.000000  1.0
   -0.040393    0.764348  0.000000  1.0
   -0.040393    0.766348  0.000000  1.0
   -0.040393    0.768348  0.000000  1.0
   -0.040393    0.770348  0.000000  1.0
   -0.038393    0.690348  0.000000  1.0
   -0.038393    0.692348  0.000000  1.0
   -0.038393    0.694348  0.000000  1.0
   -0.038393    0.696348  0.000000  1.0
   -0.038393    0.698348  0.000000  1.0
   -0.038393    0.700348  0.000000  1.0
   -0.038393    0.702348  0.000000  1.0
   -0.038393    0.704348  0.000000  1.0
   -0.038393    0.706348  0.000000  1.0
   -0.038393    0.708348  0.000000  1.0
   -0.038393    0.710348  0.000000  1.0
   -0.038393    0.712348  0.000000  1.0
   -0.038393    0.714348  0.000000  1.0
   -0.038393    0.716348  0.000000  1.0
   -0.038393    0.718348  0.000000  1.0
   -0.038393    0.720348  0.000000  1.0
   -0.038393    0.722348  0.000000  1.0
   -0.038393    0.724348  0.000000  1.0
   -0.038393    0.726348  0.000000  1.0
   -0.038393    0.728348  0.000000  1.0
   -0.038393    0.730348  0.000000  1.0
   -0.038393    0.732348  0.000000  1.0
   -0.038393    0.734348  0.000000  1.0
   -0.038393    0.736348  0.000000  1.0
   -0.038393    0.738348  0.000000  1.0
   -0.038393    0.740348  0.000000  1.0
   -0.038393    0.742348  0.000000  1.0
   -0.038393    0.744348  0.000000  1.0
   -0.038393    0.746348  0.000000  1.0
   -0.038393    0.748348  0.000000  1.0
   -0.038393    0.750348  0.000000  1.0
   -0.038393    0.752348  0.000000  1.0
   -0.038393    0.754348  0.000000  1.0
   -0.038393    0.756348  0.000000  1.0
   -0.038393    0.758348  0.000000  1.0
   -0.038393    0.760348  0.000000  1.0
   -0.038393    0.762348  0.000000  1.0
   -0.038393    0.764348  0.000000  1.0
   -0.038393    0.766348  0.000000  1.0
   -0.038393    0.768348  0.000000  1.0
   -0.038393    0.770348  0.000000  1.0
   -0.036393    0.690348  0.000000  1.0
   -0.036393    0.692348  0.000000  1.0
   -0.036393    0.694348  0.000000  1.0
   -0.036393    0.696348  0.000000  1.0
   -0.036393    0.698348  0.000000  1.0
   -0.036393    0.700348  0.000000  1.0
   -0.036393    0.702348  0.000000  1.0
   -0.036393    0.704348  0.000000  1.0
   -0.036393    0.706348  0.000000  1.0
   -0.036393    0.708348  0.000000  1.0
   -0.036393    0.710348  0.000000  1.0
   -0.036393    0.712348  0.000000  1.0
   -0.036393    0.714348  0.000000  1.0
   -0.036393    0.716348  0.000000  1.0
   -0.036393    0.718348  0.000000  1.0
   -0.036393    0.720348  0.000000  1.0
   -0.036393    0.722348  0.000000  1.0
   -0.036393    0.724348  0.000000  1.0
   -0.036393    0.726348  0.000000  1.0
   -0.036393    0.728348  0.000000  1.0
   -0.036393    0.730348  0.000000  1.0
   -0.036393    0.732348  0.000000  1.0
   -0.036393    0.734348  0.000000  1.0
   -0.036393    0.736348  0.000000  1.0
   -0.036393    0.738348  0.000000  1.0
   -0.036393    0.740348  0.000000  1.0
   -0.036393    0.742348  0.000000  1.0
   -0.036393    0.744348  0.000000  1.0
   -0.036393    0.746348  0.000000  1.0
   -0.036393    0.748348  0.000000  1.0
   -0.036393    0.750348  0.000000  1.0
   -0.036393    0.752348  0.000000  1.0
   -0.036393    0.754348  0.000000  1.0
   -0.036393    0.756348  0.000000  1.0
   -0.036393    0.758348  0.000000  1.0
   -0.036393    0.760348  0.000000  1.0
   -0.036393    0.762348  0.000000  1.0
   -0.036393    0.764348  0.000000  1.0
   -0.036393    0.766348  0.000000  1.0
   -0.036393    0.768348  0.000000  1.0
   -0.036393    0.770348  0.000000  1.0
   -0.034393    0.690348  0.000000  1.0
   -0.034393    0.692348  0.000000  1.0
   -0.034393    0.694348  0.000000  1.0
   -0.034393    0.696348  0.000000  1.0
   -0.034393    0.698348  0.000000  1.0
   -0.034393    0.700348  0.000000  1.0
   -0.034393    0.702348  0.000000  1.0
   -0.034393    0.704348  0.000000  1.0
   -0.034393    0.706348  0.000000  1.0
   -0.034393    0.708348  0.000000  1.0
   -0.034393    0.710348  0.000000  1.0
   -0.034393    0.712348  0.000000  1.0
   -0.034393    0.714348  0.000000  1.0
   -0.034393    0.716348  0.000000  1.0
   -0.034393    0.718348  0.000000  1.0
   -0.034393    0.720348  0.000000  1.0
   -0.034393    0.722348  0.000000  1.0
   -0.034393    0.724348  0.000000  1.0
   -0.034393    0.726348  0.000000  1.0
   -0.034393    0.728348  0.000000  1.0
   -0.034393    0.730348  0.000000  1.0
   -0.034393    0.732348  0.000000  1.0
   -0.034393    0.734348  0.000000  1.0
   -0.034393    0.736348  0.000000  1.0
   -0.034393    0.738348  0.000000  1.0
   -0.034393    0.740348  0.000000  1.0
   -0.034393    0.742348  0.000000  1.0
   -0.034393    0.744348  0.000000  1.0
   -0.034393    0.746348  0.000000  1.0
   -0.034393    0.748348  0.000000  1.0
   -0.034393    0.750348  0.000000  1.0
   -0.034393    0.752348  0.000000  1.0
   -0.034393    0.754348  0.000000  1.0
   -0.034393    0.756348  0.000000  1.0
   -0.034393    0.758348  0.000000  1.0
   -0.034393    0.760348  0.000000  1.0
   -0.034393    0.762348  0.000000  1.0
   -0.034393    0.764348  0.000000  1.0
   -0.034393    0.766348  0.000000  1.0
   -0.034393    0.768348  0.000000  1.0
   -0.034393    0.770348  0.000000  1.0
   -0.032393    0.690348  0.000000  1.0
   -0.032393    0.692348  0.000000  1.0
   -0.032393    0.694348  0.000000  1.0
   -0.032393    0.696348  0.000000  1.0
   -0.032393    0.698348  0.000000  1.0
   -0.032393    0.700348  0.000000  1.0
   -0.032393    0.702348  0.000000  1.0
   -0.032393    0.704348  0.000000  1.0
   -0.032393    0.706348  0.000000  1.0
   -0.032393    0.708348  0.000000  1.0
   -0.032393    0.710348  0.000000  1.0
   -0.032393    0.712348  0.000000  1.0
   -0.032393    0.714348  0.000000  1.0
   -0.032393    0.716348  0.000000  1.0
   -0.032393    0.718348  0.000000  1.0
   -0.032393    0.720348  0.000000  1.0
   -0.032393    0.722348  0.000000  1.0
   -0.032393    0.724348  0.000000  1.0
   -0.032393    0.726348  0.000000  1.0
   -0.032393    0.728348  0.000000  1.0
   -0.032393    0.730348  0.000000  1.0
   -0.032393    0.732348  0.000000  1.0
   -0.032393    0.734348  0.000000  1.0
   -0.032393    0.736348  0.000000  1.0
   -0.032393    0.738348  0.000000  1.0
   -0.032393    0.740348  0.000000  1.0
   -0.032393    0.742348  0.000000  1.0
   -0.032393    0.744348  0.000000  1.0
   -0.032393    0.746348  0.000000  1.0
   -0.032393    0.748348  0.000000  1.0
   -0.032393    0.750348  0.000000  1.0
   -0.032393    0.752348  0.000000  1.0
   -0.032393    0.754348  0.000000  1.0
   -0.032393    0.756348  0.000000  1.0
   -0.032393    0.758348  0.000000  1.0
   -0.032393    0.760348  0.000000  1.0
   -0.032393    0.762348  0.000000  1.0
   -0.032393    0.764348  0.000000  1.0
   -0.032393    0.766348  0.000000  1.0
   -0.032393    0.768348  0.000000  1.0
   -0.032393    0.770348  0.000000  1.0
   -0.030393    0.690348  0.000000  1.0
   -0.030393    0.692348  0.000000  1.0
   -0.030393    0.694348  0.000000  1.0
   -0.030393    0.696348  0.000000  1.0
   -0.030393    0.698348  0.000000  1.0
   -0.030393    0.700348  0.000000  1.0
   -0.030393    0.702348  0.000000  1.0
   -0.030393    0.704348  0.000000  1.0
   -0.030393    0.706348  0.000000  1.0
   -0.030393    0.708348  0.000000  1.0
   -0.030393    0.710348  0.000000  1.0
   -0.030393    0.712348  0.000000  1.0
   -0.030393    0.714348  0.000000  1.0
   -0.030393    0.716348  0.000000  1.0
   -0.030393    0.718348  0.000000  1.0
   -0.030393    0.720348  0.000000  1.0
   -0.030393    0.722348  0.000000  1.0
   -0.030393    0.724348  0.000000  1.0
   -0.030393    0.726348  0.000000  1.0
   -0.030393    0.728348  0.000000  1.0
   -0.030393    0.730348  0.000000  1.0
   -0.030393    0.732348  0.000000  1.0
   -0.030393    0.734348  0.000000  1.0
   -0.030393    0.736348  0.000000  1.0
   -0.030393    0.738348  0.000000  1.0
   -0.030393    0.740348  0.000000  1.0
   -0.030393    0.742348  0.000000  1.0
   -0.030393    0.744348  0.000000  1.0
   -0.030393    0.746348  0.000000  1.0
   -0.030393    0.748348  0.000000  1.0
   -0.030393    0.750348  0.000000  1.0
   -0.030393    0.752348  0.000000  1.0
   -0.030393    0.754348  0.000000  1.0
   -0.030393    0.756348  0.000000  1.0
   -0.030393    0.758348  0.000000  1.0
   -0.030393    0.760348  0.000000  1.0
   -0.030393    0.762348  0.000000  1.0
   -0.030393    0.764348  0.000000  1.0
   -0.030393    0.766348  0.000000  1.0
   -0.030393    0.768348  0.000000  1.0
   -0.030393    0.770348  0.000000  1.0
   -0.028393    0.690348  0.000000  1.0
   -0.028393    0.692348  0.000000  1.0
   -0.028393    0.694348  0.000000  1.0
   -0.028393    0.696348  0.000000  1.0
   -0.028393    0.698348  0.000000  1.0
   -0.028393    0.700348  0.000000  1.0
   -0.028393    0.702348  0.000000  1.0
   -0.028393    0.704348  0.000000  1.0
   -0.028393    0.706348  0.000000  1.0
   -0.028393    0.708348  0.000000  1.0
   -0.028393    0.710348  0.000000  1.0
   -0.028393    0.712348  0.000000  1.0
   -0.028393    0.714348  0.000000  1.0
   -0.028393    0.716348  0.000000  1.0
   -0.028393    0.718348  0.000000  1.0
   -0.028393    0.720348  0.000000  1.0
   -0.028393    0.722348  0.000000  1.0
   -0.028393    0.724348  0.000000  1.0
   -0.028393    0.726348  0.000000  1.0
   -0.028393    0.728348  0.000000  1.0
   -0.028393    0.730348  0.000000  1.0
   -0.028393    0.732348  0.000000  1.0
   -0.028393    0.734348  0.000000  1.0
   -0.028393    0.736348  0.000000  1.0
   -0.028393    0.738348  0.000000  1.0
   -0.028393    0.740348  0.000000  1.0
   -0.028393    0.742348  0.000000  1.0
   -0.028393    0.744348  0.000000  1.0
   -0.028393    0.746348  0.000000  1.0
   -0.028393    0.748348  0.000000  1.0
   -0.028393    0.750348  0.000000  1.0
   -0.028393    0.752348  0.000000  1.0
   -0.028393    0.754348  0.000000  1.0
   -0.028393    0.756348  0.000000  1.0
   -0.028393    0.758348  0.000000  1.0
   -0.028393    0.760348  0.000000  1.0
   -0.028393    0.762348  0.000000  1.0
   -0.028393    0.764348  0.000000  1.0
   -0.028393    0.766348  0.000000  1.0
   -0.028393    0.768348  0.000000  1.0
   -0.028393    0.770348  0.000000  1.0
   -0.026393    0.690348  0.000000  1.0
   -0.026393    0.692348  0.000000  1.0
   -0.026393    0.694348  0.000000  1.0
   -0.026393    0.696348  0.000000  1.0
   -0.026393    0.698348  0.000000  1.0
   -0.026393    0.700348  0.000000  1.0
   -0.026393    0.702348  0.000000  1.0
   -0.026393    0.704348  0.000000  1.0
   -0.026393    0.706348  0.000000  1.0
   -0.026393    0.708348  0.000000  1.0
   -0.026393    0.710348  0.000000  1.0
   -0.026393    0.712348  0.000000  1.0
   -0.026393    0.714348  0.000000  1.0
   -0.026393    0.716348  0.000000  1.0
   -0.026393    0.718348  0.000000  1.0
   -0.026393    0.720348  0.000000  1.0
   -0.026393    0.722348  0.000000  1.0
   -0.026393    0.724348  0.000000  1.0
   -0.026393    0.726348  0.000000  1.0
   -0.026393    0.728348  0.000000  1.0
   -0.026393    0.730348  0.000000  1.0
   -0.026393    0.732348  0.000000  1.0
   -0.026393    0.734348  0.000000  1.0
   -0.026393    0.736348  0.000000  1.0
   -0.026393    0.738348  0.000000  1.0
   -0.026393    0.740348  0.000000  1.0
   -0.026393    0.742348  0.000000  1.0
   -0.026393    0.744348  0.000000  1.0
   -0.026393    0.746348  0.000000  1.0
   -0.026393    0.748348  0.000000  1.0
   -0.026393    0.750348  0.000000  1.0
   -0.026393    0.752348  0.000000  1.0
   -0.026393    0.754348  0.000000  1.0
   -0.026393    0.756348  0.000000  1.0
   -0.026393    0.758348  0.000000  1.0
   -0.026393    0.760348  0.000000  1.0
   -0.026393    0.762348  0.000000  1.0
   -0.026393    0.764348  0.000000  1.0
   -0.026393    0.766348  0.000000  1.0
   -0.026393    0.768348  0.000000  1.0
   -0.026393    0.770348  0.000000  1.0
   -0.024393    0.690348  0.000000  1.0
   -0.024393    0.692348  0.000000  1.0
   -0.024393    0.694348  0.000000  1.0
   -0.024393    0.696348  0.000000  1.0
   -0.024393    0.698348  0.000000  1.0
   -0.024393    0.700348  0.000000  1.0
   -0.024393    0.702348  0.000000  1.0
   -0.024393    0.704348  0.000000  1.0
   -0.024393    0.706348  0.000000  1.0
   -0.024393    0.708348  0.000000  1.0
   -0.024393    0.710348  0.000000  1.0
   -0.024393    0.712348  0.000000  1.0
   -0.024393    0.714348  0.000000  1.0
   -0.024393    0.716348  0.000000  1.0
   -0.024393    0.718348  0.000000  1.0
   -0.024393    0.720348  0.000000  1.0
   -0.024393    0.722348  0.000000  1.0
   -0.024393    0.724348  0.000000  1.0
   -0.024393    0.726348  0.000000  1.0
   -0.024393    0.728348  0.000000  1.0
   -0.024393    0.730348  0.000000  1.0
   -0.024393    0.732348  0.000000  1.0
   -0.024393    0.734348  0.000000  1.0
   -0.024393    0.736348  0.000000  1.0
   -0.024393    0.738348  0.000000  1.0
   -0.024393    0.740348  0.000000  1.0
   -0.024393    0.742348  0.000000  1.0
   -0.024393    0.744348  0.000000  1.0
   -0.024393    0.746348  0.000000  1.0
   -0.024393    0.748348  0.000000  1.0
   -0.024393    0.750348  0.000000  1.0
   -0.024393    0.752348  0.000000  1.0
   -0.024393    0.754348  0.000000  1.0
   -0.024393    0.756348  0.000000  1.0
   -0.024393    0.758348  0.000000  1.0
   -0.024393    0.760348  0.000000  1.0
   -0.024393    0.762348  0.000000  1.0
   -0.024393    0.764348  0.000000  1.0
   -0.024393    0.766348  0.000000  1.0
   -0.024393    0.768348  0.000000  1.0
   -0.024393    0.770348  0.000000  1.0
   -0.022393    0.690348  0.000000  1.0
   -0.022393    0.692348  0.000000  1.0
   -0.022393    0.694348  0.000000  1.0
   -0.022393    0.696348  0.000000  1.0
   -0.022393    0.698348  0.000000  1.0
   -0.022393    0.700348  0.000000  1.0
   -0.022393    0.702348  0.000000  1.0
   -0.022393    0.704348  0.000000  1.0
   -0.022393    0.706348  0.000000  1.0
   -0.022393    0.708348  0.000000  1.0
   -0.022393    0.710348  0.000000  1.0
   -0.022393    0.712348  0.000000  1.0
   -0.022393    0.714348  0.000000  1.0
   -0.022393    0.716348  0.000000  1.0
   -0.022393    0.718348  0.000000  1.0
   -0.022393    0.720348  0.000000  1.0
   -0.022393    0.722348  0.000000  1.0
   -0.022393    0.724348  0.000000  1.0
   -0.022393    0.726348  0.000000  1.0
   -0.022393    0.728348  0.000000  1.0
   -0.022393    0.730348  0.000000  1.0
   -0.022393    0.732348  0.000000  1.0
   -0.022393    0.734348  0.000000  1.0
   -0.022393    0.736348  0.000000  1.0
   -0.022393    0.738348  0.000000  1.0
   -0.022393    0.740348  0.000000  1.0
   -0.022393    0.742348  0.000000  1.0
   -0.022393    0.744348  0.000000  1.0
   -0.022393    0.746348  0.000000  1.0
   -0.022393    0.748348  0.000000  1.0
   -0.022393    0.750348  0.000000  1.0
   -0.022393    0.752348  0.000000  1.0
   -0.022393    0.754348  0.000000  1.0
   -0.022393    0.756348  0.000000  1.0
   -0.022393    0.758348  0.000000  1.0
   -0.022393    0.760348  0.000000  1.0
   -0.022393    0.762348  0.000000  1.0
   -0.022393    0.764348  0.000000  1.0
   -0.022393    0.766348  0.000000  1.0
   -0.022393    0.768348  0.000000  1.0
   -0.022393    0.770348  0.000000  1.0
   -0.020393    0.690348  0.000000  1.0
   -0.020393    0.692348  0.000000  1.0
   -0.020393    0.694348  0.000000  1.0
   -0.020393    0.696348  0.000000  1.0
   -0.020393    0.698348  0.000000  1.0
   -0.020393    0.700348  0.000000  1.0
   -0.020393    0.702348  0.000000  1.0
   -0.020393    0.704348  0.000000  1.0
   -0.020393    0.706348  0.000000  1.0
   -0.020393    0.708348  0.000000  1.0
   -0.020393    0.710348  0.000000  1.0
   -0.020393    0.712348  0.000000  1.0
   -0.020393    0.714348  0.000000  1.0
   -0.020393    0.716348  0.000000  1.0
   -0.020393    0.718348  0.000000  1.0
   -0.020393    0.720348  0.000000  1.0
   -0.020393    0.722348  0.000000  1.0
   -0.020393    0.724348  0.000000  1.0
   -0.020393    0.726348  0.000000  1.0
   -0.020393    0.728348  0.000000  1.0
   -0.020393    0.730348  0.000000  1.0
   -0.020393    0.732348  0.000000  1.0
   -0.020393    0.734348  0.000000  1.0
   -0.020393    0.736348  0.000000  1.0
   -0.020393    0.738348  0.000000  1.0
   -0.020393    0.740348  0.000000  1.0
   -0.020393    0.742348  0.000000  1.0
   -0.020393    0.744348  0.000000  1.0
   -0.020393    0.746348  0.000000  1.0
   -0.020393    0.748348  0.000000  1.0
   -0.020393    0.750348  0.000000  1.0
   -0.020393    0.752348  0.000000  1.0
   -0.020393    0.754348  0.000000  1.0
   -0.020393    0.756348  0.000000  1.0
   -0.020393    0.758348  0.000000  1.0
   -0.020393    0.760348  0.000000  1.0
   -0.020393    0.762348  0.000000  1.0
   -0.020393    0.764348  0.000000  1.0
   -0.020393    0.766348  0.000000  1.0
   -0.020393    0.768348  0.000000  1.0
   -0.020393    0.770348  0.000000  1.0
   -0.018393    0.690348  0.000000  1.0
   -0.018393    0.692348  0.000000  1.0
   -0.018393    0.694348  0.000000  1.0
   -0.018393    0.696348  0.000000  1.0
   -0.018393    0.698348  0.000000  1.0
   -0.018393    0.700348  0.000000  1.0
   -0.018393    0.702348  0.000000  1.0
   -0.018393    0.704348  0.000000  1.0
   -0.018393    0.706348  0.000000  1.0
   -0.018393    0.708348  0.000000  1.0
   -0.018393    0.710348  0.000000  1.0
   -0.018393    0.712348  0.000000  1.0
   -0.018393    0.714348  0.000000  1.0
   -0.018393    0.716348  0.000000  1.0
   -0.018393    0.718348  0.000000  1.0
   -0.018393    0.720348  0.000000  1.0
   -0.018393    0.722348  0.000000  1.0
   -0.018393    0.724348  0.000000  1.0
   -0.018393    0.726348  0.000000  1.0
   -0.018393    0.728348  0.000000  1.0
   -0.018393    0.730348  0.000000  1.0
   -0.018393    0.732348  0.000000  1.0
   -0.018393    0.734348  0.000000  1.0
   -0.018393    0.736348  0.000000  1.0
   -0.018393    0.738348  0.000000  1.0
   -0.018393    0.740348  0.000000  1.0
   -0.018393    0.742348  0.000000  1.0
   -0.018393    0.744348  0.000000  1.0
   -0.018393    0.746348  0.000000  1.0
   -0.018393    0.748348  0.000000  1.0
   -0.018393    0.750348  0.000000  1.0
   -0.018393    0.752348  0.000000  1.0
   -0.018393    0.754348  0.000000  1.0
   -0.018393    0.756348  0.000000  1.0
   -0.018393    0.758348  0.000000  1.0
   -0.018393    0.760348  0.000000  1.0
   -0.018393    0.762348  0.000000  1.0
   -0.018393    0.764348  0.000000  1.0
   -0.018393    0.766348  0.000000  1.0
   -0.018393    0.768348  0.000000  1.0
   -0.018393    0.770348  0.000000  1.0
   -0.016393    0.690348  0.000000  1.0
   -0.016393    0.692348  0.000000  1.0
   -0.016393    0.694348  0.000000  1.0
   -0.016393    0.696348  0.000000  1.0
   -0.016393    0.698348  0.000000  1.0
   -0.016393    0.700348  0.000000  1.0
   -0.016393    0.702348  0.000000  1.0
   -0.016393    0.704348  0.000000  1.0
   -0.016393    0.706348  0.000000  1.0
   -0.016393    0.708348  0.000000  1.0
   -0.016393    0.710348  0.000000  1.0
   -0.016393    0.712348  0.000000  1.0
   -0.016393    0.714348  0.000000  1.0
   -0.016393    0.716348  0.000000  1.0
   -0.016393    0.718348  0.000000  1.0
   -0.016393    0.720348  0.000000  1.0
   -0.016393    0.722348  0.000000  1.0
   -0.016393    0.724348  0.000000  1.0
   -0.016393    0.726348  0.000000  1.0
   -0.016393    0.728348  0.000000  1.0
   -0.016393    0.730348  0.000000  1.0
   -0.016393    0.732348  0.000000  1.0
   -0.016393    0.734348  0.000000  1.0
   -0.016393    0.736348  0.000000  1.0
   -0.016393    0.738348  0.000000  1.0
   -0.016393    0.740348  0.000000  1.0
   -0.016393    0.742348  0.000000  1.0
   -0.016393    0.744348  0.000000  1.0
   -0.016393    0.746348  0.000000  1.0
   -0.016393    0.748348  0.000000  1.0
   -0.016393    0.750348  0.000000  1.0
   -0.016393    0.752348  0.000000  1.0
   -0.016393    0.754348  0.000000  1.0
   -0.016393    0.756348  0.000000  1.0
   -0.016393    0.758348  0.000000  1.0
   -0.016393    0.760348  0.000000  1.0
   -0.016393    0.762348  0.000000  1.0
   -0.016393    0.764348  0.000000  1.0
   -0.016393    0.766348  0.000000  1.0
   -0.016393    0.768348  0.000000  1.0
   -0.016393    0.770348  0.000000  1.0
   -0.014393    0.690348  0.000000  1.0
   -0.014393    0.692348  0.000000  1.0
   -0.014393    0.694348  0.000000  1.0
   -0.014393    0.696348  0.000000  1.0
   -0.014393    0.698348  0.000000  1.0
   -0.014393    0.700348  0.000000  1.0
   -0.014393    0.702348  0.000000  1.0
   -0.014393    0.704348  0.000000  1.0
   -0.014393    0.706348  0.000000  1.0
   -0.014393    0.708348  0.000000  1.0
   -0.014393    0.710348  0.000000  1.0
   -0.014393    0.712348  0.000000  1.0
   -0.014393    0.714348  0.000000  1.0
   -0.014393    0.716348  0.000000  1.0
   -0.014393    0.718348  0.000000  1.0
   -0.014393    0.720348  0.000000  1.0
   -0.014393    0.722348  0.000000  1.0
   -0.014393    0.724348  0.000000  1.0
   -0.014393    0.726348  0.000000  1.0
   -0.014393    0.728348  0.000000  1.0
   -0.014393    0.730348  0.000000  1.0
   -0.014393    0.732348  0.000000  1.0
   -0.014393    0.734348  0.000000  1.0
   -0.014393    0.736348  0.000000  1.0
   -0.014393    0.738348  0.000000  1.0
   -0.014393    0.740348  0.000000  1.0
   -0.014393    0.742348  0.000000  1.0
   -0.014393    0.744348  0.000000  1.0
   -0.014393    0.746348  0.000000  1.0
   -0.014393    0.748348  0.000000  1.0
   -0.014393    0.750348  0.000000  1.0
   -0.014393    0.752348  0.000000  1.0
   -0.014393    0.754348  0.000000  1.0
   -0.014393    0.756348  0.000000  1.0
   -0.014393    0.758348  0.000000  1.0
   -0.014393    0.760348  0.000000  1.0
   -0.014393    0.762348  0.000000  1.0
   -0.014393    0.764348  0.000000  1.0
   -0.014393    0.766348  0.000000  1.0
   -0.014393    0.768348  0.000000  1.0
   -0.014393    0.770348  0.000000  1.0
   -0.012393    0.690348  0.000000  1.0
   -0.012393    0.692348  0.000000  1.0
   -0.012393    0.694348  0.000000  1.0
   -0.012393    0.696348  0.000000  1.0
   -0.012393    0.698348  0.000000  1.0
   -0.012393    0.700348  0.000000  1.0
   -0.012393    0.702348  0.000000  1.0
   -0.012393    0.704348  0.000000  1.0
   -0.012393    0.706348  0.000000  1.0
   -0.012393    0.708348  0.000000  1.0
   -0.012393    0.710348  0.000000  1.0
   -0.012393    0.712348  0.000000  1.0
   -0.012393    0.714348  0.000000  1.0
   -0.012393    0.716348  0.000000  1.0
   -0.012393    0.718348  0.000000  1.0
   -0.012393    0.720348  0.000000  1.0
   -0.012393    0.722348  0.000000  1.0
   -0.012393    0.724348  0.000000  1.0
   -0.012393    0.726348  0.000000  1.0
   -0.012393    0.728348  0.000000  1.0
   -0.012393    0.730348  0.000000  1.0
   -0.012393    0.732348  0.000000  1.0
   -0.012393    0.734348  0.000000  1.0
   -0.012393    0.736348  0.000000  1.0
   -0.012393    0.738348  0.000000  1.0
   -0.012393    0.740348  0.000000  1.0
   -0.012393    0.742348  0.000000  1.0
   -0.012393    0.744348  0.000000  1.0
   -0.012393    0.746348  0.000000  1.0
   -0.012393    0.748348  0.000000  1.0
   -0.012393    0.750348  0.000000  1.0
   -0.012393    0.752348  0.000000  1.0
   -0.012393    0.754348  0.000000  1.0
   -0.012393    0.756348  0.000000  1.0
   -0.012393    0.758348  0.000000  1.0
   -0.012393    0.760348  0.000000  1.0
   -0.012393    0.762348  0.000000  1.0
   -0.012393    0.764348  0.000000  1.0
   -0.012393    0.766348  0.000000  1.0
   -0.012393    0.768348  0.000000  1.0
   -0.012393    0.770348  0.000000  1.0
   -0.010393    0.690348  0.000000  1.0
   -0.010393    0.692348  0.000000  1.0
   -0.010393    0.694348  0.000000  1.0
   -0.010393    0.696348  0.000000  1.0
   -0.010393    0.698348  0.000000  1.0
   -0.010393    0.700348  0.000000  1.0
   -0.010393    0.702348  0.000000  1.0
   -0.010393    0.704348  0.000000  1.0
   -0.010393    0.706348  0.000000  1.0
   -0.010393    0.708348  0.000000  1.0
   -0.010393    0.710348  0.000000  1.0
   -0.010393    0.712348  0.000000  1.0
   -0.010393    0.714348  0.000000  1.0
   -0.010393    0.716348  0.000000  1.0
   -0.010393    0.718348  0.000000  1.0
   -0.010393    0.720348  0.000000  1.0
   -0.010393    0.722348  0.000000  1.0
   -0.010393    0.724348  0.000000  1.0
   -0.010393    0.726348  0.000000  1.0
   -0.010393    0.728348  0.000000  1.0
   -0.010393    0.730348  0.000000  1.0
   -0.010393    0.732348  0.000000  1.0
   -0.010393    0.734348  0.000000  1.0
   -0.010393    0.736348  0.000000  1.0
   -0.010393    0.738348  0.000000  1.0
   -0.010393    0.740348  0.000000  1.0
   -0.010393    0.742348  0.000000  1.0
   -0.010393    0.744348  0.000000  1.0
   -0.010393    0.746348  0.000000  1.0
   -0.010393    0.748348  0.000000  1.0
   -0.010393    0.750348  0.000000  1.0
   -0.010393    0.752348  0.000000  1.0
   -0.010393    0.754348  0.000000  1.0
   -0.010393    0.756348  0.000000  1.0
   -0.010393    0.758348  0.000000  1.0
   -0.010393    0.760348  0.000000  1.0
   -0.010393    0.762348  0.000000  1.0
   -0.010393    0.764348  0.000000  1.0
   -0.010393    0.766348  0.000000  1.0
   -0.010393    0.768348  0.000000  1.0
   -0.010393    0.770348  0.000000  1.0
   -0.008393    0.690348  0.000000  1.0
   -0.008393    0.692348  0.000000  1.0
   -0.008393    0.694348  0.000000  1.0
   -0.008393    0.696348  0.000000  1.0
   -0.008393    0.698348  0.000000  1.0
   -0.008393    0.700348  0.000000  1.0
   -0.008393    0.702348  0.000000  1.0
   -0.008393    0.704348  0.000000  1.0
   -0.008393    0.706348  0.000000  1.0
   -0.008393    0.708348  0.000000  1.0
   -0.008393    0.710348  0.000000  1.0
   -0.008393    0.712348  0.000000  1.0
   -0.008393    0.714348  0.000000  1.0
   -0.008393    0.716348  0.000000  1.0
   -0.008393    0.718348  0.000000  1.0
   -0.008393    0.720348  0.000000  1.0
   -0.008393    0.722348  0.000000  1.0
   -0.008393    0.724348  0.000000  1.0
   -0.008393    0.726348  0.000000  1.0
   -0.008393    0.728348  0.000000  1.0
   -0.008393    0.730348  0.000000  1.0
   -0.008393    0.732348  0.000000  1.0
   -0.008393    0.734348  0.000000  1.0
   -0.008393    0.736348  0.000000  1.0
   -0.008393    0.738348  0.000000  1.0
   -0.008393    0.740348  0.000000  1.0
   -0.008393    0.742348  0.000000  1.0
   -0.008393    0.744348  0.000000  1.0
   -0.008393    0.746348  0.000000  1.0
   -0.008393    0.748348  0.000000  1.0
   -0.008393    0.750348  0.000000  1.0
   -0.008393    0.752348  0.000000  1.0
   -0.008393    0.754348  0.000000  1.0
   -0.008393    0.756348  0.000000  1.0
   -0.008393    0.758348  0.000000  1.0
   -0.008393    0.760348  0.000000  1.0
   -0.008393    0.762348  0.000000  1.0
   -0.008393    0.764348  0.000000  1.0
   -0.008393    0.766348  0.000000  1.0
   -0.008393    0.768348  0.000000  1.0
   -0.008393    0.770348  0.000000  1.0
   -0.006393    0.690348  0.000000  1.0
   -0.006393    0.692348  0.000000  1.0
   -0.006393    0.694348  0.000000  1.0
   -0.006393    0.696348  0.000000  1.0
   -0.006393    0.698348  0.000000  1.0
   -0.006393    0.700348  0.000000  1.0
   -0.006393    0.702348  0.000000  1.0
   -0.006393    0.704348  0.000000  1.0
   -0.006393    0.706348  0.000000  1.0
   -0.006393    0.708348  0.000000  1.0
   -0.006393    0.710348  0.000000  1.0
   -0.006393    0.712348  0.000000  1.0
   -0.006393    0.714348  0.000000  1.0
   -0.006393    0.716348  0.000000  1.0
   -0.006393    0.718348  0.000000  1.0
   -0.006393    0.720348  0.000000  1.0
   -0.006393    0.722348  0.000000  1.0
   -0.006393    0.724348  0.000000  1.0
   -0.006393    0.726348  0.000000  1.0
   -0.006393    0.728348  0.000000  1.0
   -0.006393    0.730348  0.000000  1.0
   -0.006393    0.732348  0.000000  1.0
   -0.006393    0.734348  0.000000  1.0
   -0.006393    0.736348  0.000000  1.0
   -0.006393    0.738348  0.000000  1.0
   -0.006393    0.740348  0.000000  1.0
   -0.006393    0.742348  0.000000  1.0
   -0.006393    0.744348  0.000000  1.0
   -0.006393    0.746348  0.000000  1.0
   -0.006393    0.748348  0.000000  1.0
   -0.006393    0.750348  0.000000  1.0
   -0.006393    0.752348  0.000000  1.0
   -0.006393    0.754348  0.000000  1.0
   -0.006393    0.756348  0.000000  1.0
   -0.006393    0.758348  0.000000  1.0
   -0.006393    0.760348  0.000000  1.0
   -0.006393    0.762348  0.000000  1.0
   -0.006393    0.764348  0.000000  1.0
   -0.006393    0.766348  0.000000  1.0
   -0.006393    0.768348  0.000000  1.0
   -0.006393    0.770348  0.000000  1.0
   -0.004393    0.690348  0.000000  1.0
   -0.004393    0.692348  0.000000  1.0
   -0.004393    0.694348  0.000000  1.0
   -0.004393    0.696348  0.000000  1.0
   -0.004393    0.698348  0.000000  1.0
   -0.004393    0.700348  0.000000  1.0
   -0.004393    0.702348  0.000000  1.0
   -0.004393    0.704348  0.000000  1.0
   -0.004393    0.706348  0.000000  1.0
   -0.004393    0.708348  0.000000  1.0
   -0.004393    0.710348  0.000000  1.0
   -0.004393    0.712348  0.000000  1.0
   -0.004393    0.714348  0.000000  1.0
   -0.004393    0.716348  0.000000  1.0
   -0.004393    0.718348  0.000000  1.0
   -0.004393    0.720348  0.000000  1.0
   -0.004393    0.722348  0.000000  1.0
   -0.004393    0.724348  0.000000  1.0
   -0.004393    0.726348  0.000000  1.0
   -0.004393    0.728348  0.000000  1.0
   -0.004393    0.730348  0.000000  1.0
   -0.004393    0.732348  0.000000  1.0
   -0.004393    0.734348  0.000000  1.0
   -0.004393    0.736348  0.000000  1.0
   -0.004393    0.738348  0.000000  1.0
   -0.004393    0.740348  0.000000  1.0
   -0.004393    0.742348  0.000000  1.0
   -0.004393    0.744348  0.000000  1.0
   -0.004393    0.746348  0.000000  1.0
   -0.004393    0.748348  0.000000  1.0
   -0.004393    0.750348  0.000000  1.0
   -0.004393    0.752348  0.000000  1.0
   -0.004393    0.754348  0.000000  1.0
   -0.004393    0.756348  0.000000  1.0
   -0.004393    0.758348  0.000000  1.0
   -0.004393    0.760348  0.000000  1.0
   -0.004393    0.762348  0.000000  1.0
   -0.004393    0.764348  0.000000  1.0
   -0.004393    0.766348  0.000000  1.0
   -0.004393    0.768348  0.000000  1.0
   -0.004393    0.770348  0.000000  1.0
   -0.002393    0.690348  0.000000  1.0
   -0.002393    0.692348  0.000000  1.0
   -0.002393    0.694348  0.000000  1.0
   -0.002393    0.696348  0.000000  1.0
   -0.002393    0.698348  0.000000  1.0
   -0.002393    0.700348  0.000000  1.0
   -0.002393    0.702348  0.000000  1.0
   -0.002393    0.704348  0.000000  1.0
   -0.002393    0.706348  0.000000  1.0
   -0.002393    0.708348  0.000000  1.0
   -0.002393    0.710348  0.000000  1.0
   -0.002393    0.712348  0.000000  1.0
   -0.002393    0.714348  0.000000  1.0
   -0.002393    0.716348  0.000000  1.0
   -0.002393    0.718348  0.000000  1.0
   -0.002393    0.720348  0.000000  1.0
   -0.002393    0.722348  0.000000  1.0
   -0.002393    0.724348  0.000000  1.0
   -0.002393    0.726348  0.000000  1.0
   -0.002393    0.728348  0.000000  1.0
   -0.002393    0.730348  0.000000  1.0
   -0.002393    0.732348  0.000000  1.0
   -0.002393    0.734348  0.000000  1.0
   -0.002393    0.736348  0.000000  1.0
   -0.002393    0.738348  0.000000  1.0
   -0.002393    0.740348  0.000000  1.0
   -0.002393    0.742348  0.000000  1.0
   -0.002393    0.744348  0.000000  1.0
   -0.002393    0.746348  0.000000  1.0
   -0.002393    0.748348  0.000000  1.0
   -0.002393    0.750348  0.000000  1.0
   -0.002393    0.752348  0.000000  1.0
   -0.002393    0.754348  0.000000  1.0
   -0.002393    0.756348  0.000000  1.0
   -0.002393    0.758348  0.000000  1.0
   -0.002393    0.760348  0.000000  1.0
   -0.002393    0.762348  0.000000  1.0
   -0.002393    0.764348  0.000000  1.0
   -0.002393    0.766348  0.000000  1.0
   -0.002393    0.768348  0.000000  1.0
   -0.002393    0.770348  0.000000  1.0
   -0.000393    0.690348  0.000000  1.0
   -0.000393    0.692348  0.000000  1.0
   -0.000393    0.694348  0.000000  1.0
   -0.000393    0.696348  0.000000  1.0
   -0.000393    0.698348  0.000000  1.0
   -0.000393    0.700348  0.000000  1.0
   -0.000393    0.702348  0.000000  1.0
   -0.000393    0.704348  0.000000  1.0
   -0.000393    0.706348  0.000000  1.0
   -0.000393    0.708348  0.000000  1.0
   -0.000393    0.710348  0.000000  1.0
   -0.000393    0.712348  0.000000  1.0
   -0.000393    0.714348  0.000000  1.0
   -0.000393    0.716348  0.000000  1.0
   -0.000393    0.718348  0.000000  1.0
   -0.000393    0.720348  0.000000  1.0
   -0.000393    0.722348  0.000000  1.0
   -0.000393    0.724348  0.000000  1.0
   -0.000393    0.726348  0.000000  1.0
   -0.000393    0.728348  0.000000  1.0
   -0.000393    0.730348  0.000000  1.0
   -0.000393    0.732348  0.000000  1.0
   -0.000393    0.734348  0.000000  1.0
   -0.000393    0.736348  0.000000  1.0
   -0.000393    0.738348  0.000000  1.0
   -0.000393    0.740348  0.000000  1.0
   -0.000393    0.742348  0.000000  1.0
   -0.000393    0.744348  0.000000  1.0
   -0.000393    0.746348  0.000000  1.0
   -0.000393    0.748348  0.000000  1.0
   -0.000393    0.750348  0.000000  1.0
   -0.000393    0.752348  0.000000  1.0
   -0.000393    0.754348  0.000000  1.0
   -0.000393    0.756348  0.000000  1.0
   -0.000393    0.758348  0.000000  1.0
   -0.000393    0.760348  0.000000  1.0
   -0.000393    0.762348  0.000000  1.0
   -0.000393    0.764348  0.000000  1.0
   -0.000393    0.766348  0.000000  1.0
   -0.000393    0.768348  0.000000  1.0
   -0.000393    0.770348  0.000000  1.0
    0.001607    0.690348  0.000000  1.0
    0.001607    0.692348  0.000000  1.0
    0.001607    0.694348  0.000000  1.0
    0.001607    0.696348  0.000000  1.0
    0.001607    0.698348  0.000000  1.0
    0.001607    0.700348  0.000000  1.0
    0.001607    0.702348  0.000000  1.0
    0.001607    0.704348  0.000000  1.0
    0.001607    0.706348  0.000000  1.0
    0.001607    0.708348  0.000000  1.0
    0.001607    0.710348  0.000000  1.0
    0.001607    0.712348  0.000000  1.0
    0.001607    0.714348  0.000000  1.0
    0.001607    0.716348  0.000000  1.0
    0.001607    0.718348  0.000000  1.0
    0.001607    0.720348  0.000000  1.0
    0.001607    0.722348  0.000000  1.0
    0.001607    0.724348  0.000000  1.0
    0.001607    0.726348  0.000000  1.0
    0.001607    0.728348  0.000000  1.0
    0.001607    0.730348  0.000000  1.0
    0.001607    0.732348  0.000000  1.0
    0.001607    0.734348  0.000000  1.0
    0.001607    0.736348  0.000000  1.0
    0.001607    0.738348  0.000000  1.0
    0.001607    0.740348  0.000000  1.0
    0.001607    0.742348  0.000000  1.0
    0.001607    0.744348  0.000000  1.0
    0.001607    0.746348  0.000000  1.0
    0.001607    0.748348  0.000000  1.0
    0.001607    0.750348  0.000000  1.0
    0.001607    0.752348  0.000000  1.0
    0.001607    0.754348  0.000000  1.0
    0.001607    0.756348  0.000000  1.0
    0.001607    0.758348  0.000000  1.0
    0.001607    0.760348  0.000000  1.0
    0.001607    0.762348  0.000000  1.0
    0.001607    0.764348  0.000000  1.0
    0.001607    0.766348  0.000000  1.0
    0.001607    0.768348  0.000000  1.0
    0.001607    0.770348  0.000000  1.0
    0.003607    0.690348  0.000000  1.0
    0.003607    0.692348  0.000000  1.0
    0.003607    0.694348  0.000000  1.0
    0.003607    0.696348  0.000000  1.0
    0.003607    0.698348  0.000000  1.0
    0.003607    0.700348  0.000000  1.0
    0.003607    0.702348  0.000000  1.0
    0.003607    0.704348  0.000000  1.0
    0.003607    0.706348  0.000000  1.0
    0.003607    0.708348  0.000000  1.0
    0.003607    0.710348  0.000000  1.0
    0.003607    0.712348  0.000000  1.0
    0.003607    0.714348  0.000000  1.0
    0.003607    0.716348  0.000000  1.0
    0.003607    0.718348  0.000000  1.0
    0.003607    0.720348  0.000000  1.0
    0.003607    0.722348  0.000000  1.0
    0.003607    0.724348  0.000000  1.0
    0.003607    0.726348  0.000000  1.0
    0.003607    0.728348  0.000000  1.0
    0.003607    0.730348  0.000000  1.0
    0.003607    0.732348  0.000000  1.0
    0.003607    0.734348  0.000000  1.0
    0.003607    0.736348  0.000000  1.0
    0.003607    0.738348  0.000000  1.0
    0.003607    0.740348  0.000000  1.0
    0.003607    0.742348  0.000000  1.0
    0.003607    0.744348  0.000000  1.0
    0.003607    0.746348  0.000000  1.0
    0.003607    0.748348  0.000000  1.0
    0.003607    0.750348  0.000000  1.0
    0.003607    0.752348  0.000000  1.0
    0.003607    0.754348  0.000000  1.0
    0.003607    0.756348  0.000000  1.0
    0.003607    0.758348  0.000000  1.0
    0.003607    0.760348  0.000000  1.0
    0.003607    0.762348  0.000000  1.0
    0.003607    0.764348  0.000000  1.0
    0.003607    0.766348  0.000000  1.0
    0.003607    0.768348  0.000000  1.0
    0.003607    0.770348  0.000000  1.0
    0.005607    0.690348  0.000000  1.0
    0.005607    0.692348  0.000000  1.0
    0.005607    0.694348  0.000000  1.0
    0.005607    0.696348  0.000000  1.0
    0.005607    0.698348  0.000000  1.0
    0.005607    0.700348  0.000000  1.0
    0.005607    0.702348  0.000000  1.0
    0.005607    0.704348  0.000000  1.0
    0.005607    0.706348  0.000000  1.0
    0.005607    0.708348  0.000000  1.0
    0.005607    0.710348  0.000000  1.0
    0.005607    0.712348  0.000000  1.0
    0.005607    0.714348  0.000000  1.0
    0.005607    0.716348  0.000000  1.0
    0.005607    0.718348  0.000000  1.0
    0.005607    0.720348  0.000000  1.0
    0.005607    0.722348  0.000000  1.0
    0.005607    0.724348  0.000000  1.0
    0.005607    0.726348  0.000000  1.0
    0.005607    0.728348  0.000000  1.0
    0.005607    0.730348  0.000000  1.0
    0.005607    0.732348  0.000000  1.0
    0.005607    0.734348  0.000000  1.0
    0.005607    0.736348  0.000000  1.0
    0.005607    0.738348  0.000000  1.0
    0.005607    0.740348  0.000000  1.0
    0.005607    0.742348  0.000000  1.0
    0.005607    0.744348  0.000000  1.0
    0.005607    0.746348  0.000000  1.0
    0.005607    0.748348  0.000000  1.0
    0.005607    0.750348  0.000000  1.0
    0.005607    0.752348  0.000000  1.0
    0.005607    0.754348  0.000000  1.0
    0.005607    0.756348  0.000000  1.0
    0.005607    0.758348  0.000000  1.0
    0.005607    0.760348  0.000000  1.0
    0.005607    0.762348  0.000000  1.0
    0.005607    0.764348  0.000000  1.0
    0.005607    0.766348  0.000000  1.0
    0.005607    0.768348  0.000000  1.0
    0.005607    0.770348  0.000000  1.0
    0.007607    0.690348  0.000000  1.0
    0.007607    0.692348  0.000000  1.0
    0.007607    0.694348  0.000000  1.0
    0.007607    0.696348  0.000000  1.0
    0.007607    0.698348  0.000000  1.0
    0.007607    0.700348  0.000000  1.0
    0.007607    0.702348  0.000000  1.0
    0.007607    0.704348  0.000000  1.0
    0.007607    0.706348  0.000000  1.0
    0.007607    0.708348  0.000000  1.0
    0.007607    0.710348  0.000000  1.0
    0.007607    0.712348  0.000000  1.0
    0.007607    0.714348  0.000000  1.0
    0.007607    0.716348  0.000000  1.0
    0.007607    0.718348  0.000000  1.0
    0.007607    0.720348  0.000000  1.0
    0.007607    0.722348  0.000000  1.0
    0.007607    0.724348  0.000000  1.0
    0.007607    0.726348  0.000000  1.0
    0.007607    0.728348  0.000000  1.0
    0.007607    0.730348  0.000000  1.0
    0.007607    0.732348  0.000000  1.0
    0.007607    0.734348  0.000000  1.0
    0.007607    0.736348  0.000000  1.0
    0.007607    0.738348  0.000000  1.0
    0.007607    0.740348  0.000000  1.0
    0.007607    0.742348  0.000000  1.0
    0.007607    0.744348  0.000000  1.0
    0.007607    0.746348  0.000000  1.0
    0.007607    0.748348  0.000000  1.0
    0.007607    0.750348  0.000000  1.0
    0.007607    0.752348  0.000000  1.0
    0.007607    0.754348  0.000000  1.0
    0.007607    0.756348  0.000000  1.0
    0.007607    0.758348  0.000000  1.0
    0.007607    0.760348  0.000000  1.0
    0.007607    0.762348  0.000000  1.0
    0.007607    0.764348  0.000000  1.0
    0.007607    0.766348  0.000000  1.0
    0.007607    0.768348  0.000000  1.0
    0.007607    0.770348  0.000000  1.0
    0.009607    0.690348  0.000000  1.0
    0.009607    0.692348  0.000000  1.0
    0.009607    0.694348  0.000000  1.0
    0.009607    0.696348  0.000000  1.0
    0.009607    0.698348  0.000000  1.0
    0.009607    0.700348  0.000000  1.0
    0.009607    0.702348  0.000000  1.0
    0.009607    0.704348  0.000000  1.0
    0.009607    0.706348  0.000000  1.0
    0.009607    0.708348  0.000000  1.0
    0.009607    0.710348  0.000000  1.0
    0.009607    0.712348  0.000000  1.0
    0.009607    0.714348  0.000000  1.0
    0.009607    0.716348  0.000000  1.0
    0.009607    0.718348  0.000000  1.0
    0.009607    0.720348  0.000000  1.0
    0.009607    0.722348  0.000000  1.0
    0.009607    0.724348  0.000000  1.0
    0.009607    0.726348  0.000000  1.0
    0.009607    0.728348  0.000000  1.0
    0.009607    0.730348  0.000000  1.0
    0.009607    0.732348  0.000000  1.0
    0.009607    0.734348  0.000000  1.0
    0.009607    0.736348  0.000000  1.0
    0.009607    0.738348  0.000000  1.0
    0.009607    0.740348  0.000000  1.0
    0.009607    0.742348  0.000000  1.0
    0.009607    0.744348  0.000000  1.0
    0.009607    0.746348  0.000000  1.0
    0.009607    0.748348  0.000000  1.0
    0.009607    0.750348  0.000000  1.0
    0.009607    0.752348  0.000000  1.0
    0.009607    0.754348  0.000000  1.0
    0.009607    0.756348  0.000000  1.0
    0.009607    0.758348  0.000000  1.0
    0.009607    0.760348  0.000000  1.0
    0.009607    0.762348  0.000000  1.0
    0.009607    0.764348  0.000000  1.0
    0.009607    0.766348  0.000000  1.0
    0.009607    0.768348  0.000000  1.0
    0.009607    0.770348  0.000000  1.0
    0.011607    0.690348  0.000000  1.0
    0.011607    0.692348  0.000000  1.0
    0.011607    0.694348  0.000000  1.0
    0.011607    0.696348  0.000000  1.0
    0.011607    0.698348  0.000000  1.0
    0.011607    0.700348  0.000000  1.0
    0.011607    0.702348  0.000000  1.0
    0.011607    0.704348  0.000000  1.0
    0.011607    0.706348  0.000000  1.0
    0.011607    0.708348  0.000000  1.0
    0.011607    0.710348  0.000000  1.0
    0.011607    0.712348  0.000000  1.0
    0.011607    0.714348  0.000000  1.0
    0.011607    0.716348  0.000000  1.0
    0.011607    0.718348  0.000000  1.0
    0.011607    0.720348  0.000000  1.0
    0.011607    0.722348  0.000000  1.0
    0.011607    0.724348  0.000000  1.0
    0.011607    0.726348  0.000000  1.0
    0.011607    0.728348  0.000000  1.0
    0.011607    0.730348  0.000000  1.0
    0.011607    0.732348  0.000000  1.0
    0.011607    0.734348  0.000000  1.0
    0.011607    0.736348  0.000000  1.0
    0.011607    0.738348  0.000000  1.0
    0.011607    0.740348  0.000000  1.0
    0.011607    0.742348  0.000000  1.0
    0.011607    0.744348  0.000000  1.0
    0.011607    0.746348  0.000000  1.0
    0.011607    0.748348  0.000000  1.0
    0.011607    0.750348  0.000000  1.0
    0.011607    0.752348  0.000000  1.0
    0.011607    0.754348  0.000000  1.0
    0.011607    0.756348  0.000000  1.0
    0.011607    0.758348  0.000000  1.0
    0.011607    0.760348  0.000000  1.0
    0.011607    0.762348  0.000000  1.0
    0.011607    0.764348  0.000000  1.0
    0.011607    0.766348  0.000000  1.0
    0.011607    0.768348  0.000000  1.0
    0.011607    0.770348  0.000000  1.0
    0.013607    0.690348  0.000000  1.0
    0.013607    0.692348  0.000000  1.0
    0.013607    0.694348  0.000000  1.0
    0.013607    0.696348  0.000000  1.0
    0.013607    0.698348  0.000000  1.0
    0.013607    0.700348  0.000000  1.0
    0.013607    0.702348  0.000000  1.0
    0.013607    0.704348  0.000000  1.0
    0.013607    0.706348  0.000000  1.0
    0.013607    0.708348  0.000000  1.0
    0.013607    0.710348  0.000000  1.0
    0.013607    0.712348  0.000000  1.0
    0.013607    0.714348  0.000000  1.0
    0.013607    0.716348  0.000000  1.0
    0.013607    0.718348  0.000000  1.0
    0.013607    0.720348  0.000000  1.0
    0.013607    0.722348  0.000000  1.0
    0.013607    0.724348  0.000000  1.0
    0.013607    0.726348  0.000000  1.0
    0.013607    0.728348  0.000000  1.0
    0.013607    0.730348  0.000000  1.0
    0.013607    0.732348  0.000000  1.0
    0.013607    0.734348  0.000000  1.0
    0.013607    0.736348  0.000000  1.0
    0.013607    0.738348  0.000000  1.0
    0.013607    0.740348  0.000000  1.0
    0.013607    0.742348  0.000000  1.0
    0.013607    0.744348  0.000000  1.0
    0.013607    0.746348  0.000000  1.0
    0.013607    0.748348  0.000000  1.0
    0.013607    0.750348  0.000000  1.0
    0.013607    0.752348  0.000000  1.0
    0.013607    0.754348  0.000000  1.0
    0.013607    0.756348  0.000000  1.0
    0.013607    0.758348  0.000000  1.0
    0.013607    0.760348  0.000000  1.0
    0.013607    0.762348  0.000000  1.0
    0.013607    0.764348  0.000000  1.0
    0.013607    0.766348  0.000000  1.0
    0.013607    0.768348  0.000000  1.0
    0.013607    0.770348  0.000000  1.0
    0.015607    0.690348  0.000000  1.0
    0.015607    0.692348  0.000000  1.0
    0.015607    0.694348  0.000000  1.0
    0.015607    0.696348  0.000000  1.0
    0.015607    0.698348  0.000000  1.0
    0.015607    0.700348  0.000000  1.0
    0.015607    0.702348  0.000000  1.0
    0.015607    0.704348  0.000000  1.0
    0.015607    0.706348  0.000000  1.0
    0.015607    0.708348  0.000000  1.0
    0.015607    0.710348  0.000000  1.0
    0.015607    0.712348  0.000000  1.0
    0.015607    0.714348  0.000000  1.0
    0.015607    0.716348  0.000000  1.0
    0.015607    0.718348  0.000000  1.0
    0.015607    0.720348  0.000000  1.0
    0.015607    0.722348  0.000000  1.0
    0.015607    0.724348  0.000000  1.0
    0.015607    0.726348  0.000000  1.0
    0.015607    0.728348  0.000000  1.0
    0.015607    0.730348  0.000000  1.0
    0.015607    0.732348  0.000000  1.0
    0.015607    0.734348  0.000000  1.0
    0.015607    0.736348  0.000000  1.0
    0.015607    0.738348  0.000000  1.0
    0.015607    0.740348  0.000000  1.0
    0.015607    0.742348  0.000000  1.0
    0.015607    0.744348  0.000000  1.0
    0.015607    0.746348  0.000000  1.0
    0.015607    0.748348  0.000000  1.0
    0.015607    0.750348  0.000000  1.0
    0.015607    0.752348  0.000000  1.0
    0.015607    0.754348  0.000000  1.0
    0.015607    0.756348  0.000000  1.0
    0.015607    0.758348  0.000000  1.0
    0.015607    0.760348  0.000000  1.0
    0.015607    0.762348  0.000000  1.0
    0.015607    0.764348  0.000000  1.0
    0.015607    0.766348  0.000000  1.0
    0.015607    0.768348  0.000000  1.0
    0.015607    0.770348  0.000000  1.0
    0.017607    0.690348  0.000000  1.0
    0.017607    0.692348  0.000000  1.0
    0.017607    0.694348  0.000000  1.0
    0.017607    0.696348  0.000000  1.0
    0.017607    0.698348  0.000000  1.0
    0.017607    0.700348  0.000000  1.0
    0.017607    0.702348  0.000000  1.0
    0.017607    0.704348  0.000000  1.0
    0.017607    0.706348  0.000000  1.0
    0.017607    0.708348  0.000000  1.0
    0.017607    0.710348  0.000000  1.0
    0.017607    0.712348  0.000000  1.0
    0.017607    0.714348  0.000000  1.0
    0.017607    0.716348  0.000000  1.0
    0.017607    0.718348  0.000000  1.0
    0.017607    0.720348  0.000000  1.0
    0.017607    0.722348  0.000000  1.0
    0.017607    0.724348  0.000000  1.0
    0.017607    0.726348  0.000000  1.0
    0.017607    0.728348  0.000000  1.0
    0.017607    0.730348  0.000000  1.0
    0.017607    0.732348  0.000000  1.0
    0.017607    0.734348  0.000000  1.0
    0.017607    0.736348  0.000000  1.0
    0.017607    0.738348  0.000000  1.0
    0.017607    0.740348  0.000000  1.0
    0.017607    0.742348  0.000000  1.0
    0.017607    0.744348  0.000000  1.0
    0.017607    0.746348  0.000000  1.0
    0.017607    0.748348  0.000000  1.0
    0.017607    0.750348  0.000000  1.0
    0.017607    0.752348  0.000000  1.0
    0.017607    0.754348  0.000000  1.0
    0.017607    0.756348  0.000000  1.0
    0.017607    0.758348  0.000000  1.0
    0.017607    0.760348  0.000000  1.0
    0.017607    0.762348  0.000000  1.0
    0.017607    0.764348  0.000000  1.0
    0.017607    0.766348  0.000000  1.0
    0.017607    0.768348  0.000000  1.0
    0.017607    0.770348  0.000000  1.0
    0.019607    0.690348  0.000000  1.0
    0.019607    0.692348  0.000000  1.0
    0.019607    0.694348  0.000000  1.0
    0.019607    0.696348  0.000000  1.0
    0.019607    0.698348  0.000000  1.0
    0.019607    0.700348  0.000000  1.0
    0.019607    0.702348  0.000000  1.0
    0.019607    0.704348  0.000000  1.0
    0.019607    0.706348  0.000000  1.0
    0.019607    0.708348  0.000000  1.0
    0.019607    0.710348  0.000000  1.0
    0.019607    0.712348  0.000000  1.0
    0.019607    0.714348  0.000000  1.0
    0.019607    0.716348  0.000000  1.0
    0.019607    0.718348  0.000000  1.0
    0.019607    0.720348  0.000000  1.0
    0.019607    0.722348  0.000000  1.0
    0.019607    0.724348  0.000000  1.0
    0.019607    0.726348  0.000000  1.0
    0.019607    0.728348  0.000000  1.0
    0.019607    0.730348  0.000000  1.0
    0.019607    0.732348  0.000000  1.0
    0.019607    0.734348  0.000000  1.0
    0.019607    0.736348  0.000000  1.0
    0.019607    0.738348  0.000000  1.0
    0.019607    0.740348  0.000000  1.0
    0.019607    0.742348  0.000000  1.0
    0.019607    0.744348  0.000000  1.0
    0.019607    0.746348  0.000000  1.0
    0.019607    0.748348  0.000000  1.0
    0.019607    0.750348  0.000000  1.0
    0.019607    0.752348  0.000000  1.0
    0.019607    0.754348  0.000000  1.0
    0.019607    0.756348  0.000000  1.0
    0.019607    0.758348  0.000000  1.0
    0.019607    0.760348  0.000000  1.0
    0.019607    0.762348  0.000000  1.0
    0.019607    0.764348  0.000000  1.0
    0.019607    0.766348  0.000000  1.0
    0.019607    0.768348  0.000000  1.0
    0.019607    0.770348  0.000000  1.0
    0.021607    0.690348  0.000000  1.0
    0.021607    0.692348  0.000000  1.0
    0.021607    0.694348  0.000000  1.0
    0.021607    0.696348  0.000000  1.0
    0.021607    0.698348  0.000000  1.0
    0.021607    0.700348  0.000000  1.0
    0.021607    0.702348  0.000000  1.0
    0.021607    0.704348  0.000000  1.0
    0.021607    0.706348  0.000000  1.0
    0.021607    0.708348  0.000000  1.0
    0.021607    0.710348  0.000000  1.0
    0.021607    0.712348  0.000000  1.0
    0.021607    0.714348  0.000000  1.0
    0.021607    0.716348  0.000000  1.0
    0.021607    0.718348  0.000000  1.0
    0.021607    0.720348  0.000000  1.0
    0.021607    0.722348  0.000000  1.0
    0.021607    0.724348  0.000000  1.0
    0.021607    0.726348  0.000000  1.0
    0.021607    0.728348  0.000000  1.0
    0.021607    0.730348  0.000000  1.0
    0.021607    0.732348  0.000000  1.0
    0.021607    0.734348  0.000000  1.0
    0.021607    0.736348  0.000000  1.0
    0.021607    0.738348  0.000000  1.0
    0.021607    0.740348  0.000000  1.0
    0.021607    0.742348  0.000000  1.0
    0.021607    0.744348  0.000000  1.0
    0.021607    0.746348  0.000000  1.0
    0.021607    0.748348  0.000000  1.0
    0.021607    0.750348  0.000000  1.0
    0.021607    0.752348  0.000000  1.0
    0.021607    0.754348  0.000000  1.0
    0.021607    0.756348  0.000000  1.0
    0.021607    0.758348  0.000000  1.0
    0.021607    0.760348  0.000000  1.0
    0.021607    0.762348  0.000000  1.0
    0.021607    0.764348  0.000000  1.0
    0.021607    0.766348  0.000000  1.0
    0.021607    0.768348  0.000000  1.0
    0.021607    0.770348  0.000000  1.0
    0.023607    0.690348  0.000000  1.0
    0.023607    0.692348  0.000000  1.0
    0.023607    0.694348  0.000000  1.0
    0.023607    0.696348  0.000000  1.0
    0.023607    0.698348  0.000000  1.0
    0.023607    0.700348  0.000000  1.0
    0.023607    0.702348  0.000000  1.0
    0.023607    0.704348  0.000000  1.0
    0.023607    0.706348  0.000000  1.0
    0.023607    0.708348  0.000000  1.0
    0.023607    0.710348  0.000000  1.0
    0.023607    0.712348  0.000000  1.0
    0.023607    0.714348  0.000000  1.0
    0.023607    0.716348  0.000000  1.0
    0.023607    0.718348  0.000000  1.0
    0.023607    0.720348  0.000000  1.0
    0.023607    0.722348  0.000000  1.0
    0.023607    0.724348  0.000000  1.0
    0.023607    0.726348  0.000000  1.0
    0.023607    0.728348  0.000000  1.0
    0.023607    0.730348  0.000000  1.0
    0.023607    0.732348  0.000000  1.0
    0.023607    0.734348  0.000000  1.0
    0.023607    0.736348  0.000000  1.0
    0.023607    0.738348  0.000000  1.0
    0.023607    0.740348  0.000000  1.0
    0.023607    0.742348  0.000000  1.0
    0.023607    0.744348  0.000000  1.0
    0.023607    0.746348  0.000000  1.0
    0.023607    0.748348  0.000000  1.0
    0.023607    0.750348  0.000000  1.0
    0.023607    0.752348  0.000000  1.0
    0.023607    0.754348  0.000000  1.0
    0.023607    0.756348  0.000000  1.0
    0.023607    0.758348  0.000000  1.0
    0.023607    0.760348  0.000000  1.0
    0.023607    0.762348  0.000000  1.0
    0.023607    0.764348  0.000000  1.0
    0.023607    0.766348  0.000000  1.0
    0.023607    0.768348  0.000000  1.0
    0.023607    0.770348  0.000000  1.0
