&CONTROL
  calculation = 'bands'
  prefix = 'graphene10.0upper'
  outdir = './tmp'
  pseudo_dir = './'
  verbosity = 'high'
/
&SYSTEM
  ibrav = 0
  nat = 2
  ntyp = 1
  ecutwfc = 40.0
  nosym = .true.
  noinv = .true.
  nbnd = 8
/
&ELECTRONS
/
ATOMIC_SPECIES
  C  12.011 C.pbe-n-kjpaw_psl.1.0.0.UPF
CELL_PARAMETERS {bohr}
  5.088516  0.000000  0.000000
  2.544258  4.006167  0.000000
  0.000000  0.000000  28.346456
ATOMIC_POSITIONS {crystal}
  C  -0.001073  0.002168  0.000000
  C  0.334406  0.331165  0.000000
K_POINTS {tpiba}
1681
   -0.318689    0.595085  0.000000  1.0
   -0.318689    0.597085  0.000000  1.0
   -0.318689    0.599085  0.000000  1.0
   -0.318689    0.601085  0.000000  1.0
   -0.318689    0.603085  0.000000  1.0
   -0.318689    0.605085  0.000000  1.0
   -0.318689    0.607085  0.000000  1.0
   -0.318689    0.609085  0.000000  1.0
   -0.318689    0.611085  0.000000  1.0
   -0.318689    0.613085  0.000000  1.0
   -0.318689    0.615085  0.000000  1.0
   -0.318689    0.617085  0.000000  1.0
   -0.318689    0.619085  0.000000  1.0
   -0.318689    0.621085  0.000000  1.0
   -0.318689    0.623085  0.000000  1.0
   -0.318689    0.625085  0.000000  1.0
   -0.318689    0.627085  0.000000  1.0
   -0.318689    0.629085  0.000000  1.0
   -0.318689    0.631085  0.000000  1.0
   -0.318689    0.633085  0.000000  1.0
   -0.318689    0.635085  0.000000  1.0
   -0.318689    0.637085  0.000000  1.0
   -0.318689    0.639085  0.000000  1.0
   -0.318689    0.641085  0.000000  1.0
   -0.318689    0.643085  0.000000  1.0
   -0.318689    0.645085  0.000000  1.0
   -0.318689    0.647085  0.000000  1.0
   -0.318689    0.649085  0.000000  1.0
   -0.318689    0.651085  0.000000  1.0
   -0.318689    0.653085  0.000000  1.0
   -0.318689    0.655085  0.000000  1.0
   -0.318689    0.657085  0.000000  1.0
   -0.318689    0.659085  0.000000  1.0
   -0.318689    0.661085  0.000000  1.0
   -0.318689    0.663085  0.000000  1.0
   -0.318689    0.665085  0.000000  1.0
   -0.318689    0.667085  0.000000  1.0
   -0.318689    0.669085  0.000000  1.0
   -0.318689    0.671085  0.000000  1.0
   -0.318689    0.673085  0.000000  1.0
   -0.318689    0.675085  0.000000  1.0
   -0.316689    0.595085  0.000000  1.0
   -0.316689    0.597085  0.000000  1.0
   -0.316689    0.599085  0.000000  1.0
   -0.316689    0.601085  0.000000  1.0
   -0.316689    0.603085  0.000000  1.0
   -0.316689    0.605085  0.000000  1.0
   -0.316689    0.607085  0.000000  1.0
   -0.316689    0.609085  0.000000  1.0
   -0.316689    0.611085  0.000000  1.0
   -0.316689    0.613085  0.000000  1.0
   -0.316689    0.615085  0.000000  1.0
   -0.316689    0.617085  0.000000  1.0
   -0.316689    0.619085  0.000000  1.0
   -0.316689    0.621085  0.000000  1.0
   -0.316689    0.623085  0.000000  1.0
   -0.316689    0.625085  0.000000  1.0
   -0.316689    0.627085  0.000000  1.0
   -0.316689    0.629085  0.000000  1.0
   -0.316689    0.631085  0.000000  1.0
   -0.316689    0.633085  0.000000  1.0
   -0.316689    0.635085  0.000000  1.0
   -0.316689    0.637085  0.000000  1.0
   -0.316689    0.639085  0.000000  1.0
   -0.316689    0.641085  0.000000  1.0
   -0.316689    0.643085  0.000000  1.0
   -0.316689    0.645085  0.000000  1.0
   -0.316689    0.647085  0.000000  1.0
   -0.316689    0.649085  0.000000  1.0
   -0.316689    0.651085  0.000000  1.0
   -0.316689    0.653085  0.000000  1.0
   -0.316689    0.655085  0.000000  1.0
   -0.316689    0.657085  0.000000  1.0
   -0.316689    0.659085  0.000000  1.0
   -0.316689    0.661085  0.000000  1.0
   -0.316689    0.663085  0.000000  1.0
   -0.316689    0.665085  0.000000  1.0
   -0.316689    0.667085  0.000000  1.0
   -0.316689    0.669085  0.000000  1.0
   -0.316689    0.671085  0.000000  1.0
   -0.316689    0.673085  0.000000  1.0
   -0.316689    0.675085  0.000000  1.0
   -0.314689    0.595085  0.000000  1.0
   -0.314689    0.597085  0.000000  1.0
   -0.314689    0.599085  0.000000  1.0
   -0.314689    0.601085  0.000000  1.0
   -0.314689    0.603085  0.000000  1.0
   -0.314689    0.605085  0.000000  1.0
   -0.314689    0.607085  0.000000  1.0
   -0.314689    0.609085  0.000000  1.0
   -0.314689    0.611085  0.000000  1.0
   -0.314689    0.613085  0.000000  1.0
   -0.314689    0.615085  0.000000  1.0
   -0.314689    0.617085  0.000000  1.0
   -0.314689    0.619085  0.000000  1.0
   -0.314689    0.621085  0.000000  1.0
   -0.314689    0.623085  0.000000  1.0
   -0.314689    0.625085  0.000000  1.0
   -0.314689    0.627085  0.000000  1.0
   -0.314689    0.629085  0.000000  1.0
   -0.314689    0.631085  0.000000  1.0
   -0.314689    0.633085  0.000000  1.0
   -0.314689    0.635085  0.000000  1.0
   -0.314689    0.637085  0.000000  1.0
   -0.314689    0.639085  0.000000  1.0
   -0.314689    0.641085  0.000000  1.0
   -0.314689    0.643085  0.000000  1.0
   -0.314689    0.645085  0.000000  1.0
   -0.314689    0.647085  0.000000  1.0
   -0.314689    0.649085  0.000000  1.0
   -0.314689    0.651085  0.000000  1.0
   -0.314689    0.653085  0.000000  1.0
   -0.314689    0.655085  0.000000  1.0
   -0.314689    0.657085  0.000000  1.0
   -0.314689    0.659085  0.000000  1.0
   -0.314689    0.661085  0.000000  1.0
   -0.314689    0.663085  0.000000  1.0
   -0.314689    0.665085  0.000000  1.0
   -0.314689    0.667085  0.000000  1.0
   -0.314689    0.669085  0.000000  1.0
   -0.314689    0.671085  0.000000  1.0
   -0.314689    0.673085  0.000000  1.0
   -0.314689    0.675085  0.000000  1.0
   -0.312689    0.595085  0.000000  1.0
   -0.312689    0.597085  0.000000  1.0
   -0.312689    0.599085  0.000000  1.0
   -0.312689    0.601085  0.000000  1.0
   -0.312689    0.603085  0.000000  1.0
   -0.312689    0.605085  0.000000  1.0
   -0.312689    0.607085  0.000000  1.0
   -0.312689    0.609085  0.000000  1.0
   -0.312689    0.611085  0.000000  1.0
   -0.312689    0.613085  0.000000  1.0
   -0.312689    0.615085  0.000000  1.0
   -0.312689    0.617085  0.000000  1.0
   -0.312689    0.619085  0.000000  1.0
   -0.312689    0.621085  0.000000  1.0
   -0.312689    0.623085  0.000000  1.0
   -0.312689    0.625085  0.000000  1.0
   -0.312689    0.627085  0.000000  1.0
   -0.312689    0.629085  0.000000  1.0
   -0.312689    0.631085  0.000000  1.0
   -0.312689    0.633085  0.000000  1.0
   -0.312689    0.635085  0.000000  1.0
   -0.312689    0.637085  0.000000  1.0
   -0.312689    0.639085  0.000000  1.0
   -0.312689    0.641085  0.000000  1.0
   -0.312689    0.643085  0.000000  1.0
   -0.312689    0.645085  0.000000  1.0
   -0.312689    0.647085  0.000000  1.0
   -0.312689    0.649085  0.000000  1.0
   -0.312689    0.651085  0.000000  1.0
   -0.312689    0.653085  0.000000  1.0
   -0.312689    0.655085  0.000000  1.0
   -0.312689    0.657085  0.000000  1.0
   -0.312689    0.659085  0.000000  1.0
   -0.312689    0.661085  0.000000  1.0
   -0.312689    0.663085  0.000000  1.0
   -0.312689    0.665085  0.000000  1.0
   -0.312689    0.667085  0.000000  1.0
   -0.312689    0.669085  0.000000  1.0
   -0.312689    0.671085  0.000000  1.0
   -0.312689    0.673085  0.000000  1.0
   -0.312689    0.675085  0.000000  1.0
   -0.310689    0.595085  0.000000  1.0
   -0.310689    0.597085  0.000000  1.0
   -0.310689    0.599085  0.000000  1.0
   -0.310689    0.601085  0.000000  1.0
   -0.310689    0.603085  0.000000  1.0
   -0.310689    0.605085  0.000000  1.0
   -0.310689    0.607085  0.000000  1.0
   -0.310689    0.609085  0.000000  1.0
   -0.310689    0.611085  0.000000  1.0
   -0.310689    0.613085  0.000000  1.0
   -0.310689    0.615085  0.000000  1.0
   -0.310689    0.617085  0.000000  1.0
   -0.310689    0.619085  0.000000  1.0
   -0.310689    0.621085  0.000000  1.0
   -0.310689    0.623085  0.000000  1.0
   -0.310689    0.625085  0.000000  1.0
   -0.310689    0.627085  0.000000  1.0
   -0.310689    0.629085  0.000000  1.0
   -0.310689    0.631085  0.000000  1.0
   -0.310689    0.633085  0.000000  1.0
   -0.310689    0.635085  0.000000  1.0
   -0.310689    0.637085  0.000000  1.0
   -0.310689    0.639085  0.000000  1.0
   -0.310689    0.641085  0.000000  1.0
   -0.310689    0.643085  0.000000  1.0
   -0.310689    0.645085  0.000000  1.0
   -0.310689    0.647085  0.000000  1.0
   -0.310689    0.649085  0.000000  1.0
   -0.310689    0.651085  0.000000  1.0
   -0.310689    0.653085  0.000000  1.0
   -0.310689    0.655085  0.000000  1.0
   -0.310689    0.657085  0.000000  1.0
   -0.310689    0.659085  0.000000  1.0
   -0.310689    0.661085  0.000000  1.0
   -0.310689    0.663085  0.000000  1.0
   -0.310689    0.665085  0.000000  1.0
   -0.310689    0.667085  0.000000  1.0
   -0.310689    0.669085  0.000000  1.0
   -0.310689    0.671085  0.000000  1.0
   -0.310689    0.673085  0.000000  1.0
   -0.310689    0.675085  0.000000  1.0
   -0.308689    0.595085  0.000000  1.0
   -0.308689    0.597085  0.000000  1.0
   -0.308689    0.599085  0.000000  1.0
   -0.308689    0.601085  0.000000  1.0
   -0.308689    0.603085  0.000000  1.0
   -0.308689    0.605085  0.000000  1.0
   -0.308689    0.607085  0.000000  1.0
   -0.308689    0.609085  0.000000  1.0
   -0.308689    0.611085  0.000000  1.0
   -0.308689    0.613085  0.000000  1.0
   -0.308689    0.615085  0.000000  1.0
   -0.308689    0.617085  0.000000  1.0
   -0.308689    0.619085  0.000000  1.0
   -0.308689    0.621085  0.000000  1.0
   -0.308689    0.623085  0.000000  1.0
   -0.308689    0.625085  0.000000  1.0
   -0.308689    0.627085  0.000000  1.0
   -0.308689    0.629085  0.000000  1.0
   -0.308689    0.631085  0.000000  1.0
   -0.308689    0.633085  0.000000  1.0
   -0.308689    0.635085  0.000000  1.0
   -0.308689    0.637085  0.000000  1.0
   -0.308689    0.639085  0.000000  1.0
   -0.308689    0.641085  0.000000  1.0
   -0.308689    0.643085  0.000000  1.0
   -0.308689    0.645085  0.000000  1.0
   -0.308689    0.647085  0.000000  1.0
   -0.308689    0.649085  0.000000  1.0
   -0.308689    0.651085  0.000000  1.0
   -0.308689    0.653085  0.000000  1.0
   -0.308689    0.655085  0.000000  1.0
   -0.308689    0.657085  0.000000  1.0
   -0.308689    0.659085  0.000000  1.0
   -0.308689    0.661085  0.000000  1.0
   -0.308689    0.663085  0.000000  1.0
   -0.308689    0.665085  0.000000  1.0
   -0.308689    0.667085  0.000000  1.0
   -0.308689    0.669085  0.000000  1.0
   -0.308689    0.671085  0.000000  1.0
   -0.308689    0.673085  0.000000  1.0
   -0.308689    0.675085  0.000000  1.0
   -0.306689    0.595085  0.000000  1.0
   -0.306689    0.597085  0.000000  1.0
   -0.306689    0.599085  0.000000  1.0
   -0.306689    0.601085  0.000000  1.0
   -0.306689    0.603085  0.000000  1.0
   -0.306689    0.605085  0.000000  1.0
   -0.306689    0.607085  0.000000  1.0
   -0.306689    0.609085  0.000000  1.0
   -0.306689    0.611085  0.000000  1.0
   -0.306689    0.613085  0.000000  1.0
   -0.306689    0.615085  0.000000  1.0
   -0.306689    0.617085  0.000000  1.0
   -0.306689    0.619085  0.000000  1.0
   -0.306689    0.621085  0.000000  1.0
   -0.306689    0.623085  0.000000  1.0
   -0.306689    0.625085  0.000000  1.0
   -0.306689    0.627085  0.000000  1.0
   -0.306689    0.629085  0.000000  1.0
   -0.306689    0.631085  0.000000  1.0
   -0.306689    0.633085  0.000000  1.0
   -0.306689    0.635085  0.000000  1.0
   -0.306689    0.637085  0.000000  1.0
   -0.306689    0.639085  0.000000  1.0
   -0.306689    0.641085  0.000000  1.0
   -0.306689    0.643085  0.000000  1.0
   -0.306689    0.645085  0.000000  1.0
   -0.306689    0.647085  0.000000  1.0
   -0.306689    0.649085  0.000000  1.0
   -0.306689    0.651085  0.000000  1.0
   -0.306689    0.653085  0.000000  1.0
   -0.306689    0.655085  0.000000  1.0
   -0.306689    0.657085  0.000000  1.0
   -0.306689    0.659085  0.000000  1.0
   -0.306689    0.661085  0.000000  1.0
   -0.306689    0.663085  0.000000  1.0
   -0.306689    0.665085  0.000000  1.0
   -0.306689    0.667085  0.000000  1.0
   -0.306689    0.669085  0.000000  1.0
   -0.306689    0.671085  0.000000  1.0
   -0.306689    0.673085  0.000000  1.0
   -0.306689    0.675085  0.000000  1.0
   -0.304689    0.595085  0.000000  1.0
   -0.304689    0.597085  0.000000  1.0
   -0.304689    0.599085  0.000000  1.0
   -0.304689    0.601085  0.000000  1.0
   -0.304689    0.603085  0.000000  1.0
   -0.304689    0.605085  0.000000  1.0
   -0.304689    0.607085  0.000000  1.0
   -0.304689    0.609085  0.000000  1.0
   -0.304689    0.611085  0.000000  1.0
   -0.304689    0.613085  0.000000  1.0
   -0.304689    0.615085  0.000000  1.0
   -0.304689    0.617085  0.000000  1.0
   -0.304689    0.619085  0.000000  1.0
   -0.304689    0.621085  0.000000  1.0
   -0.304689    0.623085  0.000000  1.0
   -0.304689    0.625085  0.000000  1.0
   -0.304689    0.627085  0.000000  1.0
   -0.304689    0.629085  0.000000  1.0
   -0.304689    0.631085  0.000000  1.0
   -0.304689    0.633085  0.000000  1.0
   -0.304689    0.635085  0.000000  1.0
   -0.304689    0.637085  0.000000  1.0
   -0.304689    0.639085  0.000000  1.0
   -0.304689    0.641085  0.000000  1.0
   -0.304689    0.643085  0.000000  1.0
   -0.304689    0.645085  0.000000  1.0
   -0.304689    0.647085  0.000000  1.0
   -0.304689    0.649085  0.000000  1.0
   -0.304689    0.651085  0.000000  1.0
   -0.304689    0.653085  0.000000  1.0
   -0.304689    0.655085  0.000000  1.0
   -0.304689    0.657085  0.000000  1.0
   -0.304689    0.659085  0.000000  1.0
   -0.304689    0.661085  0.000000  1.0
   -0.304689    0.663085  0.000000  1.0
   -0.304689    0.665085  0.000000  1.0
   -0.304689    0.667085  0.000000  1.0
   -0.304689    0.669085  0.000000  1.0
   -0.304689    0.671085  0.000000  1.0
   -0.304689    0.673085  0.000000  1.0
   -0.304689    0.675085  0.000000  1.0
   -0.302689    0.595085  0.000000  1.0
   -0.302689    0.597085  0.000000  1.0
   -0.302689    0.599085  0.000000  1.0
   -0.302689    0.601085  0.000000  1.0
   -0.302689    0.603085  0.000000  1.0
   -0.302689    0.605085  0.000000  1.0
   -0.302689    0.607085  0.000000  1.0
   -0.302689    0.609085  0.000000  1.0
   -0.302689    0.611085  0.000000  1.0
   -0.302689    0.613085  0.000000  1.0
   -0.302689    0.615085  0.000000  1.0
   -0.302689    0.617085  0.000000  1.0
   -0.302689    0.619085  0.000000  1.0
   -0.302689    0.621085  0.000000  1.0
   -0.302689    0.623085  0.000000  1.0
   -0.302689    0.625085  0.000000  1.0
   -0.302689    0.627085  0.000000  1.0
   -0.302689    0.629085  0.000000  1.0
   -0.302689    0.631085  0.000000  1.0
   -0.302689    0.633085  0.000000  1.0
   -0.302689    0.635085  0.000000  1.0
   -0.302689    0.637085  0.000000  1.0
   -0.302689    0.639085  0.000000  1.0
   -0.302689    0.641085  0.000000  1.0
   -0.302689    0.643085  0.000000  1.0
   -0.302689    0.645085  0.000000  1.0
   -0.302689    0.647085  0.000000  1.0
   -0.302689    0.649085  0.000000  1.0
   -0.302689    0.651085  0.000000  1.0
   -0.302689    0.653085  0.000000  1.0
   -0.302689    0.655085  0.000000  1.0
   -0.302689    0.657085  0.000000  1.0
   -0.302689    0.659085  0.000000  1.0
   -0.302689    0.661085  0.000000  1.0
   -0.302689    0.663085  0.000000  1.0
   -0.302689    0.665085  0.000000  1.0
   -0.302689    0.667085  0.000000  1.0
   -0.302689    0.669085  0.000000  1.0
   -0.302689    0.671085  0.000000  1.0
   -0.302689    0.673085  0.000000  1.0
   -0.302689    0.675085  0.000000  1.0
   -0.300689    0.595085  0.000000  1.0
   -0.300689    0.597085  0.000000  1.0
   -0.300689    0.599085  0.000000  1.0
   -0.300689    0.601085  0.000000  1.0
   -0.300689    0.603085  0.000000  1.0
   -0.300689    0.605085  0.000000  1.0
   -0.300689    0.607085  0.000000  1.0
   -0.300689    0.609085  0.000000  1.0
   -0.300689    0.611085  0.000000  1.0
   -0.300689    0.613085  0.000000  1.0
   -0.300689    0.615085  0.000000  1.0
   -0.300689    0.617085  0.000000  1.0
   -0.300689    0.619085  0.000000  1.0
   -0.300689    0.621085  0.000000  1.0
   -0.300689    0.623085  0.000000  1.0
   -0.300689    0.625085  0.000000  1.0
   -0.300689    0.627085  0.000000  1.0
   -0.300689    0.629085  0.000000  1.0
   -0.300689    0.631085  0.000000  1.0
   -0.300689    0.633085  0.000000  1.0
   -0.300689    0.635085  0.000000  1.0
   -0.300689    0.637085  0.000000  1.0
   -0.300689    0.639085  0.000000  1.0
   -0.300689    0.641085  0.000000  1.0
   -0.300689    0.643085  0.000000  1.0
   -0.300689    0.645085  0.000000  1.0
   -0.300689    0.647085  0.000000  1.0
   -0.300689    0.649085  0.000000  1.0
   -0.300689    0.651085  0.000000  1.0
   -0.300689    0.653085  0.000000  1.0
   -0.300689    0.655085  0.000000  1.0
   -0.300689    0.657085  0.000000  1.0
   -0.300689    0.659085  0.000000  1.0
   -0.300689    0.661085  0.000000  1.0
   -0.300689    0.663085  0.000000  1.0
   -0.300689    0.665085  0.000000  1.0
   -0.300689    0.667085  0.000000  1.0
   -0.300689    0.669085  0.000000  1.0
   -0.300689    0.671085  0.000000  1.0
   -0.300689    0.673085  0.000000  1.0
   -0.300689    0.675085  0.000000  1.0
   -0.298689    0.595085  0.000000  1.0
   -0.298689    0.597085  0.000000  1.0
   -0.298689    0.599085  0.000000  1.0
   -0.298689    0.601085  0.000000  1.0
   -0.298689    0.603085  0.000000  1.0
   -0.298689    0.605085  0.000000  1.0
   -0.298689    0.607085  0.000000  1.0
   -0.298689    0.609085  0.000000  1.0
   -0.298689    0.611085  0.000000  1.0
   -0.298689    0.613085  0.000000  1.0
   -0.298689    0.615085  0.000000  1.0
   -0.298689    0.617085  0.000000  1.0
   -0.298689    0.619085  0.000000  1.0
   -0.298689    0.621085  0.000000  1.0
   -0.298689    0.623085  0.000000  1.0
   -0.298689    0.625085  0.000000  1.0
   -0.298689    0.627085  0.000000  1.0
   -0.298689    0.629085  0.000000  1.0
   -0.298689    0.631085  0.000000  1.0
   -0.298689    0.633085  0.000000  1.0
   -0.298689    0.635085  0.000000  1.0
   -0.298689    0.637085  0.000000  1.0
   -0.298689    0.639085  0.000000  1.0
   -0.298689    0.641085  0.000000  1.0
   -0.298689    0.643085  0.000000  1.0
   -0.298689    0.645085  0.000000  1.0
   -0.298689    0.647085  0.000000  1.0
   -0.298689    0.649085  0.000000  1.0
   -0.298689    0.651085  0.000000  1.0
   -0.298689    0.653085  0.000000  1.0
   -0.298689    0.655085  0.000000  1.0
   -0.298689    0.657085  0.000000  1.0
   -0.298689    0.659085  0.000000  1.0
   -0.298689    0.661085  0.000000  1.0
   -0.298689    0.663085  0.000000  1.0
   -0.298689    0.665085  0.000000  1.0
   -0.298689    0.667085  0.000000  1.0
   -0.298689    0.669085  0.000000  1.0
   -0.298689    0.671085  0.000000  1.0
   -0.298689    0.673085  0.000000  1.0
   -0.298689    0.675085  0.000000  1.0
   -0.296689    0.595085  0.000000  1.0
   -0.296689    0.597085  0.000000  1.0
   -0.296689    0.599085  0.000000  1.0
   -0.296689    0.601085  0.000000  1.0
   -0.296689    0.603085  0.000000  1.0
   -0.296689    0.605085  0.000000  1.0
   -0.296689    0.607085  0.000000  1.0
   -0.296689    0.609085  0.000000  1.0
   -0.296689    0.611085  0.000000  1.0
   -0.296689    0.613085  0.000000  1.0
   -0.296689    0.615085  0.000000  1.0
   -0.296689    0.617085  0.000000  1.0
   -0.296689    0.619085  0.000000  1.0
   -0.296689    0.621085  0.000000  1.0
   -0.296689    0.623085  0.000000  1.0
   -0.296689    0.625085  0.000000  1.0
   -0.296689    0.627085  0.000000  1.0
   -0.296689    0.629085  0.000000  1.0
   -0.296689    0.631085  0.000000  1.0
   -0.296689    0.633085  0.000000  1.0
   -0.296689    0.635085  0.000000  1.0
   -0.296689    0.637085  0.000000  1.0
   -0.296689    0.639085  0.000000  1.0
   -0.296689    0.641085  0.000000  1.0
   -0.296689    0.643085  0.000000  1.0
   -0.296689    0.645085  0.000000  1.0
   -0.296689    0.647085  0.000000  1.0
   -0.296689    0.649085  0.000000  1.0
   -0.296689    0.651085  0.000000  1.0
   -0.296689    0.653085  0.000000  1.0
   -0.296689    0.655085  0.000000  1.0
   -0.296689    0.657085  0.000000  1.0
   -0.296689    0.659085  0.000000  1.0
   -0.296689    0.661085  0.000000  1.0
   -0.296689    0.663085  0.000000  1.0
   -0.296689    0.665085  0.000000  1.0
   -0.296689    0.667085  0.000000  1.0
   -0.296689    0.669085  0.000000  1.0
   -0.296689    0.671085  0.000000  1.0
   -0.296689    0.673085  0.000000  1.0
   -0.296689    0.675085  0.000000  1.0
   -0.294689    0.595085  0.000000  1.0
   -0.294689    0.597085  0.000000  1.0
   -0.294689    0.599085  0.000000  1.0
   -0.294689    0.601085  0.000000  1.0
   -0.294689    0.603085  0.000000  1.0
   -0.294689    0.605085  0.000000  1.0
   -0.294689    0.607085  0.000000  1.0
   -0.294689    0.609085  0.000000  1.0
   -0.294689    0.611085  0.000000  1.0
   -0.294689    0.613085  0.000000  1.0
   -0.294689    0.615085  0.000000  1.0
   -0.294689    0.617085  0.000000  1.0
   -0.294689    0.619085  0.000000  1.0
   -0.294689    0.621085  0.000000  1.0
   -0.294689    0.623085  0.000000  1.0
   -0.294689    0.625085  0.000000  1.0
   -0.294689    0.627085  0.000000  1.0
   -0.294689    0.629085  0.000000  1.0
   -0.294689    0.631085  0.000000  1.0
   -0.294689    0.633085  0.000000  1.0
   -0.294689    0.635085  0.000000  1.0
   -0.294689    0.637085  0.000000  1.0
   -0.294689    0.639085  0.000000  1.0
   -0.294689    0.641085  0.000000  1.0
   -0.294689    0.643085  0.000000  1.0
   -0.294689    0.645085  0.000000  1.0
   -0.294689    0.647085  0.000000  1.0
   -0.294689    0.649085  0.000000  1.0
   -0.294689    0.651085  0.000000  1.0
   -0.294689    0.653085  0.000000  1.0
   -0.294689    0.655085  0.000000  1.0
   -0.294689    0.657085  0.000000  1.0
   -0.294689    0.659085  0.000000  1.0
   -0.294689    0.661085  0.000000  1.0
   -0.294689    0.663085  0.000000  1.0
   -0.294689    0.665085  0.000000  1.0
   -0.294689    0.667085  0.000000  1.0
   -0.294689    0.669085  0.000000  1.0
   -0.294689    0.671085  0.000000  1.0
   -0.294689    0.673085  0.000000  1.0
   -0.294689    0.675085  0.000000  1.0
   -0.292689    0.595085  0.000000  1.0
   -0.292689    0.597085  0.000000  1.0
   -0.292689    0.599085  0.000000  1.0
   -0.292689    0.601085  0.000000  1.0
   -0.292689    0.603085  0.000000  1.0
   -0.292689    0.605085  0.000000  1.0
   -0.292689    0.607085  0.000000  1.0
   -0.292689    0.609085  0.000000  1.0
   -0.292689    0.611085  0.000000  1.0
   -0.292689    0.613085  0.000000  1.0
   -0.292689    0.615085  0.000000  1.0
   -0.292689    0.617085  0.000000  1.0
   -0.292689    0.619085  0.000000  1.0
   -0.292689    0.621085  0.000000  1.0
   -0.292689    0.623085  0.000000  1.0
   -0.292689    0.625085  0.000000  1.0
   -0.292689    0.627085  0.000000  1.0
   -0.292689    0.629085  0.000000  1.0
   -0.292689    0.631085  0.000000  1.0
   -0.292689    0.633085  0.000000  1.0
   -0.292689    0.635085  0.000000  1.0
   -0.292689    0.637085  0.000000  1.0
   -0.292689    0.639085  0.000000  1.0
   -0.292689    0.641085  0.000000  1.0
   -0.292689    0.643085  0.000000  1.0
   -0.292689    0.645085  0.000000  1.0
   -0.292689    0.647085  0.000000  1.0
   -0.292689    0.649085  0.000000  1.0
   -0.292689    0.651085  0.000000  1.0
   -0.292689    0.653085  0.000000  1.0
   -0.292689    0.655085  0.000000  1.0
   -0.292689    0.657085  0.000000  1.0
   -0.292689    0.659085  0.000000  1.0
   -0.292689    0.661085  0.000000  1.0
   -0.292689    0.663085  0.000000  1.0
   -0.292689    0.665085  0.000000  1.0
   -0.292689    0.667085  0.000000  1.0
   -0.292689    0.669085  0.000000  1.0
   -0.292689    0.671085  0.000000  1.0
   -0.292689    0.673085  0.000000  1.0
   -0.292689    0.675085  0.000000  1.0
   -0.290689    0.595085  0.000000  1.0
   -0.290689    0.597085  0.000000  1.0
   -0.290689    0.599085  0.000000  1.0
   -0.290689    0.601085  0.000000  1.0
   -0.290689    0.603085  0.000000  1.0
   -0.290689    0.605085  0.000000  1.0
   -0.290689    0.607085  0.000000  1.0
   -0.290689    0.609085  0.000000  1.0
   -0.290689    0.611085  0.000000  1.0
   -0.290689    0.613085  0.000000  1.0
   -0.290689    0.615085  0.000000  1.0
   -0.290689    0.617085  0.000000  1.0
   -0.290689    0.619085  0.000000  1.0
   -0.290689    0.621085  0.000000  1.0
   -0.290689    0.623085  0.000000  1.0
   -0.290689    0.625085  0.000000  1.0
   -0.290689    0.627085  0.000000  1.0
   -0.290689    0.629085  0.000000  1.0
   -0.290689    0.631085  0.000000  1.0
   -0.290689    0.633085  0.000000  1.0
   -0.290689    0.635085  0.000000  1.0
   -0.290689    0.637085  0.000000  1.0
   -0.290689    0.639085  0.000000  1.0
   -0.290689    0.641085  0.000000  1.0
   -0.290689    0.643085  0.000000  1.0
   -0.290689    0.645085  0.000000  1.0
   -0.290689    0.647085  0.000000  1.0
   -0.290689    0.649085  0.000000  1.0
   -0.290689    0.651085  0.000000  1.0
   -0.290689    0.653085  0.000000  1.0
   -0.290689    0.655085  0.000000  1.0
   -0.290689    0.657085  0.000000  1.0
   -0.290689    0.659085  0.000000  1.0
   -0.290689    0.661085  0.000000  1.0
   -0.290689    0.663085  0.000000  1.0
   -0.290689    0.665085  0.000000  1.0
   -0.290689    0.667085  0.000000  1.0
   -0.290689    0.669085  0.000000  1.0
   -0.290689    0.671085  0.000000  1.0
   -0.290689    0.673085  0.000000  1.0
   -0.290689    0.675085  0.000000  1.0
   -0.288689    0.595085  0.000000  1.0
   -0.288689    0.597085  0.000000  1.0
   -0.288689    0.599085  0.000000  1.0
   -0.288689    0.601085  0.000000  1.0
   -0.288689    0.603085  0.000000  1.0
   -0.288689    0.605085  0.000000  1.0
   -0.288689    0.607085  0.000000  1.0
   -0.288689    0.609085  0.000000  1.0
   -0.288689    0.611085  0.000000  1.0
   -0.288689    0.613085  0.000000  1.0
   -0.288689    0.615085  0.000000  1.0
   -0.288689    0.617085  0.000000  1.0
   -0.288689    0.619085  0.000000  1.0
   -0.288689    0.621085  0.000000  1.0
   -0.288689    0.623085  0.000000  1.0
   -0.288689    0.625085  0.000000  1.0
   -0.288689    0.627085  0.000000  1.0
   -0.288689    0.629085  0.000000  1.0
   -0.288689    0.631085  0.000000  1.0
   -0.288689    0.633085  0.000000  1.0
   -0.288689    0.635085  0.000000  1.0
   -0.288689    0.637085  0.000000  1.0
   -0.288689    0.639085  0.000000  1.0
   -0.288689    0.641085  0.000000  1.0
   -0.288689    0.643085  0.000000  1.0
   -0.288689    0.645085  0.000000  1.0
   -0.288689    0.647085  0.000000  1.0
   -0.288689    0.649085  0.000000  1.0
   -0.288689    0.651085  0.000000  1.0
   -0.288689    0.653085  0.000000  1.0
   -0.288689    0.655085  0.000000  1.0
   -0.288689    0.657085  0.000000  1.0
   -0.288689    0.659085  0.000000  1.0
   -0.288689    0.661085  0.000000  1.0
   -0.288689    0.663085  0.000000  1.0
   -0.288689    0.665085  0.000000  1.0
   -0.288689    0.667085  0.000000  1.0
   -0.288689    0.669085  0.000000  1.0
   -0.288689    0.671085  0.000000  1.0
   -0.288689    0.673085  0.000000  1.0
   -0.288689    0.675085  0.000000  1.0
   -0.286689    0.595085  0.000000  1.0
   -0.286689    0.597085  0.000000  1.0
   -0.286689    0.599085  0.000000  1.0
   -0.286689    0.601085  0.000000  1.0
   -0.286689    0.603085  0.000000  1.0
   -0.286689    0.605085  0.000000  1.0
   -0.286689    0.607085  0.000000  1.0
   -0.286689    0.609085  0.000000  1.0
   -0.286689    0.611085  0.000000  1.0
   -0.286689    0.613085  0.000000  1.0
   -0.286689    0.615085  0.000000  1.0
   -0.286689    0.617085  0.000000  1.0
   -0.286689    0.619085  0.000000  1.0
   -0.286689    0.621085  0.000000  1.0
   -0.286689    0.623085  0.000000  1.0
   -0.286689    0.625085  0.000000  1.0
   -0.286689    0.627085  0.000000  1.0
   -0.286689    0.629085  0.000000  1.0
   -0.286689    0.631085  0.000000  1.0
   -0.286689    0.633085  0.000000  1.0
   -0.286689    0.635085  0.000000  1.0
   -0.286689    0.637085  0.000000  1.0
   -0.286689    0.639085  0.000000  1.0
   -0.286689    0.641085  0.000000  1.0
   -0.286689    0.643085  0.000000  1.0
   -0.286689    0.645085  0.000000  1.0
   -0.286689    0.647085  0.000000  1.0
   -0.286689    0.649085  0.000000  1.0
   -0.286689    0.651085  0.000000  1.0
   -0.286689    0.653085  0.000000  1.0
   -0.286689    0.655085  0.000000  1.0
   -0.286689    0.657085  0.000000  1.0
   -0.286689    0.659085  0.000000  1.0
   -0.286689    0.661085  0.000000  1.0
   -0.286689    0.663085  0.000000  1.0
   -0.286689    0.665085  0.000000  1.0
   -0.286689    0.667085  0.000000  1.0
   -0.286689    0.669085  0.000000  1.0
   -0.286689    0.671085  0.000000  1.0
   -0.286689    0.673085  0.000000  1.0
   -0.286689    0.675085  0.000000  1.0
   -0.284689    0.595085  0.000000  1.0
   -0.284689    0.597085  0.000000  1.0
   -0.284689    0.599085  0.000000  1.0
   -0.284689    0.601085  0.000000  1.0
   -0.284689    0.603085  0.000000  1.0
   -0.284689    0.605085  0.000000  1.0
   -0.284689    0.607085  0.000000  1.0
   -0.284689    0.609085  0.000000  1.0
   -0.284689    0.611085  0.000000  1.0
   -0.284689    0.613085  0.000000  1.0
   -0.284689    0.615085  0.000000  1.0
   -0.284689    0.617085  0.000000  1.0
   -0.284689    0.619085  0.000000  1.0
   -0.284689    0.621085  0.000000  1.0
   -0.284689    0.623085  0.000000  1.0
   -0.284689    0.625085  0.000000  1.0
   -0.284689    0.627085  0.000000  1.0
   -0.284689    0.629085  0.000000  1.0
   -0.284689    0.631085  0.000000  1.0
   -0.284689    0.633085  0.000000  1.0
   -0.284689    0.635085  0.000000  1.0
   -0.284689    0.637085  0.000000  1.0
   -0.284689    0.639085  0.000000  1.0
   -0.284689    0.641085  0.000000  1.0
   -0.284689    0.643085  0.000000  1.0
   -0.284689    0.645085  0.000000  1.0
   -0.284689    0.647085  0.000000  1.0
   -0.284689    0.649085  0.000000  1.0
   -0.284689    0.651085  0.000000  1.0
   -0.284689    0.653085  0.000000  1.0
   -0.284689    0.655085  0.000000  1.0
   -0.284689    0.657085  0.000000  1.0
   -0.284689    0.659085  0.000000  1.0
   -0.284689    0.661085  0.000000  1.0
   -0.284689    0.663085  0.000000  1.0
   -0.284689    0.665085  0.000000  1.0
   -0.284689    0.667085  0.000000  1.0
   -0.284689    0.669085  0.000000  1.0
   -0.284689    0.671085  0.000000  1.0
   -0.284689    0.673085  0.000000  1.0
   -0.284689    0.675085  0.000000  1.0
   -0.282689    0.595085  0.000000  1.0
   -0.282689    0.597085  0.000000  1.0
   -0.282689    0.599085  0.000000  1.0
   -0.282689    0.601085  0.000000  1.0
   -0.282689    0.603085  0.000000  1.0
   -0.282689    0.605085  0.000000  1.0
   -0.282689    0.607085  0.000000  1.0
   -0.282689    0.609085  0.000000  1.0
   -0.282689    0.611085  0.000000  1.0
   -0.282689    0.613085  0.000000  1.0
   -0.282689    0.615085  0.000000  1.0
   -0.282689    0.617085  0.000000  1.0
   -0.282689    0.619085  0.000000  1.0
   -0.282689    0.621085  0.000000  1.0
   -0.282689    0.623085  0.000000  1.0
   -0.282689    0.625085  0.000000  1.0
   -0.282689    0.627085  0.000000  1.0
   -0.282689    0.629085  0.000000  1.0
   -0.282689    0.631085  0.000000  1.0
   -0.282689    0.633085  0.000000  1.0
   -0.282689    0.635085  0.000000  1.0
   -0.282689    0.637085  0.000000  1.0
   -0.282689    0.639085  0.000000  1.0
   -0.282689    0.641085  0.000000  1.0
   -0.282689    0.643085  0.000000  1.0
   -0.282689    0.645085  0.000000  1.0
   -0.282689    0.647085  0.000000  1.0
   -0.282689    0.649085  0.000000  1.0
   -0.282689    0.651085  0.000000  1.0
   -0.282689    0.653085  0.000000  1.0
   -0.282689    0.655085  0.000000  1.0
   -0.282689    0.657085  0.000000  1.0
   -0.282689    0.659085  0.000000  1.0
   -0.282689    0.661085  0.000000  1.0
   -0.282689    0.663085  0.000000  1.0
   -0.282689    0.665085  0.000000  1.0
   -0.282689    0.667085  0.000000  1.0
   -0.282689    0.669085  0.000000  1.0
   -0.282689    0.671085  0.000000  1.0
   -0.282689    0.673085  0.000000  1.0
   -0.282689    0.675085  0.000000  1.0
   -0.280689    0.595085  0.000000  1.0
   -0.280689    0.597085  0.000000  1.0
   -0.280689    0.599085  0.000000  1.0
   -0.280689    0.601085  0.000000  1.0
   -0.280689    0.603085  0.000000  1.0
   -0.280689    0.605085  0.000000  1.0
   -0.280689    0.607085  0.000000  1.0
   -0.280689    0.609085  0.000000  1.0
   -0.280689    0.611085  0.000000  1.0
   -0.280689    0.613085  0.000000  1.0
   -0.280689    0.615085  0.000000  1.0
   -0.280689    0.617085  0.000000  1.0
   -0.280689    0.619085  0.000000  1.0
   -0.280689    0.621085  0.000000  1.0
   -0.280689    0.623085  0.000000  1.0
   -0.280689    0.625085  0.000000  1.0
   -0.280689    0.627085  0.000000  1.0
   -0.280689    0.629085  0.000000  1.0
   -0.280689    0.631085  0.000000  1.0
   -0.280689    0.633085  0.000000  1.0
   -0.280689    0.635085  0.000000  1.0
   -0.280689    0.637085  0.000000  1.0
   -0.280689    0.639085  0.000000  1.0
   -0.280689    0.641085  0.000000  1.0
   -0.280689    0.643085  0.000000  1.0
   -0.280689    0.645085  0.000000  1.0
   -0.280689    0.647085  0.000000  1.0
   -0.280689    0.649085  0.000000  1.0
   -0.280689    0.651085  0.000000  1.0
   -0.280689    0.653085  0.000000  1.0
   -0.280689    0.655085  0.000000  1.0
   -0.280689    0.657085  0.000000  1.0
   -0.280689    0.659085  0.000000  1.0
   -0.280689    0.661085  0.000000  1.0
   -0.280689    0.663085  0.000000  1.0
   -0.280689    0.665085  0.000000  1.0
   -0.280689    0.667085  0.000000  1.0
   -0.280689    0.669085  0.000000  1.0
   -0.280689    0.671085  0.000000  1.0
   -0.280689    0.673085  0.000000  1.0
   -0.280689    0.675085  0.000000  1.0
   -0.278689    0.595085  0.000000  1.0
   -0.278689    0.597085  0.000000  1.0
   -0.278689    0.599085  0.000000  1.0
   -0.278689    0.601085  0.000000  1.0
   -0.278689    0.603085  0.000000  1.0
   -0.278689    0.605085  0.000000  1.0
   -0.278689    0.607085  0.000000  1.0
   -0.278689    0.609085  0.000000  1.0
   -0.278689    0.611085  0.000000  1.0
   -0.278689    0.613085  0.000000  1.0
   -0.278689    0.615085  0.000000  1.0
   -0.278689    0.617085  0.000000  1.0
   -0.278689    0.619085  0.000000  1.0
   -0.278689    0.621085  0.000000  1.0
   -0.278689    0.623085  0.000000  1.0
   -0.278689    0.625085  0.000000  1.0
   -0.278689    0.627085  0.000000  1.0
   -0.278689    0.629085  0.000000  1.0
   -0.278689    0.631085  0.000000  1.0
   -0.278689    0.633085  0.000000  1.0
   -0.278689    0.635085  0.000000  1.0
   -0.278689    0.637085  0.000000  1.0
   -0.278689    0.639085  0.000000  1.0
   -0.278689    0.641085  0.000000  1.0
   -0.278689    0.643085  0.000000  1.0
   -0.278689    0.645085  0.000000  1.0
   -0.278689    0.647085  0.000000  1.0
   -0.278689    0.649085  0.000000  1.0
   -0.278689    0.651085  0.000000  1.0
   -0.278689    0.653085  0.000000  1.0
   -0.278689    0.655085  0.000000  1.0
   -0.278689    0.657085  0.000000  1.0
   -0.278689    0.659085  0.000000  1.0
   -0.278689    0.661085  0.000000  1.0
   -0.278689    0.663085  0.000000  1.0
   -0.278689    0.665085  0.000000  1.0
   -0.278689    0.667085  0.000000  1.0
   -0.278689    0.669085  0.000000  1.0
   -0.278689    0.671085  0.000000  1.0
   -0.278689    0.673085  0.000000  1.0
   -0.278689    0.675085  0.000000  1.0
   -0.276689    0.595085  0.000000  1.0
   -0.276689    0.597085  0.000000  1.0
   -0.276689    0.599085  0.000000  1.0
   -0.276689    0.601085  0.000000  1.0
   -0.276689    0.603085  0.000000  1.0
   -0.276689    0.605085  0.000000  1.0
   -0.276689    0.607085  0.000000  1.0
   -0.276689    0.609085  0.000000  1.0
   -0.276689    0.611085  0.000000  1.0
   -0.276689    0.613085  0.000000  1.0
   -0.276689    0.615085  0.000000  1.0
   -0.276689    0.617085  0.000000  1.0
   -0.276689    0.619085  0.000000  1.0
   -0.276689    0.621085  0.000000  1.0
   -0.276689    0.623085  0.000000  1.0
   -0.276689    0.625085  0.000000  1.0
   -0.276689    0.627085  0.000000  1.0
   -0.276689    0.629085  0.000000  1.0
   -0.276689    0.631085  0.000000  1.0
   -0.276689    0.633085  0.000000  1.0
   -0.276689    0.635085  0.000000  1.0
   -0.276689    0.637085  0.000000  1.0
   -0.276689    0.639085  0.000000  1.0
   -0.276689    0.641085  0.000000  1.0
   -0.276689    0.643085  0.000000  1.0
   -0.276689    0.645085  0.000000  1.0
   -0.276689    0.647085  0.000000  1.0
   -0.276689    0.649085  0.000000  1.0
   -0.276689    0.651085  0.000000  1.0
   -0.276689    0.653085  0.000000  1.0
   -0.276689    0.655085  0.000000  1.0
   -0.276689    0.657085  0.000000  1.0
   -0.276689    0.659085  0.000000  1.0
   -0.276689    0.661085  0.000000  1.0
   -0.276689    0.663085  0.000000  1.0
   -0.276689    0.665085  0.000000  1.0
   -0.276689    0.667085  0.000000  1.0
   -0.276689    0.669085  0.000000  1.0
   -0.276689    0.671085  0.000000  1.0
   -0.276689    0.673085  0.000000  1.0
   -0.276689    0.675085  0.000000  1.0
   -0.274689    0.595085  0.000000  1.0
   -0.274689    0.597085  0.000000  1.0
   -0.274689    0.599085  0.000000  1.0
   -0.274689    0.601085  0.000000  1.0
   -0.274689    0.603085  0.000000  1.0
   -0.274689    0.605085  0.000000  1.0
   -0.274689    0.607085  0.000000  1.0
   -0.274689    0.609085  0.000000  1.0
   -0.274689    0.611085  0.000000  1.0
   -0.274689    0.613085  0.000000  1.0
   -0.274689    0.615085  0.000000  1.0
   -0.274689    0.617085  0.000000  1.0
   -0.274689    0.619085  0.000000  1.0
   -0.274689    0.621085  0.000000  1.0
   -0.274689    0.623085  0.000000  1.0
   -0.274689    0.625085  0.000000  1.0
   -0.274689    0.627085  0.000000  1.0
   -0.274689    0.629085  0.000000  1.0
   -0.274689    0.631085  0.000000  1.0
   -0.274689    0.633085  0.000000  1.0
   -0.274689    0.635085  0.000000  1.0
   -0.274689    0.637085  0.000000  1.0
   -0.274689    0.639085  0.000000  1.0
   -0.274689    0.641085  0.000000  1.0
   -0.274689    0.643085  0.000000  1.0
   -0.274689    0.645085  0.000000  1.0
   -0.274689    0.647085  0.000000  1.0
   -0.274689    0.649085  0.000000  1.0
   -0.274689    0.651085  0.000000  1.0
   -0.274689    0.653085  0.000000  1.0
   -0.274689    0.655085  0.000000  1.0
   -0.274689    0.657085  0.000000  1.0
   -0.274689    0.659085  0.000000  1.0
   -0.274689    0.661085  0.000000  1.0
   -0.274689    0.663085  0.000000  1.0
   -0.274689    0.665085  0.000000  1.0
   -0.274689    0.667085  0.000000  1.0
   -0.274689    0.669085  0.000000  1.0
   -0.274689    0.671085  0.000000  1.0
   -0.274689    0.673085  0.000000  1.0
   -0.274689    0.675085  0.000000  1.0
   -0.272689    0.595085  0.000000  1.0
   -0.272689    0.597085  0.000000  1.0
   -0.272689    0.599085  0.000000  1.0
   -0.272689    0.601085  0.000000  1.0
   -0.272689    0.603085  0.000000  1.0
   -0.272689    0.605085  0.000000  1.0
   -0.272689    0.607085  0.000000  1.0
   -0.272689    0.609085  0.000000  1.0
   -0.272689    0.611085  0.000000  1.0
   -0.272689    0.613085  0.000000  1.0
   -0.272689    0.615085  0.000000  1.0
   -0.272689    0.617085  0.000000  1.0
   -0.272689    0.619085  0.000000  1.0
   -0.272689    0.621085  0.000000  1.0
   -0.272689    0.623085  0.000000  1.0
   -0.272689    0.625085  0.000000  1.0
   -0.272689    0.627085  0.000000  1.0
   -0.272689    0.629085  0.000000  1.0
   -0.272689    0.631085  0.000000  1.0
   -0.272689    0.633085  0.000000  1.0
   -0.272689    0.635085  0.000000  1.0
   -0.272689    0.637085  0.000000  1.0
   -0.272689    0.639085  0.000000  1.0
   -0.272689    0.641085  0.000000  1.0
   -0.272689    0.643085  0.000000  1.0
   -0.272689    0.645085  0.000000  1.0
   -0.272689    0.647085  0.000000  1.0
   -0.272689    0.649085  0.000000  1.0
   -0.272689    0.651085  0.000000  1.0
   -0.272689    0.653085  0.000000  1.0
   -0.272689    0.655085  0.000000  1.0
   -0.272689    0.657085  0.000000  1.0
   -0.272689    0.659085  0.000000  1.0
   -0.272689    0.661085  0.000000  1.0
   -0.272689    0.663085  0.000000  1.0
   -0.272689    0.665085  0.000000  1.0
   -0.272689    0.667085  0.000000  1.0
   -0.272689    0.669085  0.000000  1.0
   -0.272689    0.671085  0.000000  1.0
   -0.272689    0.673085  0.000000  1.0
   -0.272689    0.675085  0.000000  1.0
   -0.270689    0.595085  0.000000  1.0
   -0.270689    0.597085  0.000000  1.0
   -0.270689    0.599085  0.000000  1.0
   -0.270689    0.601085  0.000000  1.0
   -0.270689    0.603085  0.000000  1.0
   -0.270689    0.605085  0.000000  1.0
   -0.270689    0.607085  0.000000  1.0
   -0.270689    0.609085  0.000000  1.0
   -0.270689    0.611085  0.000000  1.0
   -0.270689    0.613085  0.000000  1.0
   -0.270689    0.615085  0.000000  1.0
   -0.270689    0.617085  0.000000  1.0
   -0.270689    0.619085  0.000000  1.0
   -0.270689    0.621085  0.000000  1.0
   -0.270689    0.623085  0.000000  1.0
   -0.270689    0.625085  0.000000  1.0
   -0.270689    0.627085  0.000000  1.0
   -0.270689    0.629085  0.000000  1.0
   -0.270689    0.631085  0.000000  1.0
   -0.270689    0.633085  0.000000  1.0
   -0.270689    0.635085  0.000000  1.0
   -0.270689    0.637085  0.000000  1.0
   -0.270689    0.639085  0.000000  1.0
   -0.270689    0.641085  0.000000  1.0
   -0.270689    0.643085  0.000000  1.0
   -0.270689    0.645085  0.000000  1.0
   -0.270689    0.647085  0.000000  1.0
   -0.270689    0.649085  0.000000  1.0
   -0.270689    0.651085  0.000000  1.0
   -0.270689    0.653085  0.000000  1.0
   -0.270689    0.655085  0.000000  1.0
   -0.270689    0.657085  0.000000  1.0
   -0.270689    0.659085  0.000000  1.0
   -0.270689    0.661085  0.000000  1.0
   -0.270689    0.663085  0.000000  1.0
   -0.270689    0.665085  0.000000  1.0
   -0.270689    0.667085  0.000000  1.0
   -0.270689    0.669085  0.000000  1.0
   -0.270689    0.671085  0.000000  1.0
   -0.270689    0.673085  0.000000  1.0
   -0.270689    0.675085  0.000000  1.0
   -0.268689    0.595085  0.000000  1.0
   -0.268689    0.597085  0.000000  1.0
   -0.268689    0.599085  0.000000  1.0
   -0.268689    0.601085  0.000000  1.0
   -0.268689    0.603085  0.000000  1.0
   -0.268689    0.605085  0.000000  1.0
   -0.268689    0.607085  0.000000  1.0
   -0.268689    0.609085  0.000000  1.0
   -0.268689    0.611085  0.000000  1.0
   -0.268689    0.613085  0.000000  1.0
   -0.268689    0.615085  0.000000  1.0
   -0.268689    0.617085  0.000000  1.0
   -0.268689    0.619085  0.000000  1.0
   -0.268689    0.621085  0.000000  1.0
   -0.268689    0.623085  0.000000  1.0
   -0.268689    0.625085  0.000000  1.0
   -0.268689    0.627085  0.000000  1.0
   -0.268689    0.629085  0.000000  1.0
   -0.268689    0.631085  0.000000  1.0
   -0.268689    0.633085  0.000000  1.0
   -0.268689    0.635085  0.000000  1.0
   -0.268689    0.637085  0.000000  1.0
   -0.268689    0.639085  0.000000  1.0
   -0.268689    0.641085  0.000000  1.0
   -0.268689    0.643085  0.000000  1.0
   -0.268689    0.645085  0.000000  1.0
   -0.268689    0.647085  0.000000  1.0
   -0.268689    0.649085  0.000000  1.0
   -0.268689    0.651085  0.000000  1.0
   -0.268689    0.653085  0.000000  1.0
   -0.268689    0.655085  0.000000  1.0
   -0.268689    0.657085  0.000000  1.0
   -0.268689    0.659085  0.000000  1.0
   -0.268689    0.661085  0.000000  1.0
   -0.268689    0.663085  0.000000  1.0
   -0.268689    0.665085  0.000000  1.0
   -0.268689    0.667085  0.000000  1.0
   -0.268689    0.669085  0.000000  1.0
   -0.268689    0.671085  0.000000  1.0
   -0.268689    0.673085  0.000000  1.0
   -0.268689    0.675085  0.000000  1.0
   -0.266689    0.595085  0.000000  1.0
   -0.266689    0.597085  0.000000  1.0
   -0.266689    0.599085  0.000000  1.0
   -0.266689    0.601085  0.000000  1.0
   -0.266689    0.603085  0.000000  1.0
   -0.266689    0.605085  0.000000  1.0
   -0.266689    0.607085  0.000000  1.0
   -0.266689    0.609085  0.000000  1.0
   -0.266689    0.611085  0.000000  1.0
   -0.266689    0.613085  0.000000  1.0
   -0.266689    0.615085  0.000000  1.0
   -0.266689    0.617085  0.000000  1.0
   -0.266689    0.619085  0.000000  1.0
   -0.266689    0.621085  0.000000  1.0
   -0.266689    0.623085  0.000000  1.0
   -0.266689    0.625085  0.000000  1.0
   -0.266689    0.627085  0.000000  1.0
   -0.266689    0.629085  0.000000  1.0
   -0.266689    0.631085  0.000000  1.0
   -0.266689    0.633085  0.000000  1.0
   -0.266689    0.635085  0.000000  1.0
   -0.266689    0.637085  0.000000  1.0
   -0.266689    0.639085  0.000000  1.0
   -0.266689    0.641085  0.000000  1.0
   -0.266689    0.643085  0.000000  1.0
   -0.266689    0.645085  0.000000  1.0
   -0.266689    0.647085  0.000000  1.0
   -0.266689    0.649085  0.000000  1.0
   -0.266689    0.651085  0.000000  1.0
   -0.266689    0.653085  0.000000  1.0
   -0.266689    0.655085  0.000000  1.0
   -0.266689    0.657085  0.000000  1.0
   -0.266689    0.659085  0.000000  1.0
   -0.266689    0.661085  0.000000  1.0
   -0.266689    0.663085  0.000000  1.0
   -0.266689    0.665085  0.000000  1.0
   -0.266689    0.667085  0.000000  1.0
   -0.266689    0.669085  0.000000  1.0
   -0.266689    0.671085  0.000000  1.0
   -0.266689    0.673085  0.000000  1.0
   -0.266689    0.675085  0.000000  1.0
   -0.264689    0.595085  0.000000  1.0
   -0.264689    0.597085  0.000000  1.0
   -0.264689    0.599085  0.000000  1.0
   -0.264689    0.601085  0.000000  1.0
   -0.264689    0.603085  0.000000  1.0
   -0.264689    0.605085  0.000000  1.0
   -0.264689    0.607085  0.000000  1.0
   -0.264689    0.609085  0.000000  1.0
   -0.264689    0.611085  0.000000  1.0
   -0.264689    0.613085  0.000000  1.0
   -0.264689    0.615085  0.000000  1.0
   -0.264689    0.617085  0.000000  1.0
   -0.264689    0.619085  0.000000  1.0
   -0.264689    0.621085  0.000000  1.0
   -0.264689    0.623085  0.000000  1.0
   -0.264689    0.625085  0.000000  1.0
   -0.264689    0.627085  0.000000  1.0
   -0.264689    0.629085  0.000000  1.0
   -0.264689    0.631085  0.000000  1.0
   -0.264689    0.633085  0.000000  1.0
   -0.264689    0.635085  0.000000  1.0
   -0.264689    0.637085  0.000000  1.0
   -0.264689    0.639085  0.000000  1.0
   -0.264689    0.641085  0.000000  1.0
   -0.264689    0.643085  0.000000  1.0
   -0.264689    0.645085  0.000000  1.0
   -0.264689    0.647085  0.000000  1.0
   -0.264689    0.649085  0.000000  1.0
   -0.264689    0.651085  0.000000  1.0
   -0.264689    0.653085  0.000000  1.0
   -0.264689    0.655085  0.000000  1.0
   -0.264689    0.657085  0.000000  1.0
   -0.264689    0.659085  0.000000  1.0
   -0.264689    0.661085  0.000000  1.0
   -0.264689    0.663085  0.000000  1.0
   -0.264689    0.665085  0.000000  1.0
   -0.264689    0.667085  0.000000  1.0
   -0.264689    0.669085  0.000000  1.0
   -0.264689    0.671085  0.000000  1.0
   -0.264689    0.673085  0.000000  1.0
   -0.264689    0.675085  0.000000  1.0
   -0.262689    0.595085  0.000000  1.0
   -0.262689    0.597085  0.000000  1.0
   -0.262689    0.599085  0.000000  1.0
   -0.262689    0.601085  0.000000  1.0
   -0.262689    0.603085  0.000000  1.0
   -0.262689    0.605085  0.000000  1.0
   -0.262689    0.607085  0.000000  1.0
   -0.262689    0.609085  0.000000  1.0
   -0.262689    0.611085  0.000000  1.0
   -0.262689    0.613085  0.000000  1.0
   -0.262689    0.615085  0.000000  1.0
   -0.262689    0.617085  0.000000  1.0
   -0.262689    0.619085  0.000000  1.0
   -0.262689    0.621085  0.000000  1.0
   -0.262689    0.623085  0.000000  1.0
   -0.262689    0.625085  0.000000  1.0
   -0.262689    0.627085  0.000000  1.0
   -0.262689    0.629085  0.000000  1.0
   -0.262689    0.631085  0.000000  1.0
   -0.262689    0.633085  0.000000  1.0
   -0.262689    0.635085  0.000000  1.0
   -0.262689    0.637085  0.000000  1.0
   -0.262689    0.639085  0.000000  1.0
   -0.262689    0.641085  0.000000  1.0
   -0.262689    0.643085  0.000000  1.0
   -0.262689    0.645085  0.000000  1.0
   -0.262689    0.647085  0.000000  1.0
   -0.262689    0.649085  0.000000  1.0
   -0.262689    0.651085  0.000000  1.0
   -0.262689    0.653085  0.000000  1.0
   -0.262689    0.655085  0.000000  1.0
   -0.262689    0.657085  0.000000  1.0
   -0.262689    0.659085  0.000000  1.0
   -0.262689    0.661085  0.000000  1.0
   -0.262689    0.663085  0.000000  1.0
   -0.262689    0.665085  0.000000  1.0
   -0.262689    0.667085  0.000000  1.0
   -0.262689    0.669085  0.000000  1.0
   -0.262689    0.671085  0.000000  1.0
   -0.262689    0.673085  0.000000  1.0
   -0.262689    0.675085  0.000000  1.0
   -0.260689    0.595085  0.000000  1.0
   -0.260689    0.597085  0.000000  1.0
   -0.260689    0.599085  0.000000  1.0
   -0.260689    0.601085  0.000000  1.0
   -0.260689    0.603085  0.000000  1.0
   -0.260689    0.605085  0.000000  1.0
   -0.260689    0.607085  0.000000  1.0
   -0.260689    0.609085  0.000000  1.0
   -0.260689    0.611085  0.000000  1.0
   -0.260689    0.613085  0.000000  1.0
   -0.260689    0.615085  0.000000  1.0
   -0.260689    0.617085  0.000000  1.0
   -0.260689    0.619085  0.000000  1.0
   -0.260689    0.621085  0.000000  1.0
   -0.260689    0.623085  0.000000  1.0
   -0.260689    0.625085  0.000000  1.0
   -0.260689    0.627085  0.000000  1.0
   -0.260689    0.629085  0.000000  1.0
   -0.260689    0.631085  0.000000  1.0
   -0.260689    0.633085  0.000000  1.0
   -0.260689    0.635085  0.000000  1.0
   -0.260689    0.637085  0.000000  1.0
   -0.260689    0.639085  0.000000  1.0
   -0.260689    0.641085  0.000000  1.0
   -0.260689    0.643085  0.000000  1.0
   -0.260689    0.645085  0.000000  1.0
   -0.260689    0.647085  0.000000  1.0
   -0.260689    0.649085  0.000000  1.0
   -0.260689    0.651085  0.000000  1.0
   -0.260689    0.653085  0.000000  1.0
   -0.260689    0.655085  0.000000  1.0
   -0.260689    0.657085  0.000000  1.0
   -0.260689    0.659085  0.000000  1.0
   -0.260689    0.661085  0.000000  1.0
   -0.260689    0.663085  0.000000  1.0
   -0.260689    0.665085  0.000000  1.0
   -0.260689    0.667085  0.000000  1.0
   -0.260689    0.669085  0.000000  1.0
   -0.260689    0.671085  0.000000  1.0
   -0.260689    0.673085  0.000000  1.0
   -0.260689    0.675085  0.000000  1.0
   -0.258689    0.595085  0.000000  1.0
   -0.258689    0.597085  0.000000  1.0
   -0.258689    0.599085  0.000000  1.0
   -0.258689    0.601085  0.000000  1.0
   -0.258689    0.603085  0.000000  1.0
   -0.258689    0.605085  0.000000  1.0
   -0.258689    0.607085  0.000000  1.0
   -0.258689    0.609085  0.000000  1.0
   -0.258689    0.611085  0.000000  1.0
   -0.258689    0.613085  0.000000  1.0
   -0.258689    0.615085  0.000000  1.0
   -0.258689    0.617085  0.000000  1.0
   -0.258689    0.619085  0.000000  1.0
   -0.258689    0.621085  0.000000  1.0
   -0.258689    0.623085  0.000000  1.0
   -0.258689    0.625085  0.000000  1.0
   -0.258689    0.627085  0.000000  1.0
   -0.258689    0.629085  0.000000  1.0
   -0.258689    0.631085  0.000000  1.0
   -0.258689    0.633085  0.000000  1.0
   -0.258689    0.635085  0.000000  1.0
   -0.258689    0.637085  0.000000  1.0
   -0.258689    0.639085  0.000000  1.0
   -0.258689    0.641085  0.000000  1.0
   -0.258689    0.643085  0.000000  1.0
   -0.258689    0.645085  0.000000  1.0
   -0.258689    0.647085  0.000000  1.0
   -0.258689    0.649085  0.000000  1.0
   -0.258689    0.651085  0.000000  1.0
   -0.258689    0.653085  0.000000  1.0
   -0.258689    0.655085  0.000000  1.0
   -0.258689    0.657085  0.000000  1.0
   -0.258689    0.659085  0.000000  1.0
   -0.258689    0.661085  0.000000  1.0
   -0.258689    0.663085  0.000000  1.0
   -0.258689    0.665085  0.000000  1.0
   -0.258689    0.667085  0.000000  1.0
   -0.258689    0.669085  0.000000  1.0
   -0.258689    0.671085  0.000000  1.0
   -0.258689    0.673085  0.000000  1.0
   -0.258689    0.675085  0.000000  1.0
   -0.256689    0.595085  0.000000  1.0
   -0.256689    0.597085  0.000000  1.0
   -0.256689    0.599085  0.000000  1.0
   -0.256689    0.601085  0.000000  1.0
   -0.256689    0.603085  0.000000  1.0
   -0.256689    0.605085  0.000000  1.0
   -0.256689    0.607085  0.000000  1.0
   -0.256689    0.609085  0.000000  1.0
   -0.256689    0.611085  0.000000  1.0
   -0.256689    0.613085  0.000000  1.0
   -0.256689    0.615085  0.000000  1.0
   -0.256689    0.617085  0.000000  1.0
   -0.256689    0.619085  0.000000  1.0
   -0.256689    0.621085  0.000000  1.0
   -0.256689    0.623085  0.000000  1.0
   -0.256689    0.625085  0.000000  1.0
   -0.256689    0.627085  0.000000  1.0
   -0.256689    0.629085  0.000000  1.0
   -0.256689    0.631085  0.000000  1.0
   -0.256689    0.633085  0.000000  1.0
   -0.256689    0.635085  0.000000  1.0
   -0.256689    0.637085  0.000000  1.0
   -0.256689    0.639085  0.000000  1.0
   -0.256689    0.641085  0.000000  1.0
   -0.256689    0.643085  0.000000  1.0
   -0.256689    0.645085  0.000000  1.0
   -0.256689    0.647085  0.000000  1.0
   -0.256689    0.649085  0.000000  1.0
   -0.256689    0.651085  0.000000  1.0
   -0.256689    0.653085  0.000000  1.0
   -0.256689    0.655085  0.000000  1.0
   -0.256689    0.657085  0.000000  1.0
   -0.256689    0.659085  0.000000  1.0
   -0.256689    0.661085  0.000000  1.0
   -0.256689    0.663085  0.000000  1.0
   -0.256689    0.665085  0.000000  1.0
   -0.256689    0.667085  0.000000  1.0
   -0.256689    0.669085  0.000000  1.0
   -0.256689    0.671085  0.000000  1.0
   -0.256689    0.673085  0.000000  1.0
   -0.256689    0.675085  0.000000  1.0
   -0.254689    0.595085  0.000000  1.0
   -0.254689    0.597085  0.000000  1.0
   -0.254689    0.599085  0.000000  1.0
   -0.254689    0.601085  0.000000  1.0
   -0.254689    0.603085  0.000000  1.0
   -0.254689    0.605085  0.000000  1.0
   -0.254689    0.607085  0.000000  1.0
   -0.254689    0.609085  0.000000  1.0
   -0.254689    0.611085  0.000000  1.0
   -0.254689    0.613085  0.000000  1.0
   -0.254689    0.615085  0.000000  1.0
   -0.254689    0.617085  0.000000  1.0
   -0.254689    0.619085  0.000000  1.0
   -0.254689    0.621085  0.000000  1.0
   -0.254689    0.623085  0.000000  1.0
   -0.254689    0.625085  0.000000  1.0
   -0.254689    0.627085  0.000000  1.0
   -0.254689    0.629085  0.000000  1.0
   -0.254689    0.631085  0.000000  1.0
   -0.254689    0.633085  0.000000  1.0
   -0.254689    0.635085  0.000000  1.0
   -0.254689    0.637085  0.000000  1.0
   -0.254689    0.639085  0.000000  1.0
   -0.254689    0.641085  0.000000  1.0
   -0.254689    0.643085  0.000000  1.0
   -0.254689    0.645085  0.000000  1.0
   -0.254689    0.647085  0.000000  1.0
   -0.254689    0.649085  0.000000  1.0
   -0.254689    0.651085  0.000000  1.0
   -0.254689    0.653085  0.000000  1.0
   -0.254689    0.655085  0.000000  1.0
   -0.254689    0.657085  0.000000  1.0
   -0.254689    0.659085  0.000000  1.0
   -0.254689    0.661085  0.000000  1.0
   -0.254689    0.663085  0.000000  1.0
   -0.254689    0.665085  0.000000  1.0
   -0.254689    0.667085  0.000000  1.0
   -0.254689    0.669085  0.000000  1.0
   -0.254689    0.671085  0.000000  1.0
   -0.254689    0.673085  0.000000  1.0
   -0.254689    0.675085  0.000000  1.0
   -0.252689    0.595085  0.000000  1.0
   -0.252689    0.597085  0.000000  1.0
   -0.252689    0.599085  0.000000  1.0
   -0.252689    0.601085  0.000000  1.0
   -0.252689    0.603085  0.000000  1.0
   -0.252689    0.605085  0.000000  1.0
   -0.252689    0.607085  0.000000  1.0
   -0.252689    0.609085  0.000000  1.0
   -0.252689    0.611085  0.000000  1.0
   -0.252689    0.613085  0.000000  1.0
   -0.252689    0.615085  0.000000  1.0
   -0.252689    0.617085  0.000000  1.0
   -0.252689    0.619085  0.000000  1.0
   -0.252689    0.621085  0.000000  1.0
   -0.252689    0.623085  0.000000  1.0
   -0.252689    0.625085  0.000000  1.0
   -0.252689    0.627085  0.000000  1.0
   -0.252689    0.629085  0.000000  1.0
   -0.252689    0.631085  0.000000  1.0
   -0.252689    0.633085  0.000000  1.0
   -0.252689    0.635085  0.000000  1.0
   -0.252689    0.637085  0.000000  1.0
   -0.252689    0.639085  0.000000  1.0
   -0.252689    0.641085  0.000000  1.0
   -0.252689    0.643085  0.000000  1.0
   -0.252689    0.645085  0.000000  1.0
   -0.252689    0.647085  0.000000  1.0
   -0.252689    0.649085  0.000000  1.0
   -0.252689    0.651085  0.000000  1.0
   -0.252689    0.653085  0.000000  1.0
   -0.252689    0.655085  0.000000  1.0
   -0.252689    0.657085  0.000000  1.0
   -0.252689    0.659085  0.000000  1.0
   -0.252689    0.661085  0.000000  1.0
   -0.252689    0.663085  0.000000  1.0
   -0.252689    0.665085  0.000000  1.0
   -0.252689    0.667085  0.000000  1.0
   -0.252689    0.669085  0.000000  1.0
   -0.252689    0.671085  0.000000  1.0
   -0.252689    0.673085  0.000000  1.0
   -0.252689    0.675085  0.000000  1.0
   -0.250689    0.595085  0.000000  1.0
   -0.250689    0.597085  0.000000  1.0
   -0.250689    0.599085  0.000000  1.0
   -0.250689    0.601085  0.000000  1.0
   -0.250689    0.603085  0.000000  1.0
   -0.250689    0.605085  0.000000  1.0
   -0.250689    0.607085  0.000000  1.0
   -0.250689    0.609085  0.000000  1.0
   -0.250689    0.611085  0.000000  1.0
   -0.250689    0.613085  0.000000  1.0
   -0.250689    0.615085  0.000000  1.0
   -0.250689    0.617085  0.000000  1.0
   -0.250689    0.619085  0.000000  1.0
   -0.250689    0.621085  0.000000  1.0
   -0.250689    0.623085  0.000000  1.0
   -0.250689    0.625085  0.000000  1.0
   -0.250689    0.627085  0.000000  1.0
   -0.250689    0.629085  0.000000  1.0
   -0.250689    0.631085  0.000000  1.0
   -0.250689    0.633085  0.000000  1.0
   -0.250689    0.635085  0.000000  1.0
   -0.250689    0.637085  0.000000  1.0
   -0.250689    0.639085  0.000000  1.0
   -0.250689    0.641085  0.000000  1.0
   -0.250689    0.643085  0.000000  1.0
   -0.250689    0.645085  0.000000  1.0
   -0.250689    0.647085  0.000000  1.0
   -0.250689    0.649085  0.000000  1.0
   -0.250689    0.651085  0.000000  1.0
   -0.250689    0.653085  0.000000  1.0
   -0.250689    0.655085  0.000000  1.0
   -0.250689    0.657085  0.000000  1.0
   -0.250689    0.659085  0.000000  1.0
   -0.250689    0.661085  0.000000  1.0
   -0.250689    0.663085  0.000000  1.0
   -0.250689    0.665085  0.000000  1.0
   -0.250689    0.667085  0.000000  1.0
   -0.250689    0.669085  0.000000  1.0
   -0.250689    0.671085  0.000000  1.0
   -0.250689    0.673085  0.000000  1.0
   -0.250689    0.675085  0.000000  1.0
   -0.248689    0.595085  0.000000  1.0
   -0.248689    0.597085  0.000000  1.0
   -0.248689    0.599085  0.000000  1.0
   -0.248689    0.601085  0.000000  1.0
   -0.248689    0.603085  0.000000  1.0
   -0.248689    0.605085  0.000000  1.0
   -0.248689    0.607085  0.000000  1.0
   -0.248689    0.609085  0.000000  1.0
   -0.248689    0.611085  0.000000  1.0
   -0.248689    0.613085  0.000000  1.0
   -0.248689    0.615085  0.000000  1.0
   -0.248689    0.617085  0.000000  1.0
   -0.248689    0.619085  0.000000  1.0
   -0.248689    0.621085  0.000000  1.0
   -0.248689    0.623085  0.000000  1.0
   -0.248689    0.625085  0.000000  1.0
   -0.248689    0.627085  0.000000  1.0
   -0.248689    0.629085  0.000000  1.0
   -0.248689    0.631085  0.000000  1.0
   -0.248689    0.633085  0.000000  1.0
   -0.248689    0.635085  0.000000  1.0
   -0.248689    0.637085  0.000000  1.0
   -0.248689    0.639085  0.000000  1.0
   -0.248689    0.641085  0.000000  1.0
   -0.248689    0.643085  0.000000  1.0
   -0.248689    0.645085  0.000000  1.0
   -0.248689    0.647085  0.000000  1.0
   -0.248689    0.649085  0.000000  1.0
   -0.248689    0.651085  0.000000  1.0
   -0.248689    0.653085  0.000000  1.0
   -0.248689    0.655085  0.000000  1.0
   -0.248689    0.657085  0.000000  1.0
   -0.248689    0.659085  0.000000  1.0
   -0.248689    0.661085  0.000000  1.0
   -0.248689    0.663085  0.000000  1.0
   -0.248689    0.665085  0.000000  1.0
   -0.248689    0.667085  0.000000  1.0
   -0.248689    0.669085  0.000000  1.0
   -0.248689    0.671085  0.000000  1.0
   -0.248689    0.673085  0.000000  1.0
   -0.248689    0.675085  0.000000  1.0
   -0.246689    0.595085  0.000000  1.0
   -0.246689    0.597085  0.000000  1.0
   -0.246689    0.599085  0.000000  1.0
   -0.246689    0.601085  0.000000  1.0
   -0.246689    0.603085  0.000000  1.0
   -0.246689    0.605085  0.000000  1.0
   -0.246689    0.607085  0.000000  1.0
   -0.246689    0.609085  0.000000  1.0
   -0.246689    0.611085  0.000000  1.0
   -0.246689    0.613085  0.000000  1.0
   -0.246689    0.615085  0.000000  1.0
   -0.246689    0.617085  0.000000  1.0
   -0.246689    0.619085  0.000000  1.0
   -0.246689    0.621085  0.000000  1.0
   -0.246689    0.623085  0.000000  1.0
   -0.246689    0.625085  0.000000  1.0
   -0.246689    0.627085  0.000000  1.0
   -0.246689    0.629085  0.000000  1.0
   -0.246689    0.631085  0.000000  1.0
   -0.246689    0.633085  0.000000  1.0
   -0.246689    0.635085  0.000000  1.0
   -0.246689    0.637085  0.000000  1.0
   -0.246689    0.639085  0.000000  1.0
   -0.246689    0.641085  0.000000  1.0
   -0.246689    0.643085  0.000000  1.0
   -0.246689    0.645085  0.000000  1.0
   -0.246689    0.647085  0.000000  1.0
   -0.246689    0.649085  0.000000  1.0
   -0.246689    0.651085  0.000000  1.0
   -0.246689    0.653085  0.000000  1.0
   -0.246689    0.655085  0.000000  1.0
   -0.246689    0.657085  0.000000  1.0
   -0.246689    0.659085  0.000000  1.0
   -0.246689    0.661085  0.000000  1.0
   -0.246689    0.663085  0.000000  1.0
   -0.246689    0.665085  0.000000  1.0
   -0.246689    0.667085  0.000000  1.0
   -0.246689    0.669085  0.000000  1.0
   -0.246689    0.671085  0.000000  1.0
   -0.246689    0.673085  0.000000  1.0
   -0.246689    0.675085  0.000000  1.0
   -0.244689    0.595085  0.000000  1.0
   -0.244689    0.597085  0.000000  1.0
   -0.244689    0.599085  0.000000  1.0
   -0.244689    0.601085  0.000000  1.0
   -0.244689    0.603085  0.000000  1.0
   -0.244689    0.605085  0.000000  1.0
   -0.244689    0.607085  0.000000  1.0
   -0.244689    0.609085  0.000000  1.0
   -0.244689    0.611085  0.000000  1.0
   -0.244689    0.613085  0.000000  1.0
   -0.244689    0.615085  0.000000  1.0
   -0.244689    0.617085  0.000000  1.0
   -0.244689    0.619085  0.000000  1.0
   -0.244689    0.621085  0.000000  1.0
   -0.244689    0.623085  0.000000  1.0
   -0.244689    0.625085  0.000000  1.0
   -0.244689    0.627085  0.000000  1.0
   -0.244689    0.629085  0.000000  1.0
   -0.244689    0.631085  0.000000  1.0
   -0.244689    0.633085  0.000000  1.0
   -0.244689    0.635085  0.000000  1.0
   -0.244689    0.637085  0.000000  1.0
   -0.244689    0.639085  0.000000  1.0
   -0.244689    0.641085  0.000000  1.0
   -0.244689    0.643085  0.000000  1.0
   -0.244689    0.645085  0.000000  1.0
   -0.244689    0.647085  0.000000  1.0
   -0.244689    0.649085  0.000000  1.0
   -0.244689    0.651085  0.000000  1.0
   -0.244689    0.653085  0.000000  1.0
   -0.244689    0.655085  0.000000  1.0
   -0.244689    0.657085  0.000000  1.0
   -0.244689    0.659085  0.000000  1.0
   -0.244689    0.661085  0.000000  1.0
   -0.244689    0.663085  0.000000  1.0
   -0.244689    0.665085  0.000000  1.0
   -0.244689    0.667085  0.000000  1.0
   -0.244689    0.669085  0.000000  1.0
   -0.244689    0.671085  0.000000  1.0
   -0.244689    0.673085  0.000000  1.0
   -0.244689    0.675085  0.000000  1.0
   -0.242689    0.595085  0.000000  1.0
   -0.242689    0.597085  0.000000  1.0
   -0.242689    0.599085  0.000000  1.0
   -0.242689    0.601085  0.000000  1.0
   -0.242689    0.603085  0.000000  1.0
   -0.242689    0.605085  0.000000  1.0
   -0.242689    0.607085  0.000000  1.0
   -0.242689    0.609085  0.000000  1.0
   -0.242689    0.611085  0.000000  1.0
   -0.242689    0.613085  0.000000  1.0
   -0.242689    0.615085  0.000000  1.0
   -0.242689    0.617085  0.000000  1.0
   -0.242689    0.619085  0.000000  1.0
   -0.242689    0.621085  0.000000  1.0
   -0.242689    0.623085  0.000000  1.0
   -0.242689    0.625085  0.000000  1.0
   -0.242689    0.627085  0.000000  1.0
   -0.242689    0.629085  0.000000  1.0
   -0.242689    0.631085  0.000000  1.0
   -0.242689    0.633085  0.000000  1.0
   -0.242689    0.635085  0.000000  1.0
   -0.242689    0.637085  0.000000  1.0
   -0.242689    0.639085  0.000000  1.0
   -0.242689    0.641085  0.000000  1.0
   -0.242689    0.643085  0.000000  1.0
   -0.242689    0.645085  0.000000  1.0
   -0.242689    0.647085  0.000000  1.0
   -0.242689    0.649085  0.000000  1.0
   -0.242689    0.651085  0.000000  1.0
   -0.242689    0.653085  0.000000  1.0
   -0.242689    0.655085  0.000000  1.0
   -0.242689    0.657085  0.000000  1.0
   -0.242689    0.659085  0.000000  1.0
   -0.242689    0.661085  0.000000  1.0
   -0.242689    0.663085  0.000000  1.0
   -0.242689    0.665085  0.000000  1.0
   -0.242689    0.667085  0.000000  1.0
   -0.242689    0.669085  0.000000  1.0
   -0.242689    0.671085  0.000000  1.0
   -0.242689    0.673085  0.000000  1.0
   -0.242689    0.675085  0.000000  1.0
   -0.240689    0.595085  0.000000  1.0
   -0.240689    0.597085  0.000000  1.0
   -0.240689    0.599085  0.000000  1.0
   -0.240689    0.601085  0.000000  1.0
   -0.240689    0.603085  0.000000  1.0
   -0.240689    0.605085  0.000000  1.0
   -0.240689    0.607085  0.000000  1.0
   -0.240689    0.609085  0.000000  1.0
   -0.240689    0.611085  0.000000  1.0
   -0.240689    0.613085  0.000000  1.0
   -0.240689    0.615085  0.000000  1.0
   -0.240689    0.617085  0.000000  1.0
   -0.240689    0.619085  0.000000  1.0
   -0.240689    0.621085  0.000000  1.0
   -0.240689    0.623085  0.000000  1.0
   -0.240689    0.625085  0.000000  1.0
   -0.240689    0.627085  0.000000  1.0
   -0.240689    0.629085  0.000000  1.0
   -0.240689    0.631085  0.000000  1.0
   -0.240689    0.633085  0.000000  1.0
   -0.240689    0.635085  0.000000  1.0
   -0.240689    0.637085  0.000000  1.0
   -0.240689    0.639085  0.000000  1.0
   -0.240689    0.641085  0.000000  1.0
   -0.240689    0.643085  0.000000  1.0
   -0.240689    0.645085  0.000000  1.0
   -0.240689    0.647085  0.000000  1.0
   -0.240689    0.649085  0.000000  1.0
   -0.240689    0.651085  0.000000  1.0
   -0.240689    0.653085  0.000000  1.0
   -0.240689    0.655085  0.000000  1.0
   -0.240689    0.657085  0.000000  1.0
   -0.240689    0.659085  0.000000  1.0
   -0.240689    0.661085  0.000000  1.0
   -0.240689    0.663085  0.000000  1.0
   -0.240689    0.665085  0.000000  1.0
   -0.240689    0.667085  0.000000  1.0
   -0.240689    0.669085  0.000000  1.0
   -0.240689    0.671085  0.000000  1.0
   -0.240689    0.673085  0.000000  1.0
   -0.240689    0.675085  0.000000  1.0
   -0.238689    0.595085  0.000000  1.0
   -0.238689    0.597085  0.000000  1.0
   -0.238689    0.599085  0.000000  1.0
   -0.238689    0.601085  0.000000  1.0
   -0.238689    0.603085  0.000000  1.0
   -0.238689    0.605085  0.000000  1.0
   -0.238689    0.607085  0.000000  1.0
   -0.238689    0.609085  0.000000  1.0
   -0.238689    0.611085  0.000000  1.0
   -0.238689    0.613085  0.000000  1.0
   -0.238689    0.615085  0.000000  1.0
   -0.238689    0.617085  0.000000  1.0
   -0.238689    0.619085  0.000000  1.0
   -0.238689    0.621085  0.000000  1.0
   -0.238689    0.623085  0.000000  1.0
   -0.238689    0.625085  0.000000  1.0
   -0.238689    0.627085  0.000000  1.0
   -0.238689    0.629085  0.000000  1.0
   -0.238689    0.631085  0.000000  1.0
   -0.238689    0.633085  0.000000  1.0
   -0.238689    0.635085  0.000000  1.0
   -0.238689    0.637085  0.000000  1.0
   -0.238689    0.639085  0.000000  1.0
   -0.238689    0.641085  0.000000  1.0
   -0.238689    0.643085  0.000000  1.0
   -0.238689    0.645085  0.000000  1.0
   -0.238689    0.647085  0.000000  1.0
   -0.238689    0.649085  0.000000  1.0
   -0.238689    0.651085  0.000000  1.0
   -0.238689    0.653085  0.000000  1.0
   -0.238689    0.655085  0.000000  1.0
   -0.238689    0.657085  0.000000  1.0
   -0.238689    0.659085  0.000000  1.0
   -0.238689    0.661085  0.000000  1.0
   -0.238689    0.663085  0.000000  1.0
   -0.238689    0.665085  0.000000  1.0
   -0.238689    0.667085  0.000000  1.0
   -0.238689    0.669085  0.000000  1.0
   -0.238689    0.671085  0.000000  1.0
   -0.238689    0.673085  0.000000  1.0
   -0.238689    0.675085  0.000000  1.0
