&CONTROL
  calculation = 'bands'
  prefix = 'graphene24.0upper'
  outdir = './tmp'
  pseudo_dir = './'
  verbosity = 'high'
/
&SYSTEM
  ibrav = 0
  nat = 2
  ntyp = 1
  ecutwfc = 40.0
  nosym = .true.
  noinv = .true.
  nbnd = 8
/
&ELECTRONS
/
ATOMIC_SPECIES
  C  12.011 C.pbe-n-kjpaw_psl.1.0.0.UPF
CELL_PARAMETERS {bohr}
  5.736145  0.000000  0.000000
  2.868073  4.006167  0.000000
  0.000000  0.000000  28.346456
ATOMIC_POSITIONS {crystal}
  C  0.003054  -0.006062  0.000000
  C  0.330279  0.339395  0.000000
K_POINTS {tpiba}
1681
   -0.154754    0.675914  0.000000  1.0
   -0.154754    0.677914  0.000000  1.0
   -0.154754    0.679914  0.000000  1.0
   -0.154754    0.681914  0.000000  1.0
   -0.154754    0.683914  0.000000  1.0
   -0.154754    0.685914  0.000000  1.0
   -0.154754    0.687914  0.000000  1.0
   -0.154754    0.689914  0.000000  1.0
   -0.154754    0.691914  0.000000  1.0
   -0.154754    0.693914  0.000000  1.0
   -0.154754    0.695914  0.000000  1.0
   -0.154754    0.697914  0.000000  1.0
   -0.154754    0.699914  0.000000  1.0
   -0.154754    0.701914  0.000000  1.0
   -0.154754    0.703914  0.000000  1.0
   -0.154754    0.705914  0.000000  1.0
   -0.154754    0.707914  0.000000  1.0
   -0.154754    0.709914  0.000000  1.0
   -0.154754    0.711914  0.000000  1.0
   -0.154754    0.713914  0.000000  1.0
   -0.154754    0.715914  0.000000  1.0
   -0.154754    0.717914  0.000000  1.0
   -0.154754    0.719914  0.000000  1.0
   -0.154754    0.721914  0.000000  1.0
   -0.154754    0.723914  0.000000  1.0
   -0.154754    0.725914  0.000000  1.0
   -0.154754    0.727914  0.000000  1.0
   -0.154754    0.729914  0.000000  1.0
   -0.154754    0.731914  0.000000  1.0
   -0.154754    0.733914  0.000000  1.0
   -0.154754    0.735914  0.000000  1.0
   -0.154754    0.737914  0.000000  1.0
   -0.154754    0.739914  0.000000  1.0
   -0.154754    0.741914  0.000000  1.0
   -0.154754    0.743914  0.000000  1.0
   -0.154754    0.745914  0.000000  1.0
   -0.154754    0.747914  0.000000  1.0
   -0.154754    0.749914  0.000000  1.0
   -0.154754    0.751914  0.000000  1.0
   -0.154754    0.753914  0.000000  1.0
   -0.154754    0.755914  0.000000  1.0
   -0.152754    0.675914  0.000000  1.0
   -0.152754    0.677914  0.000000  1.0
   -0.152754    0.679914  0.000000  1.0
   -0.152754    0.681914  0.000000  1.0
   -0.152754    0.683914  0.000000  1.0
   -0.152754    0.685914  0.000000  1.0
   -0.152754    0.687914  0.000000  1.0
   -0.152754    0.689914  0.000000  1.0
   -0.152754    0.691914  0.000000  1.0
   -0.152754    0.693914  0.000000  1.0
   -0.152754    0.695914  0.000000  1.0
   -0.152754    0.697914  0.000000  1.0
   -0.152754    0.699914  0.000000  1.0
   -0.152754    0.701914  0.000000  1.0
   -0.152754    0.703914  0.000000  1.0
   -0.152754    0.705914  0.000000  1.0
   -0.152754    0.707914  0.000000  1.0
   -0.152754    0.709914  0.000000  1.0
   -0.152754    0.711914  0.000000  1.0
   -0.152754    0.713914  0.000000  1.0
   -0.152754    0.715914  0.000000  1.0
   -0.152754    0.717914  0.000000  1.0
   -0.152754    0.719914  0.000000  1.0
   -0.152754    0.721914  0.000000  1.0
   -0.152754    0.723914  0.000000  1.0
   -0.152754    0.725914  0.000000  1.0
   -0.152754    0.727914  0.000000  1.0
   -0.152754    0.729914  0.000000  1.0
   -0.152754    0.731914  0.000000  1.0
   -0.152754    0.733914  0.000000  1.0
   -0.152754    0.735914  0.000000  1.0
   -0.152754    0.737914  0.000000  1.0
   -0.152754    0.739914  0.000000  1.0
   -0.152754    0.741914  0.000000  1.0
   -0.152754    0.743914  0.000000  1.0
   -0.152754    0.745914  0.000000  1.0
   -0.152754    0.747914  0.000000  1.0
   -0.152754    0.749914  0.000000  1.0
   -0.152754    0.751914  0.000000  1.0
   -0.152754    0.753914  0.000000  1.0
   -0.152754    0.755914  0.000000  1.0
   -0.150754    0.675914  0.000000  1.0
   -0.150754    0.677914  0.000000  1.0
   -0.150754    0.679914  0.000000  1.0
   -0.150754    0.681914  0.000000  1.0
   -0.150754    0.683914  0.000000  1.0
   -0.150754    0.685914  0.000000  1.0
   -0.150754    0.687914  0.000000  1.0
   -0.150754    0.689914  0.000000  1.0
   -0.150754    0.691914  0.000000  1.0
   -0.150754    0.693914  0.000000  1.0
   -0.150754    0.695914  0.000000  1.0
   -0.150754    0.697914  0.000000  1.0
   -0.150754    0.699914  0.000000  1.0
   -0.150754    0.701914  0.000000  1.0
   -0.150754    0.703914  0.000000  1.0
   -0.150754    0.705914  0.000000  1.0
   -0.150754    0.707914  0.000000  1.0
   -0.150754    0.709914  0.000000  1.0
   -0.150754    0.711914  0.000000  1.0
   -0.150754    0.713914  0.000000  1.0
   -0.150754    0.715914  0.000000  1.0
   -0.150754    0.717914  0.000000  1.0
   -0.150754    0.719914  0.000000  1.0
   -0.150754    0.721914  0.000000  1.0
   -0.150754    0.723914  0.000000  1.0
   -0.150754    0.725914  0.000000  1.0
   -0.150754    0.727914  0.000000  1.0
   -0.150754    0.729914  0.000000  1.0
   -0.150754    0.731914  0.000000  1.0
   -0.150754    0.733914  0.000000  1.0
   -0.150754    0.735914  0.000000  1.0
   -0.150754    0.737914  0.000000  1.0
   -0.150754    0.739914  0.000000  1.0
   -0.150754    0.741914  0.000000  1.0
   -0.150754    0.743914  0.000000  1.0
   -0.150754    0.745914  0.000000  1.0
   -0.150754    0.747914  0.000000  1.0
   -0.150754    0.749914  0.000000  1.0
   -0.150754    0.751914  0.000000  1.0
   -0.150754    0.753914  0.000000  1.0
   -0.150754    0.755914  0.000000  1.0
   -0.148754    0.675914  0.000000  1.0
   -0.148754    0.677914  0.000000  1.0
   -0.148754    0.679914  0.000000  1.0
   -0.148754    0.681914  0.000000  1.0
   -0.148754    0.683914  0.000000  1.0
   -0.148754    0.685914  0.000000  1.0
   -0.148754    0.687914  0.000000  1.0
   -0.148754    0.689914  0.000000  1.0
   -0.148754    0.691914  0.000000  1.0
   -0.148754    0.693914  0.000000  1.0
   -0.148754    0.695914  0.000000  1.0
   -0.148754    0.697914  0.000000  1.0
   -0.148754    0.699914  0.000000  1.0
   -0.148754    0.701914  0.000000  1.0
   -0.148754    0.703914  0.000000  1.0
   -0.148754    0.705914  0.000000  1.0
   -0.148754    0.707914  0.000000  1.0
   -0.148754    0.709914  0.000000  1.0
   -0.148754    0.711914  0.000000  1.0
   -0.148754    0.713914  0.000000  1.0
   -0.148754    0.715914  0.000000  1.0
   -0.148754    0.717914  0.000000  1.0
   -0.148754    0.719914  0.000000  1.0
   -0.148754    0.721914  0.000000  1.0
   -0.148754    0.723914  0.000000  1.0
   -0.148754    0.725914  0.000000  1.0
   -0.148754    0.727914  0.000000  1.0
   -0.148754    0.729914  0.000000  1.0
   -0.148754    0.731914  0.000000  1.0
   -0.148754    0.733914  0.000000  1.0
   -0.148754    0.735914  0.000000  1.0
   -0.148754    0.737914  0.000000  1.0
   -0.148754    0.739914  0.000000  1.0
   -0.148754    0.741914  0.000000  1.0
   -0.148754    0.743914  0.000000  1.0
   -0.148754    0.745914  0.000000  1.0
   -0.148754    0.747914  0.000000  1.0
   -0.148754    0.749914  0.000000  1.0
   -0.148754    0.751914  0.000000  1.0
   -0.148754    0.753914  0.000000  1.0
   -0.148754    0.755914  0.000000  1.0
   -0.146754    0.675914  0.000000  1.0
   -0.146754    0.677914  0.000000  1.0
   -0.146754    0.679914  0.000000  1.0
   -0.146754    0.681914  0.000000  1.0
   -0.146754    0.683914  0.000000  1.0
   -0.146754    0.685914  0.000000  1.0
   -0.146754    0.687914  0.000000  1.0
   -0.146754    0.689914  0.000000  1.0
   -0.146754    0.691914  0.000000  1.0
   -0.146754    0.693914  0.000000  1.0
   -0.146754    0.695914  0.000000  1.0
   -0.146754    0.697914  0.000000  1.0
   -0.146754    0.699914  0.000000  1.0
   -0.146754    0.701914  0.000000  1.0
   -0.146754    0.703914  0.000000  1.0
   -0.146754    0.705914  0.000000  1.0
   -0.146754    0.707914  0.000000  1.0
   -0.146754    0.709914  0.000000  1.0
   -0.146754    0.711914  0.000000  1.0
   -0.146754    0.713914  0.000000  1.0
   -0.146754    0.715914  0.000000  1.0
   -0.146754    0.717914  0.000000  1.0
   -0.146754    0.719914  0.000000  1.0
   -0.146754    0.721914  0.000000  1.0
   -0.146754    0.723914  0.000000  1.0
   -0.146754    0.725914  0.000000  1.0
   -0.146754    0.727914  0.000000  1.0
   -0.146754    0.729914  0.000000  1.0
   -0.146754    0.731914  0.000000  1.0
   -0.146754    0.733914  0.000000  1.0
   -0.146754    0.735914  0.000000  1.0
   -0.146754    0.737914  0.000000  1.0
   -0.146754    0.739914  0.000000  1.0
   -0.146754    0.741914  0.000000  1.0
   -0.146754    0.743914  0.000000  1.0
   -0.146754    0.745914  0.000000  1.0
   -0.146754    0.747914  0.000000  1.0
   -0.146754    0.749914  0.000000  1.0
   -0.146754    0.751914  0.000000  1.0
   -0.146754    0.753914  0.000000  1.0
   -0.146754    0.755914  0.000000  1.0
   -0.144754    0.675914  0.000000  1.0
   -0.144754    0.677914  0.000000  1.0
   -0.144754    0.679914  0.000000  1.0
   -0.144754    0.681914  0.000000  1.0
   -0.144754    0.683914  0.000000  1.0
   -0.144754    0.685914  0.000000  1.0
   -0.144754    0.687914  0.000000  1.0
   -0.144754    0.689914  0.000000  1.0
   -0.144754    0.691914  0.000000  1.0
   -0.144754    0.693914  0.000000  1.0
   -0.144754    0.695914  0.000000  1.0
   -0.144754    0.697914  0.000000  1.0
   -0.144754    0.699914  0.000000  1.0
   -0.144754    0.701914  0.000000  1.0
   -0.144754    0.703914  0.000000  1.0
   -0.144754    0.705914  0.000000  1.0
   -0.144754    0.707914  0.000000  1.0
   -0.144754    0.709914  0.000000  1.0
   -0.144754    0.711914  0.000000  1.0
   -0.144754    0.713914  0.000000  1.0
   -0.144754    0.715914  0.000000  1.0
   -0.144754    0.717914  0.000000  1.0
   -0.144754    0.719914  0.000000  1.0
   -0.144754    0.721914  0.000000  1.0
   -0.144754    0.723914  0.000000  1.0
   -0.144754    0.725914  0.000000  1.0
   -0.144754    0.727914  0.000000  1.0
   -0.144754    0.729914  0.000000  1.0
   -0.144754    0.731914  0.000000  1.0
   -0.144754    0.733914  0.000000  1.0
   -0.144754    0.735914  0.000000  1.0
   -0.144754    0.737914  0.000000  1.0
   -0.144754    0.739914  0.000000  1.0
   -0.144754    0.741914  0.000000  1.0
   -0.144754    0.743914  0.000000  1.0
   -0.144754    0.745914  0.000000  1.0
   -0.144754    0.747914  0.000000  1.0
   -0.144754    0.749914  0.000000  1.0
   -0.144754    0.751914  0.000000  1.0
   -0.144754    0.753914  0.000000  1.0
   -0.144754    0.755914  0.000000  1.0
   -0.142754    0.675914  0.000000  1.0
   -0.142754    0.677914  0.000000  1.0
   -0.142754    0.679914  0.000000  1.0
   -0.142754    0.681914  0.000000  1.0
   -0.142754    0.683914  0.000000  1.0
   -0.142754    0.685914  0.000000  1.0
   -0.142754    0.687914  0.000000  1.0
   -0.142754    0.689914  0.000000  1.0
   -0.142754    0.691914  0.000000  1.0
   -0.142754    0.693914  0.000000  1.0
   -0.142754    0.695914  0.000000  1.0
   -0.142754    0.697914  0.000000  1.0
   -0.142754    0.699914  0.000000  1.0
   -0.142754    0.701914  0.000000  1.0
   -0.142754    0.703914  0.000000  1.0
   -0.142754    0.705914  0.000000  1.0
   -0.142754    0.707914  0.000000  1.0
   -0.142754    0.709914  0.000000  1.0
   -0.142754    0.711914  0.000000  1.0
   -0.142754    0.713914  0.000000  1.0
   -0.142754    0.715914  0.000000  1.0
   -0.142754    0.717914  0.000000  1.0
   -0.142754    0.719914  0.000000  1.0
   -0.142754    0.721914  0.000000  1.0
   -0.142754    0.723914  0.000000  1.0
   -0.142754    0.725914  0.000000  1.0
   -0.142754    0.727914  0.000000  1.0
   -0.142754    0.729914  0.000000  1.0
   -0.142754    0.731914  0.000000  1.0
   -0.142754    0.733914  0.000000  1.0
   -0.142754    0.735914  0.000000  1.0
   -0.142754    0.737914  0.000000  1.0
   -0.142754    0.739914  0.000000  1.0
   -0.142754    0.741914  0.000000  1.0
   -0.142754    0.743914  0.000000  1.0
   -0.142754    0.745914  0.000000  1.0
   -0.142754    0.747914  0.000000  1.0
   -0.142754    0.749914  0.000000  1.0
   -0.142754    0.751914  0.000000  1.0
   -0.142754    0.753914  0.000000  1.0
   -0.142754    0.755914  0.000000  1.0
   -0.140754    0.675914  0.000000  1.0
   -0.140754    0.677914  0.000000  1.0
   -0.140754    0.679914  0.000000  1.0
   -0.140754    0.681914  0.000000  1.0
   -0.140754    0.683914  0.000000  1.0
   -0.140754    0.685914  0.000000  1.0
   -0.140754    0.687914  0.000000  1.0
   -0.140754    0.689914  0.000000  1.0
   -0.140754    0.691914  0.000000  1.0
   -0.140754    0.693914  0.000000  1.0
   -0.140754    0.695914  0.000000  1.0
   -0.140754    0.697914  0.000000  1.0
   -0.140754    0.699914  0.000000  1.0
   -0.140754    0.701914  0.000000  1.0
   -0.140754    0.703914  0.000000  1.0
   -0.140754    0.705914  0.000000  1.0
   -0.140754    0.707914  0.000000  1.0
   -0.140754    0.709914  0.000000  1.0
   -0.140754    0.711914  0.000000  1.0
   -0.140754    0.713914  0.000000  1.0
   -0.140754    0.715914  0.000000  1.0
   -0.140754    0.717914  0.000000  1.0
   -0.140754    0.719914  0.000000  1.0
   -0.140754    0.721914  0.000000  1.0
   -0.140754    0.723914  0.000000  1.0
   -0.140754    0.725914  0.000000  1.0
   -0.140754    0.727914  0.000000  1.0
   -0.140754    0.729914  0.000000  1.0
   -0.140754    0.731914  0.000000  1.0
   -0.140754    0.733914  0.000000  1.0
   -0.140754    0.735914  0.000000  1.0
   -0.140754    0.737914  0.000000  1.0
   -0.140754    0.739914  0.000000  1.0
   -0.140754    0.741914  0.000000  1.0
   -0.140754    0.743914  0.000000  1.0
   -0.140754    0.745914  0.000000  1.0
   -0.140754    0.747914  0.000000  1.0
   -0.140754    0.749914  0.000000  1.0
   -0.140754    0.751914  0.000000  1.0
   -0.140754    0.753914  0.000000  1.0
   -0.140754    0.755914  0.000000  1.0
   -0.138754    0.675914  0.000000  1.0
   -0.138754    0.677914  0.000000  1.0
   -0.138754    0.679914  0.000000  1.0
   -0.138754    0.681914  0.000000  1.0
   -0.138754    0.683914  0.000000  1.0
   -0.138754    0.685914  0.000000  1.0
   -0.138754    0.687914  0.000000  1.0
   -0.138754    0.689914  0.000000  1.0
   -0.138754    0.691914  0.000000  1.0
   -0.138754    0.693914  0.000000  1.0
   -0.138754    0.695914  0.000000  1.0
   -0.138754    0.697914  0.000000  1.0
   -0.138754    0.699914  0.000000  1.0
   -0.138754    0.701914  0.000000  1.0
   -0.138754    0.703914  0.000000  1.0
   -0.138754    0.705914  0.000000  1.0
   -0.138754    0.707914  0.000000  1.0
   -0.138754    0.709914  0.000000  1.0
   -0.138754    0.711914  0.000000  1.0
   -0.138754    0.713914  0.000000  1.0
   -0.138754    0.715914  0.000000  1.0
   -0.138754    0.717914  0.000000  1.0
   -0.138754    0.719914  0.000000  1.0
   -0.138754    0.721914  0.000000  1.0
   -0.138754    0.723914  0.000000  1.0
   -0.138754    0.725914  0.000000  1.0
   -0.138754    0.727914  0.000000  1.0
   -0.138754    0.729914  0.000000  1.0
   -0.138754    0.731914  0.000000  1.0
   -0.138754    0.733914  0.000000  1.0
   -0.138754    0.735914  0.000000  1.0
   -0.138754    0.737914  0.000000  1.0
   -0.138754    0.739914  0.000000  1.0
   -0.138754    0.741914  0.000000  1.0
   -0.138754    0.743914  0.000000  1.0
   -0.138754    0.745914  0.000000  1.0
   -0.138754    0.747914  0.000000  1.0
   -0.138754    0.749914  0.000000  1.0
   -0.138754    0.751914  0.000000  1.0
   -0.138754    0.753914  0.000000  1.0
   -0.138754    0.755914  0.000000  1.0
   -0.136754    0.675914  0.000000  1.0
   -0.136754    0.677914  0.000000  1.0
   -0.136754    0.679914  0.000000  1.0
   -0.136754    0.681914  0.000000  1.0
   -0.136754    0.683914  0.000000  1.0
   -0.136754    0.685914  0.000000  1.0
   -0.136754    0.687914  0.000000  1.0
   -0.136754    0.689914  0.000000  1.0
   -0.136754    0.691914  0.000000  1.0
   -0.136754    0.693914  0.000000  1.0
   -0.136754    0.695914  0.000000  1.0
   -0.136754    0.697914  0.000000  1.0
   -0.136754    0.699914  0.000000  1.0
   -0.136754    0.701914  0.000000  1.0
   -0.136754    0.703914  0.000000  1.0
   -0.136754    0.705914  0.000000  1.0
   -0.136754    0.707914  0.000000  1.0
   -0.136754    0.709914  0.000000  1.0
   -0.136754    0.711914  0.000000  1.0
   -0.136754    0.713914  0.000000  1.0
   -0.136754    0.715914  0.000000  1.0
   -0.136754    0.717914  0.000000  1.0
   -0.136754    0.719914  0.000000  1.0
   -0.136754    0.721914  0.000000  1.0
   -0.136754    0.723914  0.000000  1.0
   -0.136754    0.725914  0.000000  1.0
   -0.136754    0.727914  0.000000  1.0
   -0.136754    0.729914  0.000000  1.0
   -0.136754    0.731914  0.000000  1.0
   -0.136754    0.733914  0.000000  1.0
   -0.136754    0.735914  0.000000  1.0
   -0.136754    0.737914  0.000000  1.0
   -0.136754    0.739914  0.000000  1.0
   -0.136754    0.741914  0.000000  1.0
   -0.136754    0.743914  0.000000  1.0
   -0.136754    0.745914  0.000000  1.0
   -0.136754    0.747914  0.000000  1.0
   -0.136754    0.749914  0.000000  1.0
   -0.136754    0.751914  0.000000  1.0
   -0.136754    0.753914  0.000000  1.0
   -0.136754    0.755914  0.000000  1.0
   -0.134754    0.675914  0.000000  1.0
   -0.134754    0.677914  0.000000  1.0
   -0.134754    0.679914  0.000000  1.0
   -0.134754    0.681914  0.000000  1.0
   -0.134754    0.683914  0.000000  1.0
   -0.134754    0.685914  0.000000  1.0
   -0.134754    0.687914  0.000000  1.0
   -0.134754    0.689914  0.000000  1.0
   -0.134754    0.691914  0.000000  1.0
   -0.134754    0.693914  0.000000  1.0
   -0.134754    0.695914  0.000000  1.0
   -0.134754    0.697914  0.000000  1.0
   -0.134754    0.699914  0.000000  1.0
   -0.134754    0.701914  0.000000  1.0
   -0.134754    0.703914  0.000000  1.0
   -0.134754    0.705914  0.000000  1.0
   -0.134754    0.707914  0.000000  1.0
   -0.134754    0.709914  0.000000  1.0
   -0.134754    0.711914  0.000000  1.0
   -0.134754    0.713914  0.000000  1.0
   -0.134754    0.715914  0.000000  1.0
   -0.134754    0.717914  0.000000  1.0
   -0.134754    0.719914  0.000000  1.0
   -0.134754    0.721914  0.000000  1.0
   -0.134754    0.723914  0.000000  1.0
   -0.134754    0.725914  0.000000  1.0
   -0.134754    0.727914  0.000000  1.0
   -0.134754    0.729914  0.000000  1.0
   -0.134754    0.731914  0.000000  1.0
   -0.134754    0.733914  0.000000  1.0
   -0.134754    0.735914  0.000000  1.0
   -0.134754    0.737914  0.000000  1.0
   -0.134754    0.739914  0.000000  1.0
   -0.134754    0.741914  0.000000  1.0
   -0.134754    0.743914  0.000000  1.0
   -0.134754    0.745914  0.000000  1.0
   -0.134754    0.747914  0.000000  1.0
   -0.134754    0.749914  0.000000  1.0
   -0.134754    0.751914  0.000000  1.0
   -0.134754    0.753914  0.000000  1.0
   -0.134754    0.755914  0.000000  1.0
   -0.132754    0.675914  0.000000  1.0
   -0.132754    0.677914  0.000000  1.0
   -0.132754    0.679914  0.000000  1.0
   -0.132754    0.681914  0.000000  1.0
   -0.132754    0.683914  0.000000  1.0
   -0.132754    0.685914  0.000000  1.0
   -0.132754    0.687914  0.000000  1.0
   -0.132754    0.689914  0.000000  1.0
   -0.132754    0.691914  0.000000  1.0
   -0.132754    0.693914  0.000000  1.0
   -0.132754    0.695914  0.000000  1.0
   -0.132754    0.697914  0.000000  1.0
   -0.132754    0.699914  0.000000  1.0
   -0.132754    0.701914  0.000000  1.0
   -0.132754    0.703914  0.000000  1.0
   -0.132754    0.705914  0.000000  1.0
   -0.132754    0.707914  0.000000  1.0
   -0.132754    0.709914  0.000000  1.0
   -0.132754    0.711914  0.000000  1.0
   -0.132754    0.713914  0.000000  1.0
   -0.132754    0.715914  0.000000  1.0
   -0.132754    0.717914  0.000000  1.0
   -0.132754    0.719914  0.000000  1.0
   -0.132754    0.721914  0.000000  1.0
   -0.132754    0.723914  0.000000  1.0
   -0.132754    0.725914  0.000000  1.0
   -0.132754    0.727914  0.000000  1.0
   -0.132754    0.729914  0.000000  1.0
   -0.132754    0.731914  0.000000  1.0
   -0.132754    0.733914  0.000000  1.0
   -0.132754    0.735914  0.000000  1.0
   -0.132754    0.737914  0.000000  1.0
   -0.132754    0.739914  0.000000  1.0
   -0.132754    0.741914  0.000000  1.0
   -0.132754    0.743914  0.000000  1.0
   -0.132754    0.745914  0.000000  1.0
   -0.132754    0.747914  0.000000  1.0
   -0.132754    0.749914  0.000000  1.0
   -0.132754    0.751914  0.000000  1.0
   -0.132754    0.753914  0.000000  1.0
   -0.132754    0.755914  0.000000  1.0
   -0.130754    0.675914  0.000000  1.0
   -0.130754    0.677914  0.000000  1.0
   -0.130754    0.679914  0.000000  1.0
   -0.130754    0.681914  0.000000  1.0
   -0.130754    0.683914  0.000000  1.0
   -0.130754    0.685914  0.000000  1.0
   -0.130754    0.687914  0.000000  1.0
   -0.130754    0.689914  0.000000  1.0
   -0.130754    0.691914  0.000000  1.0
   -0.130754    0.693914  0.000000  1.0
   -0.130754    0.695914  0.000000  1.0
   -0.130754    0.697914  0.000000  1.0
   -0.130754    0.699914  0.000000  1.0
   -0.130754    0.701914  0.000000  1.0
   -0.130754    0.703914  0.000000  1.0
   -0.130754    0.705914  0.000000  1.0
   -0.130754    0.707914  0.000000  1.0
   -0.130754    0.709914  0.000000  1.0
   -0.130754    0.711914  0.000000  1.0
   -0.130754    0.713914  0.000000  1.0
   -0.130754    0.715914  0.000000  1.0
   -0.130754    0.717914  0.000000  1.0
   -0.130754    0.719914  0.000000  1.0
   -0.130754    0.721914  0.000000  1.0
   -0.130754    0.723914  0.000000  1.0
   -0.130754    0.725914  0.000000  1.0
   -0.130754    0.727914  0.000000  1.0
   -0.130754    0.729914  0.000000  1.0
   -0.130754    0.731914  0.000000  1.0
   -0.130754    0.733914  0.000000  1.0
   -0.130754    0.735914  0.000000  1.0
   -0.130754    0.737914  0.000000  1.0
   -0.130754    0.739914  0.000000  1.0
   -0.130754    0.741914  0.000000  1.0
   -0.130754    0.743914  0.000000  1.0
   -0.130754    0.745914  0.000000  1.0
   -0.130754    0.747914  0.000000  1.0
   -0.130754    0.749914  0.000000  1.0
   -0.130754    0.751914  0.000000  1.0
   -0.130754    0.753914  0.000000  1.0
   -0.130754    0.755914  0.000000  1.0
   -0.128754    0.675914  0.000000  1.0
   -0.128754    0.677914  0.000000  1.0
   -0.128754    0.679914  0.000000  1.0
   -0.128754    0.681914  0.000000  1.0
   -0.128754    0.683914  0.000000  1.0
   -0.128754    0.685914  0.000000  1.0
   -0.128754    0.687914  0.000000  1.0
   -0.128754    0.689914  0.000000  1.0
   -0.128754    0.691914  0.000000  1.0
   -0.128754    0.693914  0.000000  1.0
   -0.128754    0.695914  0.000000  1.0
   -0.128754    0.697914  0.000000  1.0
   -0.128754    0.699914  0.000000  1.0
   -0.128754    0.701914  0.000000  1.0
   -0.128754    0.703914  0.000000  1.0
   -0.128754    0.705914  0.000000  1.0
   -0.128754    0.707914  0.000000  1.0
   -0.128754    0.709914  0.000000  1.0
   -0.128754    0.711914  0.000000  1.0
   -0.128754    0.713914  0.000000  1.0
   -0.128754    0.715914  0.000000  1.0
   -0.128754    0.717914  0.000000  1.0
   -0.128754    0.719914  0.000000  1.0
   -0.128754    0.721914  0.000000  1.0
   -0.128754    0.723914  0.000000  1.0
   -0.128754    0.725914  0.000000  1.0
   -0.128754    0.727914  0.000000  1.0
   -0.128754    0.729914  0.000000  1.0
   -0.128754    0.731914  0.000000  1.0
   -0.128754    0.733914  0.000000  1.0
   -0.128754    0.735914  0.000000  1.0
   -0.128754    0.737914  0.000000  1.0
   -0.128754    0.739914  0.000000  1.0
   -0.128754    0.741914  0.000000  1.0
   -0.128754    0.743914  0.000000  1.0
   -0.128754    0.745914  0.000000  1.0
   -0.128754    0.747914  0.000000  1.0
   -0.128754    0.749914  0.000000  1.0
   -0.128754    0.751914  0.000000  1.0
   -0.128754    0.753914  0.000000  1.0
   -0.128754    0.755914  0.000000  1.0
   -0.126754    0.675914  0.000000  1.0
   -0.126754    0.677914  0.000000  1.0
   -0.126754    0.679914  0.000000  1.0
   -0.126754    0.681914  0.000000  1.0
   -0.126754    0.683914  0.000000  1.0
   -0.126754    0.685914  0.000000  1.0
   -0.126754    0.687914  0.000000  1.0
   -0.126754    0.689914  0.000000  1.0
   -0.126754    0.691914  0.000000  1.0
   -0.126754    0.693914  0.000000  1.0
   -0.126754    0.695914  0.000000  1.0
   -0.126754    0.697914  0.000000  1.0
   -0.126754    0.699914  0.000000  1.0
   -0.126754    0.701914  0.000000  1.0
   -0.126754    0.703914  0.000000  1.0
   -0.126754    0.705914  0.000000  1.0
   -0.126754    0.707914  0.000000  1.0
   -0.126754    0.709914  0.000000  1.0
   -0.126754    0.711914  0.000000  1.0
   -0.126754    0.713914  0.000000  1.0
   -0.126754    0.715914  0.000000  1.0
   -0.126754    0.717914  0.000000  1.0
   -0.126754    0.719914  0.000000  1.0
   -0.126754    0.721914  0.000000  1.0
   -0.126754    0.723914  0.000000  1.0
   -0.126754    0.725914  0.000000  1.0
   -0.126754    0.727914  0.000000  1.0
   -0.126754    0.729914  0.000000  1.0
   -0.126754    0.731914  0.000000  1.0
   -0.126754    0.733914  0.000000  1.0
   -0.126754    0.735914  0.000000  1.0
   -0.126754    0.737914  0.000000  1.0
   -0.126754    0.739914  0.000000  1.0
   -0.126754    0.741914  0.000000  1.0
   -0.126754    0.743914  0.000000  1.0
   -0.126754    0.745914  0.000000  1.0
   -0.126754    0.747914  0.000000  1.0
   -0.126754    0.749914  0.000000  1.0
   -0.126754    0.751914  0.000000  1.0
   -0.126754    0.753914  0.000000  1.0
   -0.126754    0.755914  0.000000  1.0
   -0.124754    0.675914  0.000000  1.0
   -0.124754    0.677914  0.000000  1.0
   -0.124754    0.679914  0.000000  1.0
   -0.124754    0.681914  0.000000  1.0
   -0.124754    0.683914  0.000000  1.0
   -0.124754    0.685914  0.000000  1.0
   -0.124754    0.687914  0.000000  1.0
   -0.124754    0.689914  0.000000  1.0
   -0.124754    0.691914  0.000000  1.0
   -0.124754    0.693914  0.000000  1.0
   -0.124754    0.695914  0.000000  1.0
   -0.124754    0.697914  0.000000  1.0
   -0.124754    0.699914  0.000000  1.0
   -0.124754    0.701914  0.000000  1.0
   -0.124754    0.703914  0.000000  1.0
   -0.124754    0.705914  0.000000  1.0
   -0.124754    0.707914  0.000000  1.0
   -0.124754    0.709914  0.000000  1.0
   -0.124754    0.711914  0.000000  1.0
   -0.124754    0.713914  0.000000  1.0
   -0.124754    0.715914  0.000000  1.0
   -0.124754    0.717914  0.000000  1.0
   -0.124754    0.719914  0.000000  1.0
   -0.124754    0.721914  0.000000  1.0
   -0.124754    0.723914  0.000000  1.0
   -0.124754    0.725914  0.000000  1.0
   -0.124754    0.727914  0.000000  1.0
   -0.124754    0.729914  0.000000  1.0
   -0.124754    0.731914  0.000000  1.0
   -0.124754    0.733914  0.000000  1.0
   -0.124754    0.735914  0.000000  1.0
   -0.124754    0.737914  0.000000  1.0
   -0.124754    0.739914  0.000000  1.0
   -0.124754    0.741914  0.000000  1.0
   -0.124754    0.743914  0.000000  1.0
   -0.124754    0.745914  0.000000  1.0
   -0.124754    0.747914  0.000000  1.0
   -0.124754    0.749914  0.000000  1.0
   -0.124754    0.751914  0.000000  1.0
   -0.124754    0.753914  0.000000  1.0
   -0.124754    0.755914  0.000000  1.0
   -0.122754    0.675914  0.000000  1.0
   -0.122754    0.677914  0.000000  1.0
   -0.122754    0.679914  0.000000  1.0
   -0.122754    0.681914  0.000000  1.0
   -0.122754    0.683914  0.000000  1.0
   -0.122754    0.685914  0.000000  1.0
   -0.122754    0.687914  0.000000  1.0
   -0.122754    0.689914  0.000000  1.0
   -0.122754    0.691914  0.000000  1.0
   -0.122754    0.693914  0.000000  1.0
   -0.122754    0.695914  0.000000  1.0
   -0.122754    0.697914  0.000000  1.0
   -0.122754    0.699914  0.000000  1.0
   -0.122754    0.701914  0.000000  1.0
   -0.122754    0.703914  0.000000  1.0
   -0.122754    0.705914  0.000000  1.0
   -0.122754    0.707914  0.000000  1.0
   -0.122754    0.709914  0.000000  1.0
   -0.122754    0.711914  0.000000  1.0
   -0.122754    0.713914  0.000000  1.0
   -0.122754    0.715914  0.000000  1.0
   -0.122754    0.717914  0.000000  1.0
   -0.122754    0.719914  0.000000  1.0
   -0.122754    0.721914  0.000000  1.0
   -0.122754    0.723914  0.000000  1.0
   -0.122754    0.725914  0.000000  1.0
   -0.122754    0.727914  0.000000  1.0
   -0.122754    0.729914  0.000000  1.0
   -0.122754    0.731914  0.000000  1.0
   -0.122754    0.733914  0.000000  1.0
   -0.122754    0.735914  0.000000  1.0
   -0.122754    0.737914  0.000000  1.0
   -0.122754    0.739914  0.000000  1.0
   -0.122754    0.741914  0.000000  1.0
   -0.122754    0.743914  0.000000  1.0
   -0.122754    0.745914  0.000000  1.0
   -0.122754    0.747914  0.000000  1.0
   -0.122754    0.749914  0.000000  1.0
   -0.122754    0.751914  0.000000  1.0
   -0.122754    0.753914  0.000000  1.0
   -0.122754    0.755914  0.000000  1.0
   -0.120754    0.675914  0.000000  1.0
   -0.120754    0.677914  0.000000  1.0
   -0.120754    0.679914  0.000000  1.0
   -0.120754    0.681914  0.000000  1.0
   -0.120754    0.683914  0.000000  1.0
   -0.120754    0.685914  0.000000  1.0
   -0.120754    0.687914  0.000000  1.0
   -0.120754    0.689914  0.000000  1.0
   -0.120754    0.691914  0.000000  1.0
   -0.120754    0.693914  0.000000  1.0
   -0.120754    0.695914  0.000000  1.0
   -0.120754    0.697914  0.000000  1.0
   -0.120754    0.699914  0.000000  1.0
   -0.120754    0.701914  0.000000  1.0
   -0.120754    0.703914  0.000000  1.0
   -0.120754    0.705914  0.000000  1.0
   -0.120754    0.707914  0.000000  1.0
   -0.120754    0.709914  0.000000  1.0
   -0.120754    0.711914  0.000000  1.0
   -0.120754    0.713914  0.000000  1.0
   -0.120754    0.715914  0.000000  1.0
   -0.120754    0.717914  0.000000  1.0
   -0.120754    0.719914  0.000000  1.0
   -0.120754    0.721914  0.000000  1.0
   -0.120754    0.723914  0.000000  1.0
   -0.120754    0.725914  0.000000  1.0
   -0.120754    0.727914  0.000000  1.0
   -0.120754    0.729914  0.000000  1.0
   -0.120754    0.731914  0.000000  1.0
   -0.120754    0.733914  0.000000  1.0
   -0.120754    0.735914  0.000000  1.0
   -0.120754    0.737914  0.000000  1.0
   -0.120754    0.739914  0.000000  1.0
   -0.120754    0.741914  0.000000  1.0
   -0.120754    0.743914  0.000000  1.0
   -0.120754    0.745914  0.000000  1.0
   -0.120754    0.747914  0.000000  1.0
   -0.120754    0.749914  0.000000  1.0
   -0.120754    0.751914  0.000000  1.0
   -0.120754    0.753914  0.000000  1.0
   -0.120754    0.755914  0.000000  1.0
   -0.118754    0.675914  0.000000  1.0
   -0.118754    0.677914  0.000000  1.0
   -0.118754    0.679914  0.000000  1.0
   -0.118754    0.681914  0.000000  1.0
   -0.118754    0.683914  0.000000  1.0
   -0.118754    0.685914  0.000000  1.0
   -0.118754    0.687914  0.000000  1.0
   -0.118754    0.689914  0.000000  1.0
   -0.118754    0.691914  0.000000  1.0
   -0.118754    0.693914  0.000000  1.0
   -0.118754    0.695914  0.000000  1.0
   -0.118754    0.697914  0.000000  1.0
   -0.118754    0.699914  0.000000  1.0
   -0.118754    0.701914  0.000000  1.0
   -0.118754    0.703914  0.000000  1.0
   -0.118754    0.705914  0.000000  1.0
   -0.118754    0.707914  0.000000  1.0
   -0.118754    0.709914  0.000000  1.0
   -0.118754    0.711914  0.000000  1.0
   -0.118754    0.713914  0.000000  1.0
   -0.118754    0.715914  0.000000  1.0
   -0.118754    0.717914  0.000000  1.0
   -0.118754    0.719914  0.000000  1.0
   -0.118754    0.721914  0.000000  1.0
   -0.118754    0.723914  0.000000  1.0
   -0.118754    0.725914  0.000000  1.0
   -0.118754    0.727914  0.000000  1.0
   -0.118754    0.729914  0.000000  1.0
   -0.118754    0.731914  0.000000  1.0
   -0.118754    0.733914  0.000000  1.0
   -0.118754    0.735914  0.000000  1.0
   -0.118754    0.737914  0.000000  1.0
   -0.118754    0.739914  0.000000  1.0
   -0.118754    0.741914  0.000000  1.0
   -0.118754    0.743914  0.000000  1.0
   -0.118754    0.745914  0.000000  1.0
   -0.118754    0.747914  0.000000  1.0
   -0.118754    0.749914  0.000000  1.0
   -0.118754    0.751914  0.000000  1.0
   -0.118754    0.753914  0.000000  1.0
   -0.118754    0.755914  0.000000  1.0
   -0.116754    0.675914  0.000000  1.0
   -0.116754    0.677914  0.000000  1.0
   -0.116754    0.679914  0.000000  1.0
   -0.116754    0.681914  0.000000  1.0
   -0.116754    0.683914  0.000000  1.0
   -0.116754    0.685914  0.000000  1.0
   -0.116754    0.687914  0.000000  1.0
   -0.116754    0.689914  0.000000  1.0
   -0.116754    0.691914  0.000000  1.0
   -0.116754    0.693914  0.000000  1.0
   -0.116754    0.695914  0.000000  1.0
   -0.116754    0.697914  0.000000  1.0
   -0.116754    0.699914  0.000000  1.0
   -0.116754    0.701914  0.000000  1.0
   -0.116754    0.703914  0.000000  1.0
   -0.116754    0.705914  0.000000  1.0
   -0.116754    0.707914  0.000000  1.0
   -0.116754    0.709914  0.000000  1.0
   -0.116754    0.711914  0.000000  1.0
   -0.116754    0.713914  0.000000  1.0
   -0.116754    0.715914  0.000000  1.0
   -0.116754    0.717914  0.000000  1.0
   -0.116754    0.719914  0.000000  1.0
   -0.116754    0.721914  0.000000  1.0
   -0.116754    0.723914  0.000000  1.0
   -0.116754    0.725914  0.000000  1.0
   -0.116754    0.727914  0.000000  1.0
   -0.116754    0.729914  0.000000  1.0
   -0.116754    0.731914  0.000000  1.0
   -0.116754    0.733914  0.000000  1.0
   -0.116754    0.735914  0.000000  1.0
   -0.116754    0.737914  0.000000  1.0
   -0.116754    0.739914  0.000000  1.0
   -0.116754    0.741914  0.000000  1.0
   -0.116754    0.743914  0.000000  1.0
   -0.116754    0.745914  0.000000  1.0
   -0.116754    0.747914  0.000000  1.0
   -0.116754    0.749914  0.000000  1.0
   -0.116754    0.751914  0.000000  1.0
   -0.116754    0.753914  0.000000  1.0
   -0.116754    0.755914  0.000000  1.0
   -0.114754    0.675914  0.000000  1.0
   -0.114754    0.677914  0.000000  1.0
   -0.114754    0.679914  0.000000  1.0
   -0.114754    0.681914  0.000000  1.0
   -0.114754    0.683914  0.000000  1.0
   -0.114754    0.685914  0.000000  1.0
   -0.114754    0.687914  0.000000  1.0
   -0.114754    0.689914  0.000000  1.0
   -0.114754    0.691914  0.000000  1.0
   -0.114754    0.693914  0.000000  1.0
   -0.114754    0.695914  0.000000  1.0
   -0.114754    0.697914  0.000000  1.0
   -0.114754    0.699914  0.000000  1.0
   -0.114754    0.701914  0.000000  1.0
   -0.114754    0.703914  0.000000  1.0
   -0.114754    0.705914  0.000000  1.0
   -0.114754    0.707914  0.000000  1.0
   -0.114754    0.709914  0.000000  1.0
   -0.114754    0.711914  0.000000  1.0
   -0.114754    0.713914  0.000000  1.0
   -0.114754    0.715914  0.000000  1.0
   -0.114754    0.717914  0.000000  1.0
   -0.114754    0.719914  0.000000  1.0
   -0.114754    0.721914  0.000000  1.0
   -0.114754    0.723914  0.000000  1.0
   -0.114754    0.725914  0.000000  1.0
   -0.114754    0.727914  0.000000  1.0
   -0.114754    0.729914  0.000000  1.0
   -0.114754    0.731914  0.000000  1.0
   -0.114754    0.733914  0.000000  1.0
   -0.114754    0.735914  0.000000  1.0
   -0.114754    0.737914  0.000000  1.0
   -0.114754    0.739914  0.000000  1.0
   -0.114754    0.741914  0.000000  1.0
   -0.114754    0.743914  0.000000  1.0
   -0.114754    0.745914  0.000000  1.0
   -0.114754    0.747914  0.000000  1.0
   -0.114754    0.749914  0.000000  1.0
   -0.114754    0.751914  0.000000  1.0
   -0.114754    0.753914  0.000000  1.0
   -0.114754    0.755914  0.000000  1.0
   -0.112754    0.675914  0.000000  1.0
   -0.112754    0.677914  0.000000  1.0
   -0.112754    0.679914  0.000000  1.0
   -0.112754    0.681914  0.000000  1.0
   -0.112754    0.683914  0.000000  1.0
   -0.112754    0.685914  0.000000  1.0
   -0.112754    0.687914  0.000000  1.0
   -0.112754    0.689914  0.000000  1.0
   -0.112754    0.691914  0.000000  1.0
   -0.112754    0.693914  0.000000  1.0
   -0.112754    0.695914  0.000000  1.0
   -0.112754    0.697914  0.000000  1.0
   -0.112754    0.699914  0.000000  1.0
   -0.112754    0.701914  0.000000  1.0
   -0.112754    0.703914  0.000000  1.0
   -0.112754    0.705914  0.000000  1.0
   -0.112754    0.707914  0.000000  1.0
   -0.112754    0.709914  0.000000  1.0
   -0.112754    0.711914  0.000000  1.0
   -0.112754    0.713914  0.000000  1.0
   -0.112754    0.715914  0.000000  1.0
   -0.112754    0.717914  0.000000  1.0
   -0.112754    0.719914  0.000000  1.0
   -0.112754    0.721914  0.000000  1.0
   -0.112754    0.723914  0.000000  1.0
   -0.112754    0.725914  0.000000  1.0
   -0.112754    0.727914  0.000000  1.0
   -0.112754    0.729914  0.000000  1.0
   -0.112754    0.731914  0.000000  1.0
   -0.112754    0.733914  0.000000  1.0
   -0.112754    0.735914  0.000000  1.0
   -0.112754    0.737914  0.000000  1.0
   -0.112754    0.739914  0.000000  1.0
   -0.112754    0.741914  0.000000  1.0
   -0.112754    0.743914  0.000000  1.0
   -0.112754    0.745914  0.000000  1.0
   -0.112754    0.747914  0.000000  1.0
   -0.112754    0.749914  0.000000  1.0
   -0.112754    0.751914  0.000000  1.0
   -0.112754    0.753914  0.000000  1.0
   -0.112754    0.755914  0.000000  1.0
   -0.110754    0.675914  0.000000  1.0
   -0.110754    0.677914  0.000000  1.0
   -0.110754    0.679914  0.000000  1.0
   -0.110754    0.681914  0.000000  1.0
   -0.110754    0.683914  0.000000  1.0
   -0.110754    0.685914  0.000000  1.0
   -0.110754    0.687914  0.000000  1.0
   -0.110754    0.689914  0.000000  1.0
   -0.110754    0.691914  0.000000  1.0
   -0.110754    0.693914  0.000000  1.0
   -0.110754    0.695914  0.000000  1.0
   -0.110754    0.697914  0.000000  1.0
   -0.110754    0.699914  0.000000  1.0
   -0.110754    0.701914  0.000000  1.0
   -0.110754    0.703914  0.000000  1.0
   -0.110754    0.705914  0.000000  1.0
   -0.110754    0.707914  0.000000  1.0
   -0.110754    0.709914  0.000000  1.0
   -0.110754    0.711914  0.000000  1.0
   -0.110754    0.713914  0.000000  1.0
   -0.110754    0.715914  0.000000  1.0
   -0.110754    0.717914  0.000000  1.0
   -0.110754    0.719914  0.000000  1.0
   -0.110754    0.721914  0.000000  1.0
   -0.110754    0.723914  0.000000  1.0
   -0.110754    0.725914  0.000000  1.0
   -0.110754    0.727914  0.000000  1.0
   -0.110754    0.729914  0.000000  1.0
   -0.110754    0.731914  0.000000  1.0
   -0.110754    0.733914  0.000000  1.0
   -0.110754    0.735914  0.000000  1.0
   -0.110754    0.737914  0.000000  1.0
   -0.110754    0.739914  0.000000  1.0
   -0.110754    0.741914  0.000000  1.0
   -0.110754    0.743914  0.000000  1.0
   -0.110754    0.745914  0.000000  1.0
   -0.110754    0.747914  0.000000  1.0
   -0.110754    0.749914  0.000000  1.0
   -0.110754    0.751914  0.000000  1.0
   -0.110754    0.753914  0.000000  1.0
   -0.110754    0.755914  0.000000  1.0
   -0.108754    0.675914  0.000000  1.0
   -0.108754    0.677914  0.000000  1.0
   -0.108754    0.679914  0.000000  1.0
   -0.108754    0.681914  0.000000  1.0
   -0.108754    0.683914  0.000000  1.0
   -0.108754    0.685914  0.000000  1.0
   -0.108754    0.687914  0.000000  1.0
   -0.108754    0.689914  0.000000  1.0
   -0.108754    0.691914  0.000000  1.0
   -0.108754    0.693914  0.000000  1.0
   -0.108754    0.695914  0.000000  1.0
   -0.108754    0.697914  0.000000  1.0
   -0.108754    0.699914  0.000000  1.0
   -0.108754    0.701914  0.000000  1.0
   -0.108754    0.703914  0.000000  1.0
   -0.108754    0.705914  0.000000  1.0
   -0.108754    0.707914  0.000000  1.0
   -0.108754    0.709914  0.000000  1.0
   -0.108754    0.711914  0.000000  1.0
   -0.108754    0.713914  0.000000  1.0
   -0.108754    0.715914  0.000000  1.0
   -0.108754    0.717914  0.000000  1.0
   -0.108754    0.719914  0.000000  1.0
   -0.108754    0.721914  0.000000  1.0
   -0.108754    0.723914  0.000000  1.0
   -0.108754    0.725914  0.000000  1.0
   -0.108754    0.727914  0.000000  1.0
   -0.108754    0.729914  0.000000  1.0
   -0.108754    0.731914  0.000000  1.0
   -0.108754    0.733914  0.000000  1.0
   -0.108754    0.735914  0.000000  1.0
   -0.108754    0.737914  0.000000  1.0
   -0.108754    0.739914  0.000000  1.0
   -0.108754    0.741914  0.000000  1.0
   -0.108754    0.743914  0.000000  1.0
   -0.108754    0.745914  0.000000  1.0
   -0.108754    0.747914  0.000000  1.0
   -0.108754    0.749914  0.000000  1.0
   -0.108754    0.751914  0.000000  1.0
   -0.108754    0.753914  0.000000  1.0
   -0.108754    0.755914  0.000000  1.0
   -0.106754    0.675914  0.000000  1.0
   -0.106754    0.677914  0.000000  1.0
   -0.106754    0.679914  0.000000  1.0
   -0.106754    0.681914  0.000000  1.0
   -0.106754    0.683914  0.000000  1.0
   -0.106754    0.685914  0.000000  1.0
   -0.106754    0.687914  0.000000  1.0
   -0.106754    0.689914  0.000000  1.0
   -0.106754    0.691914  0.000000  1.0
   -0.106754    0.693914  0.000000  1.0
   -0.106754    0.695914  0.000000  1.0
   -0.106754    0.697914  0.000000  1.0
   -0.106754    0.699914  0.000000  1.0
   -0.106754    0.701914  0.000000  1.0
   -0.106754    0.703914  0.000000  1.0
   -0.106754    0.705914  0.000000  1.0
   -0.106754    0.707914  0.000000  1.0
   -0.106754    0.709914  0.000000  1.0
   -0.106754    0.711914  0.000000  1.0
   -0.106754    0.713914  0.000000  1.0
   -0.106754    0.715914  0.000000  1.0
   -0.106754    0.717914  0.000000  1.0
   -0.106754    0.719914  0.000000  1.0
   -0.106754    0.721914  0.000000  1.0
   -0.106754    0.723914  0.000000  1.0
   -0.106754    0.725914  0.000000  1.0
   -0.106754    0.727914  0.000000  1.0
   -0.106754    0.729914  0.000000  1.0
   -0.106754    0.731914  0.000000  1.0
   -0.106754    0.733914  0.000000  1.0
   -0.106754    0.735914  0.000000  1.0
   -0.106754    0.737914  0.000000  1.0
   -0.106754    0.739914  0.000000  1.0
   -0.106754    0.741914  0.000000  1.0
   -0.106754    0.743914  0.000000  1.0
   -0.106754    0.745914  0.000000  1.0
   -0.106754    0.747914  0.000000  1.0
   -0.106754    0.749914  0.000000  1.0
   -0.106754    0.751914  0.000000  1.0
   -0.106754    0.753914  0.000000  1.0
   -0.106754    0.755914  0.000000  1.0
   -0.104754    0.675914  0.000000  1.0
   -0.104754    0.677914  0.000000  1.0
   -0.104754    0.679914  0.000000  1.0
   -0.104754    0.681914  0.000000  1.0
   -0.104754    0.683914  0.000000  1.0
   -0.104754    0.685914  0.000000  1.0
   -0.104754    0.687914  0.000000  1.0
   -0.104754    0.689914  0.000000  1.0
   -0.104754    0.691914  0.000000  1.0
   -0.104754    0.693914  0.000000  1.0
   -0.104754    0.695914  0.000000  1.0
   -0.104754    0.697914  0.000000  1.0
   -0.104754    0.699914  0.000000  1.0
   -0.104754    0.701914  0.000000  1.0
   -0.104754    0.703914  0.000000  1.0
   -0.104754    0.705914  0.000000  1.0
   -0.104754    0.707914  0.000000  1.0
   -0.104754    0.709914  0.000000  1.0
   -0.104754    0.711914  0.000000  1.0
   -0.104754    0.713914  0.000000  1.0
   -0.104754    0.715914  0.000000  1.0
   -0.104754    0.717914  0.000000  1.0
   -0.104754    0.719914  0.000000  1.0
   -0.104754    0.721914  0.000000  1.0
   -0.104754    0.723914  0.000000  1.0
   -0.104754    0.725914  0.000000  1.0
   -0.104754    0.727914  0.000000  1.0
   -0.104754    0.729914  0.000000  1.0
   -0.104754    0.731914  0.000000  1.0
   -0.104754    0.733914  0.000000  1.0
   -0.104754    0.735914  0.000000  1.0
   -0.104754    0.737914  0.000000  1.0
   -0.104754    0.739914  0.000000  1.0
   -0.104754    0.741914  0.000000  1.0
   -0.104754    0.743914  0.000000  1.0
   -0.104754    0.745914  0.000000  1.0
   -0.104754    0.747914  0.000000  1.0
   -0.104754    0.749914  0.000000  1.0
   -0.104754    0.751914  0.000000  1.0
   -0.104754    0.753914  0.000000  1.0
   -0.104754    0.755914  0.000000  1.0
   -0.102754    0.675914  0.000000  1.0
   -0.102754    0.677914  0.000000  1.0
   -0.102754    0.679914  0.000000  1.0
   -0.102754    0.681914  0.000000  1.0
   -0.102754    0.683914  0.000000  1.0
   -0.102754    0.685914  0.000000  1.0
   -0.102754    0.687914  0.000000  1.0
   -0.102754    0.689914  0.000000  1.0
   -0.102754    0.691914  0.000000  1.0
   -0.102754    0.693914  0.000000  1.0
   -0.102754    0.695914  0.000000  1.0
   -0.102754    0.697914  0.000000  1.0
   -0.102754    0.699914  0.000000  1.0
   -0.102754    0.701914  0.000000  1.0
   -0.102754    0.703914  0.000000  1.0
   -0.102754    0.705914  0.000000  1.0
   -0.102754    0.707914  0.000000  1.0
   -0.102754    0.709914  0.000000  1.0
   -0.102754    0.711914  0.000000  1.0
   -0.102754    0.713914  0.000000  1.0
   -0.102754    0.715914  0.000000  1.0
   -0.102754    0.717914  0.000000  1.0
   -0.102754    0.719914  0.000000  1.0
   -0.102754    0.721914  0.000000  1.0
   -0.102754    0.723914  0.000000  1.0
   -0.102754    0.725914  0.000000  1.0
   -0.102754    0.727914  0.000000  1.0
   -0.102754    0.729914  0.000000  1.0
   -0.102754    0.731914  0.000000  1.0
   -0.102754    0.733914  0.000000  1.0
   -0.102754    0.735914  0.000000  1.0
   -0.102754    0.737914  0.000000  1.0
   -0.102754    0.739914  0.000000  1.0
   -0.102754    0.741914  0.000000  1.0
   -0.102754    0.743914  0.000000  1.0
   -0.102754    0.745914  0.000000  1.0
   -0.102754    0.747914  0.000000  1.0
   -0.102754    0.749914  0.000000  1.0
   -0.102754    0.751914  0.000000  1.0
   -0.102754    0.753914  0.000000  1.0
   -0.102754    0.755914  0.000000  1.0
   -0.100754    0.675914  0.000000  1.0
   -0.100754    0.677914  0.000000  1.0
   -0.100754    0.679914  0.000000  1.0
   -0.100754    0.681914  0.000000  1.0
   -0.100754    0.683914  0.000000  1.0
   -0.100754    0.685914  0.000000  1.0
   -0.100754    0.687914  0.000000  1.0
   -0.100754    0.689914  0.000000  1.0
   -0.100754    0.691914  0.000000  1.0
   -0.100754    0.693914  0.000000  1.0
   -0.100754    0.695914  0.000000  1.0
   -0.100754    0.697914  0.000000  1.0
   -0.100754    0.699914  0.000000  1.0
   -0.100754    0.701914  0.000000  1.0
   -0.100754    0.703914  0.000000  1.0
   -0.100754    0.705914  0.000000  1.0
   -0.100754    0.707914  0.000000  1.0
   -0.100754    0.709914  0.000000  1.0
   -0.100754    0.711914  0.000000  1.0
   -0.100754    0.713914  0.000000  1.0
   -0.100754    0.715914  0.000000  1.0
   -0.100754    0.717914  0.000000  1.0
   -0.100754    0.719914  0.000000  1.0
   -0.100754    0.721914  0.000000  1.0
   -0.100754    0.723914  0.000000  1.0
   -0.100754    0.725914  0.000000  1.0
   -0.100754    0.727914  0.000000  1.0
   -0.100754    0.729914  0.000000  1.0
   -0.100754    0.731914  0.000000  1.0
   -0.100754    0.733914  0.000000  1.0
   -0.100754    0.735914  0.000000  1.0
   -0.100754    0.737914  0.000000  1.0
   -0.100754    0.739914  0.000000  1.0
   -0.100754    0.741914  0.000000  1.0
   -0.100754    0.743914  0.000000  1.0
   -0.100754    0.745914  0.000000  1.0
   -0.100754    0.747914  0.000000  1.0
   -0.100754    0.749914  0.000000  1.0
   -0.100754    0.751914  0.000000  1.0
   -0.100754    0.753914  0.000000  1.0
   -0.100754    0.755914  0.000000  1.0
   -0.098754    0.675914  0.000000  1.0
   -0.098754    0.677914  0.000000  1.0
   -0.098754    0.679914  0.000000  1.0
   -0.098754    0.681914  0.000000  1.0
   -0.098754    0.683914  0.000000  1.0
   -0.098754    0.685914  0.000000  1.0
   -0.098754    0.687914  0.000000  1.0
   -0.098754    0.689914  0.000000  1.0
   -0.098754    0.691914  0.000000  1.0
   -0.098754    0.693914  0.000000  1.0
   -0.098754    0.695914  0.000000  1.0
   -0.098754    0.697914  0.000000  1.0
   -0.098754    0.699914  0.000000  1.0
   -0.098754    0.701914  0.000000  1.0
   -0.098754    0.703914  0.000000  1.0
   -0.098754    0.705914  0.000000  1.0
   -0.098754    0.707914  0.000000  1.0
   -0.098754    0.709914  0.000000  1.0
   -0.098754    0.711914  0.000000  1.0
   -0.098754    0.713914  0.000000  1.0
   -0.098754    0.715914  0.000000  1.0
   -0.098754    0.717914  0.000000  1.0
   -0.098754    0.719914  0.000000  1.0
   -0.098754    0.721914  0.000000  1.0
   -0.098754    0.723914  0.000000  1.0
   -0.098754    0.725914  0.000000  1.0
   -0.098754    0.727914  0.000000  1.0
   -0.098754    0.729914  0.000000  1.0
   -0.098754    0.731914  0.000000  1.0
   -0.098754    0.733914  0.000000  1.0
   -0.098754    0.735914  0.000000  1.0
   -0.098754    0.737914  0.000000  1.0
   -0.098754    0.739914  0.000000  1.0
   -0.098754    0.741914  0.000000  1.0
   -0.098754    0.743914  0.000000  1.0
   -0.098754    0.745914  0.000000  1.0
   -0.098754    0.747914  0.000000  1.0
   -0.098754    0.749914  0.000000  1.0
   -0.098754    0.751914  0.000000  1.0
   -0.098754    0.753914  0.000000  1.0
   -0.098754    0.755914  0.000000  1.0
   -0.096754    0.675914  0.000000  1.0
   -0.096754    0.677914  0.000000  1.0
   -0.096754    0.679914  0.000000  1.0
   -0.096754    0.681914  0.000000  1.0
   -0.096754    0.683914  0.000000  1.0
   -0.096754    0.685914  0.000000  1.0
   -0.096754    0.687914  0.000000  1.0
   -0.096754    0.689914  0.000000  1.0
   -0.096754    0.691914  0.000000  1.0
   -0.096754    0.693914  0.000000  1.0
   -0.096754    0.695914  0.000000  1.0
   -0.096754    0.697914  0.000000  1.0
   -0.096754    0.699914  0.000000  1.0
   -0.096754    0.701914  0.000000  1.0
   -0.096754    0.703914  0.000000  1.0
   -0.096754    0.705914  0.000000  1.0
   -0.096754    0.707914  0.000000  1.0
   -0.096754    0.709914  0.000000  1.0
   -0.096754    0.711914  0.000000  1.0
   -0.096754    0.713914  0.000000  1.0
   -0.096754    0.715914  0.000000  1.0
   -0.096754    0.717914  0.000000  1.0
   -0.096754    0.719914  0.000000  1.0
   -0.096754    0.721914  0.000000  1.0
   -0.096754    0.723914  0.000000  1.0
   -0.096754    0.725914  0.000000  1.0
   -0.096754    0.727914  0.000000  1.0
   -0.096754    0.729914  0.000000  1.0
   -0.096754    0.731914  0.000000  1.0
   -0.096754    0.733914  0.000000  1.0
   -0.096754    0.735914  0.000000  1.0
   -0.096754    0.737914  0.000000  1.0
   -0.096754    0.739914  0.000000  1.0
   -0.096754    0.741914  0.000000  1.0
   -0.096754    0.743914  0.000000  1.0
   -0.096754    0.745914  0.000000  1.0
   -0.096754    0.747914  0.000000  1.0
   -0.096754    0.749914  0.000000  1.0
   -0.096754    0.751914  0.000000  1.0
   -0.096754    0.753914  0.000000  1.0
   -0.096754    0.755914  0.000000  1.0
   -0.094754    0.675914  0.000000  1.0
   -0.094754    0.677914  0.000000  1.0
   -0.094754    0.679914  0.000000  1.0
   -0.094754    0.681914  0.000000  1.0
   -0.094754    0.683914  0.000000  1.0
   -0.094754    0.685914  0.000000  1.0
   -0.094754    0.687914  0.000000  1.0
   -0.094754    0.689914  0.000000  1.0
   -0.094754    0.691914  0.000000  1.0
   -0.094754    0.693914  0.000000  1.0
   -0.094754    0.695914  0.000000  1.0
   -0.094754    0.697914  0.000000  1.0
   -0.094754    0.699914  0.000000  1.0
   -0.094754    0.701914  0.000000  1.0
   -0.094754    0.703914  0.000000  1.0
   -0.094754    0.705914  0.000000  1.0
   -0.094754    0.707914  0.000000  1.0
   -0.094754    0.709914  0.000000  1.0
   -0.094754    0.711914  0.000000  1.0
   -0.094754    0.713914  0.000000  1.0
   -0.094754    0.715914  0.000000  1.0
   -0.094754    0.717914  0.000000  1.0
   -0.094754    0.719914  0.000000  1.0
   -0.094754    0.721914  0.000000  1.0
   -0.094754    0.723914  0.000000  1.0
   -0.094754    0.725914  0.000000  1.0
   -0.094754    0.727914  0.000000  1.0
   -0.094754    0.729914  0.000000  1.0
   -0.094754    0.731914  0.000000  1.0
   -0.094754    0.733914  0.000000  1.0
   -0.094754    0.735914  0.000000  1.0
   -0.094754    0.737914  0.000000  1.0
   -0.094754    0.739914  0.000000  1.0
   -0.094754    0.741914  0.000000  1.0
   -0.094754    0.743914  0.000000  1.0
   -0.094754    0.745914  0.000000  1.0
   -0.094754    0.747914  0.000000  1.0
   -0.094754    0.749914  0.000000  1.0
   -0.094754    0.751914  0.000000  1.0
   -0.094754    0.753914  0.000000  1.0
   -0.094754    0.755914  0.000000  1.0
   -0.092754    0.675914  0.000000  1.0
   -0.092754    0.677914  0.000000  1.0
   -0.092754    0.679914  0.000000  1.0
   -0.092754    0.681914  0.000000  1.0
   -0.092754    0.683914  0.000000  1.0
   -0.092754    0.685914  0.000000  1.0
   -0.092754    0.687914  0.000000  1.0
   -0.092754    0.689914  0.000000  1.0
   -0.092754    0.691914  0.000000  1.0
   -0.092754    0.693914  0.000000  1.0
   -0.092754    0.695914  0.000000  1.0
   -0.092754    0.697914  0.000000  1.0
   -0.092754    0.699914  0.000000  1.0
   -0.092754    0.701914  0.000000  1.0
   -0.092754    0.703914  0.000000  1.0
   -0.092754    0.705914  0.000000  1.0
   -0.092754    0.707914  0.000000  1.0
   -0.092754    0.709914  0.000000  1.0
   -0.092754    0.711914  0.000000  1.0
   -0.092754    0.713914  0.000000  1.0
   -0.092754    0.715914  0.000000  1.0
   -0.092754    0.717914  0.000000  1.0
   -0.092754    0.719914  0.000000  1.0
   -0.092754    0.721914  0.000000  1.0
   -0.092754    0.723914  0.000000  1.0
   -0.092754    0.725914  0.000000  1.0
   -0.092754    0.727914  0.000000  1.0
   -0.092754    0.729914  0.000000  1.0
   -0.092754    0.731914  0.000000  1.0
   -0.092754    0.733914  0.000000  1.0
   -0.092754    0.735914  0.000000  1.0
   -0.092754    0.737914  0.000000  1.0
   -0.092754    0.739914  0.000000  1.0
   -0.092754    0.741914  0.000000  1.0
   -0.092754    0.743914  0.000000  1.0
   -0.092754    0.745914  0.000000  1.0
   -0.092754    0.747914  0.000000  1.0
   -0.092754    0.749914  0.000000  1.0
   -0.092754    0.751914  0.000000  1.0
   -0.092754    0.753914  0.000000  1.0
   -0.092754    0.755914  0.000000  1.0
   -0.090754    0.675914  0.000000  1.0
   -0.090754    0.677914  0.000000  1.0
   -0.090754    0.679914  0.000000  1.0
   -0.090754    0.681914  0.000000  1.0
   -0.090754    0.683914  0.000000  1.0
   -0.090754    0.685914  0.000000  1.0
   -0.090754    0.687914  0.000000  1.0
   -0.090754    0.689914  0.000000  1.0
   -0.090754    0.691914  0.000000  1.0
   -0.090754    0.693914  0.000000  1.0
   -0.090754    0.695914  0.000000  1.0
   -0.090754    0.697914  0.000000  1.0
   -0.090754    0.699914  0.000000  1.0
   -0.090754    0.701914  0.000000  1.0
   -0.090754    0.703914  0.000000  1.0
   -0.090754    0.705914  0.000000  1.0
   -0.090754    0.707914  0.000000  1.0
   -0.090754    0.709914  0.000000  1.0
   -0.090754    0.711914  0.000000  1.0
   -0.090754    0.713914  0.000000  1.0
   -0.090754    0.715914  0.000000  1.0
   -0.090754    0.717914  0.000000  1.0
   -0.090754    0.719914  0.000000  1.0
   -0.090754    0.721914  0.000000  1.0
   -0.090754    0.723914  0.000000  1.0
   -0.090754    0.725914  0.000000  1.0
   -0.090754    0.727914  0.000000  1.0
   -0.090754    0.729914  0.000000  1.0
   -0.090754    0.731914  0.000000  1.0
   -0.090754    0.733914  0.000000  1.0
   -0.090754    0.735914  0.000000  1.0
   -0.090754    0.737914  0.000000  1.0
   -0.090754    0.739914  0.000000  1.0
   -0.090754    0.741914  0.000000  1.0
   -0.090754    0.743914  0.000000  1.0
   -0.090754    0.745914  0.000000  1.0
   -0.090754    0.747914  0.000000  1.0
   -0.090754    0.749914  0.000000  1.0
   -0.090754    0.751914  0.000000  1.0
   -0.090754    0.753914  0.000000  1.0
   -0.090754    0.755914  0.000000  1.0
   -0.088754    0.675914  0.000000  1.0
   -0.088754    0.677914  0.000000  1.0
   -0.088754    0.679914  0.000000  1.0
   -0.088754    0.681914  0.000000  1.0
   -0.088754    0.683914  0.000000  1.0
   -0.088754    0.685914  0.000000  1.0
   -0.088754    0.687914  0.000000  1.0
   -0.088754    0.689914  0.000000  1.0
   -0.088754    0.691914  0.000000  1.0
   -0.088754    0.693914  0.000000  1.0
   -0.088754    0.695914  0.000000  1.0
   -0.088754    0.697914  0.000000  1.0
   -0.088754    0.699914  0.000000  1.0
   -0.088754    0.701914  0.000000  1.0
   -0.088754    0.703914  0.000000  1.0
   -0.088754    0.705914  0.000000  1.0
   -0.088754    0.707914  0.000000  1.0
   -0.088754    0.709914  0.000000  1.0
   -0.088754    0.711914  0.000000  1.0
   -0.088754    0.713914  0.000000  1.0
   -0.088754    0.715914  0.000000  1.0
   -0.088754    0.717914  0.000000  1.0
   -0.088754    0.719914  0.000000  1.0
   -0.088754    0.721914  0.000000  1.0
   -0.088754    0.723914  0.000000  1.0
   -0.088754    0.725914  0.000000  1.0
   -0.088754    0.727914  0.000000  1.0
   -0.088754    0.729914  0.000000  1.0
   -0.088754    0.731914  0.000000  1.0
   -0.088754    0.733914  0.000000  1.0
   -0.088754    0.735914  0.000000  1.0
   -0.088754    0.737914  0.000000  1.0
   -0.088754    0.739914  0.000000  1.0
   -0.088754    0.741914  0.000000  1.0
   -0.088754    0.743914  0.000000  1.0
   -0.088754    0.745914  0.000000  1.0
   -0.088754    0.747914  0.000000  1.0
   -0.088754    0.749914  0.000000  1.0
   -0.088754    0.751914  0.000000  1.0
   -0.088754    0.753914  0.000000  1.0
   -0.088754    0.755914  0.000000  1.0
   -0.086754    0.675914  0.000000  1.0
   -0.086754    0.677914  0.000000  1.0
   -0.086754    0.679914  0.000000  1.0
   -0.086754    0.681914  0.000000  1.0
   -0.086754    0.683914  0.000000  1.0
   -0.086754    0.685914  0.000000  1.0
   -0.086754    0.687914  0.000000  1.0
   -0.086754    0.689914  0.000000  1.0
   -0.086754    0.691914  0.000000  1.0
   -0.086754    0.693914  0.000000  1.0
   -0.086754    0.695914  0.000000  1.0
   -0.086754    0.697914  0.000000  1.0
   -0.086754    0.699914  0.000000  1.0
   -0.086754    0.701914  0.000000  1.0
   -0.086754    0.703914  0.000000  1.0
   -0.086754    0.705914  0.000000  1.0
   -0.086754    0.707914  0.000000  1.0
   -0.086754    0.709914  0.000000  1.0
   -0.086754    0.711914  0.000000  1.0
   -0.086754    0.713914  0.000000  1.0
   -0.086754    0.715914  0.000000  1.0
   -0.086754    0.717914  0.000000  1.0
   -0.086754    0.719914  0.000000  1.0
   -0.086754    0.721914  0.000000  1.0
   -0.086754    0.723914  0.000000  1.0
   -0.086754    0.725914  0.000000  1.0
   -0.086754    0.727914  0.000000  1.0
   -0.086754    0.729914  0.000000  1.0
   -0.086754    0.731914  0.000000  1.0
   -0.086754    0.733914  0.000000  1.0
   -0.086754    0.735914  0.000000  1.0
   -0.086754    0.737914  0.000000  1.0
   -0.086754    0.739914  0.000000  1.0
   -0.086754    0.741914  0.000000  1.0
   -0.086754    0.743914  0.000000  1.0
   -0.086754    0.745914  0.000000  1.0
   -0.086754    0.747914  0.000000  1.0
   -0.086754    0.749914  0.000000  1.0
   -0.086754    0.751914  0.000000  1.0
   -0.086754    0.753914  0.000000  1.0
   -0.086754    0.755914  0.000000  1.0
   -0.084754    0.675914  0.000000  1.0
   -0.084754    0.677914  0.000000  1.0
   -0.084754    0.679914  0.000000  1.0
   -0.084754    0.681914  0.000000  1.0
   -0.084754    0.683914  0.000000  1.0
   -0.084754    0.685914  0.000000  1.0
   -0.084754    0.687914  0.000000  1.0
   -0.084754    0.689914  0.000000  1.0
   -0.084754    0.691914  0.000000  1.0
   -0.084754    0.693914  0.000000  1.0
   -0.084754    0.695914  0.000000  1.0
   -0.084754    0.697914  0.000000  1.0
   -0.084754    0.699914  0.000000  1.0
   -0.084754    0.701914  0.000000  1.0
   -0.084754    0.703914  0.000000  1.0
   -0.084754    0.705914  0.000000  1.0
   -0.084754    0.707914  0.000000  1.0
   -0.084754    0.709914  0.000000  1.0
   -0.084754    0.711914  0.000000  1.0
   -0.084754    0.713914  0.000000  1.0
   -0.084754    0.715914  0.000000  1.0
   -0.084754    0.717914  0.000000  1.0
   -0.084754    0.719914  0.000000  1.0
   -0.084754    0.721914  0.000000  1.0
   -0.084754    0.723914  0.000000  1.0
   -0.084754    0.725914  0.000000  1.0
   -0.084754    0.727914  0.000000  1.0
   -0.084754    0.729914  0.000000  1.0
   -0.084754    0.731914  0.000000  1.0
   -0.084754    0.733914  0.000000  1.0
   -0.084754    0.735914  0.000000  1.0
   -0.084754    0.737914  0.000000  1.0
   -0.084754    0.739914  0.000000  1.0
   -0.084754    0.741914  0.000000  1.0
   -0.084754    0.743914  0.000000  1.0
   -0.084754    0.745914  0.000000  1.0
   -0.084754    0.747914  0.000000  1.0
   -0.084754    0.749914  0.000000  1.0
   -0.084754    0.751914  0.000000  1.0
   -0.084754    0.753914  0.000000  1.0
   -0.084754    0.755914  0.000000  1.0
   -0.082754    0.675914  0.000000  1.0
   -0.082754    0.677914  0.000000  1.0
   -0.082754    0.679914  0.000000  1.0
   -0.082754    0.681914  0.000000  1.0
   -0.082754    0.683914  0.000000  1.0
   -0.082754    0.685914  0.000000  1.0
   -0.082754    0.687914  0.000000  1.0
   -0.082754    0.689914  0.000000  1.0
   -0.082754    0.691914  0.000000  1.0
   -0.082754    0.693914  0.000000  1.0
   -0.082754    0.695914  0.000000  1.0
   -0.082754    0.697914  0.000000  1.0
   -0.082754    0.699914  0.000000  1.0
   -0.082754    0.701914  0.000000  1.0
   -0.082754    0.703914  0.000000  1.0
   -0.082754    0.705914  0.000000  1.0
   -0.082754    0.707914  0.000000  1.0
   -0.082754    0.709914  0.000000  1.0
   -0.082754    0.711914  0.000000  1.0
   -0.082754    0.713914  0.000000  1.0
   -0.082754    0.715914  0.000000  1.0
   -0.082754    0.717914  0.000000  1.0
   -0.082754    0.719914  0.000000  1.0
   -0.082754    0.721914  0.000000  1.0
   -0.082754    0.723914  0.000000  1.0
   -0.082754    0.725914  0.000000  1.0
   -0.082754    0.727914  0.000000  1.0
   -0.082754    0.729914  0.000000  1.0
   -0.082754    0.731914  0.000000  1.0
   -0.082754    0.733914  0.000000  1.0
   -0.082754    0.735914  0.000000  1.0
   -0.082754    0.737914  0.000000  1.0
   -0.082754    0.739914  0.000000  1.0
   -0.082754    0.741914  0.000000  1.0
   -0.082754    0.743914  0.000000  1.0
   -0.082754    0.745914  0.000000  1.0
   -0.082754    0.747914  0.000000  1.0
   -0.082754    0.749914  0.000000  1.0
   -0.082754    0.751914  0.000000  1.0
   -0.082754    0.753914  0.000000  1.0
   -0.082754    0.755914  0.000000  1.0
   -0.080754    0.675914  0.000000  1.0
   -0.080754    0.677914  0.000000  1.0
   -0.080754    0.679914  0.000000  1.0
   -0.080754    0.681914  0.000000  1.0
   -0.080754    0.683914  0.000000  1.0
   -0.080754    0.685914  0.000000  1.0
   -0.080754    0.687914  0.000000  1.0
   -0.080754    0.689914  0.000000  1.0
   -0.080754    0.691914  0.000000  1.0
   -0.080754    0.693914  0.000000  1.0
   -0.080754    0.695914  0.000000  1.0
   -0.080754    0.697914  0.000000  1.0
   -0.080754    0.699914  0.000000  1.0
   -0.080754    0.701914  0.000000  1.0
   -0.080754    0.703914  0.000000  1.0
   -0.080754    0.705914  0.000000  1.0
   -0.080754    0.707914  0.000000  1.0
   -0.080754    0.709914  0.000000  1.0
   -0.080754    0.711914  0.000000  1.0
   -0.080754    0.713914  0.000000  1.0
   -0.080754    0.715914  0.000000  1.0
   -0.080754    0.717914  0.000000  1.0
   -0.080754    0.719914  0.000000  1.0
   -0.080754    0.721914  0.000000  1.0
   -0.080754    0.723914  0.000000  1.0
   -0.080754    0.725914  0.000000  1.0
   -0.080754    0.727914  0.000000  1.0
   -0.080754    0.729914  0.000000  1.0
   -0.080754    0.731914  0.000000  1.0
   -0.080754    0.733914  0.000000  1.0
   -0.080754    0.735914  0.000000  1.0
   -0.080754    0.737914  0.000000  1.0
   -0.080754    0.739914  0.000000  1.0
   -0.080754    0.741914  0.000000  1.0
   -0.080754    0.743914  0.000000  1.0
   -0.080754    0.745914  0.000000  1.0
   -0.080754    0.747914  0.000000  1.0
   -0.080754    0.749914  0.000000  1.0
   -0.080754    0.751914  0.000000  1.0
   -0.080754    0.753914  0.000000  1.0
   -0.080754    0.755914  0.000000  1.0
   -0.078754    0.675914  0.000000  1.0
   -0.078754    0.677914  0.000000  1.0
   -0.078754    0.679914  0.000000  1.0
   -0.078754    0.681914  0.000000  1.0
   -0.078754    0.683914  0.000000  1.0
   -0.078754    0.685914  0.000000  1.0
   -0.078754    0.687914  0.000000  1.0
   -0.078754    0.689914  0.000000  1.0
   -0.078754    0.691914  0.000000  1.0
   -0.078754    0.693914  0.000000  1.0
   -0.078754    0.695914  0.000000  1.0
   -0.078754    0.697914  0.000000  1.0
   -0.078754    0.699914  0.000000  1.0
   -0.078754    0.701914  0.000000  1.0
   -0.078754    0.703914  0.000000  1.0
   -0.078754    0.705914  0.000000  1.0
   -0.078754    0.707914  0.000000  1.0
   -0.078754    0.709914  0.000000  1.0
   -0.078754    0.711914  0.000000  1.0
   -0.078754    0.713914  0.000000  1.0
   -0.078754    0.715914  0.000000  1.0
   -0.078754    0.717914  0.000000  1.0
   -0.078754    0.719914  0.000000  1.0
   -0.078754    0.721914  0.000000  1.0
   -0.078754    0.723914  0.000000  1.0
   -0.078754    0.725914  0.000000  1.0
   -0.078754    0.727914  0.000000  1.0
   -0.078754    0.729914  0.000000  1.0
   -0.078754    0.731914  0.000000  1.0
   -0.078754    0.733914  0.000000  1.0
   -0.078754    0.735914  0.000000  1.0
   -0.078754    0.737914  0.000000  1.0
   -0.078754    0.739914  0.000000  1.0
   -0.078754    0.741914  0.000000  1.0
   -0.078754    0.743914  0.000000  1.0
   -0.078754    0.745914  0.000000  1.0
   -0.078754    0.747914  0.000000  1.0
   -0.078754    0.749914  0.000000  1.0
   -0.078754    0.751914  0.000000  1.0
   -0.078754    0.753914  0.000000  1.0
   -0.078754    0.755914  0.000000  1.0
   -0.076754    0.675914  0.000000  1.0
   -0.076754    0.677914  0.000000  1.0
   -0.076754    0.679914  0.000000  1.0
   -0.076754    0.681914  0.000000  1.0
   -0.076754    0.683914  0.000000  1.0
   -0.076754    0.685914  0.000000  1.0
   -0.076754    0.687914  0.000000  1.0
   -0.076754    0.689914  0.000000  1.0
   -0.076754    0.691914  0.000000  1.0
   -0.076754    0.693914  0.000000  1.0
   -0.076754    0.695914  0.000000  1.0
   -0.076754    0.697914  0.000000  1.0
   -0.076754    0.699914  0.000000  1.0
   -0.076754    0.701914  0.000000  1.0
   -0.076754    0.703914  0.000000  1.0
   -0.076754    0.705914  0.000000  1.0
   -0.076754    0.707914  0.000000  1.0
   -0.076754    0.709914  0.000000  1.0
   -0.076754    0.711914  0.000000  1.0
   -0.076754    0.713914  0.000000  1.0
   -0.076754    0.715914  0.000000  1.0
   -0.076754    0.717914  0.000000  1.0
   -0.076754    0.719914  0.000000  1.0
   -0.076754    0.721914  0.000000  1.0
   -0.076754    0.723914  0.000000  1.0
   -0.076754    0.725914  0.000000  1.0
   -0.076754    0.727914  0.000000  1.0
   -0.076754    0.729914  0.000000  1.0
   -0.076754    0.731914  0.000000  1.0
   -0.076754    0.733914  0.000000  1.0
   -0.076754    0.735914  0.000000  1.0
   -0.076754    0.737914  0.000000  1.0
   -0.076754    0.739914  0.000000  1.0
   -0.076754    0.741914  0.000000  1.0
   -0.076754    0.743914  0.000000  1.0
   -0.076754    0.745914  0.000000  1.0
   -0.076754    0.747914  0.000000  1.0
   -0.076754    0.749914  0.000000  1.0
   -0.076754    0.751914  0.000000  1.0
   -0.076754    0.753914  0.000000  1.0
   -0.076754    0.755914  0.000000  1.0
   -0.074754    0.675914  0.000000  1.0
   -0.074754    0.677914  0.000000  1.0
   -0.074754    0.679914  0.000000  1.0
   -0.074754    0.681914  0.000000  1.0
   -0.074754    0.683914  0.000000  1.0
   -0.074754    0.685914  0.000000  1.0
   -0.074754    0.687914  0.000000  1.0
   -0.074754    0.689914  0.000000  1.0
   -0.074754    0.691914  0.000000  1.0
   -0.074754    0.693914  0.000000  1.0
   -0.074754    0.695914  0.000000  1.0
   -0.074754    0.697914  0.000000  1.0
   -0.074754    0.699914  0.000000  1.0
   -0.074754    0.701914  0.000000  1.0
   -0.074754    0.703914  0.000000  1.0
   -0.074754    0.705914  0.000000  1.0
   -0.074754    0.707914  0.000000  1.0
   -0.074754    0.709914  0.000000  1.0
   -0.074754    0.711914  0.000000  1.0
   -0.074754    0.713914  0.000000  1.0
   -0.074754    0.715914  0.000000  1.0
   -0.074754    0.717914  0.000000  1.0
   -0.074754    0.719914  0.000000  1.0
   -0.074754    0.721914  0.000000  1.0
   -0.074754    0.723914  0.000000  1.0
   -0.074754    0.725914  0.000000  1.0
   -0.074754    0.727914  0.000000  1.0
   -0.074754    0.729914  0.000000  1.0
   -0.074754    0.731914  0.000000  1.0
   -0.074754    0.733914  0.000000  1.0
   -0.074754    0.735914  0.000000  1.0
   -0.074754    0.737914  0.000000  1.0
   -0.074754    0.739914  0.000000  1.0
   -0.074754    0.741914  0.000000  1.0
   -0.074754    0.743914  0.000000  1.0
   -0.074754    0.745914  0.000000  1.0
   -0.074754    0.747914  0.000000  1.0
   -0.074754    0.749914  0.000000  1.0
   -0.074754    0.751914  0.000000  1.0
   -0.074754    0.753914  0.000000  1.0
   -0.074754    0.755914  0.000000  1.0
