    1.725837695645653       -0.3121899270104995        5.2344360042386532E-008 
   1.3053318937263087E-003  -0.9238442114778312        2.6475012104366116E-007 
  -1.6623632699923972E-003   0.8633621198335413        1.8125359920200604E-002 
  -9.7306135683034449E-008  -1.7054649372333459E-004   0.1697172452320493      
   4.2255994377349634E-008   1.8585115234457080E-004  -0.1487917321122381      
    2.955418696389538       -1.0275863989753534E-008   3.3331006851278008E-007 
   -3.271363604050968        8.4411045169044445E-009  -8.1733218172672303E-008 
    5.882739192734400        3.4676426595353534E-003   1.1543738753714368E-008 
   -8.753303208020274       -3.0504451443246843E-003    6.802522559922303      
  -3.1654481042737691E-007  -2.9699300043281645E-003   -9.914348646604481      
   0.9401048086361282       -8.5674929967564758E-009   9.9112565079598776E-008 
    3.317985272882468        2.4785711333281503E-003    3.728285199472333      
    1.725536784565849       -0.3118457957136055        1.5942185211875799E-007 
  -8.2216714584695632E-004   0.9237182277576866        1.0138152697383076E-007 
   6.5806087925982752E-004  -0.8633969607550319        1.8096395496457009E-002 
  -7.2949788104974871E-008   3.9068809587168713E-005  -0.1693692828810442      
   3.1862058926307035E-008  -4.1122411637141606E-005   0.1485474587532552      
    2.955453236865053       -1.7043580902041909E-008  -3.0999114202213159E-007 
   -3.271569780325954        7.8366326899865598E-009   1.1775046324302408E-007 
    5.882392954149164        3.2052540146237261E-003   3.3306921449804578E-008 
   -8.752345022688917       -2.5377307562363112E-003    6.802961943638025      
   3.4343779521203940E-007  -2.4318217391523182E-003   -9.915137986888130      
   0.9402030239456980       -2.2369188679324749E-008  -2.0446717329991901E-007 
    3.317493597000679        1.9183007459867051E-003    3.728651645971059     
