&CONTROL
  calculation = 'bands'
  prefix = 'graphene20.0zoom'
  outdir = './tmp'
  pseudo_dir = './'
  verbosity = 'high'
/
&SYSTEM
  ibrav = 0
  nat = 2
  ntyp = 1
  ecutwfc = 40.0
  nosym = .true.
  noinv = .true.
  nbnd = 8
/
&ELECTRONS
/
ATOMIC_SPECIES
  C  12.011 C.upf
CELL_PARAMETERS {bohr}
  4.473268  0.000000  0.000000
  2.236634  4.807401  0.000000
  0.000000  0.000000  28.346456
ATOMIC_POSITIONS {crystal}
  C  -0.003906  0.007813  0.000000
  C  0.337239  0.325520  0.000000
K_POINTS {tpiba}
1681
    0.386230   -0.512875  0.000000  1.0
    0.386230   -0.510875  0.000000  1.0
    0.386230   -0.508875  0.000000  1.0
    0.386230   -0.506875  0.000000  1.0
    0.386230   -0.504875  0.000000  1.0
    0.386230   -0.502875  0.000000  1.0
    0.386230   -0.500875  0.000000  1.0
    0.386230   -0.498875  0.000000  1.0
    0.386230   -0.496875  0.000000  1.0
    0.386230   -0.494875  0.000000  1.0
    0.386230   -0.492875  0.000000  1.0
    0.386230   -0.490875  0.000000  1.0
    0.386230   -0.488875  0.000000  1.0
    0.386230   -0.486875  0.000000  1.0
    0.386230   -0.484875  0.000000  1.0
    0.386230   -0.482875  0.000000  1.0
    0.386230   -0.480875  0.000000  1.0
    0.386230   -0.478875  0.000000  1.0
    0.386230   -0.476875  0.000000  1.0
    0.386230   -0.474875  0.000000  1.0
    0.386230   -0.472875  0.000000  1.0
    0.386230   -0.470875  0.000000  1.0
    0.386230   -0.468875  0.000000  1.0
    0.386230   -0.466875  0.000000  1.0
    0.386230   -0.464875  0.000000  1.0
    0.386230   -0.462875  0.000000  1.0
    0.386230   -0.460875  0.000000  1.0
    0.386230   -0.458875  0.000000  1.0
    0.386230   -0.456875  0.000000  1.0
    0.386230   -0.454875  0.000000  1.0
    0.386230   -0.452875  0.000000  1.0
    0.386230   -0.450875  0.000000  1.0
    0.386230   -0.448875  0.000000  1.0
    0.386230   -0.446875  0.000000  1.0
    0.386230   -0.444875  0.000000  1.0
    0.386230   -0.442875  0.000000  1.0
    0.386230   -0.440875  0.000000  1.0
    0.386230   -0.438875  0.000000  1.0
    0.386230   -0.436875  0.000000  1.0
    0.386230   -0.434875  0.000000  1.0
    0.386230   -0.432875  0.000000  1.0
    0.388230   -0.512875  0.000000  1.0
    0.388230   -0.510875  0.000000  1.0
    0.388230   -0.508875  0.000000  1.0
    0.388230   -0.506875  0.000000  1.0
    0.388230   -0.504875  0.000000  1.0
    0.388230   -0.502875  0.000000  1.0
    0.388230   -0.500875  0.000000  1.0
    0.388230   -0.498875  0.000000  1.0
    0.388230   -0.496875  0.000000  1.0
    0.388230   -0.494875  0.000000  1.0
    0.388230   -0.492875  0.000000  1.0
    0.388230   -0.490875  0.000000  1.0
    0.388230   -0.488875  0.000000  1.0
    0.388230   -0.486875  0.000000  1.0
    0.388230   -0.484875  0.000000  1.0
    0.388230   -0.482875  0.000000  1.0
    0.388230   -0.480875  0.000000  1.0
    0.388230   -0.478875  0.000000  1.0
    0.388230   -0.476875  0.000000  1.0
    0.388230   -0.474875  0.000000  1.0
    0.388230   -0.472875  0.000000  1.0
    0.388230   -0.470875  0.000000  1.0
    0.388230   -0.468875  0.000000  1.0
    0.388230   -0.466875  0.000000  1.0
    0.388230   -0.464875  0.000000  1.0
    0.388230   -0.462875  0.000000  1.0
    0.388230   -0.460875  0.000000  1.0
    0.388230   -0.458875  0.000000  1.0
    0.388230   -0.456875  0.000000  1.0
    0.388230   -0.454875  0.000000  1.0
    0.388230   -0.452875  0.000000  1.0
    0.388230   -0.450875  0.000000  1.0
    0.388230   -0.448875  0.000000  1.0
    0.388230   -0.446875  0.000000  1.0
    0.388230   -0.444875  0.000000  1.0
    0.388230   -0.442875  0.000000  1.0
    0.388230   -0.440875  0.000000  1.0
    0.388230   -0.438875  0.000000  1.0
    0.388230   -0.436875  0.000000  1.0
    0.388230   -0.434875  0.000000  1.0
    0.388230   -0.432875  0.000000  1.0
    0.390230   -0.512875  0.000000  1.0
    0.390230   -0.510875  0.000000  1.0
    0.390230   -0.508875  0.000000  1.0
    0.390230   -0.506875  0.000000  1.0
    0.390230   -0.504875  0.000000  1.0
    0.390230   -0.502875  0.000000  1.0
    0.390230   -0.500875  0.000000  1.0
    0.390230   -0.498875  0.000000  1.0
    0.390230   -0.496875  0.000000  1.0
    0.390230   -0.494875  0.000000  1.0
    0.390230   -0.492875  0.000000  1.0
    0.390230   -0.490875  0.000000  1.0
    0.390230   -0.488875  0.000000  1.0
    0.390230   -0.486875  0.000000  1.0
    0.390230   -0.484875  0.000000  1.0
    0.390230   -0.482875  0.000000  1.0
    0.390230   -0.480875  0.000000  1.0
    0.390230   -0.478875  0.000000  1.0
    0.390230   -0.476875  0.000000  1.0
    0.390230   -0.474875  0.000000  1.0
    0.390230   -0.472875  0.000000  1.0
    0.390230   -0.470875  0.000000  1.0
    0.390230   -0.468875  0.000000  1.0
    0.390230   -0.466875  0.000000  1.0
    0.390230   -0.464875  0.000000  1.0
    0.390230   -0.462875  0.000000  1.0
    0.390230   -0.460875  0.000000  1.0
    0.390230   -0.458875  0.000000  1.0
    0.390230   -0.456875  0.000000  1.0
    0.390230   -0.454875  0.000000  1.0
    0.390230   -0.452875  0.000000  1.0
    0.390230   -0.450875  0.000000  1.0
    0.390230   -0.448875  0.000000  1.0
    0.390230   -0.446875  0.000000  1.0
    0.390230   -0.444875  0.000000  1.0
    0.390230   -0.442875  0.000000  1.0
    0.390230   -0.440875  0.000000  1.0
    0.390230   -0.438875  0.000000  1.0
    0.390230   -0.436875  0.000000  1.0
    0.390230   -0.434875  0.000000  1.0
    0.390230   -0.432875  0.000000  1.0
    0.392230   -0.512875  0.000000  1.0
    0.392230   -0.510875  0.000000  1.0
    0.392230   -0.508875  0.000000  1.0
    0.392230   -0.506875  0.000000  1.0
    0.392230   -0.504875  0.000000  1.0
    0.392230   -0.502875  0.000000  1.0
    0.392230   -0.500875  0.000000  1.0
    0.392230   -0.498875  0.000000  1.0
    0.392230   -0.496875  0.000000  1.0
    0.392230   -0.494875  0.000000  1.0
    0.392230   -0.492875  0.000000  1.0
    0.392230   -0.490875  0.000000  1.0
    0.392230   -0.488875  0.000000  1.0
    0.392230   -0.486875  0.000000  1.0
    0.392230   -0.484875  0.000000  1.0
    0.392230   -0.482875  0.000000  1.0
    0.392230   -0.480875  0.000000  1.0
    0.392230   -0.478875  0.000000  1.0
    0.392230   -0.476875  0.000000  1.0
    0.392230   -0.474875  0.000000  1.0
    0.392230   -0.472875  0.000000  1.0
    0.392230   -0.470875  0.000000  1.0
    0.392230   -0.468875  0.000000  1.0
    0.392230   -0.466875  0.000000  1.0
    0.392230   -0.464875  0.000000  1.0
    0.392230   -0.462875  0.000000  1.0
    0.392230   -0.460875  0.000000  1.0
    0.392230   -0.458875  0.000000  1.0
    0.392230   -0.456875  0.000000  1.0
    0.392230   -0.454875  0.000000  1.0
    0.392230   -0.452875  0.000000  1.0
    0.392230   -0.450875  0.000000  1.0
    0.392230   -0.448875  0.000000  1.0
    0.392230   -0.446875  0.000000  1.0
    0.392230   -0.444875  0.000000  1.0
    0.392230   -0.442875  0.000000  1.0
    0.392230   -0.440875  0.000000  1.0
    0.392230   -0.438875  0.000000  1.0
    0.392230   -0.436875  0.000000  1.0
    0.392230   -0.434875  0.000000  1.0
    0.392230   -0.432875  0.000000  1.0
    0.394230   -0.512875  0.000000  1.0
    0.394230   -0.510875  0.000000  1.0
    0.394230   -0.508875  0.000000  1.0
    0.394230   -0.506875  0.000000  1.0
    0.394230   -0.504875  0.000000  1.0
    0.394230   -0.502875  0.000000  1.0
    0.394230   -0.500875  0.000000  1.0
    0.394230   -0.498875  0.000000  1.0
    0.394230   -0.496875  0.000000  1.0
    0.394230   -0.494875  0.000000  1.0
    0.394230   -0.492875  0.000000  1.0
    0.394230   -0.490875  0.000000  1.0
    0.394230   -0.488875  0.000000  1.0
    0.394230   -0.486875  0.000000  1.0
    0.394230   -0.484875  0.000000  1.0
    0.394230   -0.482875  0.000000  1.0
    0.394230   -0.480875  0.000000  1.0
    0.394230   -0.478875  0.000000  1.0
    0.394230   -0.476875  0.000000  1.0
    0.394230   -0.474875  0.000000  1.0
    0.394230   -0.472875  0.000000  1.0
    0.394230   -0.470875  0.000000  1.0
    0.394230   -0.468875  0.000000  1.0
    0.394230   -0.466875  0.000000  1.0
    0.394230   -0.464875  0.000000  1.0
    0.394230   -0.462875  0.000000  1.0
    0.394230   -0.460875  0.000000  1.0
    0.394230   -0.458875  0.000000  1.0
    0.394230   -0.456875  0.000000  1.0
    0.394230   -0.454875  0.000000  1.0
    0.394230   -0.452875  0.000000  1.0
    0.394230   -0.450875  0.000000  1.0
    0.394230   -0.448875  0.000000  1.0
    0.394230   -0.446875  0.000000  1.0
    0.394230   -0.444875  0.000000  1.0
    0.394230   -0.442875  0.000000  1.0
    0.394230   -0.440875  0.000000  1.0
    0.394230   -0.438875  0.000000  1.0
    0.394230   -0.436875  0.000000  1.0
    0.394230   -0.434875  0.000000  1.0
    0.394230   -0.432875  0.000000  1.0
    0.396230   -0.512875  0.000000  1.0
    0.396230   -0.510875  0.000000  1.0
    0.396230   -0.508875  0.000000  1.0
    0.396230   -0.506875  0.000000  1.0
    0.396230   -0.504875  0.000000  1.0
    0.396230   -0.502875  0.000000  1.0
    0.396230   -0.500875  0.000000  1.0
    0.396230   -0.498875  0.000000  1.0
    0.396230   -0.496875  0.000000  1.0
    0.396230   -0.494875  0.000000  1.0
    0.396230   -0.492875  0.000000  1.0
    0.396230   -0.490875  0.000000  1.0
    0.396230   -0.488875  0.000000  1.0
    0.396230   -0.486875  0.000000  1.0
    0.396230   -0.484875  0.000000  1.0
    0.396230   -0.482875  0.000000  1.0
    0.396230   -0.480875  0.000000  1.0
    0.396230   -0.478875  0.000000  1.0
    0.396230   -0.476875  0.000000  1.0
    0.396230   -0.474875  0.000000  1.0
    0.396230   -0.472875  0.000000  1.0
    0.396230   -0.470875  0.000000  1.0
    0.396230   -0.468875  0.000000  1.0
    0.396230   -0.466875  0.000000  1.0
    0.396230   -0.464875  0.000000  1.0
    0.396230   -0.462875  0.000000  1.0
    0.396230   -0.460875  0.000000  1.0
    0.396230   -0.458875  0.000000  1.0
    0.396230   -0.456875  0.000000  1.0
    0.396230   -0.454875  0.000000  1.0
    0.396230   -0.452875  0.000000  1.0
    0.396230   -0.450875  0.000000  1.0
    0.396230   -0.448875  0.000000  1.0
    0.396230   -0.446875  0.000000  1.0
    0.396230   -0.444875  0.000000  1.0
    0.396230   -0.442875  0.000000  1.0
    0.396230   -0.440875  0.000000  1.0
    0.396230   -0.438875  0.000000  1.0
    0.396230   -0.436875  0.000000  1.0
    0.396230   -0.434875  0.000000  1.0
    0.396230   -0.432875  0.000000  1.0
    0.398230   -0.512875  0.000000  1.0
    0.398230   -0.510875  0.000000  1.0
    0.398230   -0.508875  0.000000  1.0
    0.398230   -0.506875  0.000000  1.0
    0.398230   -0.504875  0.000000  1.0
    0.398230   -0.502875  0.000000  1.0
    0.398230   -0.500875  0.000000  1.0
    0.398230   -0.498875  0.000000  1.0
    0.398230   -0.496875  0.000000  1.0
    0.398230   -0.494875  0.000000  1.0
    0.398230   -0.492875  0.000000  1.0
    0.398230   -0.490875  0.000000  1.0
    0.398230   -0.488875  0.000000  1.0
    0.398230   -0.486875  0.000000  1.0
    0.398230   -0.484875  0.000000  1.0
    0.398230   -0.482875  0.000000  1.0
    0.398230   -0.480875  0.000000  1.0
    0.398230   -0.478875  0.000000  1.0
    0.398230   -0.476875  0.000000  1.0
    0.398230   -0.474875  0.000000  1.0
    0.398230   -0.472875  0.000000  1.0
    0.398230   -0.470875  0.000000  1.0
    0.398230   -0.468875  0.000000  1.0
    0.398230   -0.466875  0.000000  1.0
    0.398230   -0.464875  0.000000  1.0
    0.398230   -0.462875  0.000000  1.0
    0.398230   -0.460875  0.000000  1.0
    0.398230   -0.458875  0.000000  1.0
    0.398230   -0.456875  0.000000  1.0
    0.398230   -0.454875  0.000000  1.0
    0.398230   -0.452875  0.000000  1.0
    0.398230   -0.450875  0.000000  1.0
    0.398230   -0.448875  0.000000  1.0
    0.398230   -0.446875  0.000000  1.0
    0.398230   -0.444875  0.000000  1.0
    0.398230   -0.442875  0.000000  1.0
    0.398230   -0.440875  0.000000  1.0
    0.398230   -0.438875  0.000000  1.0
    0.398230   -0.436875  0.000000  1.0
    0.398230   -0.434875  0.000000  1.0
    0.398230   -0.432875  0.000000  1.0
    0.400230   -0.512875  0.000000  1.0
    0.400230   -0.510875  0.000000  1.0
    0.400230   -0.508875  0.000000  1.0
    0.400230   -0.506875  0.000000  1.0
    0.400230   -0.504875  0.000000  1.0
    0.400230   -0.502875  0.000000  1.0
    0.400230   -0.500875  0.000000  1.0
    0.400230   -0.498875  0.000000  1.0
    0.400230   -0.496875  0.000000  1.0
    0.400230   -0.494875  0.000000  1.0
    0.400230   -0.492875  0.000000  1.0
    0.400230   -0.490875  0.000000  1.0
    0.400230   -0.488875  0.000000  1.0
    0.400230   -0.486875  0.000000  1.0
    0.400230   -0.484875  0.000000  1.0
    0.400230   -0.482875  0.000000  1.0
    0.400230   -0.480875  0.000000  1.0
    0.400230   -0.478875  0.000000  1.0
    0.400230   -0.476875  0.000000  1.0
    0.400230   -0.474875  0.000000  1.0
    0.400230   -0.472875  0.000000  1.0
    0.400230   -0.470875  0.000000  1.0
    0.400230   -0.468875  0.000000  1.0
    0.400230   -0.466875  0.000000  1.0
    0.400230   -0.464875  0.000000  1.0
    0.400230   -0.462875  0.000000  1.0
    0.400230   -0.460875  0.000000  1.0
    0.400230   -0.458875  0.000000  1.0
    0.400230   -0.456875  0.000000  1.0
    0.400230   -0.454875  0.000000  1.0
    0.400230   -0.452875  0.000000  1.0
    0.400230   -0.450875  0.000000  1.0
    0.400230   -0.448875  0.000000  1.0
    0.400230   -0.446875  0.000000  1.0
    0.400230   -0.444875  0.000000  1.0
    0.400230   -0.442875  0.000000  1.0
    0.400230   -0.440875  0.000000  1.0
    0.400230   -0.438875  0.000000  1.0
    0.400230   -0.436875  0.000000  1.0
    0.400230   -0.434875  0.000000  1.0
    0.400230   -0.432875  0.000000  1.0
    0.402230   -0.512875  0.000000  1.0
    0.402230   -0.510875  0.000000  1.0
    0.402230   -0.508875  0.000000  1.0
    0.402230   -0.506875  0.000000  1.0
    0.402230   -0.504875  0.000000  1.0
    0.402230   -0.502875  0.000000  1.0
    0.402230   -0.500875  0.000000  1.0
    0.402230   -0.498875  0.000000  1.0
    0.402230   -0.496875  0.000000  1.0
    0.402230   -0.494875  0.000000  1.0
    0.402230   -0.492875  0.000000  1.0
    0.402230   -0.490875  0.000000  1.0
    0.402230   -0.488875  0.000000  1.0
    0.402230   -0.486875  0.000000  1.0
    0.402230   -0.484875  0.000000  1.0
    0.402230   -0.482875  0.000000  1.0
    0.402230   -0.480875  0.000000  1.0
    0.402230   -0.478875  0.000000  1.0
    0.402230   -0.476875  0.000000  1.0
    0.402230   -0.474875  0.000000  1.0
    0.402230   -0.472875  0.000000  1.0
    0.402230   -0.470875  0.000000  1.0
    0.402230   -0.468875  0.000000  1.0
    0.402230   -0.466875  0.000000  1.0
    0.402230   -0.464875  0.000000  1.0
    0.402230   -0.462875  0.000000  1.0
    0.402230   -0.460875  0.000000  1.0
    0.402230   -0.458875  0.000000  1.0
    0.402230   -0.456875  0.000000  1.0
    0.402230   -0.454875  0.000000  1.0
    0.402230   -0.452875  0.000000  1.0
    0.402230   -0.450875  0.000000  1.0
    0.402230   -0.448875  0.000000  1.0
    0.402230   -0.446875  0.000000  1.0
    0.402230   -0.444875  0.000000  1.0
    0.402230   -0.442875  0.000000  1.0
    0.402230   -0.440875  0.000000  1.0
    0.402230   -0.438875  0.000000  1.0
    0.402230   -0.436875  0.000000  1.0
    0.402230   -0.434875  0.000000  1.0
    0.402230   -0.432875  0.000000  1.0
    0.404230   -0.512875  0.000000  1.0
    0.404230   -0.510875  0.000000  1.0
    0.404230   -0.508875  0.000000  1.0
    0.404230   -0.506875  0.000000  1.0
    0.404230   -0.504875  0.000000  1.0
    0.404230   -0.502875  0.000000  1.0
    0.404230   -0.500875  0.000000  1.0
    0.404230   -0.498875  0.000000  1.0
    0.404230   -0.496875  0.000000  1.0
    0.404230   -0.494875  0.000000  1.0
    0.404230   -0.492875  0.000000  1.0
    0.404230   -0.490875  0.000000  1.0
    0.404230   -0.488875  0.000000  1.0
    0.404230   -0.486875  0.000000  1.0
    0.404230   -0.484875  0.000000  1.0
    0.404230   -0.482875  0.000000  1.0
    0.404230   -0.480875  0.000000  1.0
    0.404230   -0.478875  0.000000  1.0
    0.404230   -0.476875  0.000000  1.0
    0.404230   -0.474875  0.000000  1.0
    0.404230   -0.472875  0.000000  1.0
    0.404230   -0.470875  0.000000  1.0
    0.404230   -0.468875  0.000000  1.0
    0.404230   -0.466875  0.000000  1.0
    0.404230   -0.464875  0.000000  1.0
    0.404230   -0.462875  0.000000  1.0
    0.404230   -0.460875  0.000000  1.0
    0.404230   -0.458875  0.000000  1.0
    0.404230   -0.456875  0.000000  1.0
    0.404230   -0.454875  0.000000  1.0
    0.404230   -0.452875  0.000000  1.0
    0.404230   -0.450875  0.000000  1.0
    0.404230   -0.448875  0.000000  1.0
    0.404230   -0.446875  0.000000  1.0
    0.404230   -0.444875  0.000000  1.0
    0.404230   -0.442875  0.000000  1.0
    0.404230   -0.440875  0.000000  1.0
    0.404230   -0.438875  0.000000  1.0
    0.404230   -0.436875  0.000000  1.0
    0.404230   -0.434875  0.000000  1.0
    0.404230   -0.432875  0.000000  1.0
    0.406230   -0.512875  0.000000  1.0
    0.406230   -0.510875  0.000000  1.0
    0.406230   -0.508875  0.000000  1.0
    0.406230   -0.506875  0.000000  1.0
    0.406230   -0.504875  0.000000  1.0
    0.406230   -0.502875  0.000000  1.0
    0.406230   -0.500875  0.000000  1.0
    0.406230   -0.498875  0.000000  1.0
    0.406230   -0.496875  0.000000  1.0
    0.406230   -0.494875  0.000000  1.0
    0.406230   -0.492875  0.000000  1.0
    0.406230   -0.490875  0.000000  1.0
    0.406230   -0.488875  0.000000  1.0
    0.406230   -0.486875  0.000000  1.0
    0.406230   -0.484875  0.000000  1.0
    0.406230   -0.482875  0.000000  1.0
    0.406230   -0.480875  0.000000  1.0
    0.406230   -0.478875  0.000000  1.0
    0.406230   -0.476875  0.000000  1.0
    0.406230   -0.474875  0.000000  1.0
    0.406230   -0.472875  0.000000  1.0
    0.406230   -0.470875  0.000000  1.0
    0.406230   -0.468875  0.000000  1.0
    0.406230   -0.466875  0.000000  1.0
    0.406230   -0.464875  0.000000  1.0
    0.406230   -0.462875  0.000000  1.0
    0.406230   -0.460875  0.000000  1.0
    0.406230   -0.458875  0.000000  1.0
    0.406230   -0.456875  0.000000  1.0
    0.406230   -0.454875  0.000000  1.0
    0.406230   -0.452875  0.000000  1.0
    0.406230   -0.450875  0.000000  1.0
    0.406230   -0.448875  0.000000  1.0
    0.406230   -0.446875  0.000000  1.0
    0.406230   -0.444875  0.000000  1.0
    0.406230   -0.442875  0.000000  1.0
    0.406230   -0.440875  0.000000  1.0
    0.406230   -0.438875  0.000000  1.0
    0.406230   -0.436875  0.000000  1.0
    0.406230   -0.434875  0.000000  1.0
    0.406230   -0.432875  0.000000  1.0
    0.408230   -0.512875  0.000000  1.0
    0.408230   -0.510875  0.000000  1.0
    0.408230   -0.508875  0.000000  1.0
    0.408230   -0.506875  0.000000  1.0
    0.408230   -0.504875  0.000000  1.0
    0.408230   -0.502875  0.000000  1.0
    0.408230   -0.500875  0.000000  1.0
    0.408230   -0.498875  0.000000  1.0
    0.408230   -0.496875  0.000000  1.0
    0.408230   -0.494875  0.000000  1.0
    0.408230   -0.492875  0.000000  1.0
    0.408230   -0.490875  0.000000  1.0
    0.408230   -0.488875  0.000000  1.0
    0.408230   -0.486875  0.000000  1.0
    0.408230   -0.484875  0.000000  1.0
    0.408230   -0.482875  0.000000  1.0
    0.408230   -0.480875  0.000000  1.0
    0.408230   -0.478875  0.000000  1.0
    0.408230   -0.476875  0.000000  1.0
    0.408230   -0.474875  0.000000  1.0
    0.408230   -0.472875  0.000000  1.0
    0.408230   -0.470875  0.000000  1.0
    0.408230   -0.468875  0.000000  1.0
    0.408230   -0.466875  0.000000  1.0
    0.408230   -0.464875  0.000000  1.0
    0.408230   -0.462875  0.000000  1.0
    0.408230   -0.460875  0.000000  1.0
    0.408230   -0.458875  0.000000  1.0
    0.408230   -0.456875  0.000000  1.0
    0.408230   -0.454875  0.000000  1.0
    0.408230   -0.452875  0.000000  1.0
    0.408230   -0.450875  0.000000  1.0
    0.408230   -0.448875  0.000000  1.0
    0.408230   -0.446875  0.000000  1.0
    0.408230   -0.444875  0.000000  1.0
    0.408230   -0.442875  0.000000  1.0
    0.408230   -0.440875  0.000000  1.0
    0.408230   -0.438875  0.000000  1.0
    0.408230   -0.436875  0.000000  1.0
    0.408230   -0.434875  0.000000  1.0
    0.408230   -0.432875  0.000000  1.0
    0.410230   -0.512875  0.000000  1.0
    0.410230   -0.510875  0.000000  1.0
    0.410230   -0.508875  0.000000  1.0
    0.410230   -0.506875  0.000000  1.0
    0.410230   -0.504875  0.000000  1.0
    0.410230   -0.502875  0.000000  1.0
    0.410230   -0.500875  0.000000  1.0
    0.410230   -0.498875  0.000000  1.0
    0.410230   -0.496875  0.000000  1.0
    0.410230   -0.494875  0.000000  1.0
    0.410230   -0.492875  0.000000  1.0
    0.410230   -0.490875  0.000000  1.0
    0.410230   -0.488875  0.000000  1.0
    0.410230   -0.486875  0.000000  1.0
    0.410230   -0.484875  0.000000  1.0
    0.410230   -0.482875  0.000000  1.0
    0.410230   -0.480875  0.000000  1.0
    0.410230   -0.478875  0.000000  1.0
    0.410230   -0.476875  0.000000  1.0
    0.410230   -0.474875  0.000000  1.0
    0.410230   -0.472875  0.000000  1.0
    0.410230   -0.470875  0.000000  1.0
    0.410230   -0.468875  0.000000  1.0
    0.410230   -0.466875  0.000000  1.0
    0.410230   -0.464875  0.000000  1.0
    0.410230   -0.462875  0.000000  1.0
    0.410230   -0.460875  0.000000  1.0
    0.410230   -0.458875  0.000000  1.0
    0.410230   -0.456875  0.000000  1.0
    0.410230   -0.454875  0.000000  1.0
    0.410230   -0.452875  0.000000  1.0
    0.410230   -0.450875  0.000000  1.0
    0.410230   -0.448875  0.000000  1.0
    0.410230   -0.446875  0.000000  1.0
    0.410230   -0.444875  0.000000  1.0
    0.410230   -0.442875  0.000000  1.0
    0.410230   -0.440875  0.000000  1.0
    0.410230   -0.438875  0.000000  1.0
    0.410230   -0.436875  0.000000  1.0
    0.410230   -0.434875  0.000000  1.0
    0.410230   -0.432875  0.000000  1.0
    0.412230   -0.512875  0.000000  1.0
    0.412230   -0.510875  0.000000  1.0
    0.412230   -0.508875  0.000000  1.0
    0.412230   -0.506875  0.000000  1.0
    0.412230   -0.504875  0.000000  1.0
    0.412230   -0.502875  0.000000  1.0
    0.412230   -0.500875  0.000000  1.0
    0.412230   -0.498875  0.000000  1.0
    0.412230   -0.496875  0.000000  1.0
    0.412230   -0.494875  0.000000  1.0
    0.412230   -0.492875  0.000000  1.0
    0.412230   -0.490875  0.000000  1.0
    0.412230   -0.488875  0.000000  1.0
    0.412230   -0.486875  0.000000  1.0
    0.412230   -0.484875  0.000000  1.0
    0.412230   -0.482875  0.000000  1.0
    0.412230   -0.480875  0.000000  1.0
    0.412230   -0.478875  0.000000  1.0
    0.412230   -0.476875  0.000000  1.0
    0.412230   -0.474875  0.000000  1.0
    0.412230   -0.472875  0.000000  1.0
    0.412230   -0.470875  0.000000  1.0
    0.412230   -0.468875  0.000000  1.0
    0.412230   -0.466875  0.000000  1.0
    0.412230   -0.464875  0.000000  1.0
    0.412230   -0.462875  0.000000  1.0
    0.412230   -0.460875  0.000000  1.0
    0.412230   -0.458875  0.000000  1.0
    0.412230   -0.456875  0.000000  1.0
    0.412230   -0.454875  0.000000  1.0
    0.412230   -0.452875  0.000000  1.0
    0.412230   -0.450875  0.000000  1.0
    0.412230   -0.448875  0.000000  1.0
    0.412230   -0.446875  0.000000  1.0
    0.412230   -0.444875  0.000000  1.0
    0.412230   -0.442875  0.000000  1.0
    0.412230   -0.440875  0.000000  1.0
    0.412230   -0.438875  0.000000  1.0
    0.412230   -0.436875  0.000000  1.0
    0.412230   -0.434875  0.000000  1.0
    0.412230   -0.432875  0.000000  1.0
    0.414230   -0.512875  0.000000  1.0
    0.414230   -0.510875  0.000000  1.0
    0.414230   -0.508875  0.000000  1.0
    0.414230   -0.506875  0.000000  1.0
    0.414230   -0.504875  0.000000  1.0
    0.414230   -0.502875  0.000000  1.0
    0.414230   -0.500875  0.000000  1.0
    0.414230   -0.498875  0.000000  1.0
    0.414230   -0.496875  0.000000  1.0
    0.414230   -0.494875  0.000000  1.0
    0.414230   -0.492875  0.000000  1.0
    0.414230   -0.490875  0.000000  1.0
    0.414230   -0.488875  0.000000  1.0
    0.414230   -0.486875  0.000000  1.0
    0.414230   -0.484875  0.000000  1.0
    0.414230   -0.482875  0.000000  1.0
    0.414230   -0.480875  0.000000  1.0
    0.414230   -0.478875  0.000000  1.0
    0.414230   -0.476875  0.000000  1.0
    0.414230   -0.474875  0.000000  1.0
    0.414230   -0.472875  0.000000  1.0
    0.414230   -0.470875  0.000000  1.0
    0.414230   -0.468875  0.000000  1.0
    0.414230   -0.466875  0.000000  1.0
    0.414230   -0.464875  0.000000  1.0
    0.414230   -0.462875  0.000000  1.0
    0.414230   -0.460875  0.000000  1.0
    0.414230   -0.458875  0.000000  1.0
    0.414230   -0.456875  0.000000  1.0
    0.414230   -0.454875  0.000000  1.0
    0.414230   -0.452875  0.000000  1.0
    0.414230   -0.450875  0.000000  1.0
    0.414230   -0.448875  0.000000  1.0
    0.414230   -0.446875  0.000000  1.0
    0.414230   -0.444875  0.000000  1.0
    0.414230   -0.442875  0.000000  1.0
    0.414230   -0.440875  0.000000  1.0
    0.414230   -0.438875  0.000000  1.0
    0.414230   -0.436875  0.000000  1.0
    0.414230   -0.434875  0.000000  1.0
    0.414230   -0.432875  0.000000  1.0
    0.416230   -0.512875  0.000000  1.0
    0.416230   -0.510875  0.000000  1.0
    0.416230   -0.508875  0.000000  1.0
    0.416230   -0.506875  0.000000  1.0
    0.416230   -0.504875  0.000000  1.0
    0.416230   -0.502875  0.000000  1.0
    0.416230   -0.500875  0.000000  1.0
    0.416230   -0.498875  0.000000  1.0
    0.416230   -0.496875  0.000000  1.0
    0.416230   -0.494875  0.000000  1.0
    0.416230   -0.492875  0.000000  1.0
    0.416230   -0.490875  0.000000  1.0
    0.416230   -0.488875  0.000000  1.0
    0.416230   -0.486875  0.000000  1.0
    0.416230   -0.484875  0.000000  1.0
    0.416230   -0.482875  0.000000  1.0
    0.416230   -0.480875  0.000000  1.0
    0.416230   -0.478875  0.000000  1.0
    0.416230   -0.476875  0.000000  1.0
    0.416230   -0.474875  0.000000  1.0
    0.416230   -0.472875  0.000000  1.0
    0.416230   -0.470875  0.000000  1.0
    0.416230   -0.468875  0.000000  1.0
    0.416230   -0.466875  0.000000  1.0
    0.416230   -0.464875  0.000000  1.0
    0.416230   -0.462875  0.000000  1.0
    0.416230   -0.460875  0.000000  1.0
    0.416230   -0.458875  0.000000  1.0
    0.416230   -0.456875  0.000000  1.0
    0.416230   -0.454875  0.000000  1.0
    0.416230   -0.452875  0.000000  1.0
    0.416230   -0.450875  0.000000  1.0
    0.416230   -0.448875  0.000000  1.0
    0.416230   -0.446875  0.000000  1.0
    0.416230   -0.444875  0.000000  1.0
    0.416230   -0.442875  0.000000  1.0
    0.416230   -0.440875  0.000000  1.0
    0.416230   -0.438875  0.000000  1.0
    0.416230   -0.436875  0.000000  1.0
    0.416230   -0.434875  0.000000  1.0
    0.416230   -0.432875  0.000000  1.0
    0.418230   -0.512875  0.000000  1.0
    0.418230   -0.510875  0.000000  1.0
    0.418230   -0.508875  0.000000  1.0
    0.418230   -0.506875  0.000000  1.0
    0.418230   -0.504875  0.000000  1.0
    0.418230   -0.502875  0.000000  1.0
    0.418230   -0.500875  0.000000  1.0
    0.418230   -0.498875  0.000000  1.0
    0.418230   -0.496875  0.000000  1.0
    0.418230   -0.494875  0.000000  1.0
    0.418230   -0.492875  0.000000  1.0
    0.418230   -0.490875  0.000000  1.0
    0.418230   -0.488875  0.000000  1.0
    0.418230   -0.486875  0.000000  1.0
    0.418230   -0.484875  0.000000  1.0
    0.418230   -0.482875  0.000000  1.0
    0.418230   -0.480875  0.000000  1.0
    0.418230   -0.478875  0.000000  1.0
    0.418230   -0.476875  0.000000  1.0
    0.418230   -0.474875  0.000000  1.0
    0.418230   -0.472875  0.000000  1.0
    0.418230   -0.470875  0.000000  1.0
    0.418230   -0.468875  0.000000  1.0
    0.418230   -0.466875  0.000000  1.0
    0.418230   -0.464875  0.000000  1.0
    0.418230   -0.462875  0.000000  1.0
    0.418230   -0.460875  0.000000  1.0
    0.418230   -0.458875  0.000000  1.0
    0.418230   -0.456875  0.000000  1.0
    0.418230   -0.454875  0.000000  1.0
    0.418230   -0.452875  0.000000  1.0
    0.418230   -0.450875  0.000000  1.0
    0.418230   -0.448875  0.000000  1.0
    0.418230   -0.446875  0.000000  1.0
    0.418230   -0.444875  0.000000  1.0
    0.418230   -0.442875  0.000000  1.0
    0.418230   -0.440875  0.000000  1.0
    0.418230   -0.438875  0.000000  1.0
    0.418230   -0.436875  0.000000  1.0
    0.418230   -0.434875  0.000000  1.0
    0.418230   -0.432875  0.000000  1.0
    0.420230   -0.512875  0.000000  1.0
    0.420230   -0.510875  0.000000  1.0
    0.420230   -0.508875  0.000000  1.0
    0.420230   -0.506875  0.000000  1.0
    0.420230   -0.504875  0.000000  1.0
    0.420230   -0.502875  0.000000  1.0
    0.420230   -0.500875  0.000000  1.0
    0.420230   -0.498875  0.000000  1.0
    0.420230   -0.496875  0.000000  1.0
    0.420230   -0.494875  0.000000  1.0
    0.420230   -0.492875  0.000000  1.0
    0.420230   -0.490875  0.000000  1.0
    0.420230   -0.488875  0.000000  1.0
    0.420230   -0.486875  0.000000  1.0
    0.420230   -0.484875  0.000000  1.0
    0.420230   -0.482875  0.000000  1.0
    0.420230   -0.480875  0.000000  1.0
    0.420230   -0.478875  0.000000  1.0
    0.420230   -0.476875  0.000000  1.0
    0.420230   -0.474875  0.000000  1.0
    0.420230   -0.472875  0.000000  1.0
    0.420230   -0.470875  0.000000  1.0
    0.420230   -0.468875  0.000000  1.0
    0.420230   -0.466875  0.000000  1.0
    0.420230   -0.464875  0.000000  1.0
    0.420230   -0.462875  0.000000  1.0
    0.420230   -0.460875  0.000000  1.0
    0.420230   -0.458875  0.000000  1.0
    0.420230   -0.456875  0.000000  1.0
    0.420230   -0.454875  0.000000  1.0
    0.420230   -0.452875  0.000000  1.0
    0.420230   -0.450875  0.000000  1.0
    0.420230   -0.448875  0.000000  1.0
    0.420230   -0.446875  0.000000  1.0
    0.420230   -0.444875  0.000000  1.0
    0.420230   -0.442875  0.000000  1.0
    0.420230   -0.440875  0.000000  1.0
    0.420230   -0.438875  0.000000  1.0
    0.420230   -0.436875  0.000000  1.0
    0.420230   -0.434875  0.000000  1.0
    0.420230   -0.432875  0.000000  1.0
    0.422230   -0.512875  0.000000  1.0
    0.422230   -0.510875  0.000000  1.0
    0.422230   -0.508875  0.000000  1.0
    0.422230   -0.506875  0.000000  1.0
    0.422230   -0.504875  0.000000  1.0
    0.422230   -0.502875  0.000000  1.0
    0.422230   -0.500875  0.000000  1.0
    0.422230   -0.498875  0.000000  1.0
    0.422230   -0.496875  0.000000  1.0
    0.422230   -0.494875  0.000000  1.0
    0.422230   -0.492875  0.000000  1.0
    0.422230   -0.490875  0.000000  1.0
    0.422230   -0.488875  0.000000  1.0
    0.422230   -0.486875  0.000000  1.0
    0.422230   -0.484875  0.000000  1.0
    0.422230   -0.482875  0.000000  1.0
    0.422230   -0.480875  0.000000  1.0
    0.422230   -0.478875  0.000000  1.0
    0.422230   -0.476875  0.000000  1.0
    0.422230   -0.474875  0.000000  1.0
    0.422230   -0.472875  0.000000  1.0
    0.422230   -0.470875  0.000000  1.0
    0.422230   -0.468875  0.000000  1.0
    0.422230   -0.466875  0.000000  1.0
    0.422230   -0.464875  0.000000  1.0
    0.422230   -0.462875  0.000000  1.0
    0.422230   -0.460875  0.000000  1.0
    0.422230   -0.458875  0.000000  1.0
    0.422230   -0.456875  0.000000  1.0
    0.422230   -0.454875  0.000000  1.0
    0.422230   -0.452875  0.000000  1.0
    0.422230   -0.450875  0.000000  1.0
    0.422230   -0.448875  0.000000  1.0
    0.422230   -0.446875  0.000000  1.0
    0.422230   -0.444875  0.000000  1.0
    0.422230   -0.442875  0.000000  1.0
    0.422230   -0.440875  0.000000  1.0
    0.422230   -0.438875  0.000000  1.0
    0.422230   -0.436875  0.000000  1.0
    0.422230   -0.434875  0.000000  1.0
    0.422230   -0.432875  0.000000  1.0
    0.424230   -0.512875  0.000000  1.0
    0.424230   -0.510875  0.000000  1.0
    0.424230   -0.508875  0.000000  1.0
    0.424230   -0.506875  0.000000  1.0
    0.424230   -0.504875  0.000000  1.0
    0.424230   -0.502875  0.000000  1.0
    0.424230   -0.500875  0.000000  1.0
    0.424230   -0.498875  0.000000  1.0
    0.424230   -0.496875  0.000000  1.0
    0.424230   -0.494875  0.000000  1.0
    0.424230   -0.492875  0.000000  1.0
    0.424230   -0.490875  0.000000  1.0
    0.424230   -0.488875  0.000000  1.0
    0.424230   -0.486875  0.000000  1.0
    0.424230   -0.484875  0.000000  1.0
    0.424230   -0.482875  0.000000  1.0
    0.424230   -0.480875  0.000000  1.0
    0.424230   -0.478875  0.000000  1.0
    0.424230   -0.476875  0.000000  1.0
    0.424230   -0.474875  0.000000  1.0
    0.424230   -0.472875  0.000000  1.0
    0.424230   -0.470875  0.000000  1.0
    0.424230   -0.468875  0.000000  1.0
    0.424230   -0.466875  0.000000  1.0
    0.424230   -0.464875  0.000000  1.0
    0.424230   -0.462875  0.000000  1.0
    0.424230   -0.460875  0.000000  1.0
    0.424230   -0.458875  0.000000  1.0
    0.424230   -0.456875  0.000000  1.0
    0.424230   -0.454875  0.000000  1.0
    0.424230   -0.452875  0.000000  1.0
    0.424230   -0.450875  0.000000  1.0
    0.424230   -0.448875  0.000000  1.0
    0.424230   -0.446875  0.000000  1.0
    0.424230   -0.444875  0.000000  1.0
    0.424230   -0.442875  0.000000  1.0
    0.424230   -0.440875  0.000000  1.0
    0.424230   -0.438875  0.000000  1.0
    0.424230   -0.436875  0.000000  1.0
    0.424230   -0.434875  0.000000  1.0
    0.424230   -0.432875  0.000000  1.0
    0.426230   -0.512875  0.000000  1.0
    0.426230   -0.510875  0.000000  1.0
    0.426230   -0.508875  0.000000  1.0
    0.426230   -0.506875  0.000000  1.0
    0.426230   -0.504875  0.000000  1.0
    0.426230   -0.502875  0.000000  1.0
    0.426230   -0.500875  0.000000  1.0
    0.426230   -0.498875  0.000000  1.0
    0.426230   -0.496875  0.000000  1.0
    0.426230   -0.494875  0.000000  1.0
    0.426230   -0.492875  0.000000  1.0
    0.426230   -0.490875  0.000000  1.0
    0.426230   -0.488875  0.000000  1.0
    0.426230   -0.486875  0.000000  1.0
    0.426230   -0.484875  0.000000  1.0
    0.426230   -0.482875  0.000000  1.0
    0.426230   -0.480875  0.000000  1.0
    0.426230   -0.478875  0.000000  1.0
    0.426230   -0.476875  0.000000  1.0
    0.426230   -0.474875  0.000000  1.0
    0.426230   -0.472875  0.000000  1.0
    0.426230   -0.470875  0.000000  1.0
    0.426230   -0.468875  0.000000  1.0
    0.426230   -0.466875  0.000000  1.0
    0.426230   -0.464875  0.000000  1.0
    0.426230   -0.462875  0.000000  1.0
    0.426230   -0.460875  0.000000  1.0
    0.426230   -0.458875  0.000000  1.0
    0.426230   -0.456875  0.000000  1.0
    0.426230   -0.454875  0.000000  1.0
    0.426230   -0.452875  0.000000  1.0
    0.426230   -0.450875  0.000000  1.0
    0.426230   -0.448875  0.000000  1.0
    0.426230   -0.446875  0.000000  1.0
    0.426230   -0.444875  0.000000  1.0
    0.426230   -0.442875  0.000000  1.0
    0.426230   -0.440875  0.000000  1.0
    0.426230   -0.438875  0.000000  1.0
    0.426230   -0.436875  0.000000  1.0
    0.426230   -0.434875  0.000000  1.0
    0.426230   -0.432875  0.000000  1.0
    0.428230   -0.512875  0.000000  1.0
    0.428230   -0.510875  0.000000  1.0
    0.428230   -0.508875  0.000000  1.0
    0.428230   -0.506875  0.000000  1.0
    0.428230   -0.504875  0.000000  1.0
    0.428230   -0.502875  0.000000  1.0
    0.428230   -0.500875  0.000000  1.0
    0.428230   -0.498875  0.000000  1.0
    0.428230   -0.496875  0.000000  1.0
    0.428230   -0.494875  0.000000  1.0
    0.428230   -0.492875  0.000000  1.0
    0.428230   -0.490875  0.000000  1.0
    0.428230   -0.488875  0.000000  1.0
    0.428230   -0.486875  0.000000  1.0
    0.428230   -0.484875  0.000000  1.0
    0.428230   -0.482875  0.000000  1.0
    0.428230   -0.480875  0.000000  1.0
    0.428230   -0.478875  0.000000  1.0
    0.428230   -0.476875  0.000000  1.0
    0.428230   -0.474875  0.000000  1.0
    0.428230   -0.472875  0.000000  1.0
    0.428230   -0.470875  0.000000  1.0
    0.428230   -0.468875  0.000000  1.0
    0.428230   -0.466875  0.000000  1.0
    0.428230   -0.464875  0.000000  1.0
    0.428230   -0.462875  0.000000  1.0
    0.428230   -0.460875  0.000000  1.0
    0.428230   -0.458875  0.000000  1.0
    0.428230   -0.456875  0.000000  1.0
    0.428230   -0.454875  0.000000  1.0
    0.428230   -0.452875  0.000000  1.0
    0.428230   -0.450875  0.000000  1.0
    0.428230   -0.448875  0.000000  1.0
    0.428230   -0.446875  0.000000  1.0
    0.428230   -0.444875  0.000000  1.0
    0.428230   -0.442875  0.000000  1.0
    0.428230   -0.440875  0.000000  1.0
    0.428230   -0.438875  0.000000  1.0
    0.428230   -0.436875  0.000000  1.0
    0.428230   -0.434875  0.000000  1.0
    0.428230   -0.432875  0.000000  1.0
    0.430230   -0.512875  0.000000  1.0
    0.430230   -0.510875  0.000000  1.0
    0.430230   -0.508875  0.000000  1.0
    0.430230   -0.506875  0.000000  1.0
    0.430230   -0.504875  0.000000  1.0
    0.430230   -0.502875  0.000000  1.0
    0.430230   -0.500875  0.000000  1.0
    0.430230   -0.498875  0.000000  1.0
    0.430230   -0.496875  0.000000  1.0
    0.430230   -0.494875  0.000000  1.0
    0.430230   -0.492875  0.000000  1.0
    0.430230   -0.490875  0.000000  1.0
    0.430230   -0.488875  0.000000  1.0
    0.430230   -0.486875  0.000000  1.0
    0.430230   -0.484875  0.000000  1.0
    0.430230   -0.482875  0.000000  1.0
    0.430230   -0.480875  0.000000  1.0
    0.430230   -0.478875  0.000000  1.0
    0.430230   -0.476875  0.000000  1.0
    0.430230   -0.474875  0.000000  1.0
    0.430230   -0.472875  0.000000  1.0
    0.430230   -0.470875  0.000000  1.0
    0.430230   -0.468875  0.000000  1.0
    0.430230   -0.466875  0.000000  1.0
    0.430230   -0.464875  0.000000  1.0
    0.430230   -0.462875  0.000000  1.0
    0.430230   -0.460875  0.000000  1.0
    0.430230   -0.458875  0.000000  1.0
    0.430230   -0.456875  0.000000  1.0
    0.430230   -0.454875  0.000000  1.0
    0.430230   -0.452875  0.000000  1.0
    0.430230   -0.450875  0.000000  1.0
    0.430230   -0.448875  0.000000  1.0
    0.430230   -0.446875  0.000000  1.0
    0.430230   -0.444875  0.000000  1.0
    0.430230   -0.442875  0.000000  1.0
    0.430230   -0.440875  0.000000  1.0
    0.430230   -0.438875  0.000000  1.0
    0.430230   -0.436875  0.000000  1.0
    0.430230   -0.434875  0.000000  1.0
    0.430230   -0.432875  0.000000  1.0
    0.432230   -0.512875  0.000000  1.0
    0.432230   -0.510875  0.000000  1.0
    0.432230   -0.508875  0.000000  1.0
    0.432230   -0.506875  0.000000  1.0
    0.432230   -0.504875  0.000000  1.0
    0.432230   -0.502875  0.000000  1.0
    0.432230   -0.500875  0.000000  1.0
    0.432230   -0.498875  0.000000  1.0
    0.432230   -0.496875  0.000000  1.0
    0.432230   -0.494875  0.000000  1.0
    0.432230   -0.492875  0.000000  1.0
    0.432230   -0.490875  0.000000  1.0
    0.432230   -0.488875  0.000000  1.0
    0.432230   -0.486875  0.000000  1.0
    0.432230   -0.484875  0.000000  1.0
    0.432230   -0.482875  0.000000  1.0
    0.432230   -0.480875  0.000000  1.0
    0.432230   -0.478875  0.000000  1.0
    0.432230   -0.476875  0.000000  1.0
    0.432230   -0.474875  0.000000  1.0
    0.432230   -0.472875  0.000000  1.0
    0.432230   -0.470875  0.000000  1.0
    0.432230   -0.468875  0.000000  1.0
    0.432230   -0.466875  0.000000  1.0
    0.432230   -0.464875  0.000000  1.0
    0.432230   -0.462875  0.000000  1.0
    0.432230   -0.460875  0.000000  1.0
    0.432230   -0.458875  0.000000  1.0
    0.432230   -0.456875  0.000000  1.0
    0.432230   -0.454875  0.000000  1.0
    0.432230   -0.452875  0.000000  1.0
    0.432230   -0.450875  0.000000  1.0
    0.432230   -0.448875  0.000000  1.0
    0.432230   -0.446875  0.000000  1.0
    0.432230   -0.444875  0.000000  1.0
    0.432230   -0.442875  0.000000  1.0
    0.432230   -0.440875  0.000000  1.0
    0.432230   -0.438875  0.000000  1.0
    0.432230   -0.436875  0.000000  1.0
    0.432230   -0.434875  0.000000  1.0
    0.432230   -0.432875  0.000000  1.0
    0.434230   -0.512875  0.000000  1.0
    0.434230   -0.510875  0.000000  1.0
    0.434230   -0.508875  0.000000  1.0
    0.434230   -0.506875  0.000000  1.0
    0.434230   -0.504875  0.000000  1.0
    0.434230   -0.502875  0.000000  1.0
    0.434230   -0.500875  0.000000  1.0
    0.434230   -0.498875  0.000000  1.0
    0.434230   -0.496875  0.000000  1.0
    0.434230   -0.494875  0.000000  1.0
    0.434230   -0.492875  0.000000  1.0
    0.434230   -0.490875  0.000000  1.0
    0.434230   -0.488875  0.000000  1.0
    0.434230   -0.486875  0.000000  1.0
    0.434230   -0.484875  0.000000  1.0
    0.434230   -0.482875  0.000000  1.0
    0.434230   -0.480875  0.000000  1.0
    0.434230   -0.478875  0.000000  1.0
    0.434230   -0.476875  0.000000  1.0
    0.434230   -0.474875  0.000000  1.0
    0.434230   -0.472875  0.000000  1.0
    0.434230   -0.470875  0.000000  1.0
    0.434230   -0.468875  0.000000  1.0
    0.434230   -0.466875  0.000000  1.0
    0.434230   -0.464875  0.000000  1.0
    0.434230   -0.462875  0.000000  1.0
    0.434230   -0.460875  0.000000  1.0
    0.434230   -0.458875  0.000000  1.0
    0.434230   -0.456875  0.000000  1.0
    0.434230   -0.454875  0.000000  1.0
    0.434230   -0.452875  0.000000  1.0
    0.434230   -0.450875  0.000000  1.0
    0.434230   -0.448875  0.000000  1.0
    0.434230   -0.446875  0.000000  1.0
    0.434230   -0.444875  0.000000  1.0
    0.434230   -0.442875  0.000000  1.0
    0.434230   -0.440875  0.000000  1.0
    0.434230   -0.438875  0.000000  1.0
    0.434230   -0.436875  0.000000  1.0
    0.434230   -0.434875  0.000000  1.0
    0.434230   -0.432875  0.000000  1.0
    0.436230   -0.512875  0.000000  1.0
    0.436230   -0.510875  0.000000  1.0
    0.436230   -0.508875  0.000000  1.0
    0.436230   -0.506875  0.000000  1.0
    0.436230   -0.504875  0.000000  1.0
    0.436230   -0.502875  0.000000  1.0
    0.436230   -0.500875  0.000000  1.0
    0.436230   -0.498875  0.000000  1.0
    0.436230   -0.496875  0.000000  1.0
    0.436230   -0.494875  0.000000  1.0
    0.436230   -0.492875  0.000000  1.0
    0.436230   -0.490875  0.000000  1.0
    0.436230   -0.488875  0.000000  1.0
    0.436230   -0.486875  0.000000  1.0
    0.436230   -0.484875  0.000000  1.0
    0.436230   -0.482875  0.000000  1.0
    0.436230   -0.480875  0.000000  1.0
    0.436230   -0.478875  0.000000  1.0
    0.436230   -0.476875  0.000000  1.0
    0.436230   -0.474875  0.000000  1.0
    0.436230   -0.472875  0.000000  1.0
    0.436230   -0.470875  0.000000  1.0
    0.436230   -0.468875  0.000000  1.0
    0.436230   -0.466875  0.000000  1.0
    0.436230   -0.464875  0.000000  1.0
    0.436230   -0.462875  0.000000  1.0
    0.436230   -0.460875  0.000000  1.0
    0.436230   -0.458875  0.000000  1.0
    0.436230   -0.456875  0.000000  1.0
    0.436230   -0.454875  0.000000  1.0
    0.436230   -0.452875  0.000000  1.0
    0.436230   -0.450875  0.000000  1.0
    0.436230   -0.448875  0.000000  1.0
    0.436230   -0.446875  0.000000  1.0
    0.436230   -0.444875  0.000000  1.0
    0.436230   -0.442875  0.000000  1.0
    0.436230   -0.440875  0.000000  1.0
    0.436230   -0.438875  0.000000  1.0
    0.436230   -0.436875  0.000000  1.0
    0.436230   -0.434875  0.000000  1.0
    0.436230   -0.432875  0.000000  1.0
    0.438230   -0.512875  0.000000  1.0
    0.438230   -0.510875  0.000000  1.0
    0.438230   -0.508875  0.000000  1.0
    0.438230   -0.506875  0.000000  1.0
    0.438230   -0.504875  0.000000  1.0
    0.438230   -0.502875  0.000000  1.0
    0.438230   -0.500875  0.000000  1.0
    0.438230   -0.498875  0.000000  1.0
    0.438230   -0.496875  0.000000  1.0
    0.438230   -0.494875  0.000000  1.0
    0.438230   -0.492875  0.000000  1.0
    0.438230   -0.490875  0.000000  1.0
    0.438230   -0.488875  0.000000  1.0
    0.438230   -0.486875  0.000000  1.0
    0.438230   -0.484875  0.000000  1.0
    0.438230   -0.482875  0.000000  1.0
    0.438230   -0.480875  0.000000  1.0
    0.438230   -0.478875  0.000000  1.0
    0.438230   -0.476875  0.000000  1.0
    0.438230   -0.474875  0.000000  1.0
    0.438230   -0.472875  0.000000  1.0
    0.438230   -0.470875  0.000000  1.0
    0.438230   -0.468875  0.000000  1.0
    0.438230   -0.466875  0.000000  1.0
    0.438230   -0.464875  0.000000  1.0
    0.438230   -0.462875  0.000000  1.0
    0.438230   -0.460875  0.000000  1.0
    0.438230   -0.458875  0.000000  1.0
    0.438230   -0.456875  0.000000  1.0
    0.438230   -0.454875  0.000000  1.0
    0.438230   -0.452875  0.000000  1.0
    0.438230   -0.450875  0.000000  1.0
    0.438230   -0.448875  0.000000  1.0
    0.438230   -0.446875  0.000000  1.0
    0.438230   -0.444875  0.000000  1.0
    0.438230   -0.442875  0.000000  1.0
    0.438230   -0.440875  0.000000  1.0
    0.438230   -0.438875  0.000000  1.0
    0.438230   -0.436875  0.000000  1.0
    0.438230   -0.434875  0.000000  1.0
    0.438230   -0.432875  0.000000  1.0
    0.440230   -0.512875  0.000000  1.0
    0.440230   -0.510875  0.000000  1.0
    0.440230   -0.508875  0.000000  1.0
    0.440230   -0.506875  0.000000  1.0
    0.440230   -0.504875  0.000000  1.0
    0.440230   -0.502875  0.000000  1.0
    0.440230   -0.500875  0.000000  1.0
    0.440230   -0.498875  0.000000  1.0
    0.440230   -0.496875  0.000000  1.0
    0.440230   -0.494875  0.000000  1.0
    0.440230   -0.492875  0.000000  1.0
    0.440230   -0.490875  0.000000  1.0
    0.440230   -0.488875  0.000000  1.0
    0.440230   -0.486875  0.000000  1.0
    0.440230   -0.484875  0.000000  1.0
    0.440230   -0.482875  0.000000  1.0
    0.440230   -0.480875  0.000000  1.0
    0.440230   -0.478875  0.000000  1.0
    0.440230   -0.476875  0.000000  1.0
    0.440230   -0.474875  0.000000  1.0
    0.440230   -0.472875  0.000000  1.0
    0.440230   -0.470875  0.000000  1.0
    0.440230   -0.468875  0.000000  1.0
    0.440230   -0.466875  0.000000  1.0
    0.440230   -0.464875  0.000000  1.0
    0.440230   -0.462875  0.000000  1.0
    0.440230   -0.460875  0.000000  1.0
    0.440230   -0.458875  0.000000  1.0
    0.440230   -0.456875  0.000000  1.0
    0.440230   -0.454875  0.000000  1.0
    0.440230   -0.452875  0.000000  1.0
    0.440230   -0.450875  0.000000  1.0
    0.440230   -0.448875  0.000000  1.0
    0.440230   -0.446875  0.000000  1.0
    0.440230   -0.444875  0.000000  1.0
    0.440230   -0.442875  0.000000  1.0
    0.440230   -0.440875  0.000000  1.0
    0.440230   -0.438875  0.000000  1.0
    0.440230   -0.436875  0.000000  1.0
    0.440230   -0.434875  0.000000  1.0
    0.440230   -0.432875  0.000000  1.0
    0.442230   -0.512875  0.000000  1.0
    0.442230   -0.510875  0.000000  1.0
    0.442230   -0.508875  0.000000  1.0
    0.442230   -0.506875  0.000000  1.0
    0.442230   -0.504875  0.000000  1.0
    0.442230   -0.502875  0.000000  1.0
    0.442230   -0.500875  0.000000  1.0
    0.442230   -0.498875  0.000000  1.0
    0.442230   -0.496875  0.000000  1.0
    0.442230   -0.494875  0.000000  1.0
    0.442230   -0.492875  0.000000  1.0
    0.442230   -0.490875  0.000000  1.0
    0.442230   -0.488875  0.000000  1.0
    0.442230   -0.486875  0.000000  1.0
    0.442230   -0.484875  0.000000  1.0
    0.442230   -0.482875  0.000000  1.0
    0.442230   -0.480875  0.000000  1.0
    0.442230   -0.478875  0.000000  1.0
    0.442230   -0.476875  0.000000  1.0
    0.442230   -0.474875  0.000000  1.0
    0.442230   -0.472875  0.000000  1.0
    0.442230   -0.470875  0.000000  1.0
    0.442230   -0.468875  0.000000  1.0
    0.442230   -0.466875  0.000000  1.0
    0.442230   -0.464875  0.000000  1.0
    0.442230   -0.462875  0.000000  1.0
    0.442230   -0.460875  0.000000  1.0
    0.442230   -0.458875  0.000000  1.0
    0.442230   -0.456875  0.000000  1.0
    0.442230   -0.454875  0.000000  1.0
    0.442230   -0.452875  0.000000  1.0
    0.442230   -0.450875  0.000000  1.0
    0.442230   -0.448875  0.000000  1.0
    0.442230   -0.446875  0.000000  1.0
    0.442230   -0.444875  0.000000  1.0
    0.442230   -0.442875  0.000000  1.0
    0.442230   -0.440875  0.000000  1.0
    0.442230   -0.438875  0.000000  1.0
    0.442230   -0.436875  0.000000  1.0
    0.442230   -0.434875  0.000000  1.0
    0.442230   -0.432875  0.000000  1.0
    0.444230   -0.512875  0.000000  1.0
    0.444230   -0.510875  0.000000  1.0
    0.444230   -0.508875  0.000000  1.0
    0.444230   -0.506875  0.000000  1.0
    0.444230   -0.504875  0.000000  1.0
    0.444230   -0.502875  0.000000  1.0
    0.444230   -0.500875  0.000000  1.0
    0.444230   -0.498875  0.000000  1.0
    0.444230   -0.496875  0.000000  1.0
    0.444230   -0.494875  0.000000  1.0
    0.444230   -0.492875  0.000000  1.0
    0.444230   -0.490875  0.000000  1.0
    0.444230   -0.488875  0.000000  1.0
    0.444230   -0.486875  0.000000  1.0
    0.444230   -0.484875  0.000000  1.0
    0.444230   -0.482875  0.000000  1.0
    0.444230   -0.480875  0.000000  1.0
    0.444230   -0.478875  0.000000  1.0
    0.444230   -0.476875  0.000000  1.0
    0.444230   -0.474875  0.000000  1.0
    0.444230   -0.472875  0.000000  1.0
    0.444230   -0.470875  0.000000  1.0
    0.444230   -0.468875  0.000000  1.0
    0.444230   -0.466875  0.000000  1.0
    0.444230   -0.464875  0.000000  1.0
    0.444230   -0.462875  0.000000  1.0
    0.444230   -0.460875  0.000000  1.0
    0.444230   -0.458875  0.000000  1.0
    0.444230   -0.456875  0.000000  1.0
    0.444230   -0.454875  0.000000  1.0
    0.444230   -0.452875  0.000000  1.0
    0.444230   -0.450875  0.000000  1.0
    0.444230   -0.448875  0.000000  1.0
    0.444230   -0.446875  0.000000  1.0
    0.444230   -0.444875  0.000000  1.0
    0.444230   -0.442875  0.000000  1.0
    0.444230   -0.440875  0.000000  1.0
    0.444230   -0.438875  0.000000  1.0
    0.444230   -0.436875  0.000000  1.0
    0.444230   -0.434875  0.000000  1.0
    0.444230   -0.432875  0.000000  1.0
    0.446230   -0.512875  0.000000  1.0
    0.446230   -0.510875  0.000000  1.0
    0.446230   -0.508875  0.000000  1.0
    0.446230   -0.506875  0.000000  1.0
    0.446230   -0.504875  0.000000  1.0
    0.446230   -0.502875  0.000000  1.0
    0.446230   -0.500875  0.000000  1.0
    0.446230   -0.498875  0.000000  1.0
    0.446230   -0.496875  0.000000  1.0
    0.446230   -0.494875  0.000000  1.0
    0.446230   -0.492875  0.000000  1.0
    0.446230   -0.490875  0.000000  1.0
    0.446230   -0.488875  0.000000  1.0
    0.446230   -0.486875  0.000000  1.0
    0.446230   -0.484875  0.000000  1.0
    0.446230   -0.482875  0.000000  1.0
    0.446230   -0.480875  0.000000  1.0
    0.446230   -0.478875  0.000000  1.0
    0.446230   -0.476875  0.000000  1.0
    0.446230   -0.474875  0.000000  1.0
    0.446230   -0.472875  0.000000  1.0
    0.446230   -0.470875  0.000000  1.0
    0.446230   -0.468875  0.000000  1.0
    0.446230   -0.466875  0.000000  1.0
    0.446230   -0.464875  0.000000  1.0
    0.446230   -0.462875  0.000000  1.0
    0.446230   -0.460875  0.000000  1.0
    0.446230   -0.458875  0.000000  1.0
    0.446230   -0.456875  0.000000  1.0
    0.446230   -0.454875  0.000000  1.0
    0.446230   -0.452875  0.000000  1.0
    0.446230   -0.450875  0.000000  1.0
    0.446230   -0.448875  0.000000  1.0
    0.446230   -0.446875  0.000000  1.0
    0.446230   -0.444875  0.000000  1.0
    0.446230   -0.442875  0.000000  1.0
    0.446230   -0.440875  0.000000  1.0
    0.446230   -0.438875  0.000000  1.0
    0.446230   -0.436875  0.000000  1.0
    0.446230   -0.434875  0.000000  1.0
    0.446230   -0.432875  0.000000  1.0
    0.448230   -0.512875  0.000000  1.0
    0.448230   -0.510875  0.000000  1.0
    0.448230   -0.508875  0.000000  1.0
    0.448230   -0.506875  0.000000  1.0
    0.448230   -0.504875  0.000000  1.0
    0.448230   -0.502875  0.000000  1.0
    0.448230   -0.500875  0.000000  1.0
    0.448230   -0.498875  0.000000  1.0
    0.448230   -0.496875  0.000000  1.0
    0.448230   -0.494875  0.000000  1.0
    0.448230   -0.492875  0.000000  1.0
    0.448230   -0.490875  0.000000  1.0
    0.448230   -0.488875  0.000000  1.0
    0.448230   -0.486875  0.000000  1.0
    0.448230   -0.484875  0.000000  1.0
    0.448230   -0.482875  0.000000  1.0
    0.448230   -0.480875  0.000000  1.0
    0.448230   -0.478875  0.000000  1.0
    0.448230   -0.476875  0.000000  1.0
    0.448230   -0.474875  0.000000  1.0
    0.448230   -0.472875  0.000000  1.0
    0.448230   -0.470875  0.000000  1.0
    0.448230   -0.468875  0.000000  1.0
    0.448230   -0.466875  0.000000  1.0
    0.448230   -0.464875  0.000000  1.0
    0.448230   -0.462875  0.000000  1.0
    0.448230   -0.460875  0.000000  1.0
    0.448230   -0.458875  0.000000  1.0
    0.448230   -0.456875  0.000000  1.0
    0.448230   -0.454875  0.000000  1.0
    0.448230   -0.452875  0.000000  1.0
    0.448230   -0.450875  0.000000  1.0
    0.448230   -0.448875  0.000000  1.0
    0.448230   -0.446875  0.000000  1.0
    0.448230   -0.444875  0.000000  1.0
    0.448230   -0.442875  0.000000  1.0
    0.448230   -0.440875  0.000000  1.0
    0.448230   -0.438875  0.000000  1.0
    0.448230   -0.436875  0.000000  1.0
    0.448230   -0.434875  0.000000  1.0
    0.448230   -0.432875  0.000000  1.0
    0.450230   -0.512875  0.000000  1.0
    0.450230   -0.510875  0.000000  1.0
    0.450230   -0.508875  0.000000  1.0
    0.450230   -0.506875  0.000000  1.0
    0.450230   -0.504875  0.000000  1.0
    0.450230   -0.502875  0.000000  1.0
    0.450230   -0.500875  0.000000  1.0
    0.450230   -0.498875  0.000000  1.0
    0.450230   -0.496875  0.000000  1.0
    0.450230   -0.494875  0.000000  1.0
    0.450230   -0.492875  0.000000  1.0
    0.450230   -0.490875  0.000000  1.0
    0.450230   -0.488875  0.000000  1.0
    0.450230   -0.486875  0.000000  1.0
    0.450230   -0.484875  0.000000  1.0
    0.450230   -0.482875  0.000000  1.0
    0.450230   -0.480875  0.000000  1.0
    0.450230   -0.478875  0.000000  1.0
    0.450230   -0.476875  0.000000  1.0
    0.450230   -0.474875  0.000000  1.0
    0.450230   -0.472875  0.000000  1.0
    0.450230   -0.470875  0.000000  1.0
    0.450230   -0.468875  0.000000  1.0
    0.450230   -0.466875  0.000000  1.0
    0.450230   -0.464875  0.000000  1.0
    0.450230   -0.462875  0.000000  1.0
    0.450230   -0.460875  0.000000  1.0
    0.450230   -0.458875  0.000000  1.0
    0.450230   -0.456875  0.000000  1.0
    0.450230   -0.454875  0.000000  1.0
    0.450230   -0.452875  0.000000  1.0
    0.450230   -0.450875  0.000000  1.0
    0.450230   -0.448875  0.000000  1.0
    0.450230   -0.446875  0.000000  1.0
    0.450230   -0.444875  0.000000  1.0
    0.450230   -0.442875  0.000000  1.0
    0.450230   -0.440875  0.000000  1.0
    0.450230   -0.438875  0.000000  1.0
    0.450230   -0.436875  0.000000  1.0
    0.450230   -0.434875  0.000000  1.0
    0.450230   -0.432875  0.000000  1.0
    0.452230   -0.512875  0.000000  1.0
    0.452230   -0.510875  0.000000  1.0
    0.452230   -0.508875  0.000000  1.0
    0.452230   -0.506875  0.000000  1.0
    0.452230   -0.504875  0.000000  1.0
    0.452230   -0.502875  0.000000  1.0
    0.452230   -0.500875  0.000000  1.0
    0.452230   -0.498875  0.000000  1.0
    0.452230   -0.496875  0.000000  1.0
    0.452230   -0.494875  0.000000  1.0
    0.452230   -0.492875  0.000000  1.0
    0.452230   -0.490875  0.000000  1.0
    0.452230   -0.488875  0.000000  1.0
    0.452230   -0.486875  0.000000  1.0
    0.452230   -0.484875  0.000000  1.0
    0.452230   -0.482875  0.000000  1.0
    0.452230   -0.480875  0.000000  1.0
    0.452230   -0.478875  0.000000  1.0
    0.452230   -0.476875  0.000000  1.0
    0.452230   -0.474875  0.000000  1.0
    0.452230   -0.472875  0.000000  1.0
    0.452230   -0.470875  0.000000  1.0
    0.452230   -0.468875  0.000000  1.0
    0.452230   -0.466875  0.000000  1.0
    0.452230   -0.464875  0.000000  1.0
    0.452230   -0.462875  0.000000  1.0
    0.452230   -0.460875  0.000000  1.0
    0.452230   -0.458875  0.000000  1.0
    0.452230   -0.456875  0.000000  1.0
    0.452230   -0.454875  0.000000  1.0
    0.452230   -0.452875  0.000000  1.0
    0.452230   -0.450875  0.000000  1.0
    0.452230   -0.448875  0.000000  1.0
    0.452230   -0.446875  0.000000  1.0
    0.452230   -0.444875  0.000000  1.0
    0.452230   -0.442875  0.000000  1.0
    0.452230   -0.440875  0.000000  1.0
    0.452230   -0.438875  0.000000  1.0
    0.452230   -0.436875  0.000000  1.0
    0.452230   -0.434875  0.000000  1.0
    0.452230   -0.432875  0.000000  1.0
    0.454230   -0.512875  0.000000  1.0
    0.454230   -0.510875  0.000000  1.0
    0.454230   -0.508875  0.000000  1.0
    0.454230   -0.506875  0.000000  1.0
    0.454230   -0.504875  0.000000  1.0
    0.454230   -0.502875  0.000000  1.0
    0.454230   -0.500875  0.000000  1.0
    0.454230   -0.498875  0.000000  1.0
    0.454230   -0.496875  0.000000  1.0
    0.454230   -0.494875  0.000000  1.0
    0.454230   -0.492875  0.000000  1.0
    0.454230   -0.490875  0.000000  1.0
    0.454230   -0.488875  0.000000  1.0
    0.454230   -0.486875  0.000000  1.0
    0.454230   -0.484875  0.000000  1.0
    0.454230   -0.482875  0.000000  1.0
    0.454230   -0.480875  0.000000  1.0
    0.454230   -0.478875  0.000000  1.0
    0.454230   -0.476875  0.000000  1.0
    0.454230   -0.474875  0.000000  1.0
    0.454230   -0.472875  0.000000  1.0
    0.454230   -0.470875  0.000000  1.0
    0.454230   -0.468875  0.000000  1.0
    0.454230   -0.466875  0.000000  1.0
    0.454230   -0.464875  0.000000  1.0
    0.454230   -0.462875  0.000000  1.0
    0.454230   -0.460875  0.000000  1.0
    0.454230   -0.458875  0.000000  1.0
    0.454230   -0.456875  0.000000  1.0
    0.454230   -0.454875  0.000000  1.0
    0.454230   -0.452875  0.000000  1.0
    0.454230   -0.450875  0.000000  1.0
    0.454230   -0.448875  0.000000  1.0
    0.454230   -0.446875  0.000000  1.0
    0.454230   -0.444875  0.000000  1.0
    0.454230   -0.442875  0.000000  1.0
    0.454230   -0.440875  0.000000  1.0
    0.454230   -0.438875  0.000000  1.0
    0.454230   -0.436875  0.000000  1.0
    0.454230   -0.434875  0.000000  1.0
    0.454230   -0.432875  0.000000  1.0
    0.456230   -0.512875  0.000000  1.0
    0.456230   -0.510875  0.000000  1.0
    0.456230   -0.508875  0.000000  1.0
    0.456230   -0.506875  0.000000  1.0
    0.456230   -0.504875  0.000000  1.0
    0.456230   -0.502875  0.000000  1.0
    0.456230   -0.500875  0.000000  1.0
    0.456230   -0.498875  0.000000  1.0
    0.456230   -0.496875  0.000000  1.0
    0.456230   -0.494875  0.000000  1.0
    0.456230   -0.492875  0.000000  1.0
    0.456230   -0.490875  0.000000  1.0
    0.456230   -0.488875  0.000000  1.0
    0.456230   -0.486875  0.000000  1.0
    0.456230   -0.484875  0.000000  1.0
    0.456230   -0.482875  0.000000  1.0
    0.456230   -0.480875  0.000000  1.0
    0.456230   -0.478875  0.000000  1.0
    0.456230   -0.476875  0.000000  1.0
    0.456230   -0.474875  0.000000  1.0
    0.456230   -0.472875  0.000000  1.0
    0.456230   -0.470875  0.000000  1.0
    0.456230   -0.468875  0.000000  1.0
    0.456230   -0.466875  0.000000  1.0
    0.456230   -0.464875  0.000000  1.0
    0.456230   -0.462875  0.000000  1.0
    0.456230   -0.460875  0.000000  1.0
    0.456230   -0.458875  0.000000  1.0
    0.456230   -0.456875  0.000000  1.0
    0.456230   -0.454875  0.000000  1.0
    0.456230   -0.452875  0.000000  1.0
    0.456230   -0.450875  0.000000  1.0
    0.456230   -0.448875  0.000000  1.0
    0.456230   -0.446875  0.000000  1.0
    0.456230   -0.444875  0.000000  1.0
    0.456230   -0.442875  0.000000  1.0
    0.456230   -0.440875  0.000000  1.0
    0.456230   -0.438875  0.000000  1.0
    0.456230   -0.436875  0.000000  1.0
    0.456230   -0.434875  0.000000  1.0
    0.456230   -0.432875  0.000000  1.0
    0.458230   -0.512875  0.000000  1.0
    0.458230   -0.510875  0.000000  1.0
    0.458230   -0.508875  0.000000  1.0
    0.458230   -0.506875  0.000000  1.0
    0.458230   -0.504875  0.000000  1.0
    0.458230   -0.502875  0.000000  1.0
    0.458230   -0.500875  0.000000  1.0
    0.458230   -0.498875  0.000000  1.0
    0.458230   -0.496875  0.000000  1.0
    0.458230   -0.494875  0.000000  1.0
    0.458230   -0.492875  0.000000  1.0
    0.458230   -0.490875  0.000000  1.0
    0.458230   -0.488875  0.000000  1.0
    0.458230   -0.486875  0.000000  1.0
    0.458230   -0.484875  0.000000  1.0
    0.458230   -0.482875  0.000000  1.0
    0.458230   -0.480875  0.000000  1.0
    0.458230   -0.478875  0.000000  1.0
    0.458230   -0.476875  0.000000  1.0
    0.458230   -0.474875  0.000000  1.0
    0.458230   -0.472875  0.000000  1.0
    0.458230   -0.470875  0.000000  1.0
    0.458230   -0.468875  0.000000  1.0
    0.458230   -0.466875  0.000000  1.0
    0.458230   -0.464875  0.000000  1.0
    0.458230   -0.462875  0.000000  1.0
    0.458230   -0.460875  0.000000  1.0
    0.458230   -0.458875  0.000000  1.0
    0.458230   -0.456875  0.000000  1.0
    0.458230   -0.454875  0.000000  1.0
    0.458230   -0.452875  0.000000  1.0
    0.458230   -0.450875  0.000000  1.0
    0.458230   -0.448875  0.000000  1.0
    0.458230   -0.446875  0.000000  1.0
    0.458230   -0.444875  0.000000  1.0
    0.458230   -0.442875  0.000000  1.0
    0.458230   -0.440875  0.000000  1.0
    0.458230   -0.438875  0.000000  1.0
    0.458230   -0.436875  0.000000  1.0
    0.458230   -0.434875  0.000000  1.0
    0.458230   -0.432875  0.000000  1.0
    0.460230   -0.512875  0.000000  1.0
    0.460230   -0.510875  0.000000  1.0
    0.460230   -0.508875  0.000000  1.0
    0.460230   -0.506875  0.000000  1.0
    0.460230   -0.504875  0.000000  1.0
    0.460230   -0.502875  0.000000  1.0
    0.460230   -0.500875  0.000000  1.0
    0.460230   -0.498875  0.000000  1.0
    0.460230   -0.496875  0.000000  1.0
    0.460230   -0.494875  0.000000  1.0
    0.460230   -0.492875  0.000000  1.0
    0.460230   -0.490875  0.000000  1.0
    0.460230   -0.488875  0.000000  1.0
    0.460230   -0.486875  0.000000  1.0
    0.460230   -0.484875  0.000000  1.0
    0.460230   -0.482875  0.000000  1.0
    0.460230   -0.480875  0.000000  1.0
    0.460230   -0.478875  0.000000  1.0
    0.460230   -0.476875  0.000000  1.0
    0.460230   -0.474875  0.000000  1.0
    0.460230   -0.472875  0.000000  1.0
    0.460230   -0.470875  0.000000  1.0
    0.460230   -0.468875  0.000000  1.0
    0.460230   -0.466875  0.000000  1.0
    0.460230   -0.464875  0.000000  1.0
    0.460230   -0.462875  0.000000  1.0
    0.460230   -0.460875  0.000000  1.0
    0.460230   -0.458875  0.000000  1.0
    0.460230   -0.456875  0.000000  1.0
    0.460230   -0.454875  0.000000  1.0
    0.460230   -0.452875  0.000000  1.0
    0.460230   -0.450875  0.000000  1.0
    0.460230   -0.448875  0.000000  1.0
    0.460230   -0.446875  0.000000  1.0
    0.460230   -0.444875  0.000000  1.0
    0.460230   -0.442875  0.000000  1.0
    0.460230   -0.440875  0.000000  1.0
    0.460230   -0.438875  0.000000  1.0
    0.460230   -0.436875  0.000000  1.0
    0.460230   -0.434875  0.000000  1.0
    0.460230   -0.432875  0.000000  1.0
    0.462230   -0.512875  0.000000  1.0
    0.462230   -0.510875  0.000000  1.0
    0.462230   -0.508875  0.000000  1.0
    0.462230   -0.506875  0.000000  1.0
    0.462230   -0.504875  0.000000  1.0
    0.462230   -0.502875  0.000000  1.0
    0.462230   -0.500875  0.000000  1.0
    0.462230   -0.498875  0.000000  1.0
    0.462230   -0.496875  0.000000  1.0
    0.462230   -0.494875  0.000000  1.0
    0.462230   -0.492875  0.000000  1.0
    0.462230   -0.490875  0.000000  1.0
    0.462230   -0.488875  0.000000  1.0
    0.462230   -0.486875  0.000000  1.0
    0.462230   -0.484875  0.000000  1.0
    0.462230   -0.482875  0.000000  1.0
    0.462230   -0.480875  0.000000  1.0
    0.462230   -0.478875  0.000000  1.0
    0.462230   -0.476875  0.000000  1.0
    0.462230   -0.474875  0.000000  1.0
    0.462230   -0.472875  0.000000  1.0
    0.462230   -0.470875  0.000000  1.0
    0.462230   -0.468875  0.000000  1.0
    0.462230   -0.466875  0.000000  1.0
    0.462230   -0.464875  0.000000  1.0
    0.462230   -0.462875  0.000000  1.0
    0.462230   -0.460875  0.000000  1.0
    0.462230   -0.458875  0.000000  1.0
    0.462230   -0.456875  0.000000  1.0
    0.462230   -0.454875  0.000000  1.0
    0.462230   -0.452875  0.000000  1.0
    0.462230   -0.450875  0.000000  1.0
    0.462230   -0.448875  0.000000  1.0
    0.462230   -0.446875  0.000000  1.0
    0.462230   -0.444875  0.000000  1.0
    0.462230   -0.442875  0.000000  1.0
    0.462230   -0.440875  0.000000  1.0
    0.462230   -0.438875  0.000000  1.0
    0.462230   -0.436875  0.000000  1.0
    0.462230   -0.434875  0.000000  1.0
    0.462230   -0.432875  0.000000  1.0
    0.464230   -0.512875  0.000000  1.0
    0.464230   -0.510875  0.000000  1.0
    0.464230   -0.508875  0.000000  1.0
    0.464230   -0.506875  0.000000  1.0
    0.464230   -0.504875  0.000000  1.0
    0.464230   -0.502875  0.000000  1.0
    0.464230   -0.500875  0.000000  1.0
    0.464230   -0.498875  0.000000  1.0
    0.464230   -0.496875  0.000000  1.0
    0.464230   -0.494875  0.000000  1.0
    0.464230   -0.492875  0.000000  1.0
    0.464230   -0.490875  0.000000  1.0
    0.464230   -0.488875  0.000000  1.0
    0.464230   -0.486875  0.000000  1.0
    0.464230   -0.484875  0.000000  1.0
    0.464230   -0.482875  0.000000  1.0
    0.464230   -0.480875  0.000000  1.0
    0.464230   -0.478875  0.000000  1.0
    0.464230   -0.476875  0.000000  1.0
    0.464230   -0.474875  0.000000  1.0
    0.464230   -0.472875  0.000000  1.0
    0.464230   -0.470875  0.000000  1.0
    0.464230   -0.468875  0.000000  1.0
    0.464230   -0.466875  0.000000  1.0
    0.464230   -0.464875  0.000000  1.0
    0.464230   -0.462875  0.000000  1.0
    0.464230   -0.460875  0.000000  1.0
    0.464230   -0.458875  0.000000  1.0
    0.464230   -0.456875  0.000000  1.0
    0.464230   -0.454875  0.000000  1.0
    0.464230   -0.452875  0.000000  1.0
    0.464230   -0.450875  0.000000  1.0
    0.464230   -0.448875  0.000000  1.0
    0.464230   -0.446875  0.000000  1.0
    0.464230   -0.444875  0.000000  1.0
    0.464230   -0.442875  0.000000  1.0
    0.464230   -0.440875  0.000000  1.0
    0.464230   -0.438875  0.000000  1.0
    0.464230   -0.436875  0.000000  1.0
    0.464230   -0.434875  0.000000  1.0
    0.464230   -0.432875  0.000000  1.0
    0.466230   -0.512875  0.000000  1.0
    0.466230   -0.510875  0.000000  1.0
    0.466230   -0.508875  0.000000  1.0
    0.466230   -0.506875  0.000000  1.0
    0.466230   -0.504875  0.000000  1.0
    0.466230   -0.502875  0.000000  1.0
    0.466230   -0.500875  0.000000  1.0
    0.466230   -0.498875  0.000000  1.0
    0.466230   -0.496875  0.000000  1.0
    0.466230   -0.494875  0.000000  1.0
    0.466230   -0.492875  0.000000  1.0
    0.466230   -0.490875  0.000000  1.0
    0.466230   -0.488875  0.000000  1.0
    0.466230   -0.486875  0.000000  1.0
    0.466230   -0.484875  0.000000  1.0
    0.466230   -0.482875  0.000000  1.0
    0.466230   -0.480875  0.000000  1.0
    0.466230   -0.478875  0.000000  1.0
    0.466230   -0.476875  0.000000  1.0
    0.466230   -0.474875  0.000000  1.0
    0.466230   -0.472875  0.000000  1.0
    0.466230   -0.470875  0.000000  1.0
    0.466230   -0.468875  0.000000  1.0
    0.466230   -0.466875  0.000000  1.0
    0.466230   -0.464875  0.000000  1.0
    0.466230   -0.462875  0.000000  1.0
    0.466230   -0.460875  0.000000  1.0
    0.466230   -0.458875  0.000000  1.0
    0.466230   -0.456875  0.000000  1.0
    0.466230   -0.454875  0.000000  1.0
    0.466230   -0.452875  0.000000  1.0
    0.466230   -0.450875  0.000000  1.0
    0.466230   -0.448875  0.000000  1.0
    0.466230   -0.446875  0.000000  1.0
    0.466230   -0.444875  0.000000  1.0
    0.466230   -0.442875  0.000000  1.0
    0.466230   -0.440875  0.000000  1.0
    0.466230   -0.438875  0.000000  1.0
    0.466230   -0.436875  0.000000  1.0
    0.466230   -0.434875  0.000000  1.0
    0.466230   -0.432875  0.000000  1.0
