&CONTROL
  calculation = 'bands'
  prefix = 'graphene22.0zoom'
  outdir = './tmp'
  pseudo_dir = './'
  verbosity = 'high'
/
&SYSTEM
  ibrav = 0
  nat = 2
  ntyp = 1
  ecutwfc = 40.0
  nosym = .true.
  noinv = .true.
  nbnd = 8
/
&ELECTRONS
/
ATOMIC_SPECIES
  C  12.011 C.upf
CELL_PARAMETERS {bohr}
  4.458003  0.000000  0.000000
  2.229001  4.887524  0.000000
  0.000000  0.000000  28.346456
ATOMIC_POSITIONS {crystal}
  C  -0.005845  0.011690  0.000000
  C  0.339178  0.321643  0.000000
K_POINTS {tpiba}
1681
    0.386230   -0.503536  0.000000  1.0
    0.386230   -0.501536  0.000000  1.0
    0.386230   -0.499536  0.000000  1.0
    0.386230   -0.497536  0.000000  1.0
    0.386230   -0.495536  0.000000  1.0
    0.386230   -0.493536  0.000000  1.0
    0.386230   -0.491536  0.000000  1.0
    0.386230   -0.489536  0.000000  1.0
    0.386230   -0.487536  0.000000  1.0
    0.386230   -0.485536  0.000000  1.0
    0.386230   -0.483536  0.000000  1.0
    0.386230   -0.481536  0.000000  1.0
    0.386230   -0.479536  0.000000  1.0
    0.386230   -0.477536  0.000000  1.0
    0.386230   -0.475536  0.000000  1.0
    0.386230   -0.473536  0.000000  1.0
    0.386230   -0.471536  0.000000  1.0
    0.386230   -0.469536  0.000000  1.0
    0.386230   -0.467536  0.000000  1.0
    0.386230   -0.465536  0.000000  1.0
    0.386230   -0.463536  0.000000  1.0
    0.386230   -0.461536  0.000000  1.0
    0.386230   -0.459536  0.000000  1.0
    0.386230   -0.457536  0.000000  1.0
    0.386230   -0.455536  0.000000  1.0
    0.386230   -0.453536  0.000000  1.0
    0.386230   -0.451536  0.000000  1.0
    0.386230   -0.449536  0.000000  1.0
    0.386230   -0.447536  0.000000  1.0
    0.386230   -0.445536  0.000000  1.0
    0.386230   -0.443536  0.000000  1.0
    0.386230   -0.441536  0.000000  1.0
    0.386230   -0.439536  0.000000  1.0
    0.386230   -0.437536  0.000000  1.0
    0.386230   -0.435536  0.000000  1.0
    0.386230   -0.433536  0.000000  1.0
    0.386230   -0.431536  0.000000  1.0
    0.386230   -0.429536  0.000000  1.0
    0.386230   -0.427536  0.000000  1.0
    0.386230   -0.425536  0.000000  1.0
    0.386230   -0.423536  0.000000  1.0
    0.388230   -0.503536  0.000000  1.0
    0.388230   -0.501536  0.000000  1.0
    0.388230   -0.499536  0.000000  1.0
    0.388230   -0.497536  0.000000  1.0
    0.388230   -0.495536  0.000000  1.0
    0.388230   -0.493536  0.000000  1.0
    0.388230   -0.491536  0.000000  1.0
    0.388230   -0.489536  0.000000  1.0
    0.388230   -0.487536  0.000000  1.0
    0.388230   -0.485536  0.000000  1.0
    0.388230   -0.483536  0.000000  1.0
    0.388230   -0.481536  0.000000  1.0
    0.388230   -0.479536  0.000000  1.0
    0.388230   -0.477536  0.000000  1.0
    0.388230   -0.475536  0.000000  1.0
    0.388230   -0.473536  0.000000  1.0
    0.388230   -0.471536  0.000000  1.0
    0.388230   -0.469536  0.000000  1.0
    0.388230   -0.467536  0.000000  1.0
    0.388230   -0.465536  0.000000  1.0
    0.388230   -0.463536  0.000000  1.0
    0.388230   -0.461536  0.000000  1.0
    0.388230   -0.459536  0.000000  1.0
    0.388230   -0.457536  0.000000  1.0
    0.388230   -0.455536  0.000000  1.0
    0.388230   -0.453536  0.000000  1.0
    0.388230   -0.451536  0.000000  1.0
    0.388230   -0.449536  0.000000  1.0
    0.388230   -0.447536  0.000000  1.0
    0.388230   -0.445536  0.000000  1.0
    0.388230   -0.443536  0.000000  1.0
    0.388230   -0.441536  0.000000  1.0
    0.388230   -0.439536  0.000000  1.0
    0.388230   -0.437536  0.000000  1.0
    0.388230   -0.435536  0.000000  1.0
    0.388230   -0.433536  0.000000  1.0
    0.388230   -0.431536  0.000000  1.0
    0.388230   -0.429536  0.000000  1.0
    0.388230   -0.427536  0.000000  1.0
    0.388230   -0.425536  0.000000  1.0
    0.388230   -0.423536  0.000000  1.0
    0.390230   -0.503536  0.000000  1.0
    0.390230   -0.501536  0.000000  1.0
    0.390230   -0.499536  0.000000  1.0
    0.390230   -0.497536  0.000000  1.0
    0.390230   -0.495536  0.000000  1.0
    0.390230   -0.493536  0.000000  1.0
    0.390230   -0.491536  0.000000  1.0
    0.390230   -0.489536  0.000000  1.0
    0.390230   -0.487536  0.000000  1.0
    0.390230   -0.485536  0.000000  1.0
    0.390230   -0.483536  0.000000  1.0
    0.390230   -0.481536  0.000000  1.0
    0.390230   -0.479536  0.000000  1.0
    0.390230   -0.477536  0.000000  1.0
    0.390230   -0.475536  0.000000  1.0
    0.390230   -0.473536  0.000000  1.0
    0.390230   -0.471536  0.000000  1.0
    0.390230   -0.469536  0.000000  1.0
    0.390230   -0.467536  0.000000  1.0
    0.390230   -0.465536  0.000000  1.0
    0.390230   -0.463536  0.000000  1.0
    0.390230   -0.461536  0.000000  1.0
    0.390230   -0.459536  0.000000  1.0
    0.390230   -0.457536  0.000000  1.0
    0.390230   -0.455536  0.000000  1.0
    0.390230   -0.453536  0.000000  1.0
    0.390230   -0.451536  0.000000  1.0
    0.390230   -0.449536  0.000000  1.0
    0.390230   -0.447536  0.000000  1.0
    0.390230   -0.445536  0.000000  1.0
    0.390230   -0.443536  0.000000  1.0
    0.390230   -0.441536  0.000000  1.0
    0.390230   -0.439536  0.000000  1.0
    0.390230   -0.437536  0.000000  1.0
    0.390230   -0.435536  0.000000  1.0
    0.390230   -0.433536  0.000000  1.0
    0.390230   -0.431536  0.000000  1.0
    0.390230   -0.429536  0.000000  1.0
    0.390230   -0.427536  0.000000  1.0
    0.390230   -0.425536  0.000000  1.0
    0.390230   -0.423536  0.000000  1.0
    0.392230   -0.503536  0.000000  1.0
    0.392230   -0.501536  0.000000  1.0
    0.392230   -0.499536  0.000000  1.0
    0.392230   -0.497536  0.000000  1.0
    0.392230   -0.495536  0.000000  1.0
    0.392230   -0.493536  0.000000  1.0
    0.392230   -0.491536  0.000000  1.0
    0.392230   -0.489536  0.000000  1.0
    0.392230   -0.487536  0.000000  1.0
    0.392230   -0.485536  0.000000  1.0
    0.392230   -0.483536  0.000000  1.0
    0.392230   -0.481536  0.000000  1.0
    0.392230   -0.479536  0.000000  1.0
    0.392230   -0.477536  0.000000  1.0
    0.392230   -0.475536  0.000000  1.0
    0.392230   -0.473536  0.000000  1.0
    0.392230   -0.471536  0.000000  1.0
    0.392230   -0.469536  0.000000  1.0
    0.392230   -0.467536  0.000000  1.0
    0.392230   -0.465536  0.000000  1.0
    0.392230   -0.463536  0.000000  1.0
    0.392230   -0.461536  0.000000  1.0
    0.392230   -0.459536  0.000000  1.0
    0.392230   -0.457536  0.000000  1.0
    0.392230   -0.455536  0.000000  1.0
    0.392230   -0.453536  0.000000  1.0
    0.392230   -0.451536  0.000000  1.0
    0.392230   -0.449536  0.000000  1.0
    0.392230   -0.447536  0.000000  1.0
    0.392230   -0.445536  0.000000  1.0
    0.392230   -0.443536  0.000000  1.0
    0.392230   -0.441536  0.000000  1.0
    0.392230   -0.439536  0.000000  1.0
    0.392230   -0.437536  0.000000  1.0
    0.392230   -0.435536  0.000000  1.0
    0.392230   -0.433536  0.000000  1.0
    0.392230   -0.431536  0.000000  1.0
    0.392230   -0.429536  0.000000  1.0
    0.392230   -0.427536  0.000000  1.0
    0.392230   -0.425536  0.000000  1.0
    0.392230   -0.423536  0.000000  1.0
    0.394230   -0.503536  0.000000  1.0
    0.394230   -0.501536  0.000000  1.0
    0.394230   -0.499536  0.000000  1.0
    0.394230   -0.497536  0.000000  1.0
    0.394230   -0.495536  0.000000  1.0
    0.394230   -0.493536  0.000000  1.0
    0.394230   -0.491536  0.000000  1.0
    0.394230   -0.489536  0.000000  1.0
    0.394230   -0.487536  0.000000  1.0
    0.394230   -0.485536  0.000000  1.0
    0.394230   -0.483536  0.000000  1.0
    0.394230   -0.481536  0.000000  1.0
    0.394230   -0.479536  0.000000  1.0
    0.394230   -0.477536  0.000000  1.0
    0.394230   -0.475536  0.000000  1.0
    0.394230   -0.473536  0.000000  1.0
    0.394230   -0.471536  0.000000  1.0
    0.394230   -0.469536  0.000000  1.0
    0.394230   -0.467536  0.000000  1.0
    0.394230   -0.465536  0.000000  1.0
    0.394230   -0.463536  0.000000  1.0
    0.394230   -0.461536  0.000000  1.0
    0.394230   -0.459536  0.000000  1.0
    0.394230   -0.457536  0.000000  1.0
    0.394230   -0.455536  0.000000  1.0
    0.394230   -0.453536  0.000000  1.0
    0.394230   -0.451536  0.000000  1.0
    0.394230   -0.449536  0.000000  1.0
    0.394230   -0.447536  0.000000  1.0
    0.394230   -0.445536  0.000000  1.0
    0.394230   -0.443536  0.000000  1.0
    0.394230   -0.441536  0.000000  1.0
    0.394230   -0.439536  0.000000  1.0
    0.394230   -0.437536  0.000000  1.0
    0.394230   -0.435536  0.000000  1.0
    0.394230   -0.433536  0.000000  1.0
    0.394230   -0.431536  0.000000  1.0
    0.394230   -0.429536  0.000000  1.0
    0.394230   -0.427536  0.000000  1.0
    0.394230   -0.425536  0.000000  1.0
    0.394230   -0.423536  0.000000  1.0
    0.396230   -0.503536  0.000000  1.0
    0.396230   -0.501536  0.000000  1.0
    0.396230   -0.499536  0.000000  1.0
    0.396230   -0.497536  0.000000  1.0
    0.396230   -0.495536  0.000000  1.0
    0.396230   -0.493536  0.000000  1.0
    0.396230   -0.491536  0.000000  1.0
    0.396230   -0.489536  0.000000  1.0
    0.396230   -0.487536  0.000000  1.0
    0.396230   -0.485536  0.000000  1.0
    0.396230   -0.483536  0.000000  1.0
    0.396230   -0.481536  0.000000  1.0
    0.396230   -0.479536  0.000000  1.0
    0.396230   -0.477536  0.000000  1.0
    0.396230   -0.475536  0.000000  1.0
    0.396230   -0.473536  0.000000  1.0
    0.396230   -0.471536  0.000000  1.0
    0.396230   -0.469536  0.000000  1.0
    0.396230   -0.467536  0.000000  1.0
    0.396230   -0.465536  0.000000  1.0
    0.396230   -0.463536  0.000000  1.0
    0.396230   -0.461536  0.000000  1.0
    0.396230   -0.459536  0.000000  1.0
    0.396230   -0.457536  0.000000  1.0
    0.396230   -0.455536  0.000000  1.0
    0.396230   -0.453536  0.000000  1.0
    0.396230   -0.451536  0.000000  1.0
    0.396230   -0.449536  0.000000  1.0
    0.396230   -0.447536  0.000000  1.0
    0.396230   -0.445536  0.000000  1.0
    0.396230   -0.443536  0.000000  1.0
    0.396230   -0.441536  0.000000  1.0
    0.396230   -0.439536  0.000000  1.0
    0.396230   -0.437536  0.000000  1.0
    0.396230   -0.435536  0.000000  1.0
    0.396230   -0.433536  0.000000  1.0
    0.396230   -0.431536  0.000000  1.0
    0.396230   -0.429536  0.000000  1.0
    0.396230   -0.427536  0.000000  1.0
    0.396230   -0.425536  0.000000  1.0
    0.396230   -0.423536  0.000000  1.0
    0.398230   -0.503536  0.000000  1.0
    0.398230   -0.501536  0.000000  1.0
    0.398230   -0.499536  0.000000  1.0
    0.398230   -0.497536  0.000000  1.0
    0.398230   -0.495536  0.000000  1.0
    0.398230   -0.493536  0.000000  1.0
    0.398230   -0.491536  0.000000  1.0
    0.398230   -0.489536  0.000000  1.0
    0.398230   -0.487536  0.000000  1.0
    0.398230   -0.485536  0.000000  1.0
    0.398230   -0.483536  0.000000  1.0
    0.398230   -0.481536  0.000000  1.0
    0.398230   -0.479536  0.000000  1.0
    0.398230   -0.477536  0.000000  1.0
    0.398230   -0.475536  0.000000  1.0
    0.398230   -0.473536  0.000000  1.0
    0.398230   -0.471536  0.000000  1.0
    0.398230   -0.469536  0.000000  1.0
    0.398230   -0.467536  0.000000  1.0
    0.398230   -0.465536  0.000000  1.0
    0.398230   -0.463536  0.000000  1.0
    0.398230   -0.461536  0.000000  1.0
    0.398230   -0.459536  0.000000  1.0
    0.398230   -0.457536  0.000000  1.0
    0.398230   -0.455536  0.000000  1.0
    0.398230   -0.453536  0.000000  1.0
    0.398230   -0.451536  0.000000  1.0
    0.398230   -0.449536  0.000000  1.0
    0.398230   -0.447536  0.000000  1.0
    0.398230   -0.445536  0.000000  1.0
    0.398230   -0.443536  0.000000  1.0
    0.398230   -0.441536  0.000000  1.0
    0.398230   -0.439536  0.000000  1.0
    0.398230   -0.437536  0.000000  1.0
    0.398230   -0.435536  0.000000  1.0
    0.398230   -0.433536  0.000000  1.0
    0.398230   -0.431536  0.000000  1.0
    0.398230   -0.429536  0.000000  1.0
    0.398230   -0.427536  0.000000  1.0
    0.398230   -0.425536  0.000000  1.0
    0.398230   -0.423536  0.000000  1.0
    0.400230   -0.503536  0.000000  1.0
    0.400230   -0.501536  0.000000  1.0
    0.400230   -0.499536  0.000000  1.0
    0.400230   -0.497536  0.000000  1.0
    0.400230   -0.495536  0.000000  1.0
    0.400230   -0.493536  0.000000  1.0
    0.400230   -0.491536  0.000000  1.0
    0.400230   -0.489536  0.000000  1.0
    0.400230   -0.487536  0.000000  1.0
    0.400230   -0.485536  0.000000  1.0
    0.400230   -0.483536  0.000000  1.0
    0.400230   -0.481536  0.000000  1.0
    0.400230   -0.479536  0.000000  1.0
    0.400230   -0.477536  0.000000  1.0
    0.400230   -0.475536  0.000000  1.0
    0.400230   -0.473536  0.000000  1.0
    0.400230   -0.471536  0.000000  1.0
    0.400230   -0.469536  0.000000  1.0
    0.400230   -0.467536  0.000000  1.0
    0.400230   -0.465536  0.000000  1.0
    0.400230   -0.463536  0.000000  1.0
    0.400230   -0.461536  0.000000  1.0
    0.400230   -0.459536  0.000000  1.0
    0.400230   -0.457536  0.000000  1.0
    0.400230   -0.455536  0.000000  1.0
    0.400230   -0.453536  0.000000  1.0
    0.400230   -0.451536  0.000000  1.0
    0.400230   -0.449536  0.000000  1.0
    0.400230   -0.447536  0.000000  1.0
    0.400230   -0.445536  0.000000  1.0
    0.400230   -0.443536  0.000000  1.0
    0.400230   -0.441536  0.000000  1.0
    0.400230   -0.439536  0.000000  1.0
    0.400230   -0.437536  0.000000  1.0
    0.400230   -0.435536  0.000000  1.0
    0.400230   -0.433536  0.000000  1.0
    0.400230   -0.431536  0.000000  1.0
    0.400230   -0.429536  0.000000  1.0
    0.400230   -0.427536  0.000000  1.0
    0.400230   -0.425536  0.000000  1.0
    0.400230   -0.423536  0.000000  1.0
    0.402230   -0.503536  0.000000  1.0
    0.402230   -0.501536  0.000000  1.0
    0.402230   -0.499536  0.000000  1.0
    0.402230   -0.497536  0.000000  1.0
    0.402230   -0.495536  0.000000  1.0
    0.402230   -0.493536  0.000000  1.0
    0.402230   -0.491536  0.000000  1.0
    0.402230   -0.489536  0.000000  1.0
    0.402230   -0.487536  0.000000  1.0
    0.402230   -0.485536  0.000000  1.0
    0.402230   -0.483536  0.000000  1.0
    0.402230   -0.481536  0.000000  1.0
    0.402230   -0.479536  0.000000  1.0
    0.402230   -0.477536  0.000000  1.0
    0.402230   -0.475536  0.000000  1.0
    0.402230   -0.473536  0.000000  1.0
    0.402230   -0.471536  0.000000  1.0
    0.402230   -0.469536  0.000000  1.0
    0.402230   -0.467536  0.000000  1.0
    0.402230   -0.465536  0.000000  1.0
    0.402230   -0.463536  0.000000  1.0
    0.402230   -0.461536  0.000000  1.0
    0.402230   -0.459536  0.000000  1.0
    0.402230   -0.457536  0.000000  1.0
    0.402230   -0.455536  0.000000  1.0
    0.402230   -0.453536  0.000000  1.0
    0.402230   -0.451536  0.000000  1.0
    0.402230   -0.449536  0.000000  1.0
    0.402230   -0.447536  0.000000  1.0
    0.402230   -0.445536  0.000000  1.0
    0.402230   -0.443536  0.000000  1.0
    0.402230   -0.441536  0.000000  1.0
    0.402230   -0.439536  0.000000  1.0
    0.402230   -0.437536  0.000000  1.0
    0.402230   -0.435536  0.000000  1.0
    0.402230   -0.433536  0.000000  1.0
    0.402230   -0.431536  0.000000  1.0
    0.402230   -0.429536  0.000000  1.0
    0.402230   -0.427536  0.000000  1.0
    0.402230   -0.425536  0.000000  1.0
    0.402230   -0.423536  0.000000  1.0
    0.404230   -0.503536  0.000000  1.0
    0.404230   -0.501536  0.000000  1.0
    0.404230   -0.499536  0.000000  1.0
    0.404230   -0.497536  0.000000  1.0
    0.404230   -0.495536  0.000000  1.0
    0.404230   -0.493536  0.000000  1.0
    0.404230   -0.491536  0.000000  1.0
    0.404230   -0.489536  0.000000  1.0
    0.404230   -0.487536  0.000000  1.0
    0.404230   -0.485536  0.000000  1.0
    0.404230   -0.483536  0.000000  1.0
    0.404230   -0.481536  0.000000  1.0
    0.404230   -0.479536  0.000000  1.0
    0.404230   -0.477536  0.000000  1.0
    0.404230   -0.475536  0.000000  1.0
    0.404230   -0.473536  0.000000  1.0
    0.404230   -0.471536  0.000000  1.0
    0.404230   -0.469536  0.000000  1.0
    0.404230   -0.467536  0.000000  1.0
    0.404230   -0.465536  0.000000  1.0
    0.404230   -0.463536  0.000000  1.0
    0.404230   -0.461536  0.000000  1.0
    0.404230   -0.459536  0.000000  1.0
    0.404230   -0.457536  0.000000  1.0
    0.404230   -0.455536  0.000000  1.0
    0.404230   -0.453536  0.000000  1.0
    0.404230   -0.451536  0.000000  1.0
    0.404230   -0.449536  0.000000  1.0
    0.404230   -0.447536  0.000000  1.0
    0.404230   -0.445536  0.000000  1.0
    0.404230   -0.443536  0.000000  1.0
    0.404230   -0.441536  0.000000  1.0
    0.404230   -0.439536  0.000000  1.0
    0.404230   -0.437536  0.000000  1.0
    0.404230   -0.435536  0.000000  1.0
    0.404230   -0.433536  0.000000  1.0
    0.404230   -0.431536  0.000000  1.0
    0.404230   -0.429536  0.000000  1.0
    0.404230   -0.427536  0.000000  1.0
    0.404230   -0.425536  0.000000  1.0
    0.404230   -0.423536  0.000000  1.0
    0.406230   -0.503536  0.000000  1.0
    0.406230   -0.501536  0.000000  1.0
    0.406230   -0.499536  0.000000  1.0
    0.406230   -0.497536  0.000000  1.0
    0.406230   -0.495536  0.000000  1.0
    0.406230   -0.493536  0.000000  1.0
    0.406230   -0.491536  0.000000  1.0
    0.406230   -0.489536  0.000000  1.0
    0.406230   -0.487536  0.000000  1.0
    0.406230   -0.485536  0.000000  1.0
    0.406230   -0.483536  0.000000  1.0
    0.406230   -0.481536  0.000000  1.0
    0.406230   -0.479536  0.000000  1.0
    0.406230   -0.477536  0.000000  1.0
    0.406230   -0.475536  0.000000  1.0
    0.406230   -0.473536  0.000000  1.0
    0.406230   -0.471536  0.000000  1.0
    0.406230   -0.469536  0.000000  1.0
    0.406230   -0.467536  0.000000  1.0
    0.406230   -0.465536  0.000000  1.0
    0.406230   -0.463536  0.000000  1.0
    0.406230   -0.461536  0.000000  1.0
    0.406230   -0.459536  0.000000  1.0
    0.406230   -0.457536  0.000000  1.0
    0.406230   -0.455536  0.000000  1.0
    0.406230   -0.453536  0.000000  1.0
    0.406230   -0.451536  0.000000  1.0
    0.406230   -0.449536  0.000000  1.0
    0.406230   -0.447536  0.000000  1.0
    0.406230   -0.445536  0.000000  1.0
    0.406230   -0.443536  0.000000  1.0
    0.406230   -0.441536  0.000000  1.0
    0.406230   -0.439536  0.000000  1.0
    0.406230   -0.437536  0.000000  1.0
    0.406230   -0.435536  0.000000  1.0
    0.406230   -0.433536  0.000000  1.0
    0.406230   -0.431536  0.000000  1.0
    0.406230   -0.429536  0.000000  1.0
    0.406230   -0.427536  0.000000  1.0
    0.406230   -0.425536  0.000000  1.0
    0.406230   -0.423536  0.000000  1.0
    0.408230   -0.503536  0.000000  1.0
    0.408230   -0.501536  0.000000  1.0
    0.408230   -0.499536  0.000000  1.0
    0.408230   -0.497536  0.000000  1.0
    0.408230   -0.495536  0.000000  1.0
    0.408230   -0.493536  0.000000  1.0
    0.408230   -0.491536  0.000000  1.0
    0.408230   -0.489536  0.000000  1.0
    0.408230   -0.487536  0.000000  1.0
    0.408230   -0.485536  0.000000  1.0
    0.408230   -0.483536  0.000000  1.0
    0.408230   -0.481536  0.000000  1.0
    0.408230   -0.479536  0.000000  1.0
    0.408230   -0.477536  0.000000  1.0
    0.408230   -0.475536  0.000000  1.0
    0.408230   -0.473536  0.000000  1.0
    0.408230   -0.471536  0.000000  1.0
    0.408230   -0.469536  0.000000  1.0
    0.408230   -0.467536  0.000000  1.0
    0.408230   -0.465536  0.000000  1.0
    0.408230   -0.463536  0.000000  1.0
    0.408230   -0.461536  0.000000  1.0
    0.408230   -0.459536  0.000000  1.0
    0.408230   -0.457536  0.000000  1.0
    0.408230   -0.455536  0.000000  1.0
    0.408230   -0.453536  0.000000  1.0
    0.408230   -0.451536  0.000000  1.0
    0.408230   -0.449536  0.000000  1.0
    0.408230   -0.447536  0.000000  1.0
    0.408230   -0.445536  0.000000  1.0
    0.408230   -0.443536  0.000000  1.0
    0.408230   -0.441536  0.000000  1.0
    0.408230   -0.439536  0.000000  1.0
    0.408230   -0.437536  0.000000  1.0
    0.408230   -0.435536  0.000000  1.0
    0.408230   -0.433536  0.000000  1.0
    0.408230   -0.431536  0.000000  1.0
    0.408230   -0.429536  0.000000  1.0
    0.408230   -0.427536  0.000000  1.0
    0.408230   -0.425536  0.000000  1.0
    0.408230   -0.423536  0.000000  1.0
    0.410230   -0.503536  0.000000  1.0
    0.410230   -0.501536  0.000000  1.0
    0.410230   -0.499536  0.000000  1.0
    0.410230   -0.497536  0.000000  1.0
    0.410230   -0.495536  0.000000  1.0
    0.410230   -0.493536  0.000000  1.0
    0.410230   -0.491536  0.000000  1.0
    0.410230   -0.489536  0.000000  1.0
    0.410230   -0.487536  0.000000  1.0
    0.410230   -0.485536  0.000000  1.0
    0.410230   -0.483536  0.000000  1.0
    0.410230   -0.481536  0.000000  1.0
    0.410230   -0.479536  0.000000  1.0
    0.410230   -0.477536  0.000000  1.0
    0.410230   -0.475536  0.000000  1.0
    0.410230   -0.473536  0.000000  1.0
    0.410230   -0.471536  0.000000  1.0
    0.410230   -0.469536  0.000000  1.0
    0.410230   -0.467536  0.000000  1.0
    0.410230   -0.465536  0.000000  1.0
    0.410230   -0.463536  0.000000  1.0
    0.410230   -0.461536  0.000000  1.0
    0.410230   -0.459536  0.000000  1.0
    0.410230   -0.457536  0.000000  1.0
    0.410230   -0.455536  0.000000  1.0
    0.410230   -0.453536  0.000000  1.0
    0.410230   -0.451536  0.000000  1.0
    0.410230   -0.449536  0.000000  1.0
    0.410230   -0.447536  0.000000  1.0
    0.410230   -0.445536  0.000000  1.0
    0.410230   -0.443536  0.000000  1.0
    0.410230   -0.441536  0.000000  1.0
    0.410230   -0.439536  0.000000  1.0
    0.410230   -0.437536  0.000000  1.0
    0.410230   -0.435536  0.000000  1.0
    0.410230   -0.433536  0.000000  1.0
    0.410230   -0.431536  0.000000  1.0
    0.410230   -0.429536  0.000000  1.0
    0.410230   -0.427536  0.000000  1.0
    0.410230   -0.425536  0.000000  1.0
    0.410230   -0.423536  0.000000  1.0
    0.412230   -0.503536  0.000000  1.0
    0.412230   -0.501536  0.000000  1.0
    0.412230   -0.499536  0.000000  1.0
    0.412230   -0.497536  0.000000  1.0
    0.412230   -0.495536  0.000000  1.0
    0.412230   -0.493536  0.000000  1.0
    0.412230   -0.491536  0.000000  1.0
    0.412230   -0.489536  0.000000  1.0
    0.412230   -0.487536  0.000000  1.0
    0.412230   -0.485536  0.000000  1.0
    0.412230   -0.483536  0.000000  1.0
    0.412230   -0.481536  0.000000  1.0
    0.412230   -0.479536  0.000000  1.0
    0.412230   -0.477536  0.000000  1.0
    0.412230   -0.475536  0.000000  1.0
    0.412230   -0.473536  0.000000  1.0
    0.412230   -0.471536  0.000000  1.0
    0.412230   -0.469536  0.000000  1.0
    0.412230   -0.467536  0.000000  1.0
    0.412230   -0.465536  0.000000  1.0
    0.412230   -0.463536  0.000000  1.0
    0.412230   -0.461536  0.000000  1.0
    0.412230   -0.459536  0.000000  1.0
    0.412230   -0.457536  0.000000  1.0
    0.412230   -0.455536  0.000000  1.0
    0.412230   -0.453536  0.000000  1.0
    0.412230   -0.451536  0.000000  1.0
    0.412230   -0.449536  0.000000  1.0
    0.412230   -0.447536  0.000000  1.0
    0.412230   -0.445536  0.000000  1.0
    0.412230   -0.443536  0.000000  1.0
    0.412230   -0.441536  0.000000  1.0
    0.412230   -0.439536  0.000000  1.0
    0.412230   -0.437536  0.000000  1.0
    0.412230   -0.435536  0.000000  1.0
    0.412230   -0.433536  0.000000  1.0
    0.412230   -0.431536  0.000000  1.0
    0.412230   -0.429536  0.000000  1.0
    0.412230   -0.427536  0.000000  1.0
    0.412230   -0.425536  0.000000  1.0
    0.412230   -0.423536  0.000000  1.0
    0.414230   -0.503536  0.000000  1.0
    0.414230   -0.501536  0.000000  1.0
    0.414230   -0.499536  0.000000  1.0
    0.414230   -0.497536  0.000000  1.0
    0.414230   -0.495536  0.000000  1.0
    0.414230   -0.493536  0.000000  1.0
    0.414230   -0.491536  0.000000  1.0
    0.414230   -0.489536  0.000000  1.0
    0.414230   -0.487536  0.000000  1.0
    0.414230   -0.485536  0.000000  1.0
    0.414230   -0.483536  0.000000  1.0
    0.414230   -0.481536  0.000000  1.0
    0.414230   -0.479536  0.000000  1.0
    0.414230   -0.477536  0.000000  1.0
    0.414230   -0.475536  0.000000  1.0
    0.414230   -0.473536  0.000000  1.0
    0.414230   -0.471536  0.000000  1.0
    0.414230   -0.469536  0.000000  1.0
    0.414230   -0.467536  0.000000  1.0
    0.414230   -0.465536  0.000000  1.0
    0.414230   -0.463536  0.000000  1.0
    0.414230   -0.461536  0.000000  1.0
    0.414230   -0.459536  0.000000  1.0
    0.414230   -0.457536  0.000000  1.0
    0.414230   -0.455536  0.000000  1.0
    0.414230   -0.453536  0.000000  1.0
    0.414230   -0.451536  0.000000  1.0
    0.414230   -0.449536  0.000000  1.0
    0.414230   -0.447536  0.000000  1.0
    0.414230   -0.445536  0.000000  1.0
    0.414230   -0.443536  0.000000  1.0
    0.414230   -0.441536  0.000000  1.0
    0.414230   -0.439536  0.000000  1.0
    0.414230   -0.437536  0.000000  1.0
    0.414230   -0.435536  0.000000  1.0
    0.414230   -0.433536  0.000000  1.0
    0.414230   -0.431536  0.000000  1.0
    0.414230   -0.429536  0.000000  1.0
    0.414230   -0.427536  0.000000  1.0
    0.414230   -0.425536  0.000000  1.0
    0.414230   -0.423536  0.000000  1.0
    0.416230   -0.503536  0.000000  1.0
    0.416230   -0.501536  0.000000  1.0
    0.416230   -0.499536  0.000000  1.0
    0.416230   -0.497536  0.000000  1.0
    0.416230   -0.495536  0.000000  1.0
    0.416230   -0.493536  0.000000  1.0
    0.416230   -0.491536  0.000000  1.0
    0.416230   -0.489536  0.000000  1.0
    0.416230   -0.487536  0.000000  1.0
    0.416230   -0.485536  0.000000  1.0
    0.416230   -0.483536  0.000000  1.0
    0.416230   -0.481536  0.000000  1.0
    0.416230   -0.479536  0.000000  1.0
    0.416230   -0.477536  0.000000  1.0
    0.416230   -0.475536  0.000000  1.0
    0.416230   -0.473536  0.000000  1.0
    0.416230   -0.471536  0.000000  1.0
    0.416230   -0.469536  0.000000  1.0
    0.416230   -0.467536  0.000000  1.0
    0.416230   -0.465536  0.000000  1.0
    0.416230   -0.463536  0.000000  1.0
    0.416230   -0.461536  0.000000  1.0
    0.416230   -0.459536  0.000000  1.0
    0.416230   -0.457536  0.000000  1.0
    0.416230   -0.455536  0.000000  1.0
    0.416230   -0.453536  0.000000  1.0
    0.416230   -0.451536  0.000000  1.0
    0.416230   -0.449536  0.000000  1.0
    0.416230   -0.447536  0.000000  1.0
    0.416230   -0.445536  0.000000  1.0
    0.416230   -0.443536  0.000000  1.0
    0.416230   -0.441536  0.000000  1.0
    0.416230   -0.439536  0.000000  1.0
    0.416230   -0.437536  0.000000  1.0
    0.416230   -0.435536  0.000000  1.0
    0.416230   -0.433536  0.000000  1.0
    0.416230   -0.431536  0.000000  1.0
    0.416230   -0.429536  0.000000  1.0
    0.416230   -0.427536  0.000000  1.0
    0.416230   -0.425536  0.000000  1.0
    0.416230   -0.423536  0.000000  1.0
    0.418230   -0.503536  0.000000  1.0
    0.418230   -0.501536  0.000000  1.0
    0.418230   -0.499536  0.000000  1.0
    0.418230   -0.497536  0.000000  1.0
    0.418230   -0.495536  0.000000  1.0
    0.418230   -0.493536  0.000000  1.0
    0.418230   -0.491536  0.000000  1.0
    0.418230   -0.489536  0.000000  1.0
    0.418230   -0.487536  0.000000  1.0
    0.418230   -0.485536  0.000000  1.0
    0.418230   -0.483536  0.000000  1.0
    0.418230   -0.481536  0.000000  1.0
    0.418230   -0.479536  0.000000  1.0
    0.418230   -0.477536  0.000000  1.0
    0.418230   -0.475536  0.000000  1.0
    0.418230   -0.473536  0.000000  1.0
    0.418230   -0.471536  0.000000  1.0
    0.418230   -0.469536  0.000000  1.0
    0.418230   -0.467536  0.000000  1.0
    0.418230   -0.465536  0.000000  1.0
    0.418230   -0.463536  0.000000  1.0
    0.418230   -0.461536  0.000000  1.0
    0.418230   -0.459536  0.000000  1.0
    0.418230   -0.457536  0.000000  1.0
    0.418230   -0.455536  0.000000  1.0
    0.418230   -0.453536  0.000000  1.0
    0.418230   -0.451536  0.000000  1.0
    0.418230   -0.449536  0.000000  1.0
    0.418230   -0.447536  0.000000  1.0
    0.418230   -0.445536  0.000000  1.0
    0.418230   -0.443536  0.000000  1.0
    0.418230   -0.441536  0.000000  1.0
    0.418230   -0.439536  0.000000  1.0
    0.418230   -0.437536  0.000000  1.0
    0.418230   -0.435536  0.000000  1.0
    0.418230   -0.433536  0.000000  1.0
    0.418230   -0.431536  0.000000  1.0
    0.418230   -0.429536  0.000000  1.0
    0.418230   -0.427536  0.000000  1.0
    0.418230   -0.425536  0.000000  1.0
    0.418230   -0.423536  0.000000  1.0
    0.420230   -0.503536  0.000000  1.0
    0.420230   -0.501536  0.000000  1.0
    0.420230   -0.499536  0.000000  1.0
    0.420230   -0.497536  0.000000  1.0
    0.420230   -0.495536  0.000000  1.0
    0.420230   -0.493536  0.000000  1.0
    0.420230   -0.491536  0.000000  1.0
    0.420230   -0.489536  0.000000  1.0
    0.420230   -0.487536  0.000000  1.0
    0.420230   -0.485536  0.000000  1.0
    0.420230   -0.483536  0.000000  1.0
    0.420230   -0.481536  0.000000  1.0
    0.420230   -0.479536  0.000000  1.0
    0.420230   -0.477536  0.000000  1.0
    0.420230   -0.475536  0.000000  1.0
    0.420230   -0.473536  0.000000  1.0
    0.420230   -0.471536  0.000000  1.0
    0.420230   -0.469536  0.000000  1.0
    0.420230   -0.467536  0.000000  1.0
    0.420230   -0.465536  0.000000  1.0
    0.420230   -0.463536  0.000000  1.0
    0.420230   -0.461536  0.000000  1.0
    0.420230   -0.459536  0.000000  1.0
    0.420230   -0.457536  0.000000  1.0
    0.420230   -0.455536  0.000000  1.0
    0.420230   -0.453536  0.000000  1.0
    0.420230   -0.451536  0.000000  1.0
    0.420230   -0.449536  0.000000  1.0
    0.420230   -0.447536  0.000000  1.0
    0.420230   -0.445536  0.000000  1.0
    0.420230   -0.443536  0.000000  1.0
    0.420230   -0.441536  0.000000  1.0
    0.420230   -0.439536  0.000000  1.0
    0.420230   -0.437536  0.000000  1.0
    0.420230   -0.435536  0.000000  1.0
    0.420230   -0.433536  0.000000  1.0
    0.420230   -0.431536  0.000000  1.0
    0.420230   -0.429536  0.000000  1.0
    0.420230   -0.427536  0.000000  1.0
    0.420230   -0.425536  0.000000  1.0
    0.420230   -0.423536  0.000000  1.0
    0.422230   -0.503536  0.000000  1.0
    0.422230   -0.501536  0.000000  1.0
    0.422230   -0.499536  0.000000  1.0
    0.422230   -0.497536  0.000000  1.0
    0.422230   -0.495536  0.000000  1.0
    0.422230   -0.493536  0.000000  1.0
    0.422230   -0.491536  0.000000  1.0
    0.422230   -0.489536  0.000000  1.0
    0.422230   -0.487536  0.000000  1.0
    0.422230   -0.485536  0.000000  1.0
    0.422230   -0.483536  0.000000  1.0
    0.422230   -0.481536  0.000000  1.0
    0.422230   -0.479536  0.000000  1.0
    0.422230   -0.477536  0.000000  1.0
    0.422230   -0.475536  0.000000  1.0
    0.422230   -0.473536  0.000000  1.0
    0.422230   -0.471536  0.000000  1.0
    0.422230   -0.469536  0.000000  1.0
    0.422230   -0.467536  0.000000  1.0
    0.422230   -0.465536  0.000000  1.0
    0.422230   -0.463536  0.000000  1.0
    0.422230   -0.461536  0.000000  1.0
    0.422230   -0.459536  0.000000  1.0
    0.422230   -0.457536  0.000000  1.0
    0.422230   -0.455536  0.000000  1.0
    0.422230   -0.453536  0.000000  1.0
    0.422230   -0.451536  0.000000  1.0
    0.422230   -0.449536  0.000000  1.0
    0.422230   -0.447536  0.000000  1.0
    0.422230   -0.445536  0.000000  1.0
    0.422230   -0.443536  0.000000  1.0
    0.422230   -0.441536  0.000000  1.0
    0.422230   -0.439536  0.000000  1.0
    0.422230   -0.437536  0.000000  1.0
    0.422230   -0.435536  0.000000  1.0
    0.422230   -0.433536  0.000000  1.0
    0.422230   -0.431536  0.000000  1.0
    0.422230   -0.429536  0.000000  1.0
    0.422230   -0.427536  0.000000  1.0
    0.422230   -0.425536  0.000000  1.0
    0.422230   -0.423536  0.000000  1.0
    0.424230   -0.503536  0.000000  1.0
    0.424230   -0.501536  0.000000  1.0
    0.424230   -0.499536  0.000000  1.0
    0.424230   -0.497536  0.000000  1.0
    0.424230   -0.495536  0.000000  1.0
    0.424230   -0.493536  0.000000  1.0
    0.424230   -0.491536  0.000000  1.0
    0.424230   -0.489536  0.000000  1.0
    0.424230   -0.487536  0.000000  1.0
    0.424230   -0.485536  0.000000  1.0
    0.424230   -0.483536  0.000000  1.0
    0.424230   -0.481536  0.000000  1.0
    0.424230   -0.479536  0.000000  1.0
    0.424230   -0.477536  0.000000  1.0
    0.424230   -0.475536  0.000000  1.0
    0.424230   -0.473536  0.000000  1.0
    0.424230   -0.471536  0.000000  1.0
    0.424230   -0.469536  0.000000  1.0
    0.424230   -0.467536  0.000000  1.0
    0.424230   -0.465536  0.000000  1.0
    0.424230   -0.463536  0.000000  1.0
    0.424230   -0.461536  0.000000  1.0
    0.424230   -0.459536  0.000000  1.0
    0.424230   -0.457536  0.000000  1.0
    0.424230   -0.455536  0.000000  1.0
    0.424230   -0.453536  0.000000  1.0
    0.424230   -0.451536  0.000000  1.0
    0.424230   -0.449536  0.000000  1.0
    0.424230   -0.447536  0.000000  1.0
    0.424230   -0.445536  0.000000  1.0
    0.424230   -0.443536  0.000000  1.0
    0.424230   -0.441536  0.000000  1.0
    0.424230   -0.439536  0.000000  1.0
    0.424230   -0.437536  0.000000  1.0
    0.424230   -0.435536  0.000000  1.0
    0.424230   -0.433536  0.000000  1.0
    0.424230   -0.431536  0.000000  1.0
    0.424230   -0.429536  0.000000  1.0
    0.424230   -0.427536  0.000000  1.0
    0.424230   -0.425536  0.000000  1.0
    0.424230   -0.423536  0.000000  1.0
    0.426230   -0.503536  0.000000  1.0
    0.426230   -0.501536  0.000000  1.0
    0.426230   -0.499536  0.000000  1.0
    0.426230   -0.497536  0.000000  1.0
    0.426230   -0.495536  0.000000  1.0
    0.426230   -0.493536  0.000000  1.0
    0.426230   -0.491536  0.000000  1.0
    0.426230   -0.489536  0.000000  1.0
    0.426230   -0.487536  0.000000  1.0
    0.426230   -0.485536  0.000000  1.0
    0.426230   -0.483536  0.000000  1.0
    0.426230   -0.481536  0.000000  1.0
    0.426230   -0.479536  0.000000  1.0
    0.426230   -0.477536  0.000000  1.0
    0.426230   -0.475536  0.000000  1.0
    0.426230   -0.473536  0.000000  1.0
    0.426230   -0.471536  0.000000  1.0
    0.426230   -0.469536  0.000000  1.0
    0.426230   -0.467536  0.000000  1.0
    0.426230   -0.465536  0.000000  1.0
    0.426230   -0.463536  0.000000  1.0
    0.426230   -0.461536  0.000000  1.0
    0.426230   -0.459536  0.000000  1.0
    0.426230   -0.457536  0.000000  1.0
    0.426230   -0.455536  0.000000  1.0
    0.426230   -0.453536  0.000000  1.0
    0.426230   -0.451536  0.000000  1.0
    0.426230   -0.449536  0.000000  1.0
    0.426230   -0.447536  0.000000  1.0
    0.426230   -0.445536  0.000000  1.0
    0.426230   -0.443536  0.000000  1.0
    0.426230   -0.441536  0.000000  1.0
    0.426230   -0.439536  0.000000  1.0
    0.426230   -0.437536  0.000000  1.0
    0.426230   -0.435536  0.000000  1.0
    0.426230   -0.433536  0.000000  1.0
    0.426230   -0.431536  0.000000  1.0
    0.426230   -0.429536  0.000000  1.0
    0.426230   -0.427536  0.000000  1.0
    0.426230   -0.425536  0.000000  1.0
    0.426230   -0.423536  0.000000  1.0
    0.428230   -0.503536  0.000000  1.0
    0.428230   -0.501536  0.000000  1.0
    0.428230   -0.499536  0.000000  1.0
    0.428230   -0.497536  0.000000  1.0
    0.428230   -0.495536  0.000000  1.0
    0.428230   -0.493536  0.000000  1.0
    0.428230   -0.491536  0.000000  1.0
    0.428230   -0.489536  0.000000  1.0
    0.428230   -0.487536  0.000000  1.0
    0.428230   -0.485536  0.000000  1.0
    0.428230   -0.483536  0.000000  1.0
    0.428230   -0.481536  0.000000  1.0
    0.428230   -0.479536  0.000000  1.0
    0.428230   -0.477536  0.000000  1.0
    0.428230   -0.475536  0.000000  1.0
    0.428230   -0.473536  0.000000  1.0
    0.428230   -0.471536  0.000000  1.0
    0.428230   -0.469536  0.000000  1.0
    0.428230   -0.467536  0.000000  1.0
    0.428230   -0.465536  0.000000  1.0
    0.428230   -0.463536  0.000000  1.0
    0.428230   -0.461536  0.000000  1.0
    0.428230   -0.459536  0.000000  1.0
    0.428230   -0.457536  0.000000  1.0
    0.428230   -0.455536  0.000000  1.0
    0.428230   -0.453536  0.000000  1.0
    0.428230   -0.451536  0.000000  1.0
    0.428230   -0.449536  0.000000  1.0
    0.428230   -0.447536  0.000000  1.0
    0.428230   -0.445536  0.000000  1.0
    0.428230   -0.443536  0.000000  1.0
    0.428230   -0.441536  0.000000  1.0
    0.428230   -0.439536  0.000000  1.0
    0.428230   -0.437536  0.000000  1.0
    0.428230   -0.435536  0.000000  1.0
    0.428230   -0.433536  0.000000  1.0
    0.428230   -0.431536  0.000000  1.0
    0.428230   -0.429536  0.000000  1.0
    0.428230   -0.427536  0.000000  1.0
    0.428230   -0.425536  0.000000  1.0
    0.428230   -0.423536  0.000000  1.0
    0.430230   -0.503536  0.000000  1.0
    0.430230   -0.501536  0.000000  1.0
    0.430230   -0.499536  0.000000  1.0
    0.430230   -0.497536  0.000000  1.0
    0.430230   -0.495536  0.000000  1.0
    0.430230   -0.493536  0.000000  1.0
    0.430230   -0.491536  0.000000  1.0
    0.430230   -0.489536  0.000000  1.0
    0.430230   -0.487536  0.000000  1.0
    0.430230   -0.485536  0.000000  1.0
    0.430230   -0.483536  0.000000  1.0
    0.430230   -0.481536  0.000000  1.0
    0.430230   -0.479536  0.000000  1.0
    0.430230   -0.477536  0.000000  1.0
    0.430230   -0.475536  0.000000  1.0
    0.430230   -0.473536  0.000000  1.0
    0.430230   -0.471536  0.000000  1.0
    0.430230   -0.469536  0.000000  1.0
    0.430230   -0.467536  0.000000  1.0
    0.430230   -0.465536  0.000000  1.0
    0.430230   -0.463536  0.000000  1.0
    0.430230   -0.461536  0.000000  1.0
    0.430230   -0.459536  0.000000  1.0
    0.430230   -0.457536  0.000000  1.0
    0.430230   -0.455536  0.000000  1.0
    0.430230   -0.453536  0.000000  1.0
    0.430230   -0.451536  0.000000  1.0
    0.430230   -0.449536  0.000000  1.0
    0.430230   -0.447536  0.000000  1.0
    0.430230   -0.445536  0.000000  1.0
    0.430230   -0.443536  0.000000  1.0
    0.430230   -0.441536  0.000000  1.0
    0.430230   -0.439536  0.000000  1.0
    0.430230   -0.437536  0.000000  1.0
    0.430230   -0.435536  0.000000  1.0
    0.430230   -0.433536  0.000000  1.0
    0.430230   -0.431536  0.000000  1.0
    0.430230   -0.429536  0.000000  1.0
    0.430230   -0.427536  0.000000  1.0
    0.430230   -0.425536  0.000000  1.0
    0.430230   -0.423536  0.000000  1.0
    0.432230   -0.503536  0.000000  1.0
    0.432230   -0.501536  0.000000  1.0
    0.432230   -0.499536  0.000000  1.0
    0.432230   -0.497536  0.000000  1.0
    0.432230   -0.495536  0.000000  1.0
    0.432230   -0.493536  0.000000  1.0
    0.432230   -0.491536  0.000000  1.0
    0.432230   -0.489536  0.000000  1.0
    0.432230   -0.487536  0.000000  1.0
    0.432230   -0.485536  0.000000  1.0
    0.432230   -0.483536  0.000000  1.0
    0.432230   -0.481536  0.000000  1.0
    0.432230   -0.479536  0.000000  1.0
    0.432230   -0.477536  0.000000  1.0
    0.432230   -0.475536  0.000000  1.0
    0.432230   -0.473536  0.000000  1.0
    0.432230   -0.471536  0.000000  1.0
    0.432230   -0.469536  0.000000  1.0
    0.432230   -0.467536  0.000000  1.0
    0.432230   -0.465536  0.000000  1.0
    0.432230   -0.463536  0.000000  1.0
    0.432230   -0.461536  0.000000  1.0
    0.432230   -0.459536  0.000000  1.0
    0.432230   -0.457536  0.000000  1.0
    0.432230   -0.455536  0.000000  1.0
    0.432230   -0.453536  0.000000  1.0
    0.432230   -0.451536  0.000000  1.0
    0.432230   -0.449536  0.000000  1.0
    0.432230   -0.447536  0.000000  1.0
    0.432230   -0.445536  0.000000  1.0
    0.432230   -0.443536  0.000000  1.0
    0.432230   -0.441536  0.000000  1.0
    0.432230   -0.439536  0.000000  1.0
    0.432230   -0.437536  0.000000  1.0
    0.432230   -0.435536  0.000000  1.0
    0.432230   -0.433536  0.000000  1.0
    0.432230   -0.431536  0.000000  1.0
    0.432230   -0.429536  0.000000  1.0
    0.432230   -0.427536  0.000000  1.0
    0.432230   -0.425536  0.000000  1.0
    0.432230   -0.423536  0.000000  1.0
    0.434230   -0.503536  0.000000  1.0
    0.434230   -0.501536  0.000000  1.0
    0.434230   -0.499536  0.000000  1.0
    0.434230   -0.497536  0.000000  1.0
    0.434230   -0.495536  0.000000  1.0
    0.434230   -0.493536  0.000000  1.0
    0.434230   -0.491536  0.000000  1.0
    0.434230   -0.489536  0.000000  1.0
    0.434230   -0.487536  0.000000  1.0
    0.434230   -0.485536  0.000000  1.0
    0.434230   -0.483536  0.000000  1.0
    0.434230   -0.481536  0.000000  1.0
    0.434230   -0.479536  0.000000  1.0
    0.434230   -0.477536  0.000000  1.0
    0.434230   -0.475536  0.000000  1.0
    0.434230   -0.473536  0.000000  1.0
    0.434230   -0.471536  0.000000  1.0
    0.434230   -0.469536  0.000000  1.0
    0.434230   -0.467536  0.000000  1.0
    0.434230   -0.465536  0.000000  1.0
    0.434230   -0.463536  0.000000  1.0
    0.434230   -0.461536  0.000000  1.0
    0.434230   -0.459536  0.000000  1.0
    0.434230   -0.457536  0.000000  1.0
    0.434230   -0.455536  0.000000  1.0
    0.434230   -0.453536  0.000000  1.0
    0.434230   -0.451536  0.000000  1.0
    0.434230   -0.449536  0.000000  1.0
    0.434230   -0.447536  0.000000  1.0
    0.434230   -0.445536  0.000000  1.0
    0.434230   -0.443536  0.000000  1.0
    0.434230   -0.441536  0.000000  1.0
    0.434230   -0.439536  0.000000  1.0
    0.434230   -0.437536  0.000000  1.0
    0.434230   -0.435536  0.000000  1.0
    0.434230   -0.433536  0.000000  1.0
    0.434230   -0.431536  0.000000  1.0
    0.434230   -0.429536  0.000000  1.0
    0.434230   -0.427536  0.000000  1.0
    0.434230   -0.425536  0.000000  1.0
    0.434230   -0.423536  0.000000  1.0
    0.436230   -0.503536  0.000000  1.0
    0.436230   -0.501536  0.000000  1.0
    0.436230   -0.499536  0.000000  1.0
    0.436230   -0.497536  0.000000  1.0
    0.436230   -0.495536  0.000000  1.0
    0.436230   -0.493536  0.000000  1.0
    0.436230   -0.491536  0.000000  1.0
    0.436230   -0.489536  0.000000  1.0
    0.436230   -0.487536  0.000000  1.0
    0.436230   -0.485536  0.000000  1.0
    0.436230   -0.483536  0.000000  1.0
    0.436230   -0.481536  0.000000  1.0
    0.436230   -0.479536  0.000000  1.0
    0.436230   -0.477536  0.000000  1.0
    0.436230   -0.475536  0.000000  1.0
    0.436230   -0.473536  0.000000  1.0
    0.436230   -0.471536  0.000000  1.0
    0.436230   -0.469536  0.000000  1.0
    0.436230   -0.467536  0.000000  1.0
    0.436230   -0.465536  0.000000  1.0
    0.436230   -0.463536  0.000000  1.0
    0.436230   -0.461536  0.000000  1.0
    0.436230   -0.459536  0.000000  1.0
    0.436230   -0.457536  0.000000  1.0
    0.436230   -0.455536  0.000000  1.0
    0.436230   -0.453536  0.000000  1.0
    0.436230   -0.451536  0.000000  1.0
    0.436230   -0.449536  0.000000  1.0
    0.436230   -0.447536  0.000000  1.0
    0.436230   -0.445536  0.000000  1.0
    0.436230   -0.443536  0.000000  1.0
    0.436230   -0.441536  0.000000  1.0
    0.436230   -0.439536  0.000000  1.0
    0.436230   -0.437536  0.000000  1.0
    0.436230   -0.435536  0.000000  1.0
    0.436230   -0.433536  0.000000  1.0
    0.436230   -0.431536  0.000000  1.0
    0.436230   -0.429536  0.000000  1.0
    0.436230   -0.427536  0.000000  1.0
    0.436230   -0.425536  0.000000  1.0
    0.436230   -0.423536  0.000000  1.0
    0.438230   -0.503536  0.000000  1.0
    0.438230   -0.501536  0.000000  1.0
    0.438230   -0.499536  0.000000  1.0
    0.438230   -0.497536  0.000000  1.0
    0.438230   -0.495536  0.000000  1.0
    0.438230   -0.493536  0.000000  1.0
    0.438230   -0.491536  0.000000  1.0
    0.438230   -0.489536  0.000000  1.0
    0.438230   -0.487536  0.000000  1.0
    0.438230   -0.485536  0.000000  1.0
    0.438230   -0.483536  0.000000  1.0
    0.438230   -0.481536  0.000000  1.0
    0.438230   -0.479536  0.000000  1.0
    0.438230   -0.477536  0.000000  1.0
    0.438230   -0.475536  0.000000  1.0
    0.438230   -0.473536  0.000000  1.0
    0.438230   -0.471536  0.000000  1.0
    0.438230   -0.469536  0.000000  1.0
    0.438230   -0.467536  0.000000  1.0
    0.438230   -0.465536  0.000000  1.0
    0.438230   -0.463536  0.000000  1.0
    0.438230   -0.461536  0.000000  1.0
    0.438230   -0.459536  0.000000  1.0
    0.438230   -0.457536  0.000000  1.0
    0.438230   -0.455536  0.000000  1.0
    0.438230   -0.453536  0.000000  1.0
    0.438230   -0.451536  0.000000  1.0
    0.438230   -0.449536  0.000000  1.0
    0.438230   -0.447536  0.000000  1.0
    0.438230   -0.445536  0.000000  1.0
    0.438230   -0.443536  0.000000  1.0
    0.438230   -0.441536  0.000000  1.0
    0.438230   -0.439536  0.000000  1.0
    0.438230   -0.437536  0.000000  1.0
    0.438230   -0.435536  0.000000  1.0
    0.438230   -0.433536  0.000000  1.0
    0.438230   -0.431536  0.000000  1.0
    0.438230   -0.429536  0.000000  1.0
    0.438230   -0.427536  0.000000  1.0
    0.438230   -0.425536  0.000000  1.0
    0.438230   -0.423536  0.000000  1.0
    0.440230   -0.503536  0.000000  1.0
    0.440230   -0.501536  0.000000  1.0
    0.440230   -0.499536  0.000000  1.0
    0.440230   -0.497536  0.000000  1.0
    0.440230   -0.495536  0.000000  1.0
    0.440230   -0.493536  0.000000  1.0
    0.440230   -0.491536  0.000000  1.0
    0.440230   -0.489536  0.000000  1.0
    0.440230   -0.487536  0.000000  1.0
    0.440230   -0.485536  0.000000  1.0
    0.440230   -0.483536  0.000000  1.0
    0.440230   -0.481536  0.000000  1.0
    0.440230   -0.479536  0.000000  1.0
    0.440230   -0.477536  0.000000  1.0
    0.440230   -0.475536  0.000000  1.0
    0.440230   -0.473536  0.000000  1.0
    0.440230   -0.471536  0.000000  1.0
    0.440230   -0.469536  0.000000  1.0
    0.440230   -0.467536  0.000000  1.0
    0.440230   -0.465536  0.000000  1.0
    0.440230   -0.463536  0.000000  1.0
    0.440230   -0.461536  0.000000  1.0
    0.440230   -0.459536  0.000000  1.0
    0.440230   -0.457536  0.000000  1.0
    0.440230   -0.455536  0.000000  1.0
    0.440230   -0.453536  0.000000  1.0
    0.440230   -0.451536  0.000000  1.0
    0.440230   -0.449536  0.000000  1.0
    0.440230   -0.447536  0.000000  1.0
    0.440230   -0.445536  0.000000  1.0
    0.440230   -0.443536  0.000000  1.0
    0.440230   -0.441536  0.000000  1.0
    0.440230   -0.439536  0.000000  1.0
    0.440230   -0.437536  0.000000  1.0
    0.440230   -0.435536  0.000000  1.0
    0.440230   -0.433536  0.000000  1.0
    0.440230   -0.431536  0.000000  1.0
    0.440230   -0.429536  0.000000  1.0
    0.440230   -0.427536  0.000000  1.0
    0.440230   -0.425536  0.000000  1.0
    0.440230   -0.423536  0.000000  1.0
    0.442230   -0.503536  0.000000  1.0
    0.442230   -0.501536  0.000000  1.0
    0.442230   -0.499536  0.000000  1.0
    0.442230   -0.497536  0.000000  1.0
    0.442230   -0.495536  0.000000  1.0
    0.442230   -0.493536  0.000000  1.0
    0.442230   -0.491536  0.000000  1.0
    0.442230   -0.489536  0.000000  1.0
    0.442230   -0.487536  0.000000  1.0
    0.442230   -0.485536  0.000000  1.0
    0.442230   -0.483536  0.000000  1.0
    0.442230   -0.481536  0.000000  1.0
    0.442230   -0.479536  0.000000  1.0
    0.442230   -0.477536  0.000000  1.0
    0.442230   -0.475536  0.000000  1.0
    0.442230   -0.473536  0.000000  1.0
    0.442230   -0.471536  0.000000  1.0
    0.442230   -0.469536  0.000000  1.0
    0.442230   -0.467536  0.000000  1.0
    0.442230   -0.465536  0.000000  1.0
    0.442230   -0.463536  0.000000  1.0
    0.442230   -0.461536  0.000000  1.0
    0.442230   -0.459536  0.000000  1.0
    0.442230   -0.457536  0.000000  1.0
    0.442230   -0.455536  0.000000  1.0
    0.442230   -0.453536  0.000000  1.0
    0.442230   -0.451536  0.000000  1.0
    0.442230   -0.449536  0.000000  1.0
    0.442230   -0.447536  0.000000  1.0
    0.442230   -0.445536  0.000000  1.0
    0.442230   -0.443536  0.000000  1.0
    0.442230   -0.441536  0.000000  1.0
    0.442230   -0.439536  0.000000  1.0
    0.442230   -0.437536  0.000000  1.0
    0.442230   -0.435536  0.000000  1.0
    0.442230   -0.433536  0.000000  1.0
    0.442230   -0.431536  0.000000  1.0
    0.442230   -0.429536  0.000000  1.0
    0.442230   -0.427536  0.000000  1.0
    0.442230   -0.425536  0.000000  1.0
    0.442230   -0.423536  0.000000  1.0
    0.444230   -0.503536  0.000000  1.0
    0.444230   -0.501536  0.000000  1.0
    0.444230   -0.499536  0.000000  1.0
    0.444230   -0.497536  0.000000  1.0
    0.444230   -0.495536  0.000000  1.0
    0.444230   -0.493536  0.000000  1.0
    0.444230   -0.491536  0.000000  1.0
    0.444230   -0.489536  0.000000  1.0
    0.444230   -0.487536  0.000000  1.0
    0.444230   -0.485536  0.000000  1.0
    0.444230   -0.483536  0.000000  1.0
    0.444230   -0.481536  0.000000  1.0
    0.444230   -0.479536  0.000000  1.0
    0.444230   -0.477536  0.000000  1.0
    0.444230   -0.475536  0.000000  1.0
    0.444230   -0.473536  0.000000  1.0
    0.444230   -0.471536  0.000000  1.0
    0.444230   -0.469536  0.000000  1.0
    0.444230   -0.467536  0.000000  1.0
    0.444230   -0.465536  0.000000  1.0
    0.444230   -0.463536  0.000000  1.0
    0.444230   -0.461536  0.000000  1.0
    0.444230   -0.459536  0.000000  1.0
    0.444230   -0.457536  0.000000  1.0
    0.444230   -0.455536  0.000000  1.0
    0.444230   -0.453536  0.000000  1.0
    0.444230   -0.451536  0.000000  1.0
    0.444230   -0.449536  0.000000  1.0
    0.444230   -0.447536  0.000000  1.0
    0.444230   -0.445536  0.000000  1.0
    0.444230   -0.443536  0.000000  1.0
    0.444230   -0.441536  0.000000  1.0
    0.444230   -0.439536  0.000000  1.0
    0.444230   -0.437536  0.000000  1.0
    0.444230   -0.435536  0.000000  1.0
    0.444230   -0.433536  0.000000  1.0
    0.444230   -0.431536  0.000000  1.0
    0.444230   -0.429536  0.000000  1.0
    0.444230   -0.427536  0.000000  1.0
    0.444230   -0.425536  0.000000  1.0
    0.444230   -0.423536  0.000000  1.0
    0.446230   -0.503536  0.000000  1.0
    0.446230   -0.501536  0.000000  1.0
    0.446230   -0.499536  0.000000  1.0
    0.446230   -0.497536  0.000000  1.0
    0.446230   -0.495536  0.000000  1.0
    0.446230   -0.493536  0.000000  1.0
    0.446230   -0.491536  0.000000  1.0
    0.446230   -0.489536  0.000000  1.0
    0.446230   -0.487536  0.000000  1.0
    0.446230   -0.485536  0.000000  1.0
    0.446230   -0.483536  0.000000  1.0
    0.446230   -0.481536  0.000000  1.0
    0.446230   -0.479536  0.000000  1.0
    0.446230   -0.477536  0.000000  1.0
    0.446230   -0.475536  0.000000  1.0
    0.446230   -0.473536  0.000000  1.0
    0.446230   -0.471536  0.000000  1.0
    0.446230   -0.469536  0.000000  1.0
    0.446230   -0.467536  0.000000  1.0
    0.446230   -0.465536  0.000000  1.0
    0.446230   -0.463536  0.000000  1.0
    0.446230   -0.461536  0.000000  1.0
    0.446230   -0.459536  0.000000  1.0
    0.446230   -0.457536  0.000000  1.0
    0.446230   -0.455536  0.000000  1.0
    0.446230   -0.453536  0.000000  1.0
    0.446230   -0.451536  0.000000  1.0
    0.446230   -0.449536  0.000000  1.0
    0.446230   -0.447536  0.000000  1.0
    0.446230   -0.445536  0.000000  1.0
    0.446230   -0.443536  0.000000  1.0
    0.446230   -0.441536  0.000000  1.0
    0.446230   -0.439536  0.000000  1.0
    0.446230   -0.437536  0.000000  1.0
    0.446230   -0.435536  0.000000  1.0
    0.446230   -0.433536  0.000000  1.0
    0.446230   -0.431536  0.000000  1.0
    0.446230   -0.429536  0.000000  1.0
    0.446230   -0.427536  0.000000  1.0
    0.446230   -0.425536  0.000000  1.0
    0.446230   -0.423536  0.000000  1.0
    0.448230   -0.503536  0.000000  1.0
    0.448230   -0.501536  0.000000  1.0
    0.448230   -0.499536  0.000000  1.0
    0.448230   -0.497536  0.000000  1.0
    0.448230   -0.495536  0.000000  1.0
    0.448230   -0.493536  0.000000  1.0
    0.448230   -0.491536  0.000000  1.0
    0.448230   -0.489536  0.000000  1.0
    0.448230   -0.487536  0.000000  1.0
    0.448230   -0.485536  0.000000  1.0
    0.448230   -0.483536  0.000000  1.0
    0.448230   -0.481536  0.000000  1.0
    0.448230   -0.479536  0.000000  1.0
    0.448230   -0.477536  0.000000  1.0
    0.448230   -0.475536  0.000000  1.0
    0.448230   -0.473536  0.000000  1.0
    0.448230   -0.471536  0.000000  1.0
    0.448230   -0.469536  0.000000  1.0
    0.448230   -0.467536  0.000000  1.0
    0.448230   -0.465536  0.000000  1.0
    0.448230   -0.463536  0.000000  1.0
    0.448230   -0.461536  0.000000  1.0
    0.448230   -0.459536  0.000000  1.0
    0.448230   -0.457536  0.000000  1.0
    0.448230   -0.455536  0.000000  1.0
    0.448230   -0.453536  0.000000  1.0
    0.448230   -0.451536  0.000000  1.0
    0.448230   -0.449536  0.000000  1.0
    0.448230   -0.447536  0.000000  1.0
    0.448230   -0.445536  0.000000  1.0
    0.448230   -0.443536  0.000000  1.0
    0.448230   -0.441536  0.000000  1.0
    0.448230   -0.439536  0.000000  1.0
    0.448230   -0.437536  0.000000  1.0
    0.448230   -0.435536  0.000000  1.0
    0.448230   -0.433536  0.000000  1.0
    0.448230   -0.431536  0.000000  1.0
    0.448230   -0.429536  0.000000  1.0
    0.448230   -0.427536  0.000000  1.0
    0.448230   -0.425536  0.000000  1.0
    0.448230   -0.423536  0.000000  1.0
    0.450230   -0.503536  0.000000  1.0
    0.450230   -0.501536  0.000000  1.0
    0.450230   -0.499536  0.000000  1.0
    0.450230   -0.497536  0.000000  1.0
    0.450230   -0.495536  0.000000  1.0
    0.450230   -0.493536  0.000000  1.0
    0.450230   -0.491536  0.000000  1.0
    0.450230   -0.489536  0.000000  1.0
    0.450230   -0.487536  0.000000  1.0
    0.450230   -0.485536  0.000000  1.0
    0.450230   -0.483536  0.000000  1.0
    0.450230   -0.481536  0.000000  1.0
    0.450230   -0.479536  0.000000  1.0
    0.450230   -0.477536  0.000000  1.0
    0.450230   -0.475536  0.000000  1.0
    0.450230   -0.473536  0.000000  1.0
    0.450230   -0.471536  0.000000  1.0
    0.450230   -0.469536  0.000000  1.0
    0.450230   -0.467536  0.000000  1.0
    0.450230   -0.465536  0.000000  1.0
    0.450230   -0.463536  0.000000  1.0
    0.450230   -0.461536  0.000000  1.0
    0.450230   -0.459536  0.000000  1.0
    0.450230   -0.457536  0.000000  1.0
    0.450230   -0.455536  0.000000  1.0
    0.450230   -0.453536  0.000000  1.0
    0.450230   -0.451536  0.000000  1.0
    0.450230   -0.449536  0.000000  1.0
    0.450230   -0.447536  0.000000  1.0
    0.450230   -0.445536  0.000000  1.0
    0.450230   -0.443536  0.000000  1.0
    0.450230   -0.441536  0.000000  1.0
    0.450230   -0.439536  0.000000  1.0
    0.450230   -0.437536  0.000000  1.0
    0.450230   -0.435536  0.000000  1.0
    0.450230   -0.433536  0.000000  1.0
    0.450230   -0.431536  0.000000  1.0
    0.450230   -0.429536  0.000000  1.0
    0.450230   -0.427536  0.000000  1.0
    0.450230   -0.425536  0.000000  1.0
    0.450230   -0.423536  0.000000  1.0
    0.452230   -0.503536  0.000000  1.0
    0.452230   -0.501536  0.000000  1.0
    0.452230   -0.499536  0.000000  1.0
    0.452230   -0.497536  0.000000  1.0
    0.452230   -0.495536  0.000000  1.0
    0.452230   -0.493536  0.000000  1.0
    0.452230   -0.491536  0.000000  1.0
    0.452230   -0.489536  0.000000  1.0
    0.452230   -0.487536  0.000000  1.0
    0.452230   -0.485536  0.000000  1.0
    0.452230   -0.483536  0.000000  1.0
    0.452230   -0.481536  0.000000  1.0
    0.452230   -0.479536  0.000000  1.0
    0.452230   -0.477536  0.000000  1.0
    0.452230   -0.475536  0.000000  1.0
    0.452230   -0.473536  0.000000  1.0
    0.452230   -0.471536  0.000000  1.0
    0.452230   -0.469536  0.000000  1.0
    0.452230   -0.467536  0.000000  1.0
    0.452230   -0.465536  0.000000  1.0
    0.452230   -0.463536  0.000000  1.0
    0.452230   -0.461536  0.000000  1.0
    0.452230   -0.459536  0.000000  1.0
    0.452230   -0.457536  0.000000  1.0
    0.452230   -0.455536  0.000000  1.0
    0.452230   -0.453536  0.000000  1.0
    0.452230   -0.451536  0.000000  1.0
    0.452230   -0.449536  0.000000  1.0
    0.452230   -0.447536  0.000000  1.0
    0.452230   -0.445536  0.000000  1.0
    0.452230   -0.443536  0.000000  1.0
    0.452230   -0.441536  0.000000  1.0
    0.452230   -0.439536  0.000000  1.0
    0.452230   -0.437536  0.000000  1.0
    0.452230   -0.435536  0.000000  1.0
    0.452230   -0.433536  0.000000  1.0
    0.452230   -0.431536  0.000000  1.0
    0.452230   -0.429536  0.000000  1.0
    0.452230   -0.427536  0.000000  1.0
    0.452230   -0.425536  0.000000  1.0
    0.452230   -0.423536  0.000000  1.0
    0.454230   -0.503536  0.000000  1.0
    0.454230   -0.501536  0.000000  1.0
    0.454230   -0.499536  0.000000  1.0
    0.454230   -0.497536  0.000000  1.0
    0.454230   -0.495536  0.000000  1.0
    0.454230   -0.493536  0.000000  1.0
    0.454230   -0.491536  0.000000  1.0
    0.454230   -0.489536  0.000000  1.0
    0.454230   -0.487536  0.000000  1.0
    0.454230   -0.485536  0.000000  1.0
    0.454230   -0.483536  0.000000  1.0
    0.454230   -0.481536  0.000000  1.0
    0.454230   -0.479536  0.000000  1.0
    0.454230   -0.477536  0.000000  1.0
    0.454230   -0.475536  0.000000  1.0
    0.454230   -0.473536  0.000000  1.0
    0.454230   -0.471536  0.000000  1.0
    0.454230   -0.469536  0.000000  1.0
    0.454230   -0.467536  0.000000  1.0
    0.454230   -0.465536  0.000000  1.0
    0.454230   -0.463536  0.000000  1.0
    0.454230   -0.461536  0.000000  1.0
    0.454230   -0.459536  0.000000  1.0
    0.454230   -0.457536  0.000000  1.0
    0.454230   -0.455536  0.000000  1.0
    0.454230   -0.453536  0.000000  1.0
    0.454230   -0.451536  0.000000  1.0
    0.454230   -0.449536  0.000000  1.0
    0.454230   -0.447536  0.000000  1.0
    0.454230   -0.445536  0.000000  1.0
    0.454230   -0.443536  0.000000  1.0
    0.454230   -0.441536  0.000000  1.0
    0.454230   -0.439536  0.000000  1.0
    0.454230   -0.437536  0.000000  1.0
    0.454230   -0.435536  0.000000  1.0
    0.454230   -0.433536  0.000000  1.0
    0.454230   -0.431536  0.000000  1.0
    0.454230   -0.429536  0.000000  1.0
    0.454230   -0.427536  0.000000  1.0
    0.454230   -0.425536  0.000000  1.0
    0.454230   -0.423536  0.000000  1.0
    0.456230   -0.503536  0.000000  1.0
    0.456230   -0.501536  0.000000  1.0
    0.456230   -0.499536  0.000000  1.0
    0.456230   -0.497536  0.000000  1.0
    0.456230   -0.495536  0.000000  1.0
    0.456230   -0.493536  0.000000  1.0
    0.456230   -0.491536  0.000000  1.0
    0.456230   -0.489536  0.000000  1.0
    0.456230   -0.487536  0.000000  1.0
    0.456230   -0.485536  0.000000  1.0
    0.456230   -0.483536  0.000000  1.0
    0.456230   -0.481536  0.000000  1.0
    0.456230   -0.479536  0.000000  1.0
    0.456230   -0.477536  0.000000  1.0
    0.456230   -0.475536  0.000000  1.0
    0.456230   -0.473536  0.000000  1.0
    0.456230   -0.471536  0.000000  1.0
    0.456230   -0.469536  0.000000  1.0
    0.456230   -0.467536  0.000000  1.0
    0.456230   -0.465536  0.000000  1.0
    0.456230   -0.463536  0.000000  1.0
    0.456230   -0.461536  0.000000  1.0
    0.456230   -0.459536  0.000000  1.0
    0.456230   -0.457536  0.000000  1.0
    0.456230   -0.455536  0.000000  1.0
    0.456230   -0.453536  0.000000  1.0
    0.456230   -0.451536  0.000000  1.0
    0.456230   -0.449536  0.000000  1.0
    0.456230   -0.447536  0.000000  1.0
    0.456230   -0.445536  0.000000  1.0
    0.456230   -0.443536  0.000000  1.0
    0.456230   -0.441536  0.000000  1.0
    0.456230   -0.439536  0.000000  1.0
    0.456230   -0.437536  0.000000  1.0
    0.456230   -0.435536  0.000000  1.0
    0.456230   -0.433536  0.000000  1.0
    0.456230   -0.431536  0.000000  1.0
    0.456230   -0.429536  0.000000  1.0
    0.456230   -0.427536  0.000000  1.0
    0.456230   -0.425536  0.000000  1.0
    0.456230   -0.423536  0.000000  1.0
    0.458230   -0.503536  0.000000  1.0
    0.458230   -0.501536  0.000000  1.0
    0.458230   -0.499536  0.000000  1.0
    0.458230   -0.497536  0.000000  1.0
    0.458230   -0.495536  0.000000  1.0
    0.458230   -0.493536  0.000000  1.0
    0.458230   -0.491536  0.000000  1.0
    0.458230   -0.489536  0.000000  1.0
    0.458230   -0.487536  0.000000  1.0
    0.458230   -0.485536  0.000000  1.0
    0.458230   -0.483536  0.000000  1.0
    0.458230   -0.481536  0.000000  1.0
    0.458230   -0.479536  0.000000  1.0
    0.458230   -0.477536  0.000000  1.0
    0.458230   -0.475536  0.000000  1.0
    0.458230   -0.473536  0.000000  1.0
    0.458230   -0.471536  0.000000  1.0
    0.458230   -0.469536  0.000000  1.0
    0.458230   -0.467536  0.000000  1.0
    0.458230   -0.465536  0.000000  1.0
    0.458230   -0.463536  0.000000  1.0
    0.458230   -0.461536  0.000000  1.0
    0.458230   -0.459536  0.000000  1.0
    0.458230   -0.457536  0.000000  1.0
    0.458230   -0.455536  0.000000  1.0
    0.458230   -0.453536  0.000000  1.0
    0.458230   -0.451536  0.000000  1.0
    0.458230   -0.449536  0.000000  1.0
    0.458230   -0.447536  0.000000  1.0
    0.458230   -0.445536  0.000000  1.0
    0.458230   -0.443536  0.000000  1.0
    0.458230   -0.441536  0.000000  1.0
    0.458230   -0.439536  0.000000  1.0
    0.458230   -0.437536  0.000000  1.0
    0.458230   -0.435536  0.000000  1.0
    0.458230   -0.433536  0.000000  1.0
    0.458230   -0.431536  0.000000  1.0
    0.458230   -0.429536  0.000000  1.0
    0.458230   -0.427536  0.000000  1.0
    0.458230   -0.425536  0.000000  1.0
    0.458230   -0.423536  0.000000  1.0
    0.460230   -0.503536  0.000000  1.0
    0.460230   -0.501536  0.000000  1.0
    0.460230   -0.499536  0.000000  1.0
    0.460230   -0.497536  0.000000  1.0
    0.460230   -0.495536  0.000000  1.0
    0.460230   -0.493536  0.000000  1.0
    0.460230   -0.491536  0.000000  1.0
    0.460230   -0.489536  0.000000  1.0
    0.460230   -0.487536  0.000000  1.0
    0.460230   -0.485536  0.000000  1.0
    0.460230   -0.483536  0.000000  1.0
    0.460230   -0.481536  0.000000  1.0
    0.460230   -0.479536  0.000000  1.0
    0.460230   -0.477536  0.000000  1.0
    0.460230   -0.475536  0.000000  1.0
    0.460230   -0.473536  0.000000  1.0
    0.460230   -0.471536  0.000000  1.0
    0.460230   -0.469536  0.000000  1.0
    0.460230   -0.467536  0.000000  1.0
    0.460230   -0.465536  0.000000  1.0
    0.460230   -0.463536  0.000000  1.0
    0.460230   -0.461536  0.000000  1.0
    0.460230   -0.459536  0.000000  1.0
    0.460230   -0.457536  0.000000  1.0
    0.460230   -0.455536  0.000000  1.0
    0.460230   -0.453536  0.000000  1.0
    0.460230   -0.451536  0.000000  1.0
    0.460230   -0.449536  0.000000  1.0
    0.460230   -0.447536  0.000000  1.0
    0.460230   -0.445536  0.000000  1.0
    0.460230   -0.443536  0.000000  1.0
    0.460230   -0.441536  0.000000  1.0
    0.460230   -0.439536  0.000000  1.0
    0.460230   -0.437536  0.000000  1.0
    0.460230   -0.435536  0.000000  1.0
    0.460230   -0.433536  0.000000  1.0
    0.460230   -0.431536  0.000000  1.0
    0.460230   -0.429536  0.000000  1.0
    0.460230   -0.427536  0.000000  1.0
    0.460230   -0.425536  0.000000  1.0
    0.460230   -0.423536  0.000000  1.0
    0.462230   -0.503536  0.000000  1.0
    0.462230   -0.501536  0.000000  1.0
    0.462230   -0.499536  0.000000  1.0
    0.462230   -0.497536  0.000000  1.0
    0.462230   -0.495536  0.000000  1.0
    0.462230   -0.493536  0.000000  1.0
    0.462230   -0.491536  0.000000  1.0
    0.462230   -0.489536  0.000000  1.0
    0.462230   -0.487536  0.000000  1.0
    0.462230   -0.485536  0.000000  1.0
    0.462230   -0.483536  0.000000  1.0
    0.462230   -0.481536  0.000000  1.0
    0.462230   -0.479536  0.000000  1.0
    0.462230   -0.477536  0.000000  1.0
    0.462230   -0.475536  0.000000  1.0
    0.462230   -0.473536  0.000000  1.0
    0.462230   -0.471536  0.000000  1.0
    0.462230   -0.469536  0.000000  1.0
    0.462230   -0.467536  0.000000  1.0
    0.462230   -0.465536  0.000000  1.0
    0.462230   -0.463536  0.000000  1.0
    0.462230   -0.461536  0.000000  1.0
    0.462230   -0.459536  0.000000  1.0
    0.462230   -0.457536  0.000000  1.0
    0.462230   -0.455536  0.000000  1.0
    0.462230   -0.453536  0.000000  1.0
    0.462230   -0.451536  0.000000  1.0
    0.462230   -0.449536  0.000000  1.0
    0.462230   -0.447536  0.000000  1.0
    0.462230   -0.445536  0.000000  1.0
    0.462230   -0.443536  0.000000  1.0
    0.462230   -0.441536  0.000000  1.0
    0.462230   -0.439536  0.000000  1.0
    0.462230   -0.437536  0.000000  1.0
    0.462230   -0.435536  0.000000  1.0
    0.462230   -0.433536  0.000000  1.0
    0.462230   -0.431536  0.000000  1.0
    0.462230   -0.429536  0.000000  1.0
    0.462230   -0.427536  0.000000  1.0
    0.462230   -0.425536  0.000000  1.0
    0.462230   -0.423536  0.000000  1.0
    0.464230   -0.503536  0.000000  1.0
    0.464230   -0.501536  0.000000  1.0
    0.464230   -0.499536  0.000000  1.0
    0.464230   -0.497536  0.000000  1.0
    0.464230   -0.495536  0.000000  1.0
    0.464230   -0.493536  0.000000  1.0
    0.464230   -0.491536  0.000000  1.0
    0.464230   -0.489536  0.000000  1.0
    0.464230   -0.487536  0.000000  1.0
    0.464230   -0.485536  0.000000  1.0
    0.464230   -0.483536  0.000000  1.0
    0.464230   -0.481536  0.000000  1.0
    0.464230   -0.479536  0.000000  1.0
    0.464230   -0.477536  0.000000  1.0
    0.464230   -0.475536  0.000000  1.0
    0.464230   -0.473536  0.000000  1.0
    0.464230   -0.471536  0.000000  1.0
    0.464230   -0.469536  0.000000  1.0
    0.464230   -0.467536  0.000000  1.0
    0.464230   -0.465536  0.000000  1.0
    0.464230   -0.463536  0.000000  1.0
    0.464230   -0.461536  0.000000  1.0
    0.464230   -0.459536  0.000000  1.0
    0.464230   -0.457536  0.000000  1.0
    0.464230   -0.455536  0.000000  1.0
    0.464230   -0.453536  0.000000  1.0
    0.464230   -0.451536  0.000000  1.0
    0.464230   -0.449536  0.000000  1.0
    0.464230   -0.447536  0.000000  1.0
    0.464230   -0.445536  0.000000  1.0
    0.464230   -0.443536  0.000000  1.0
    0.464230   -0.441536  0.000000  1.0
    0.464230   -0.439536  0.000000  1.0
    0.464230   -0.437536  0.000000  1.0
    0.464230   -0.435536  0.000000  1.0
    0.464230   -0.433536  0.000000  1.0
    0.464230   -0.431536  0.000000  1.0
    0.464230   -0.429536  0.000000  1.0
    0.464230   -0.427536  0.000000  1.0
    0.464230   -0.425536  0.000000  1.0
    0.464230   -0.423536  0.000000  1.0
    0.466230   -0.503536  0.000000  1.0
    0.466230   -0.501536  0.000000  1.0
    0.466230   -0.499536  0.000000  1.0
    0.466230   -0.497536  0.000000  1.0
    0.466230   -0.495536  0.000000  1.0
    0.466230   -0.493536  0.000000  1.0
    0.466230   -0.491536  0.000000  1.0
    0.466230   -0.489536  0.000000  1.0
    0.466230   -0.487536  0.000000  1.0
    0.466230   -0.485536  0.000000  1.0
    0.466230   -0.483536  0.000000  1.0
    0.466230   -0.481536  0.000000  1.0
    0.466230   -0.479536  0.000000  1.0
    0.466230   -0.477536  0.000000  1.0
    0.466230   -0.475536  0.000000  1.0
    0.466230   -0.473536  0.000000  1.0
    0.466230   -0.471536  0.000000  1.0
    0.466230   -0.469536  0.000000  1.0
    0.466230   -0.467536  0.000000  1.0
    0.466230   -0.465536  0.000000  1.0
    0.466230   -0.463536  0.000000  1.0
    0.466230   -0.461536  0.000000  1.0
    0.466230   -0.459536  0.000000  1.0
    0.466230   -0.457536  0.000000  1.0
    0.466230   -0.455536  0.000000  1.0
    0.466230   -0.453536  0.000000  1.0
    0.466230   -0.451536  0.000000  1.0
    0.466230   -0.449536  0.000000  1.0
    0.466230   -0.447536  0.000000  1.0
    0.466230   -0.445536  0.000000  1.0
    0.466230   -0.443536  0.000000  1.0
    0.466230   -0.441536  0.000000  1.0
    0.466230   -0.439536  0.000000  1.0
    0.466230   -0.437536  0.000000  1.0
    0.466230   -0.435536  0.000000  1.0
    0.466230   -0.433536  0.000000  1.0
    0.466230   -0.431536  0.000000  1.0
    0.466230   -0.429536  0.000000  1.0
    0.466230   -0.427536  0.000000  1.0
    0.466230   -0.425536  0.000000  1.0
    0.466230   -0.423536  0.000000  1.0
