&CONTROL
  calculation = 'bands'
  prefix = 'graphene10.0zoom'
  outdir = './tmp'
  pseudo_dir = './'
  verbosity = 'high'
/
&SYSTEM
  ibrav = 0
  nat = 2
  ntyp = 1
  ecutwfc = 40.0
  nosym = .true.
  noinv = .true.
  nbnd = 8
/
&ELECTRONS
/
ATOMIC_SPECIES
  C  12.011 C.upf
CELL_PARAMETERS {bohr}
  4.549596  0.000000  0.000000
  2.274798  4.406784  0.000000
  0.000000  0.000000  28.346456
ATOMIC_POSITIONS {crystal}
  C  0.000542  -0.001084  0.000000
  C  0.332791  0.334417  0.000000
K_POINTS {tpiba}
1681
    0.337049   -0.556204  0.000000  1.0
    0.337049   -0.554204  0.000000  1.0
    0.337049   -0.552204  0.000000  1.0
    0.337049   -0.550204  0.000000  1.0
    0.337049   -0.548204  0.000000  1.0
    0.337049   -0.546204  0.000000  1.0
    0.337049   -0.544204  0.000000  1.0
    0.337049   -0.542204  0.000000  1.0
    0.337049   -0.540204  0.000000  1.0
    0.337049   -0.538204  0.000000  1.0
    0.337049   -0.536204  0.000000  1.0
    0.337049   -0.534204  0.000000  1.0
    0.337049   -0.532204  0.000000  1.0
    0.337049   -0.530204  0.000000  1.0
    0.337049   -0.528204  0.000000  1.0
    0.337049   -0.526204  0.000000  1.0
    0.337049   -0.524204  0.000000  1.0
    0.337049   -0.522204  0.000000  1.0
    0.337049   -0.520204  0.000000  1.0
    0.337049   -0.518204  0.000000  1.0
    0.337049   -0.516204  0.000000  1.0
    0.337049   -0.514204  0.000000  1.0
    0.337049   -0.512204  0.000000  1.0
    0.337049   -0.510204  0.000000  1.0
    0.337049   -0.508204  0.000000  1.0
    0.337049   -0.506204  0.000000  1.0
    0.337049   -0.504204  0.000000  1.0
    0.337049   -0.502204  0.000000  1.0
    0.337049   -0.500204  0.000000  1.0
    0.337049   -0.498204  0.000000  1.0
    0.337049   -0.496204  0.000000  1.0
    0.337049   -0.494204  0.000000  1.0
    0.337049   -0.492204  0.000000  1.0
    0.337049   -0.490204  0.000000  1.0
    0.337049   -0.488204  0.000000  1.0
    0.337049   -0.486204  0.000000  1.0
    0.337049   -0.484204  0.000000  1.0
    0.337049   -0.482204  0.000000  1.0
    0.337049   -0.480204  0.000000  1.0
    0.337049   -0.478204  0.000000  1.0
    0.337049   -0.476204  0.000000  1.0
    0.339049   -0.556204  0.000000  1.0
    0.339049   -0.554204  0.000000  1.0
    0.339049   -0.552204  0.000000  1.0
    0.339049   -0.550204  0.000000  1.0
    0.339049   -0.548204  0.000000  1.0
    0.339049   -0.546204  0.000000  1.0
    0.339049   -0.544204  0.000000  1.0
    0.339049   -0.542204  0.000000  1.0
    0.339049   -0.540204  0.000000  1.0
    0.339049   -0.538204  0.000000  1.0
    0.339049   -0.536204  0.000000  1.0
    0.339049   -0.534204  0.000000  1.0
    0.339049   -0.532204  0.000000  1.0
    0.339049   -0.530204  0.000000  1.0
    0.339049   -0.528204  0.000000  1.0
    0.339049   -0.526204  0.000000  1.0
    0.339049   -0.524204  0.000000  1.0
    0.339049   -0.522204  0.000000  1.0
    0.339049   -0.520204  0.000000  1.0
    0.339049   -0.518204  0.000000  1.0
    0.339049   -0.516204  0.000000  1.0
    0.339049   -0.514204  0.000000  1.0
    0.339049   -0.512204  0.000000  1.0
    0.339049   -0.510204  0.000000  1.0
    0.339049   -0.508204  0.000000  1.0
    0.339049   -0.506204  0.000000  1.0
    0.339049   -0.504204  0.000000  1.0
    0.339049   -0.502204  0.000000  1.0
    0.339049   -0.500204  0.000000  1.0
    0.339049   -0.498204  0.000000  1.0
    0.339049   -0.496204  0.000000  1.0
    0.339049   -0.494204  0.000000  1.0
    0.339049   -0.492204  0.000000  1.0
    0.339049   -0.490204  0.000000  1.0
    0.339049   -0.488204  0.000000  1.0
    0.339049   -0.486204  0.000000  1.0
    0.339049   -0.484204  0.000000  1.0
    0.339049   -0.482204  0.000000  1.0
    0.339049   -0.480204  0.000000  1.0
    0.339049   -0.478204  0.000000  1.0
    0.339049   -0.476204  0.000000  1.0
    0.341049   -0.556204  0.000000  1.0
    0.341049   -0.554204  0.000000  1.0
    0.341049   -0.552204  0.000000  1.0
    0.341049   -0.550204  0.000000  1.0
    0.341049   -0.548204  0.000000  1.0
    0.341049   -0.546204  0.000000  1.0
    0.341049   -0.544204  0.000000  1.0
    0.341049   -0.542204  0.000000  1.0
    0.341049   -0.540204  0.000000  1.0
    0.341049   -0.538204  0.000000  1.0
    0.341049   -0.536204  0.000000  1.0
    0.341049   -0.534204  0.000000  1.0
    0.341049   -0.532204  0.000000  1.0
    0.341049   -0.530204  0.000000  1.0
    0.341049   -0.528204  0.000000  1.0
    0.341049   -0.526204  0.000000  1.0
    0.341049   -0.524204  0.000000  1.0
    0.341049   -0.522204  0.000000  1.0
    0.341049   -0.520204  0.000000  1.0
    0.341049   -0.518204  0.000000  1.0
    0.341049   -0.516204  0.000000  1.0
    0.341049   -0.514204  0.000000  1.0
    0.341049   -0.512204  0.000000  1.0
    0.341049   -0.510204  0.000000  1.0
    0.341049   -0.508204  0.000000  1.0
    0.341049   -0.506204  0.000000  1.0
    0.341049   -0.504204  0.000000  1.0
    0.341049   -0.502204  0.000000  1.0
    0.341049   -0.500204  0.000000  1.0
    0.341049   -0.498204  0.000000  1.0
    0.341049   -0.496204  0.000000  1.0
    0.341049   -0.494204  0.000000  1.0
    0.341049   -0.492204  0.000000  1.0
    0.341049   -0.490204  0.000000  1.0
    0.341049   -0.488204  0.000000  1.0
    0.341049   -0.486204  0.000000  1.0
    0.341049   -0.484204  0.000000  1.0
    0.341049   -0.482204  0.000000  1.0
    0.341049   -0.480204  0.000000  1.0
    0.341049   -0.478204  0.000000  1.0
    0.341049   -0.476204  0.000000  1.0
    0.343049   -0.556204  0.000000  1.0
    0.343049   -0.554204  0.000000  1.0
    0.343049   -0.552204  0.000000  1.0
    0.343049   -0.550204  0.000000  1.0
    0.343049   -0.548204  0.000000  1.0
    0.343049   -0.546204  0.000000  1.0
    0.343049   -0.544204  0.000000  1.0
    0.343049   -0.542204  0.000000  1.0
    0.343049   -0.540204  0.000000  1.0
    0.343049   -0.538204  0.000000  1.0
    0.343049   -0.536204  0.000000  1.0
    0.343049   -0.534204  0.000000  1.0
    0.343049   -0.532204  0.000000  1.0
    0.343049   -0.530204  0.000000  1.0
    0.343049   -0.528204  0.000000  1.0
    0.343049   -0.526204  0.000000  1.0
    0.343049   -0.524204  0.000000  1.0
    0.343049   -0.522204  0.000000  1.0
    0.343049   -0.520204  0.000000  1.0
    0.343049   -0.518204  0.000000  1.0
    0.343049   -0.516204  0.000000  1.0
    0.343049   -0.514204  0.000000  1.0
    0.343049   -0.512204  0.000000  1.0
    0.343049   -0.510204  0.000000  1.0
    0.343049   -0.508204  0.000000  1.0
    0.343049   -0.506204  0.000000  1.0
    0.343049   -0.504204  0.000000  1.0
    0.343049   -0.502204  0.000000  1.0
    0.343049   -0.500204  0.000000  1.0
    0.343049   -0.498204  0.000000  1.0
    0.343049   -0.496204  0.000000  1.0
    0.343049   -0.494204  0.000000  1.0
    0.343049   -0.492204  0.000000  1.0
    0.343049   -0.490204  0.000000  1.0
    0.343049   -0.488204  0.000000  1.0
    0.343049   -0.486204  0.000000  1.0
    0.343049   -0.484204  0.000000  1.0
    0.343049   -0.482204  0.000000  1.0
    0.343049   -0.480204  0.000000  1.0
    0.343049   -0.478204  0.000000  1.0
    0.343049   -0.476204  0.000000  1.0
    0.345049   -0.556204  0.000000  1.0
    0.345049   -0.554204  0.000000  1.0
    0.345049   -0.552204  0.000000  1.0
    0.345049   -0.550204  0.000000  1.0
    0.345049   -0.548204  0.000000  1.0
    0.345049   -0.546204  0.000000  1.0
    0.345049   -0.544204  0.000000  1.0
    0.345049   -0.542204  0.000000  1.0
    0.345049   -0.540204  0.000000  1.0
    0.345049   -0.538204  0.000000  1.0
    0.345049   -0.536204  0.000000  1.0
    0.345049   -0.534204  0.000000  1.0
    0.345049   -0.532204  0.000000  1.0
    0.345049   -0.530204  0.000000  1.0
    0.345049   -0.528204  0.000000  1.0
    0.345049   -0.526204  0.000000  1.0
    0.345049   -0.524204  0.000000  1.0
    0.345049   -0.522204  0.000000  1.0
    0.345049   -0.520204  0.000000  1.0
    0.345049   -0.518204  0.000000  1.0
    0.345049   -0.516204  0.000000  1.0
    0.345049   -0.514204  0.000000  1.0
    0.345049   -0.512204  0.000000  1.0
    0.345049   -0.510204  0.000000  1.0
    0.345049   -0.508204  0.000000  1.0
    0.345049   -0.506204  0.000000  1.0
    0.345049   -0.504204  0.000000  1.0
    0.345049   -0.502204  0.000000  1.0
    0.345049   -0.500204  0.000000  1.0
    0.345049   -0.498204  0.000000  1.0
    0.345049   -0.496204  0.000000  1.0
    0.345049   -0.494204  0.000000  1.0
    0.345049   -0.492204  0.000000  1.0
    0.345049   -0.490204  0.000000  1.0
    0.345049   -0.488204  0.000000  1.0
    0.345049   -0.486204  0.000000  1.0
    0.345049   -0.484204  0.000000  1.0
    0.345049   -0.482204  0.000000  1.0
    0.345049   -0.480204  0.000000  1.0
    0.345049   -0.478204  0.000000  1.0
    0.345049   -0.476204  0.000000  1.0
    0.347049   -0.556204  0.000000  1.0
    0.347049   -0.554204  0.000000  1.0
    0.347049   -0.552204  0.000000  1.0
    0.347049   -0.550204  0.000000  1.0
    0.347049   -0.548204  0.000000  1.0
    0.347049   -0.546204  0.000000  1.0
    0.347049   -0.544204  0.000000  1.0
    0.347049   -0.542204  0.000000  1.0
    0.347049   -0.540204  0.000000  1.0
    0.347049   -0.538204  0.000000  1.0
    0.347049   -0.536204  0.000000  1.0
    0.347049   -0.534204  0.000000  1.0
    0.347049   -0.532204  0.000000  1.0
    0.347049   -0.530204  0.000000  1.0
    0.347049   -0.528204  0.000000  1.0
    0.347049   -0.526204  0.000000  1.0
    0.347049   -0.524204  0.000000  1.0
    0.347049   -0.522204  0.000000  1.0
    0.347049   -0.520204  0.000000  1.0
    0.347049   -0.518204  0.000000  1.0
    0.347049   -0.516204  0.000000  1.0
    0.347049   -0.514204  0.000000  1.0
    0.347049   -0.512204  0.000000  1.0
    0.347049   -0.510204  0.000000  1.0
    0.347049   -0.508204  0.000000  1.0
    0.347049   -0.506204  0.000000  1.0
    0.347049   -0.504204  0.000000  1.0
    0.347049   -0.502204  0.000000  1.0
    0.347049   -0.500204  0.000000  1.0
    0.347049   -0.498204  0.000000  1.0
    0.347049   -0.496204  0.000000  1.0
    0.347049   -0.494204  0.000000  1.0
    0.347049   -0.492204  0.000000  1.0
    0.347049   -0.490204  0.000000  1.0
    0.347049   -0.488204  0.000000  1.0
    0.347049   -0.486204  0.000000  1.0
    0.347049   -0.484204  0.000000  1.0
    0.347049   -0.482204  0.000000  1.0
    0.347049   -0.480204  0.000000  1.0
    0.347049   -0.478204  0.000000  1.0
    0.347049   -0.476204  0.000000  1.0
    0.349049   -0.556204  0.000000  1.0
    0.349049   -0.554204  0.000000  1.0
    0.349049   -0.552204  0.000000  1.0
    0.349049   -0.550204  0.000000  1.0
    0.349049   -0.548204  0.000000  1.0
    0.349049   -0.546204  0.000000  1.0
    0.349049   -0.544204  0.000000  1.0
    0.349049   -0.542204  0.000000  1.0
    0.349049   -0.540204  0.000000  1.0
    0.349049   -0.538204  0.000000  1.0
    0.349049   -0.536204  0.000000  1.0
    0.349049   -0.534204  0.000000  1.0
    0.349049   -0.532204  0.000000  1.0
    0.349049   -0.530204  0.000000  1.0
    0.349049   -0.528204  0.000000  1.0
    0.349049   -0.526204  0.000000  1.0
    0.349049   -0.524204  0.000000  1.0
    0.349049   -0.522204  0.000000  1.0
    0.349049   -0.520204  0.000000  1.0
    0.349049   -0.518204  0.000000  1.0
    0.349049   -0.516204  0.000000  1.0
    0.349049   -0.514204  0.000000  1.0
    0.349049   -0.512204  0.000000  1.0
    0.349049   -0.510204  0.000000  1.0
    0.349049   -0.508204  0.000000  1.0
    0.349049   -0.506204  0.000000  1.0
    0.349049   -0.504204  0.000000  1.0
    0.349049   -0.502204  0.000000  1.0
    0.349049   -0.500204  0.000000  1.0
    0.349049   -0.498204  0.000000  1.0
    0.349049   -0.496204  0.000000  1.0
    0.349049   -0.494204  0.000000  1.0
    0.349049   -0.492204  0.000000  1.0
    0.349049   -0.490204  0.000000  1.0
    0.349049   -0.488204  0.000000  1.0
    0.349049   -0.486204  0.000000  1.0
    0.349049   -0.484204  0.000000  1.0
    0.349049   -0.482204  0.000000  1.0
    0.349049   -0.480204  0.000000  1.0
    0.349049   -0.478204  0.000000  1.0
    0.349049   -0.476204  0.000000  1.0
    0.351049   -0.556204  0.000000  1.0
    0.351049   -0.554204  0.000000  1.0
    0.351049   -0.552204  0.000000  1.0
    0.351049   -0.550204  0.000000  1.0
    0.351049   -0.548204  0.000000  1.0
    0.351049   -0.546204  0.000000  1.0
    0.351049   -0.544204  0.000000  1.0
    0.351049   -0.542204  0.000000  1.0
    0.351049   -0.540204  0.000000  1.0
    0.351049   -0.538204  0.000000  1.0
    0.351049   -0.536204  0.000000  1.0
    0.351049   -0.534204  0.000000  1.0
    0.351049   -0.532204  0.000000  1.0
    0.351049   -0.530204  0.000000  1.0
    0.351049   -0.528204  0.000000  1.0
    0.351049   -0.526204  0.000000  1.0
    0.351049   -0.524204  0.000000  1.0
    0.351049   -0.522204  0.000000  1.0
    0.351049   -0.520204  0.000000  1.0
    0.351049   -0.518204  0.000000  1.0
    0.351049   -0.516204  0.000000  1.0
    0.351049   -0.514204  0.000000  1.0
    0.351049   -0.512204  0.000000  1.0
    0.351049   -0.510204  0.000000  1.0
    0.351049   -0.508204  0.000000  1.0
    0.351049   -0.506204  0.000000  1.0
    0.351049   -0.504204  0.000000  1.0
    0.351049   -0.502204  0.000000  1.0
    0.351049   -0.500204  0.000000  1.0
    0.351049   -0.498204  0.000000  1.0
    0.351049   -0.496204  0.000000  1.0
    0.351049   -0.494204  0.000000  1.0
    0.351049   -0.492204  0.000000  1.0
    0.351049   -0.490204  0.000000  1.0
    0.351049   -0.488204  0.000000  1.0
    0.351049   -0.486204  0.000000  1.0
    0.351049   -0.484204  0.000000  1.0
    0.351049   -0.482204  0.000000  1.0
    0.351049   -0.480204  0.000000  1.0
    0.351049   -0.478204  0.000000  1.0
    0.351049   -0.476204  0.000000  1.0
    0.353049   -0.556204  0.000000  1.0
    0.353049   -0.554204  0.000000  1.0
    0.353049   -0.552204  0.000000  1.0
    0.353049   -0.550204  0.000000  1.0
    0.353049   -0.548204  0.000000  1.0
    0.353049   -0.546204  0.000000  1.0
    0.353049   -0.544204  0.000000  1.0
    0.353049   -0.542204  0.000000  1.0
    0.353049   -0.540204  0.000000  1.0
    0.353049   -0.538204  0.000000  1.0
    0.353049   -0.536204  0.000000  1.0
    0.353049   -0.534204  0.000000  1.0
    0.353049   -0.532204  0.000000  1.0
    0.353049   -0.530204  0.000000  1.0
    0.353049   -0.528204  0.000000  1.0
    0.353049   -0.526204  0.000000  1.0
    0.353049   -0.524204  0.000000  1.0
    0.353049   -0.522204  0.000000  1.0
    0.353049   -0.520204  0.000000  1.0
    0.353049   -0.518204  0.000000  1.0
    0.353049   -0.516204  0.000000  1.0
    0.353049   -0.514204  0.000000  1.0
    0.353049   -0.512204  0.000000  1.0
    0.353049   -0.510204  0.000000  1.0
    0.353049   -0.508204  0.000000  1.0
    0.353049   -0.506204  0.000000  1.0
    0.353049   -0.504204  0.000000  1.0
    0.353049   -0.502204  0.000000  1.0
    0.353049   -0.500204  0.000000  1.0
    0.353049   -0.498204  0.000000  1.0
    0.353049   -0.496204  0.000000  1.0
    0.353049   -0.494204  0.000000  1.0
    0.353049   -0.492204  0.000000  1.0
    0.353049   -0.490204  0.000000  1.0
    0.353049   -0.488204  0.000000  1.0
    0.353049   -0.486204  0.000000  1.0
    0.353049   -0.484204  0.000000  1.0
    0.353049   -0.482204  0.000000  1.0
    0.353049   -0.480204  0.000000  1.0
    0.353049   -0.478204  0.000000  1.0
    0.353049   -0.476204  0.000000  1.0
    0.355049   -0.556204  0.000000  1.0
    0.355049   -0.554204  0.000000  1.0
    0.355049   -0.552204  0.000000  1.0
    0.355049   -0.550204  0.000000  1.0
    0.355049   -0.548204  0.000000  1.0
    0.355049   -0.546204  0.000000  1.0
    0.355049   -0.544204  0.000000  1.0
    0.355049   -0.542204  0.000000  1.0
    0.355049   -0.540204  0.000000  1.0
    0.355049   -0.538204  0.000000  1.0
    0.355049   -0.536204  0.000000  1.0
    0.355049   -0.534204  0.000000  1.0
    0.355049   -0.532204  0.000000  1.0
    0.355049   -0.530204  0.000000  1.0
    0.355049   -0.528204  0.000000  1.0
    0.355049   -0.526204  0.000000  1.0
    0.355049   -0.524204  0.000000  1.0
    0.355049   -0.522204  0.000000  1.0
    0.355049   -0.520204  0.000000  1.0
    0.355049   -0.518204  0.000000  1.0
    0.355049   -0.516204  0.000000  1.0
    0.355049   -0.514204  0.000000  1.0
    0.355049   -0.512204  0.000000  1.0
    0.355049   -0.510204  0.000000  1.0
    0.355049   -0.508204  0.000000  1.0
    0.355049   -0.506204  0.000000  1.0
    0.355049   -0.504204  0.000000  1.0
    0.355049   -0.502204  0.000000  1.0
    0.355049   -0.500204  0.000000  1.0
    0.355049   -0.498204  0.000000  1.0
    0.355049   -0.496204  0.000000  1.0
    0.355049   -0.494204  0.000000  1.0
    0.355049   -0.492204  0.000000  1.0
    0.355049   -0.490204  0.000000  1.0
    0.355049   -0.488204  0.000000  1.0
    0.355049   -0.486204  0.000000  1.0
    0.355049   -0.484204  0.000000  1.0
    0.355049   -0.482204  0.000000  1.0
    0.355049   -0.480204  0.000000  1.0
    0.355049   -0.478204  0.000000  1.0
    0.355049   -0.476204  0.000000  1.0
    0.357049   -0.556204  0.000000  1.0
    0.357049   -0.554204  0.000000  1.0
    0.357049   -0.552204  0.000000  1.0
    0.357049   -0.550204  0.000000  1.0
    0.357049   -0.548204  0.000000  1.0
    0.357049   -0.546204  0.000000  1.0
    0.357049   -0.544204  0.000000  1.0
    0.357049   -0.542204  0.000000  1.0
    0.357049   -0.540204  0.000000  1.0
    0.357049   -0.538204  0.000000  1.0
    0.357049   -0.536204  0.000000  1.0
    0.357049   -0.534204  0.000000  1.0
    0.357049   -0.532204  0.000000  1.0
    0.357049   -0.530204  0.000000  1.0
    0.357049   -0.528204  0.000000  1.0
    0.357049   -0.526204  0.000000  1.0
    0.357049   -0.524204  0.000000  1.0
    0.357049   -0.522204  0.000000  1.0
    0.357049   -0.520204  0.000000  1.0
    0.357049   -0.518204  0.000000  1.0
    0.357049   -0.516204  0.000000  1.0
    0.357049   -0.514204  0.000000  1.0
    0.357049   -0.512204  0.000000  1.0
    0.357049   -0.510204  0.000000  1.0
    0.357049   -0.508204  0.000000  1.0
    0.357049   -0.506204  0.000000  1.0
    0.357049   -0.504204  0.000000  1.0
    0.357049   -0.502204  0.000000  1.0
    0.357049   -0.500204  0.000000  1.0
    0.357049   -0.498204  0.000000  1.0
    0.357049   -0.496204  0.000000  1.0
    0.357049   -0.494204  0.000000  1.0
    0.357049   -0.492204  0.000000  1.0
    0.357049   -0.490204  0.000000  1.0
    0.357049   -0.488204  0.000000  1.0
    0.357049   -0.486204  0.000000  1.0
    0.357049   -0.484204  0.000000  1.0
    0.357049   -0.482204  0.000000  1.0
    0.357049   -0.480204  0.000000  1.0
    0.357049   -0.478204  0.000000  1.0
    0.357049   -0.476204  0.000000  1.0
    0.359049   -0.556204  0.000000  1.0
    0.359049   -0.554204  0.000000  1.0
    0.359049   -0.552204  0.000000  1.0
    0.359049   -0.550204  0.000000  1.0
    0.359049   -0.548204  0.000000  1.0
    0.359049   -0.546204  0.000000  1.0
    0.359049   -0.544204  0.000000  1.0
    0.359049   -0.542204  0.000000  1.0
    0.359049   -0.540204  0.000000  1.0
    0.359049   -0.538204  0.000000  1.0
    0.359049   -0.536204  0.000000  1.0
    0.359049   -0.534204  0.000000  1.0
    0.359049   -0.532204  0.000000  1.0
    0.359049   -0.530204  0.000000  1.0
    0.359049   -0.528204  0.000000  1.0
    0.359049   -0.526204  0.000000  1.0
    0.359049   -0.524204  0.000000  1.0
    0.359049   -0.522204  0.000000  1.0
    0.359049   -0.520204  0.000000  1.0
    0.359049   -0.518204  0.000000  1.0
    0.359049   -0.516204  0.000000  1.0
    0.359049   -0.514204  0.000000  1.0
    0.359049   -0.512204  0.000000  1.0
    0.359049   -0.510204  0.000000  1.0
    0.359049   -0.508204  0.000000  1.0
    0.359049   -0.506204  0.000000  1.0
    0.359049   -0.504204  0.000000  1.0
    0.359049   -0.502204  0.000000  1.0
    0.359049   -0.500204  0.000000  1.0
    0.359049   -0.498204  0.000000  1.0
    0.359049   -0.496204  0.000000  1.0
    0.359049   -0.494204  0.000000  1.0
    0.359049   -0.492204  0.000000  1.0
    0.359049   -0.490204  0.000000  1.0
    0.359049   -0.488204  0.000000  1.0
    0.359049   -0.486204  0.000000  1.0
    0.359049   -0.484204  0.000000  1.0
    0.359049   -0.482204  0.000000  1.0
    0.359049   -0.480204  0.000000  1.0
    0.359049   -0.478204  0.000000  1.0
    0.359049   -0.476204  0.000000  1.0
    0.361049   -0.556204  0.000000  1.0
    0.361049   -0.554204  0.000000  1.0
    0.361049   -0.552204  0.000000  1.0
    0.361049   -0.550204  0.000000  1.0
    0.361049   -0.548204  0.000000  1.0
    0.361049   -0.546204  0.000000  1.0
    0.361049   -0.544204  0.000000  1.0
    0.361049   -0.542204  0.000000  1.0
    0.361049   -0.540204  0.000000  1.0
    0.361049   -0.538204  0.000000  1.0
    0.361049   -0.536204  0.000000  1.0
    0.361049   -0.534204  0.000000  1.0
    0.361049   -0.532204  0.000000  1.0
    0.361049   -0.530204  0.000000  1.0
    0.361049   -0.528204  0.000000  1.0
    0.361049   -0.526204  0.000000  1.0
    0.361049   -0.524204  0.000000  1.0
    0.361049   -0.522204  0.000000  1.0
    0.361049   -0.520204  0.000000  1.0
    0.361049   -0.518204  0.000000  1.0
    0.361049   -0.516204  0.000000  1.0
    0.361049   -0.514204  0.000000  1.0
    0.361049   -0.512204  0.000000  1.0
    0.361049   -0.510204  0.000000  1.0
    0.361049   -0.508204  0.000000  1.0
    0.361049   -0.506204  0.000000  1.0
    0.361049   -0.504204  0.000000  1.0
    0.361049   -0.502204  0.000000  1.0
    0.361049   -0.500204  0.000000  1.0
    0.361049   -0.498204  0.000000  1.0
    0.361049   -0.496204  0.000000  1.0
    0.361049   -0.494204  0.000000  1.0
    0.361049   -0.492204  0.000000  1.0
    0.361049   -0.490204  0.000000  1.0
    0.361049   -0.488204  0.000000  1.0
    0.361049   -0.486204  0.000000  1.0
    0.361049   -0.484204  0.000000  1.0
    0.361049   -0.482204  0.000000  1.0
    0.361049   -0.480204  0.000000  1.0
    0.361049   -0.478204  0.000000  1.0
    0.361049   -0.476204  0.000000  1.0
    0.363049   -0.556204  0.000000  1.0
    0.363049   -0.554204  0.000000  1.0
    0.363049   -0.552204  0.000000  1.0
    0.363049   -0.550204  0.000000  1.0
    0.363049   -0.548204  0.000000  1.0
    0.363049   -0.546204  0.000000  1.0
    0.363049   -0.544204  0.000000  1.0
    0.363049   -0.542204  0.000000  1.0
    0.363049   -0.540204  0.000000  1.0
    0.363049   -0.538204  0.000000  1.0
    0.363049   -0.536204  0.000000  1.0
    0.363049   -0.534204  0.000000  1.0
    0.363049   -0.532204  0.000000  1.0
    0.363049   -0.530204  0.000000  1.0
    0.363049   -0.528204  0.000000  1.0
    0.363049   -0.526204  0.000000  1.0
    0.363049   -0.524204  0.000000  1.0
    0.363049   -0.522204  0.000000  1.0
    0.363049   -0.520204  0.000000  1.0
    0.363049   -0.518204  0.000000  1.0
    0.363049   -0.516204  0.000000  1.0
    0.363049   -0.514204  0.000000  1.0
    0.363049   -0.512204  0.000000  1.0
    0.363049   -0.510204  0.000000  1.0
    0.363049   -0.508204  0.000000  1.0
    0.363049   -0.506204  0.000000  1.0
    0.363049   -0.504204  0.000000  1.0
    0.363049   -0.502204  0.000000  1.0
    0.363049   -0.500204  0.000000  1.0
    0.363049   -0.498204  0.000000  1.0
    0.363049   -0.496204  0.000000  1.0
    0.363049   -0.494204  0.000000  1.0
    0.363049   -0.492204  0.000000  1.0
    0.363049   -0.490204  0.000000  1.0
    0.363049   -0.488204  0.000000  1.0
    0.363049   -0.486204  0.000000  1.0
    0.363049   -0.484204  0.000000  1.0
    0.363049   -0.482204  0.000000  1.0
    0.363049   -0.480204  0.000000  1.0
    0.363049   -0.478204  0.000000  1.0
    0.363049   -0.476204  0.000000  1.0
    0.365049   -0.556204  0.000000  1.0
    0.365049   -0.554204  0.000000  1.0
    0.365049   -0.552204  0.000000  1.0
    0.365049   -0.550204  0.000000  1.0
    0.365049   -0.548204  0.000000  1.0
    0.365049   -0.546204  0.000000  1.0
    0.365049   -0.544204  0.000000  1.0
    0.365049   -0.542204  0.000000  1.0
    0.365049   -0.540204  0.000000  1.0
    0.365049   -0.538204  0.000000  1.0
    0.365049   -0.536204  0.000000  1.0
    0.365049   -0.534204  0.000000  1.0
    0.365049   -0.532204  0.000000  1.0
    0.365049   -0.530204  0.000000  1.0
    0.365049   -0.528204  0.000000  1.0
    0.365049   -0.526204  0.000000  1.0
    0.365049   -0.524204  0.000000  1.0
    0.365049   -0.522204  0.000000  1.0
    0.365049   -0.520204  0.000000  1.0
    0.365049   -0.518204  0.000000  1.0
    0.365049   -0.516204  0.000000  1.0
    0.365049   -0.514204  0.000000  1.0
    0.365049   -0.512204  0.000000  1.0
    0.365049   -0.510204  0.000000  1.0
    0.365049   -0.508204  0.000000  1.0
    0.365049   -0.506204  0.000000  1.0
    0.365049   -0.504204  0.000000  1.0
    0.365049   -0.502204  0.000000  1.0
    0.365049   -0.500204  0.000000  1.0
    0.365049   -0.498204  0.000000  1.0
    0.365049   -0.496204  0.000000  1.0
    0.365049   -0.494204  0.000000  1.0
    0.365049   -0.492204  0.000000  1.0
    0.365049   -0.490204  0.000000  1.0
    0.365049   -0.488204  0.000000  1.0
    0.365049   -0.486204  0.000000  1.0
    0.365049   -0.484204  0.000000  1.0
    0.365049   -0.482204  0.000000  1.0
    0.365049   -0.480204  0.000000  1.0
    0.365049   -0.478204  0.000000  1.0
    0.365049   -0.476204  0.000000  1.0
    0.367049   -0.556204  0.000000  1.0
    0.367049   -0.554204  0.000000  1.0
    0.367049   -0.552204  0.000000  1.0
    0.367049   -0.550204  0.000000  1.0
    0.367049   -0.548204  0.000000  1.0
    0.367049   -0.546204  0.000000  1.0
    0.367049   -0.544204  0.000000  1.0
    0.367049   -0.542204  0.000000  1.0
    0.367049   -0.540204  0.000000  1.0
    0.367049   -0.538204  0.000000  1.0
    0.367049   -0.536204  0.000000  1.0
    0.367049   -0.534204  0.000000  1.0
    0.367049   -0.532204  0.000000  1.0
    0.367049   -0.530204  0.000000  1.0
    0.367049   -0.528204  0.000000  1.0
    0.367049   -0.526204  0.000000  1.0
    0.367049   -0.524204  0.000000  1.0
    0.367049   -0.522204  0.000000  1.0
    0.367049   -0.520204  0.000000  1.0
    0.367049   -0.518204  0.000000  1.0
    0.367049   -0.516204  0.000000  1.0
    0.367049   -0.514204  0.000000  1.0
    0.367049   -0.512204  0.000000  1.0
    0.367049   -0.510204  0.000000  1.0
    0.367049   -0.508204  0.000000  1.0
    0.367049   -0.506204  0.000000  1.0
    0.367049   -0.504204  0.000000  1.0
    0.367049   -0.502204  0.000000  1.0
    0.367049   -0.500204  0.000000  1.0
    0.367049   -0.498204  0.000000  1.0
    0.367049   -0.496204  0.000000  1.0
    0.367049   -0.494204  0.000000  1.0
    0.367049   -0.492204  0.000000  1.0
    0.367049   -0.490204  0.000000  1.0
    0.367049   -0.488204  0.000000  1.0
    0.367049   -0.486204  0.000000  1.0
    0.367049   -0.484204  0.000000  1.0
    0.367049   -0.482204  0.000000  1.0
    0.367049   -0.480204  0.000000  1.0
    0.367049   -0.478204  0.000000  1.0
    0.367049   -0.476204  0.000000  1.0
    0.369049   -0.556204  0.000000  1.0
    0.369049   -0.554204  0.000000  1.0
    0.369049   -0.552204  0.000000  1.0
    0.369049   -0.550204  0.000000  1.0
    0.369049   -0.548204  0.000000  1.0
    0.369049   -0.546204  0.000000  1.0
    0.369049   -0.544204  0.000000  1.0
    0.369049   -0.542204  0.000000  1.0
    0.369049   -0.540204  0.000000  1.0
    0.369049   -0.538204  0.000000  1.0
    0.369049   -0.536204  0.000000  1.0
    0.369049   -0.534204  0.000000  1.0
    0.369049   -0.532204  0.000000  1.0
    0.369049   -0.530204  0.000000  1.0
    0.369049   -0.528204  0.000000  1.0
    0.369049   -0.526204  0.000000  1.0
    0.369049   -0.524204  0.000000  1.0
    0.369049   -0.522204  0.000000  1.0
    0.369049   -0.520204  0.000000  1.0
    0.369049   -0.518204  0.000000  1.0
    0.369049   -0.516204  0.000000  1.0
    0.369049   -0.514204  0.000000  1.0
    0.369049   -0.512204  0.000000  1.0
    0.369049   -0.510204  0.000000  1.0
    0.369049   -0.508204  0.000000  1.0
    0.369049   -0.506204  0.000000  1.0
    0.369049   -0.504204  0.000000  1.0
    0.369049   -0.502204  0.000000  1.0
    0.369049   -0.500204  0.000000  1.0
    0.369049   -0.498204  0.000000  1.0
    0.369049   -0.496204  0.000000  1.0
    0.369049   -0.494204  0.000000  1.0
    0.369049   -0.492204  0.000000  1.0
    0.369049   -0.490204  0.000000  1.0
    0.369049   -0.488204  0.000000  1.0
    0.369049   -0.486204  0.000000  1.0
    0.369049   -0.484204  0.000000  1.0
    0.369049   -0.482204  0.000000  1.0
    0.369049   -0.480204  0.000000  1.0
    0.369049   -0.478204  0.000000  1.0
    0.369049   -0.476204  0.000000  1.0
    0.371049   -0.556204  0.000000  1.0
    0.371049   -0.554204  0.000000  1.0
    0.371049   -0.552204  0.000000  1.0
    0.371049   -0.550204  0.000000  1.0
    0.371049   -0.548204  0.000000  1.0
    0.371049   -0.546204  0.000000  1.0
    0.371049   -0.544204  0.000000  1.0
    0.371049   -0.542204  0.000000  1.0
    0.371049   -0.540204  0.000000  1.0
    0.371049   -0.538204  0.000000  1.0
    0.371049   -0.536204  0.000000  1.0
    0.371049   -0.534204  0.000000  1.0
    0.371049   -0.532204  0.000000  1.0
    0.371049   -0.530204  0.000000  1.0
    0.371049   -0.528204  0.000000  1.0
    0.371049   -0.526204  0.000000  1.0
    0.371049   -0.524204  0.000000  1.0
    0.371049   -0.522204  0.000000  1.0
    0.371049   -0.520204  0.000000  1.0
    0.371049   -0.518204  0.000000  1.0
    0.371049   -0.516204  0.000000  1.0
    0.371049   -0.514204  0.000000  1.0
    0.371049   -0.512204  0.000000  1.0
    0.371049   -0.510204  0.000000  1.0
    0.371049   -0.508204  0.000000  1.0
    0.371049   -0.506204  0.000000  1.0
    0.371049   -0.504204  0.000000  1.0
    0.371049   -0.502204  0.000000  1.0
    0.371049   -0.500204  0.000000  1.0
    0.371049   -0.498204  0.000000  1.0
    0.371049   -0.496204  0.000000  1.0
    0.371049   -0.494204  0.000000  1.0
    0.371049   -0.492204  0.000000  1.0
    0.371049   -0.490204  0.000000  1.0
    0.371049   -0.488204  0.000000  1.0
    0.371049   -0.486204  0.000000  1.0
    0.371049   -0.484204  0.000000  1.0
    0.371049   -0.482204  0.000000  1.0
    0.371049   -0.480204  0.000000  1.0
    0.371049   -0.478204  0.000000  1.0
    0.371049   -0.476204  0.000000  1.0
    0.373049   -0.556204  0.000000  1.0
    0.373049   -0.554204  0.000000  1.0
    0.373049   -0.552204  0.000000  1.0
    0.373049   -0.550204  0.000000  1.0
    0.373049   -0.548204  0.000000  1.0
    0.373049   -0.546204  0.000000  1.0
    0.373049   -0.544204  0.000000  1.0
    0.373049   -0.542204  0.000000  1.0
    0.373049   -0.540204  0.000000  1.0
    0.373049   -0.538204  0.000000  1.0
    0.373049   -0.536204  0.000000  1.0
    0.373049   -0.534204  0.000000  1.0
    0.373049   -0.532204  0.000000  1.0
    0.373049   -0.530204  0.000000  1.0
    0.373049   -0.528204  0.000000  1.0
    0.373049   -0.526204  0.000000  1.0
    0.373049   -0.524204  0.000000  1.0
    0.373049   -0.522204  0.000000  1.0
    0.373049   -0.520204  0.000000  1.0
    0.373049   -0.518204  0.000000  1.0
    0.373049   -0.516204  0.000000  1.0
    0.373049   -0.514204  0.000000  1.0
    0.373049   -0.512204  0.000000  1.0
    0.373049   -0.510204  0.000000  1.0
    0.373049   -0.508204  0.000000  1.0
    0.373049   -0.506204  0.000000  1.0
    0.373049   -0.504204  0.000000  1.0
    0.373049   -0.502204  0.000000  1.0
    0.373049   -0.500204  0.000000  1.0
    0.373049   -0.498204  0.000000  1.0
    0.373049   -0.496204  0.000000  1.0
    0.373049   -0.494204  0.000000  1.0
    0.373049   -0.492204  0.000000  1.0
    0.373049   -0.490204  0.000000  1.0
    0.373049   -0.488204  0.000000  1.0
    0.373049   -0.486204  0.000000  1.0
    0.373049   -0.484204  0.000000  1.0
    0.373049   -0.482204  0.000000  1.0
    0.373049   -0.480204  0.000000  1.0
    0.373049   -0.478204  0.000000  1.0
    0.373049   -0.476204  0.000000  1.0
    0.375049   -0.556204  0.000000  1.0
    0.375049   -0.554204  0.000000  1.0
    0.375049   -0.552204  0.000000  1.0
    0.375049   -0.550204  0.000000  1.0
    0.375049   -0.548204  0.000000  1.0
    0.375049   -0.546204  0.000000  1.0
    0.375049   -0.544204  0.000000  1.0
    0.375049   -0.542204  0.000000  1.0
    0.375049   -0.540204  0.000000  1.0
    0.375049   -0.538204  0.000000  1.0
    0.375049   -0.536204  0.000000  1.0
    0.375049   -0.534204  0.000000  1.0
    0.375049   -0.532204  0.000000  1.0
    0.375049   -0.530204  0.000000  1.0
    0.375049   -0.528204  0.000000  1.0
    0.375049   -0.526204  0.000000  1.0
    0.375049   -0.524204  0.000000  1.0
    0.375049   -0.522204  0.000000  1.0
    0.375049   -0.520204  0.000000  1.0
    0.375049   -0.518204  0.000000  1.0
    0.375049   -0.516204  0.000000  1.0
    0.375049   -0.514204  0.000000  1.0
    0.375049   -0.512204  0.000000  1.0
    0.375049   -0.510204  0.000000  1.0
    0.375049   -0.508204  0.000000  1.0
    0.375049   -0.506204  0.000000  1.0
    0.375049   -0.504204  0.000000  1.0
    0.375049   -0.502204  0.000000  1.0
    0.375049   -0.500204  0.000000  1.0
    0.375049   -0.498204  0.000000  1.0
    0.375049   -0.496204  0.000000  1.0
    0.375049   -0.494204  0.000000  1.0
    0.375049   -0.492204  0.000000  1.0
    0.375049   -0.490204  0.000000  1.0
    0.375049   -0.488204  0.000000  1.0
    0.375049   -0.486204  0.000000  1.0
    0.375049   -0.484204  0.000000  1.0
    0.375049   -0.482204  0.000000  1.0
    0.375049   -0.480204  0.000000  1.0
    0.375049   -0.478204  0.000000  1.0
    0.375049   -0.476204  0.000000  1.0
    0.377049   -0.556204  0.000000  1.0
    0.377049   -0.554204  0.000000  1.0
    0.377049   -0.552204  0.000000  1.0
    0.377049   -0.550204  0.000000  1.0
    0.377049   -0.548204  0.000000  1.0
    0.377049   -0.546204  0.000000  1.0
    0.377049   -0.544204  0.000000  1.0
    0.377049   -0.542204  0.000000  1.0
    0.377049   -0.540204  0.000000  1.0
    0.377049   -0.538204  0.000000  1.0
    0.377049   -0.536204  0.000000  1.0
    0.377049   -0.534204  0.000000  1.0
    0.377049   -0.532204  0.000000  1.0
    0.377049   -0.530204  0.000000  1.0
    0.377049   -0.528204  0.000000  1.0
    0.377049   -0.526204  0.000000  1.0
    0.377049   -0.524204  0.000000  1.0
    0.377049   -0.522204  0.000000  1.0
    0.377049   -0.520204  0.000000  1.0
    0.377049   -0.518204  0.000000  1.0
    0.377049   -0.516204  0.000000  1.0
    0.377049   -0.514204  0.000000  1.0
    0.377049   -0.512204  0.000000  1.0
    0.377049   -0.510204  0.000000  1.0
    0.377049   -0.508204  0.000000  1.0
    0.377049   -0.506204  0.000000  1.0
    0.377049   -0.504204  0.000000  1.0
    0.377049   -0.502204  0.000000  1.0
    0.377049   -0.500204  0.000000  1.0
    0.377049   -0.498204  0.000000  1.0
    0.377049   -0.496204  0.000000  1.0
    0.377049   -0.494204  0.000000  1.0
    0.377049   -0.492204  0.000000  1.0
    0.377049   -0.490204  0.000000  1.0
    0.377049   -0.488204  0.000000  1.0
    0.377049   -0.486204  0.000000  1.0
    0.377049   -0.484204  0.000000  1.0
    0.377049   -0.482204  0.000000  1.0
    0.377049   -0.480204  0.000000  1.0
    0.377049   -0.478204  0.000000  1.0
    0.377049   -0.476204  0.000000  1.0
    0.379049   -0.556204  0.000000  1.0
    0.379049   -0.554204  0.000000  1.0
    0.379049   -0.552204  0.000000  1.0
    0.379049   -0.550204  0.000000  1.0
    0.379049   -0.548204  0.000000  1.0
    0.379049   -0.546204  0.000000  1.0
    0.379049   -0.544204  0.000000  1.0
    0.379049   -0.542204  0.000000  1.0
    0.379049   -0.540204  0.000000  1.0
    0.379049   -0.538204  0.000000  1.0
    0.379049   -0.536204  0.000000  1.0
    0.379049   -0.534204  0.000000  1.0
    0.379049   -0.532204  0.000000  1.0
    0.379049   -0.530204  0.000000  1.0
    0.379049   -0.528204  0.000000  1.0
    0.379049   -0.526204  0.000000  1.0
    0.379049   -0.524204  0.000000  1.0
    0.379049   -0.522204  0.000000  1.0
    0.379049   -0.520204  0.000000  1.0
    0.379049   -0.518204  0.000000  1.0
    0.379049   -0.516204  0.000000  1.0
    0.379049   -0.514204  0.000000  1.0
    0.379049   -0.512204  0.000000  1.0
    0.379049   -0.510204  0.000000  1.0
    0.379049   -0.508204  0.000000  1.0
    0.379049   -0.506204  0.000000  1.0
    0.379049   -0.504204  0.000000  1.0
    0.379049   -0.502204  0.000000  1.0
    0.379049   -0.500204  0.000000  1.0
    0.379049   -0.498204  0.000000  1.0
    0.379049   -0.496204  0.000000  1.0
    0.379049   -0.494204  0.000000  1.0
    0.379049   -0.492204  0.000000  1.0
    0.379049   -0.490204  0.000000  1.0
    0.379049   -0.488204  0.000000  1.0
    0.379049   -0.486204  0.000000  1.0
    0.379049   -0.484204  0.000000  1.0
    0.379049   -0.482204  0.000000  1.0
    0.379049   -0.480204  0.000000  1.0
    0.379049   -0.478204  0.000000  1.0
    0.379049   -0.476204  0.000000  1.0
    0.381049   -0.556204  0.000000  1.0
    0.381049   -0.554204  0.000000  1.0
    0.381049   -0.552204  0.000000  1.0
    0.381049   -0.550204  0.000000  1.0
    0.381049   -0.548204  0.000000  1.0
    0.381049   -0.546204  0.000000  1.0
    0.381049   -0.544204  0.000000  1.0
    0.381049   -0.542204  0.000000  1.0
    0.381049   -0.540204  0.000000  1.0
    0.381049   -0.538204  0.000000  1.0
    0.381049   -0.536204  0.000000  1.0
    0.381049   -0.534204  0.000000  1.0
    0.381049   -0.532204  0.000000  1.0
    0.381049   -0.530204  0.000000  1.0
    0.381049   -0.528204  0.000000  1.0
    0.381049   -0.526204  0.000000  1.0
    0.381049   -0.524204  0.000000  1.0
    0.381049   -0.522204  0.000000  1.0
    0.381049   -0.520204  0.000000  1.0
    0.381049   -0.518204  0.000000  1.0
    0.381049   -0.516204  0.000000  1.0
    0.381049   -0.514204  0.000000  1.0
    0.381049   -0.512204  0.000000  1.0
    0.381049   -0.510204  0.000000  1.0
    0.381049   -0.508204  0.000000  1.0
    0.381049   -0.506204  0.000000  1.0
    0.381049   -0.504204  0.000000  1.0
    0.381049   -0.502204  0.000000  1.0
    0.381049   -0.500204  0.000000  1.0
    0.381049   -0.498204  0.000000  1.0
    0.381049   -0.496204  0.000000  1.0
    0.381049   -0.494204  0.000000  1.0
    0.381049   -0.492204  0.000000  1.0
    0.381049   -0.490204  0.000000  1.0
    0.381049   -0.488204  0.000000  1.0
    0.381049   -0.486204  0.000000  1.0
    0.381049   -0.484204  0.000000  1.0
    0.381049   -0.482204  0.000000  1.0
    0.381049   -0.480204  0.000000  1.0
    0.381049   -0.478204  0.000000  1.0
    0.381049   -0.476204  0.000000  1.0
    0.383049   -0.556204  0.000000  1.0
    0.383049   -0.554204  0.000000  1.0
    0.383049   -0.552204  0.000000  1.0
    0.383049   -0.550204  0.000000  1.0
    0.383049   -0.548204  0.000000  1.0
    0.383049   -0.546204  0.000000  1.0
    0.383049   -0.544204  0.000000  1.0
    0.383049   -0.542204  0.000000  1.0
    0.383049   -0.540204  0.000000  1.0
    0.383049   -0.538204  0.000000  1.0
    0.383049   -0.536204  0.000000  1.0
    0.383049   -0.534204  0.000000  1.0
    0.383049   -0.532204  0.000000  1.0
    0.383049   -0.530204  0.000000  1.0
    0.383049   -0.528204  0.000000  1.0
    0.383049   -0.526204  0.000000  1.0
    0.383049   -0.524204  0.000000  1.0
    0.383049   -0.522204  0.000000  1.0
    0.383049   -0.520204  0.000000  1.0
    0.383049   -0.518204  0.000000  1.0
    0.383049   -0.516204  0.000000  1.0
    0.383049   -0.514204  0.000000  1.0
    0.383049   -0.512204  0.000000  1.0
    0.383049   -0.510204  0.000000  1.0
    0.383049   -0.508204  0.000000  1.0
    0.383049   -0.506204  0.000000  1.0
    0.383049   -0.504204  0.000000  1.0
    0.383049   -0.502204  0.000000  1.0
    0.383049   -0.500204  0.000000  1.0
    0.383049   -0.498204  0.000000  1.0
    0.383049   -0.496204  0.000000  1.0
    0.383049   -0.494204  0.000000  1.0
    0.383049   -0.492204  0.000000  1.0
    0.383049   -0.490204  0.000000  1.0
    0.383049   -0.488204  0.000000  1.0
    0.383049   -0.486204  0.000000  1.0
    0.383049   -0.484204  0.000000  1.0
    0.383049   -0.482204  0.000000  1.0
    0.383049   -0.480204  0.000000  1.0
    0.383049   -0.478204  0.000000  1.0
    0.383049   -0.476204  0.000000  1.0
    0.385049   -0.556204  0.000000  1.0
    0.385049   -0.554204  0.000000  1.0
    0.385049   -0.552204  0.000000  1.0
    0.385049   -0.550204  0.000000  1.0
    0.385049   -0.548204  0.000000  1.0
    0.385049   -0.546204  0.000000  1.0
    0.385049   -0.544204  0.000000  1.0
    0.385049   -0.542204  0.000000  1.0
    0.385049   -0.540204  0.000000  1.0
    0.385049   -0.538204  0.000000  1.0
    0.385049   -0.536204  0.000000  1.0
    0.385049   -0.534204  0.000000  1.0
    0.385049   -0.532204  0.000000  1.0
    0.385049   -0.530204  0.000000  1.0
    0.385049   -0.528204  0.000000  1.0
    0.385049   -0.526204  0.000000  1.0
    0.385049   -0.524204  0.000000  1.0
    0.385049   -0.522204  0.000000  1.0
    0.385049   -0.520204  0.000000  1.0
    0.385049   -0.518204  0.000000  1.0
    0.385049   -0.516204  0.000000  1.0
    0.385049   -0.514204  0.000000  1.0
    0.385049   -0.512204  0.000000  1.0
    0.385049   -0.510204  0.000000  1.0
    0.385049   -0.508204  0.000000  1.0
    0.385049   -0.506204  0.000000  1.0
    0.385049   -0.504204  0.000000  1.0
    0.385049   -0.502204  0.000000  1.0
    0.385049   -0.500204  0.000000  1.0
    0.385049   -0.498204  0.000000  1.0
    0.385049   -0.496204  0.000000  1.0
    0.385049   -0.494204  0.000000  1.0
    0.385049   -0.492204  0.000000  1.0
    0.385049   -0.490204  0.000000  1.0
    0.385049   -0.488204  0.000000  1.0
    0.385049   -0.486204  0.000000  1.0
    0.385049   -0.484204  0.000000  1.0
    0.385049   -0.482204  0.000000  1.0
    0.385049   -0.480204  0.000000  1.0
    0.385049   -0.478204  0.000000  1.0
    0.385049   -0.476204  0.000000  1.0
    0.387049   -0.556204  0.000000  1.0
    0.387049   -0.554204  0.000000  1.0
    0.387049   -0.552204  0.000000  1.0
    0.387049   -0.550204  0.000000  1.0
    0.387049   -0.548204  0.000000  1.0
    0.387049   -0.546204  0.000000  1.0
    0.387049   -0.544204  0.000000  1.0
    0.387049   -0.542204  0.000000  1.0
    0.387049   -0.540204  0.000000  1.0
    0.387049   -0.538204  0.000000  1.0
    0.387049   -0.536204  0.000000  1.0
    0.387049   -0.534204  0.000000  1.0
    0.387049   -0.532204  0.000000  1.0
    0.387049   -0.530204  0.000000  1.0
    0.387049   -0.528204  0.000000  1.0
    0.387049   -0.526204  0.000000  1.0
    0.387049   -0.524204  0.000000  1.0
    0.387049   -0.522204  0.000000  1.0
    0.387049   -0.520204  0.000000  1.0
    0.387049   -0.518204  0.000000  1.0
    0.387049   -0.516204  0.000000  1.0
    0.387049   -0.514204  0.000000  1.0
    0.387049   -0.512204  0.000000  1.0
    0.387049   -0.510204  0.000000  1.0
    0.387049   -0.508204  0.000000  1.0
    0.387049   -0.506204  0.000000  1.0
    0.387049   -0.504204  0.000000  1.0
    0.387049   -0.502204  0.000000  1.0
    0.387049   -0.500204  0.000000  1.0
    0.387049   -0.498204  0.000000  1.0
    0.387049   -0.496204  0.000000  1.0
    0.387049   -0.494204  0.000000  1.0
    0.387049   -0.492204  0.000000  1.0
    0.387049   -0.490204  0.000000  1.0
    0.387049   -0.488204  0.000000  1.0
    0.387049   -0.486204  0.000000  1.0
    0.387049   -0.484204  0.000000  1.0
    0.387049   -0.482204  0.000000  1.0
    0.387049   -0.480204  0.000000  1.0
    0.387049   -0.478204  0.000000  1.0
    0.387049   -0.476204  0.000000  1.0
    0.389049   -0.556204  0.000000  1.0
    0.389049   -0.554204  0.000000  1.0
    0.389049   -0.552204  0.000000  1.0
    0.389049   -0.550204  0.000000  1.0
    0.389049   -0.548204  0.000000  1.0
    0.389049   -0.546204  0.000000  1.0
    0.389049   -0.544204  0.000000  1.0
    0.389049   -0.542204  0.000000  1.0
    0.389049   -0.540204  0.000000  1.0
    0.389049   -0.538204  0.000000  1.0
    0.389049   -0.536204  0.000000  1.0
    0.389049   -0.534204  0.000000  1.0
    0.389049   -0.532204  0.000000  1.0
    0.389049   -0.530204  0.000000  1.0
    0.389049   -0.528204  0.000000  1.0
    0.389049   -0.526204  0.000000  1.0
    0.389049   -0.524204  0.000000  1.0
    0.389049   -0.522204  0.000000  1.0
    0.389049   -0.520204  0.000000  1.0
    0.389049   -0.518204  0.000000  1.0
    0.389049   -0.516204  0.000000  1.0
    0.389049   -0.514204  0.000000  1.0
    0.389049   -0.512204  0.000000  1.0
    0.389049   -0.510204  0.000000  1.0
    0.389049   -0.508204  0.000000  1.0
    0.389049   -0.506204  0.000000  1.0
    0.389049   -0.504204  0.000000  1.0
    0.389049   -0.502204  0.000000  1.0
    0.389049   -0.500204  0.000000  1.0
    0.389049   -0.498204  0.000000  1.0
    0.389049   -0.496204  0.000000  1.0
    0.389049   -0.494204  0.000000  1.0
    0.389049   -0.492204  0.000000  1.0
    0.389049   -0.490204  0.000000  1.0
    0.389049   -0.488204  0.000000  1.0
    0.389049   -0.486204  0.000000  1.0
    0.389049   -0.484204  0.000000  1.0
    0.389049   -0.482204  0.000000  1.0
    0.389049   -0.480204  0.000000  1.0
    0.389049   -0.478204  0.000000  1.0
    0.389049   -0.476204  0.000000  1.0
    0.391049   -0.556204  0.000000  1.0
    0.391049   -0.554204  0.000000  1.0
    0.391049   -0.552204  0.000000  1.0
    0.391049   -0.550204  0.000000  1.0
    0.391049   -0.548204  0.000000  1.0
    0.391049   -0.546204  0.000000  1.0
    0.391049   -0.544204  0.000000  1.0
    0.391049   -0.542204  0.000000  1.0
    0.391049   -0.540204  0.000000  1.0
    0.391049   -0.538204  0.000000  1.0
    0.391049   -0.536204  0.000000  1.0
    0.391049   -0.534204  0.000000  1.0
    0.391049   -0.532204  0.000000  1.0
    0.391049   -0.530204  0.000000  1.0
    0.391049   -0.528204  0.000000  1.0
    0.391049   -0.526204  0.000000  1.0
    0.391049   -0.524204  0.000000  1.0
    0.391049   -0.522204  0.000000  1.0
    0.391049   -0.520204  0.000000  1.0
    0.391049   -0.518204  0.000000  1.0
    0.391049   -0.516204  0.000000  1.0
    0.391049   -0.514204  0.000000  1.0
    0.391049   -0.512204  0.000000  1.0
    0.391049   -0.510204  0.000000  1.0
    0.391049   -0.508204  0.000000  1.0
    0.391049   -0.506204  0.000000  1.0
    0.391049   -0.504204  0.000000  1.0
    0.391049   -0.502204  0.000000  1.0
    0.391049   -0.500204  0.000000  1.0
    0.391049   -0.498204  0.000000  1.0
    0.391049   -0.496204  0.000000  1.0
    0.391049   -0.494204  0.000000  1.0
    0.391049   -0.492204  0.000000  1.0
    0.391049   -0.490204  0.000000  1.0
    0.391049   -0.488204  0.000000  1.0
    0.391049   -0.486204  0.000000  1.0
    0.391049   -0.484204  0.000000  1.0
    0.391049   -0.482204  0.000000  1.0
    0.391049   -0.480204  0.000000  1.0
    0.391049   -0.478204  0.000000  1.0
    0.391049   -0.476204  0.000000  1.0
    0.393049   -0.556204  0.000000  1.0
    0.393049   -0.554204  0.000000  1.0
    0.393049   -0.552204  0.000000  1.0
    0.393049   -0.550204  0.000000  1.0
    0.393049   -0.548204  0.000000  1.0
    0.393049   -0.546204  0.000000  1.0
    0.393049   -0.544204  0.000000  1.0
    0.393049   -0.542204  0.000000  1.0
    0.393049   -0.540204  0.000000  1.0
    0.393049   -0.538204  0.000000  1.0
    0.393049   -0.536204  0.000000  1.0
    0.393049   -0.534204  0.000000  1.0
    0.393049   -0.532204  0.000000  1.0
    0.393049   -0.530204  0.000000  1.0
    0.393049   -0.528204  0.000000  1.0
    0.393049   -0.526204  0.000000  1.0
    0.393049   -0.524204  0.000000  1.0
    0.393049   -0.522204  0.000000  1.0
    0.393049   -0.520204  0.000000  1.0
    0.393049   -0.518204  0.000000  1.0
    0.393049   -0.516204  0.000000  1.0
    0.393049   -0.514204  0.000000  1.0
    0.393049   -0.512204  0.000000  1.0
    0.393049   -0.510204  0.000000  1.0
    0.393049   -0.508204  0.000000  1.0
    0.393049   -0.506204  0.000000  1.0
    0.393049   -0.504204  0.000000  1.0
    0.393049   -0.502204  0.000000  1.0
    0.393049   -0.500204  0.000000  1.0
    0.393049   -0.498204  0.000000  1.0
    0.393049   -0.496204  0.000000  1.0
    0.393049   -0.494204  0.000000  1.0
    0.393049   -0.492204  0.000000  1.0
    0.393049   -0.490204  0.000000  1.0
    0.393049   -0.488204  0.000000  1.0
    0.393049   -0.486204  0.000000  1.0
    0.393049   -0.484204  0.000000  1.0
    0.393049   -0.482204  0.000000  1.0
    0.393049   -0.480204  0.000000  1.0
    0.393049   -0.478204  0.000000  1.0
    0.393049   -0.476204  0.000000  1.0
    0.395049   -0.556204  0.000000  1.0
    0.395049   -0.554204  0.000000  1.0
    0.395049   -0.552204  0.000000  1.0
    0.395049   -0.550204  0.000000  1.0
    0.395049   -0.548204  0.000000  1.0
    0.395049   -0.546204  0.000000  1.0
    0.395049   -0.544204  0.000000  1.0
    0.395049   -0.542204  0.000000  1.0
    0.395049   -0.540204  0.000000  1.0
    0.395049   -0.538204  0.000000  1.0
    0.395049   -0.536204  0.000000  1.0
    0.395049   -0.534204  0.000000  1.0
    0.395049   -0.532204  0.000000  1.0
    0.395049   -0.530204  0.000000  1.0
    0.395049   -0.528204  0.000000  1.0
    0.395049   -0.526204  0.000000  1.0
    0.395049   -0.524204  0.000000  1.0
    0.395049   -0.522204  0.000000  1.0
    0.395049   -0.520204  0.000000  1.0
    0.395049   -0.518204  0.000000  1.0
    0.395049   -0.516204  0.000000  1.0
    0.395049   -0.514204  0.000000  1.0
    0.395049   -0.512204  0.000000  1.0
    0.395049   -0.510204  0.000000  1.0
    0.395049   -0.508204  0.000000  1.0
    0.395049   -0.506204  0.000000  1.0
    0.395049   -0.504204  0.000000  1.0
    0.395049   -0.502204  0.000000  1.0
    0.395049   -0.500204  0.000000  1.0
    0.395049   -0.498204  0.000000  1.0
    0.395049   -0.496204  0.000000  1.0
    0.395049   -0.494204  0.000000  1.0
    0.395049   -0.492204  0.000000  1.0
    0.395049   -0.490204  0.000000  1.0
    0.395049   -0.488204  0.000000  1.0
    0.395049   -0.486204  0.000000  1.0
    0.395049   -0.484204  0.000000  1.0
    0.395049   -0.482204  0.000000  1.0
    0.395049   -0.480204  0.000000  1.0
    0.395049   -0.478204  0.000000  1.0
    0.395049   -0.476204  0.000000  1.0
    0.397049   -0.556204  0.000000  1.0
    0.397049   -0.554204  0.000000  1.0
    0.397049   -0.552204  0.000000  1.0
    0.397049   -0.550204  0.000000  1.0
    0.397049   -0.548204  0.000000  1.0
    0.397049   -0.546204  0.000000  1.0
    0.397049   -0.544204  0.000000  1.0
    0.397049   -0.542204  0.000000  1.0
    0.397049   -0.540204  0.000000  1.0
    0.397049   -0.538204  0.000000  1.0
    0.397049   -0.536204  0.000000  1.0
    0.397049   -0.534204  0.000000  1.0
    0.397049   -0.532204  0.000000  1.0
    0.397049   -0.530204  0.000000  1.0
    0.397049   -0.528204  0.000000  1.0
    0.397049   -0.526204  0.000000  1.0
    0.397049   -0.524204  0.000000  1.0
    0.397049   -0.522204  0.000000  1.0
    0.397049   -0.520204  0.000000  1.0
    0.397049   -0.518204  0.000000  1.0
    0.397049   -0.516204  0.000000  1.0
    0.397049   -0.514204  0.000000  1.0
    0.397049   -0.512204  0.000000  1.0
    0.397049   -0.510204  0.000000  1.0
    0.397049   -0.508204  0.000000  1.0
    0.397049   -0.506204  0.000000  1.0
    0.397049   -0.504204  0.000000  1.0
    0.397049   -0.502204  0.000000  1.0
    0.397049   -0.500204  0.000000  1.0
    0.397049   -0.498204  0.000000  1.0
    0.397049   -0.496204  0.000000  1.0
    0.397049   -0.494204  0.000000  1.0
    0.397049   -0.492204  0.000000  1.0
    0.397049   -0.490204  0.000000  1.0
    0.397049   -0.488204  0.000000  1.0
    0.397049   -0.486204  0.000000  1.0
    0.397049   -0.484204  0.000000  1.0
    0.397049   -0.482204  0.000000  1.0
    0.397049   -0.480204  0.000000  1.0
    0.397049   -0.478204  0.000000  1.0
    0.397049   -0.476204  0.000000  1.0
    0.399049   -0.556204  0.000000  1.0
    0.399049   -0.554204  0.000000  1.0
    0.399049   -0.552204  0.000000  1.0
    0.399049   -0.550204  0.000000  1.0
    0.399049   -0.548204  0.000000  1.0
    0.399049   -0.546204  0.000000  1.0
    0.399049   -0.544204  0.000000  1.0
    0.399049   -0.542204  0.000000  1.0
    0.399049   -0.540204  0.000000  1.0
    0.399049   -0.538204  0.000000  1.0
    0.399049   -0.536204  0.000000  1.0
    0.399049   -0.534204  0.000000  1.0
    0.399049   -0.532204  0.000000  1.0
    0.399049   -0.530204  0.000000  1.0
    0.399049   -0.528204  0.000000  1.0
    0.399049   -0.526204  0.000000  1.0
    0.399049   -0.524204  0.000000  1.0
    0.399049   -0.522204  0.000000  1.0
    0.399049   -0.520204  0.000000  1.0
    0.399049   -0.518204  0.000000  1.0
    0.399049   -0.516204  0.000000  1.0
    0.399049   -0.514204  0.000000  1.0
    0.399049   -0.512204  0.000000  1.0
    0.399049   -0.510204  0.000000  1.0
    0.399049   -0.508204  0.000000  1.0
    0.399049   -0.506204  0.000000  1.0
    0.399049   -0.504204  0.000000  1.0
    0.399049   -0.502204  0.000000  1.0
    0.399049   -0.500204  0.000000  1.0
    0.399049   -0.498204  0.000000  1.0
    0.399049   -0.496204  0.000000  1.0
    0.399049   -0.494204  0.000000  1.0
    0.399049   -0.492204  0.000000  1.0
    0.399049   -0.490204  0.000000  1.0
    0.399049   -0.488204  0.000000  1.0
    0.399049   -0.486204  0.000000  1.0
    0.399049   -0.484204  0.000000  1.0
    0.399049   -0.482204  0.000000  1.0
    0.399049   -0.480204  0.000000  1.0
    0.399049   -0.478204  0.000000  1.0
    0.399049   -0.476204  0.000000  1.0
    0.401049   -0.556204  0.000000  1.0
    0.401049   -0.554204  0.000000  1.0
    0.401049   -0.552204  0.000000  1.0
    0.401049   -0.550204  0.000000  1.0
    0.401049   -0.548204  0.000000  1.0
    0.401049   -0.546204  0.000000  1.0
    0.401049   -0.544204  0.000000  1.0
    0.401049   -0.542204  0.000000  1.0
    0.401049   -0.540204  0.000000  1.0
    0.401049   -0.538204  0.000000  1.0
    0.401049   -0.536204  0.000000  1.0
    0.401049   -0.534204  0.000000  1.0
    0.401049   -0.532204  0.000000  1.0
    0.401049   -0.530204  0.000000  1.0
    0.401049   -0.528204  0.000000  1.0
    0.401049   -0.526204  0.000000  1.0
    0.401049   -0.524204  0.000000  1.0
    0.401049   -0.522204  0.000000  1.0
    0.401049   -0.520204  0.000000  1.0
    0.401049   -0.518204  0.000000  1.0
    0.401049   -0.516204  0.000000  1.0
    0.401049   -0.514204  0.000000  1.0
    0.401049   -0.512204  0.000000  1.0
    0.401049   -0.510204  0.000000  1.0
    0.401049   -0.508204  0.000000  1.0
    0.401049   -0.506204  0.000000  1.0
    0.401049   -0.504204  0.000000  1.0
    0.401049   -0.502204  0.000000  1.0
    0.401049   -0.500204  0.000000  1.0
    0.401049   -0.498204  0.000000  1.0
    0.401049   -0.496204  0.000000  1.0
    0.401049   -0.494204  0.000000  1.0
    0.401049   -0.492204  0.000000  1.0
    0.401049   -0.490204  0.000000  1.0
    0.401049   -0.488204  0.000000  1.0
    0.401049   -0.486204  0.000000  1.0
    0.401049   -0.484204  0.000000  1.0
    0.401049   -0.482204  0.000000  1.0
    0.401049   -0.480204  0.000000  1.0
    0.401049   -0.478204  0.000000  1.0
    0.401049   -0.476204  0.000000  1.0
    0.403049   -0.556204  0.000000  1.0
    0.403049   -0.554204  0.000000  1.0
    0.403049   -0.552204  0.000000  1.0
    0.403049   -0.550204  0.000000  1.0
    0.403049   -0.548204  0.000000  1.0
    0.403049   -0.546204  0.000000  1.0
    0.403049   -0.544204  0.000000  1.0
    0.403049   -0.542204  0.000000  1.0
    0.403049   -0.540204  0.000000  1.0
    0.403049   -0.538204  0.000000  1.0
    0.403049   -0.536204  0.000000  1.0
    0.403049   -0.534204  0.000000  1.0
    0.403049   -0.532204  0.000000  1.0
    0.403049   -0.530204  0.000000  1.0
    0.403049   -0.528204  0.000000  1.0
    0.403049   -0.526204  0.000000  1.0
    0.403049   -0.524204  0.000000  1.0
    0.403049   -0.522204  0.000000  1.0
    0.403049   -0.520204  0.000000  1.0
    0.403049   -0.518204  0.000000  1.0
    0.403049   -0.516204  0.000000  1.0
    0.403049   -0.514204  0.000000  1.0
    0.403049   -0.512204  0.000000  1.0
    0.403049   -0.510204  0.000000  1.0
    0.403049   -0.508204  0.000000  1.0
    0.403049   -0.506204  0.000000  1.0
    0.403049   -0.504204  0.000000  1.0
    0.403049   -0.502204  0.000000  1.0
    0.403049   -0.500204  0.000000  1.0
    0.403049   -0.498204  0.000000  1.0
    0.403049   -0.496204  0.000000  1.0
    0.403049   -0.494204  0.000000  1.0
    0.403049   -0.492204  0.000000  1.0
    0.403049   -0.490204  0.000000  1.0
    0.403049   -0.488204  0.000000  1.0
    0.403049   -0.486204  0.000000  1.0
    0.403049   -0.484204  0.000000  1.0
    0.403049   -0.482204  0.000000  1.0
    0.403049   -0.480204  0.000000  1.0
    0.403049   -0.478204  0.000000  1.0
    0.403049   -0.476204  0.000000  1.0
    0.405049   -0.556204  0.000000  1.0
    0.405049   -0.554204  0.000000  1.0
    0.405049   -0.552204  0.000000  1.0
    0.405049   -0.550204  0.000000  1.0
    0.405049   -0.548204  0.000000  1.0
    0.405049   -0.546204  0.000000  1.0
    0.405049   -0.544204  0.000000  1.0
    0.405049   -0.542204  0.000000  1.0
    0.405049   -0.540204  0.000000  1.0
    0.405049   -0.538204  0.000000  1.0
    0.405049   -0.536204  0.000000  1.0
    0.405049   -0.534204  0.000000  1.0
    0.405049   -0.532204  0.000000  1.0
    0.405049   -0.530204  0.000000  1.0
    0.405049   -0.528204  0.000000  1.0
    0.405049   -0.526204  0.000000  1.0
    0.405049   -0.524204  0.000000  1.0
    0.405049   -0.522204  0.000000  1.0
    0.405049   -0.520204  0.000000  1.0
    0.405049   -0.518204  0.000000  1.0
    0.405049   -0.516204  0.000000  1.0
    0.405049   -0.514204  0.000000  1.0
    0.405049   -0.512204  0.000000  1.0
    0.405049   -0.510204  0.000000  1.0
    0.405049   -0.508204  0.000000  1.0
    0.405049   -0.506204  0.000000  1.0
    0.405049   -0.504204  0.000000  1.0
    0.405049   -0.502204  0.000000  1.0
    0.405049   -0.500204  0.000000  1.0
    0.405049   -0.498204  0.000000  1.0
    0.405049   -0.496204  0.000000  1.0
    0.405049   -0.494204  0.000000  1.0
    0.405049   -0.492204  0.000000  1.0
    0.405049   -0.490204  0.000000  1.0
    0.405049   -0.488204  0.000000  1.0
    0.405049   -0.486204  0.000000  1.0
    0.405049   -0.484204  0.000000  1.0
    0.405049   -0.482204  0.000000  1.0
    0.405049   -0.480204  0.000000  1.0
    0.405049   -0.478204  0.000000  1.0
    0.405049   -0.476204  0.000000  1.0
    0.407049   -0.556204  0.000000  1.0
    0.407049   -0.554204  0.000000  1.0
    0.407049   -0.552204  0.000000  1.0
    0.407049   -0.550204  0.000000  1.0
    0.407049   -0.548204  0.000000  1.0
    0.407049   -0.546204  0.000000  1.0
    0.407049   -0.544204  0.000000  1.0
    0.407049   -0.542204  0.000000  1.0
    0.407049   -0.540204  0.000000  1.0
    0.407049   -0.538204  0.000000  1.0
    0.407049   -0.536204  0.000000  1.0
    0.407049   -0.534204  0.000000  1.0
    0.407049   -0.532204  0.000000  1.0
    0.407049   -0.530204  0.000000  1.0
    0.407049   -0.528204  0.000000  1.0
    0.407049   -0.526204  0.000000  1.0
    0.407049   -0.524204  0.000000  1.0
    0.407049   -0.522204  0.000000  1.0
    0.407049   -0.520204  0.000000  1.0
    0.407049   -0.518204  0.000000  1.0
    0.407049   -0.516204  0.000000  1.0
    0.407049   -0.514204  0.000000  1.0
    0.407049   -0.512204  0.000000  1.0
    0.407049   -0.510204  0.000000  1.0
    0.407049   -0.508204  0.000000  1.0
    0.407049   -0.506204  0.000000  1.0
    0.407049   -0.504204  0.000000  1.0
    0.407049   -0.502204  0.000000  1.0
    0.407049   -0.500204  0.000000  1.0
    0.407049   -0.498204  0.000000  1.0
    0.407049   -0.496204  0.000000  1.0
    0.407049   -0.494204  0.000000  1.0
    0.407049   -0.492204  0.000000  1.0
    0.407049   -0.490204  0.000000  1.0
    0.407049   -0.488204  0.000000  1.0
    0.407049   -0.486204  0.000000  1.0
    0.407049   -0.484204  0.000000  1.0
    0.407049   -0.482204  0.000000  1.0
    0.407049   -0.480204  0.000000  1.0
    0.407049   -0.478204  0.000000  1.0
    0.407049   -0.476204  0.000000  1.0
    0.409049   -0.556204  0.000000  1.0
    0.409049   -0.554204  0.000000  1.0
    0.409049   -0.552204  0.000000  1.0
    0.409049   -0.550204  0.000000  1.0
    0.409049   -0.548204  0.000000  1.0
    0.409049   -0.546204  0.000000  1.0
    0.409049   -0.544204  0.000000  1.0
    0.409049   -0.542204  0.000000  1.0
    0.409049   -0.540204  0.000000  1.0
    0.409049   -0.538204  0.000000  1.0
    0.409049   -0.536204  0.000000  1.0
    0.409049   -0.534204  0.000000  1.0
    0.409049   -0.532204  0.000000  1.0
    0.409049   -0.530204  0.000000  1.0
    0.409049   -0.528204  0.000000  1.0
    0.409049   -0.526204  0.000000  1.0
    0.409049   -0.524204  0.000000  1.0
    0.409049   -0.522204  0.000000  1.0
    0.409049   -0.520204  0.000000  1.0
    0.409049   -0.518204  0.000000  1.0
    0.409049   -0.516204  0.000000  1.0
    0.409049   -0.514204  0.000000  1.0
    0.409049   -0.512204  0.000000  1.0
    0.409049   -0.510204  0.000000  1.0
    0.409049   -0.508204  0.000000  1.0
    0.409049   -0.506204  0.000000  1.0
    0.409049   -0.504204  0.000000  1.0
    0.409049   -0.502204  0.000000  1.0
    0.409049   -0.500204  0.000000  1.0
    0.409049   -0.498204  0.000000  1.0
    0.409049   -0.496204  0.000000  1.0
    0.409049   -0.494204  0.000000  1.0
    0.409049   -0.492204  0.000000  1.0
    0.409049   -0.490204  0.000000  1.0
    0.409049   -0.488204  0.000000  1.0
    0.409049   -0.486204  0.000000  1.0
    0.409049   -0.484204  0.000000  1.0
    0.409049   -0.482204  0.000000  1.0
    0.409049   -0.480204  0.000000  1.0
    0.409049   -0.478204  0.000000  1.0
    0.409049   -0.476204  0.000000  1.0
    0.411049   -0.556204  0.000000  1.0
    0.411049   -0.554204  0.000000  1.0
    0.411049   -0.552204  0.000000  1.0
    0.411049   -0.550204  0.000000  1.0
    0.411049   -0.548204  0.000000  1.0
    0.411049   -0.546204  0.000000  1.0
    0.411049   -0.544204  0.000000  1.0
    0.411049   -0.542204  0.000000  1.0
    0.411049   -0.540204  0.000000  1.0
    0.411049   -0.538204  0.000000  1.0
    0.411049   -0.536204  0.000000  1.0
    0.411049   -0.534204  0.000000  1.0
    0.411049   -0.532204  0.000000  1.0
    0.411049   -0.530204  0.000000  1.0
    0.411049   -0.528204  0.000000  1.0
    0.411049   -0.526204  0.000000  1.0
    0.411049   -0.524204  0.000000  1.0
    0.411049   -0.522204  0.000000  1.0
    0.411049   -0.520204  0.000000  1.0
    0.411049   -0.518204  0.000000  1.0
    0.411049   -0.516204  0.000000  1.0
    0.411049   -0.514204  0.000000  1.0
    0.411049   -0.512204  0.000000  1.0
    0.411049   -0.510204  0.000000  1.0
    0.411049   -0.508204  0.000000  1.0
    0.411049   -0.506204  0.000000  1.0
    0.411049   -0.504204  0.000000  1.0
    0.411049   -0.502204  0.000000  1.0
    0.411049   -0.500204  0.000000  1.0
    0.411049   -0.498204  0.000000  1.0
    0.411049   -0.496204  0.000000  1.0
    0.411049   -0.494204  0.000000  1.0
    0.411049   -0.492204  0.000000  1.0
    0.411049   -0.490204  0.000000  1.0
    0.411049   -0.488204  0.000000  1.0
    0.411049   -0.486204  0.000000  1.0
    0.411049   -0.484204  0.000000  1.0
    0.411049   -0.482204  0.000000  1.0
    0.411049   -0.480204  0.000000  1.0
    0.411049   -0.478204  0.000000  1.0
    0.411049   -0.476204  0.000000  1.0
    0.413049   -0.556204  0.000000  1.0
    0.413049   -0.554204  0.000000  1.0
    0.413049   -0.552204  0.000000  1.0
    0.413049   -0.550204  0.000000  1.0
    0.413049   -0.548204  0.000000  1.0
    0.413049   -0.546204  0.000000  1.0
    0.413049   -0.544204  0.000000  1.0
    0.413049   -0.542204  0.000000  1.0
    0.413049   -0.540204  0.000000  1.0
    0.413049   -0.538204  0.000000  1.0
    0.413049   -0.536204  0.000000  1.0
    0.413049   -0.534204  0.000000  1.0
    0.413049   -0.532204  0.000000  1.0
    0.413049   -0.530204  0.000000  1.0
    0.413049   -0.528204  0.000000  1.0
    0.413049   -0.526204  0.000000  1.0
    0.413049   -0.524204  0.000000  1.0
    0.413049   -0.522204  0.000000  1.0
    0.413049   -0.520204  0.000000  1.0
    0.413049   -0.518204  0.000000  1.0
    0.413049   -0.516204  0.000000  1.0
    0.413049   -0.514204  0.000000  1.0
    0.413049   -0.512204  0.000000  1.0
    0.413049   -0.510204  0.000000  1.0
    0.413049   -0.508204  0.000000  1.0
    0.413049   -0.506204  0.000000  1.0
    0.413049   -0.504204  0.000000  1.0
    0.413049   -0.502204  0.000000  1.0
    0.413049   -0.500204  0.000000  1.0
    0.413049   -0.498204  0.000000  1.0
    0.413049   -0.496204  0.000000  1.0
    0.413049   -0.494204  0.000000  1.0
    0.413049   -0.492204  0.000000  1.0
    0.413049   -0.490204  0.000000  1.0
    0.413049   -0.488204  0.000000  1.0
    0.413049   -0.486204  0.000000  1.0
    0.413049   -0.484204  0.000000  1.0
    0.413049   -0.482204  0.000000  1.0
    0.413049   -0.480204  0.000000  1.0
    0.413049   -0.478204  0.000000  1.0
    0.413049   -0.476204  0.000000  1.0
    0.415049   -0.556204  0.000000  1.0
    0.415049   -0.554204  0.000000  1.0
    0.415049   -0.552204  0.000000  1.0
    0.415049   -0.550204  0.000000  1.0
    0.415049   -0.548204  0.000000  1.0
    0.415049   -0.546204  0.000000  1.0
    0.415049   -0.544204  0.000000  1.0
    0.415049   -0.542204  0.000000  1.0
    0.415049   -0.540204  0.000000  1.0
    0.415049   -0.538204  0.000000  1.0
    0.415049   -0.536204  0.000000  1.0
    0.415049   -0.534204  0.000000  1.0
    0.415049   -0.532204  0.000000  1.0
    0.415049   -0.530204  0.000000  1.0
    0.415049   -0.528204  0.000000  1.0
    0.415049   -0.526204  0.000000  1.0
    0.415049   -0.524204  0.000000  1.0
    0.415049   -0.522204  0.000000  1.0
    0.415049   -0.520204  0.000000  1.0
    0.415049   -0.518204  0.000000  1.0
    0.415049   -0.516204  0.000000  1.0
    0.415049   -0.514204  0.000000  1.0
    0.415049   -0.512204  0.000000  1.0
    0.415049   -0.510204  0.000000  1.0
    0.415049   -0.508204  0.000000  1.0
    0.415049   -0.506204  0.000000  1.0
    0.415049   -0.504204  0.000000  1.0
    0.415049   -0.502204  0.000000  1.0
    0.415049   -0.500204  0.000000  1.0
    0.415049   -0.498204  0.000000  1.0
    0.415049   -0.496204  0.000000  1.0
    0.415049   -0.494204  0.000000  1.0
    0.415049   -0.492204  0.000000  1.0
    0.415049   -0.490204  0.000000  1.0
    0.415049   -0.488204  0.000000  1.0
    0.415049   -0.486204  0.000000  1.0
    0.415049   -0.484204  0.000000  1.0
    0.415049   -0.482204  0.000000  1.0
    0.415049   -0.480204  0.000000  1.0
    0.415049   -0.478204  0.000000  1.0
    0.415049   -0.476204  0.000000  1.0
    0.417049   -0.556204  0.000000  1.0
    0.417049   -0.554204  0.000000  1.0
    0.417049   -0.552204  0.000000  1.0
    0.417049   -0.550204  0.000000  1.0
    0.417049   -0.548204  0.000000  1.0
    0.417049   -0.546204  0.000000  1.0
    0.417049   -0.544204  0.000000  1.0
    0.417049   -0.542204  0.000000  1.0
    0.417049   -0.540204  0.000000  1.0
    0.417049   -0.538204  0.000000  1.0
    0.417049   -0.536204  0.000000  1.0
    0.417049   -0.534204  0.000000  1.0
    0.417049   -0.532204  0.000000  1.0
    0.417049   -0.530204  0.000000  1.0
    0.417049   -0.528204  0.000000  1.0
    0.417049   -0.526204  0.000000  1.0
    0.417049   -0.524204  0.000000  1.0
    0.417049   -0.522204  0.000000  1.0
    0.417049   -0.520204  0.000000  1.0
    0.417049   -0.518204  0.000000  1.0
    0.417049   -0.516204  0.000000  1.0
    0.417049   -0.514204  0.000000  1.0
    0.417049   -0.512204  0.000000  1.0
    0.417049   -0.510204  0.000000  1.0
    0.417049   -0.508204  0.000000  1.0
    0.417049   -0.506204  0.000000  1.0
    0.417049   -0.504204  0.000000  1.0
    0.417049   -0.502204  0.000000  1.0
    0.417049   -0.500204  0.000000  1.0
    0.417049   -0.498204  0.000000  1.0
    0.417049   -0.496204  0.000000  1.0
    0.417049   -0.494204  0.000000  1.0
    0.417049   -0.492204  0.000000  1.0
    0.417049   -0.490204  0.000000  1.0
    0.417049   -0.488204  0.000000  1.0
    0.417049   -0.486204  0.000000  1.0
    0.417049   -0.484204  0.000000  1.0
    0.417049   -0.482204  0.000000  1.0
    0.417049   -0.480204  0.000000  1.0
    0.417049   -0.478204  0.000000  1.0
    0.417049   -0.476204  0.000000  1.0
