&CONTROL
  calculation = 'bands'
  prefix = 'graphene24.0zoom'
  outdir = './tmp'
  pseudo_dir = './'
  verbosity = 'high'
/
&SYSTEM
  ibrav = 0
  nat = 2
  ntyp = 1
  ecutwfc = 40.0
  nosym = .true.
  noinv = .true.
  nbnd = 8
/
&ELECTRONS
/
ATOMIC_SPECIES
  C  12.011 C.upf
CELL_PARAMETERS {bohr}
  4.442737  0.000000  0.000000
  2.221369  4.967647  0.000000
  0.000000  0.000000  28.346456
ATOMIC_POSITIONS {crystal}
  C  -0.008300  0.016600  0.000000
  C  0.341633  0.316733  0.000000
K_POINTS {tpiba}
1681
    0.402623   -0.487167  0.000000  1.0
    0.402623   -0.485167  0.000000  1.0
    0.402623   -0.483167  0.000000  1.0
    0.402623   -0.481167  0.000000  1.0
    0.402623   -0.479167  0.000000  1.0
    0.402623   -0.477167  0.000000  1.0
    0.402623   -0.475167  0.000000  1.0
    0.402623   -0.473167  0.000000  1.0
    0.402623   -0.471167  0.000000  1.0
    0.402623   -0.469167  0.000000  1.0
    0.402623   -0.467167  0.000000  1.0
    0.402623   -0.465167  0.000000  1.0
    0.402623   -0.463167  0.000000  1.0
    0.402623   -0.461167  0.000000  1.0
    0.402623   -0.459167  0.000000  1.0
    0.402623   -0.457167  0.000000  1.0
    0.402623   -0.455167  0.000000  1.0
    0.402623   -0.453167  0.000000  1.0
    0.402623   -0.451167  0.000000  1.0
    0.402623   -0.449167  0.000000  1.0
    0.402623   -0.447167  0.000000  1.0
    0.402623   -0.445167  0.000000  1.0
    0.402623   -0.443167  0.000000  1.0
    0.402623   -0.441167  0.000000  1.0
    0.402623   -0.439167  0.000000  1.0
    0.402623   -0.437167  0.000000  1.0
    0.402623   -0.435167  0.000000  1.0
    0.402623   -0.433167  0.000000  1.0
    0.402623   -0.431167  0.000000  1.0
    0.402623   -0.429167  0.000000  1.0
    0.402623   -0.427167  0.000000  1.0
    0.402623   -0.425167  0.000000  1.0
    0.402623   -0.423167  0.000000  1.0
    0.402623   -0.421167  0.000000  1.0
    0.402623   -0.419167  0.000000  1.0
    0.402623   -0.417167  0.000000  1.0
    0.402623   -0.415167  0.000000  1.0
    0.402623   -0.413167  0.000000  1.0
    0.402623   -0.411167  0.000000  1.0
    0.402623   -0.409167  0.000000  1.0
    0.402623   -0.407167  0.000000  1.0
    0.404623   -0.487167  0.000000  1.0
    0.404623   -0.485167  0.000000  1.0
    0.404623   -0.483167  0.000000  1.0
    0.404623   -0.481167  0.000000  1.0
    0.404623   -0.479167  0.000000  1.0
    0.404623   -0.477167  0.000000  1.0
    0.404623   -0.475167  0.000000  1.0
    0.404623   -0.473167  0.000000  1.0
    0.404623   -0.471167  0.000000  1.0
    0.404623   -0.469167  0.000000  1.0
    0.404623   -0.467167  0.000000  1.0
    0.404623   -0.465167  0.000000  1.0
    0.404623   -0.463167  0.000000  1.0
    0.404623   -0.461167  0.000000  1.0
    0.404623   -0.459167  0.000000  1.0
    0.404623   -0.457167  0.000000  1.0
    0.404623   -0.455167  0.000000  1.0
    0.404623   -0.453167  0.000000  1.0
    0.404623   -0.451167  0.000000  1.0
    0.404623   -0.449167  0.000000  1.0
    0.404623   -0.447167  0.000000  1.0
    0.404623   -0.445167  0.000000  1.0
    0.404623   -0.443167  0.000000  1.0
    0.404623   -0.441167  0.000000  1.0
    0.404623   -0.439167  0.000000  1.0
    0.404623   -0.437167  0.000000  1.0
    0.404623   -0.435167  0.000000  1.0
    0.404623   -0.433167  0.000000  1.0
    0.404623   -0.431167  0.000000  1.0
    0.404623   -0.429167  0.000000  1.0
    0.404623   -0.427167  0.000000  1.0
    0.404623   -0.425167  0.000000  1.0
    0.404623   -0.423167  0.000000  1.0
    0.404623   -0.421167  0.000000  1.0
    0.404623   -0.419167  0.000000  1.0
    0.404623   -0.417167  0.000000  1.0
    0.404623   -0.415167  0.000000  1.0
    0.404623   -0.413167  0.000000  1.0
    0.404623   -0.411167  0.000000  1.0
    0.404623   -0.409167  0.000000  1.0
    0.404623   -0.407167  0.000000  1.0
    0.406623   -0.487167  0.000000  1.0
    0.406623   -0.485167  0.000000  1.0
    0.406623   -0.483167  0.000000  1.0
    0.406623   -0.481167  0.000000  1.0
    0.406623   -0.479167  0.000000  1.0
    0.406623   -0.477167  0.000000  1.0
    0.406623   -0.475167  0.000000  1.0
    0.406623   -0.473167  0.000000  1.0
    0.406623   -0.471167  0.000000  1.0
    0.406623   -0.469167  0.000000  1.0
    0.406623   -0.467167  0.000000  1.0
    0.406623   -0.465167  0.000000  1.0
    0.406623   -0.463167  0.000000  1.0
    0.406623   -0.461167  0.000000  1.0
    0.406623   -0.459167  0.000000  1.0
    0.406623   -0.457167  0.000000  1.0
    0.406623   -0.455167  0.000000  1.0
    0.406623   -0.453167  0.000000  1.0
    0.406623   -0.451167  0.000000  1.0
    0.406623   -0.449167  0.000000  1.0
    0.406623   -0.447167  0.000000  1.0
    0.406623   -0.445167  0.000000  1.0
    0.406623   -0.443167  0.000000  1.0
    0.406623   -0.441167  0.000000  1.0
    0.406623   -0.439167  0.000000  1.0
    0.406623   -0.437167  0.000000  1.0
    0.406623   -0.435167  0.000000  1.0
    0.406623   -0.433167  0.000000  1.0
    0.406623   -0.431167  0.000000  1.0
    0.406623   -0.429167  0.000000  1.0
    0.406623   -0.427167  0.000000  1.0
    0.406623   -0.425167  0.000000  1.0
    0.406623   -0.423167  0.000000  1.0
    0.406623   -0.421167  0.000000  1.0
    0.406623   -0.419167  0.000000  1.0
    0.406623   -0.417167  0.000000  1.0
    0.406623   -0.415167  0.000000  1.0
    0.406623   -0.413167  0.000000  1.0
    0.406623   -0.411167  0.000000  1.0
    0.406623   -0.409167  0.000000  1.0
    0.406623   -0.407167  0.000000  1.0
    0.408623   -0.487167  0.000000  1.0
    0.408623   -0.485167  0.000000  1.0
    0.408623   -0.483167  0.000000  1.0
    0.408623   -0.481167  0.000000  1.0
    0.408623   -0.479167  0.000000  1.0
    0.408623   -0.477167  0.000000  1.0
    0.408623   -0.475167  0.000000  1.0
    0.408623   -0.473167  0.000000  1.0
    0.408623   -0.471167  0.000000  1.0
    0.408623   -0.469167  0.000000  1.0
    0.408623   -0.467167  0.000000  1.0
    0.408623   -0.465167  0.000000  1.0
    0.408623   -0.463167  0.000000  1.0
    0.408623   -0.461167  0.000000  1.0
    0.408623   -0.459167  0.000000  1.0
    0.408623   -0.457167  0.000000  1.0
    0.408623   -0.455167  0.000000  1.0
    0.408623   -0.453167  0.000000  1.0
    0.408623   -0.451167  0.000000  1.0
    0.408623   -0.449167  0.000000  1.0
    0.408623   -0.447167  0.000000  1.0
    0.408623   -0.445167  0.000000  1.0
    0.408623   -0.443167  0.000000  1.0
    0.408623   -0.441167  0.000000  1.0
    0.408623   -0.439167  0.000000  1.0
    0.408623   -0.437167  0.000000  1.0
    0.408623   -0.435167  0.000000  1.0
    0.408623   -0.433167  0.000000  1.0
    0.408623   -0.431167  0.000000  1.0
    0.408623   -0.429167  0.000000  1.0
    0.408623   -0.427167  0.000000  1.0
    0.408623   -0.425167  0.000000  1.0
    0.408623   -0.423167  0.000000  1.0
    0.408623   -0.421167  0.000000  1.0
    0.408623   -0.419167  0.000000  1.0
    0.408623   -0.417167  0.000000  1.0
    0.408623   -0.415167  0.000000  1.0
    0.408623   -0.413167  0.000000  1.0
    0.408623   -0.411167  0.000000  1.0
    0.408623   -0.409167  0.000000  1.0
    0.408623   -0.407167  0.000000  1.0
    0.410623   -0.487167  0.000000  1.0
    0.410623   -0.485167  0.000000  1.0
    0.410623   -0.483167  0.000000  1.0
    0.410623   -0.481167  0.000000  1.0
    0.410623   -0.479167  0.000000  1.0
    0.410623   -0.477167  0.000000  1.0
    0.410623   -0.475167  0.000000  1.0
    0.410623   -0.473167  0.000000  1.0
    0.410623   -0.471167  0.000000  1.0
    0.410623   -0.469167  0.000000  1.0
    0.410623   -0.467167  0.000000  1.0
    0.410623   -0.465167  0.000000  1.0
    0.410623   -0.463167  0.000000  1.0
    0.410623   -0.461167  0.000000  1.0
    0.410623   -0.459167  0.000000  1.0
    0.410623   -0.457167  0.000000  1.0
    0.410623   -0.455167  0.000000  1.0
    0.410623   -0.453167  0.000000  1.0
    0.410623   -0.451167  0.000000  1.0
    0.410623   -0.449167  0.000000  1.0
    0.410623   -0.447167  0.000000  1.0
    0.410623   -0.445167  0.000000  1.0
    0.410623   -0.443167  0.000000  1.0
    0.410623   -0.441167  0.000000  1.0
    0.410623   -0.439167  0.000000  1.0
    0.410623   -0.437167  0.000000  1.0
    0.410623   -0.435167  0.000000  1.0
    0.410623   -0.433167  0.000000  1.0
    0.410623   -0.431167  0.000000  1.0
    0.410623   -0.429167  0.000000  1.0
    0.410623   -0.427167  0.000000  1.0
    0.410623   -0.425167  0.000000  1.0
    0.410623   -0.423167  0.000000  1.0
    0.410623   -0.421167  0.000000  1.0
    0.410623   -0.419167  0.000000  1.0
    0.410623   -0.417167  0.000000  1.0
    0.410623   -0.415167  0.000000  1.0
    0.410623   -0.413167  0.000000  1.0
    0.410623   -0.411167  0.000000  1.0
    0.410623   -0.409167  0.000000  1.0
    0.410623   -0.407167  0.000000  1.0
    0.412623   -0.487167  0.000000  1.0
    0.412623   -0.485167  0.000000  1.0
    0.412623   -0.483167  0.000000  1.0
    0.412623   -0.481167  0.000000  1.0
    0.412623   -0.479167  0.000000  1.0
    0.412623   -0.477167  0.000000  1.0
    0.412623   -0.475167  0.000000  1.0
    0.412623   -0.473167  0.000000  1.0
    0.412623   -0.471167  0.000000  1.0
    0.412623   -0.469167  0.000000  1.0
    0.412623   -0.467167  0.000000  1.0
    0.412623   -0.465167  0.000000  1.0
    0.412623   -0.463167  0.000000  1.0
    0.412623   -0.461167  0.000000  1.0
    0.412623   -0.459167  0.000000  1.0
    0.412623   -0.457167  0.000000  1.0
    0.412623   -0.455167  0.000000  1.0
    0.412623   -0.453167  0.000000  1.0
    0.412623   -0.451167  0.000000  1.0
    0.412623   -0.449167  0.000000  1.0
    0.412623   -0.447167  0.000000  1.0
    0.412623   -0.445167  0.000000  1.0
    0.412623   -0.443167  0.000000  1.0
    0.412623   -0.441167  0.000000  1.0
    0.412623   -0.439167  0.000000  1.0
    0.412623   -0.437167  0.000000  1.0
    0.412623   -0.435167  0.000000  1.0
    0.412623   -0.433167  0.000000  1.0
    0.412623   -0.431167  0.000000  1.0
    0.412623   -0.429167  0.000000  1.0
    0.412623   -0.427167  0.000000  1.0
    0.412623   -0.425167  0.000000  1.0
    0.412623   -0.423167  0.000000  1.0
    0.412623   -0.421167  0.000000  1.0
    0.412623   -0.419167  0.000000  1.0
    0.412623   -0.417167  0.000000  1.0
    0.412623   -0.415167  0.000000  1.0
    0.412623   -0.413167  0.000000  1.0
    0.412623   -0.411167  0.000000  1.0
    0.412623   -0.409167  0.000000  1.0
    0.412623   -0.407167  0.000000  1.0
    0.414623   -0.487167  0.000000  1.0
    0.414623   -0.485167  0.000000  1.0
    0.414623   -0.483167  0.000000  1.0
    0.414623   -0.481167  0.000000  1.0
    0.414623   -0.479167  0.000000  1.0
    0.414623   -0.477167  0.000000  1.0
    0.414623   -0.475167  0.000000  1.0
    0.414623   -0.473167  0.000000  1.0
    0.414623   -0.471167  0.000000  1.0
    0.414623   -0.469167  0.000000  1.0
    0.414623   -0.467167  0.000000  1.0
    0.414623   -0.465167  0.000000  1.0
    0.414623   -0.463167  0.000000  1.0
    0.414623   -0.461167  0.000000  1.0
    0.414623   -0.459167  0.000000  1.0
    0.414623   -0.457167  0.000000  1.0
    0.414623   -0.455167  0.000000  1.0
    0.414623   -0.453167  0.000000  1.0
    0.414623   -0.451167  0.000000  1.0
    0.414623   -0.449167  0.000000  1.0
    0.414623   -0.447167  0.000000  1.0
    0.414623   -0.445167  0.000000  1.0
    0.414623   -0.443167  0.000000  1.0
    0.414623   -0.441167  0.000000  1.0
    0.414623   -0.439167  0.000000  1.0
    0.414623   -0.437167  0.000000  1.0
    0.414623   -0.435167  0.000000  1.0
    0.414623   -0.433167  0.000000  1.0
    0.414623   -0.431167  0.000000  1.0
    0.414623   -0.429167  0.000000  1.0
    0.414623   -0.427167  0.000000  1.0
    0.414623   -0.425167  0.000000  1.0
    0.414623   -0.423167  0.000000  1.0
    0.414623   -0.421167  0.000000  1.0
    0.414623   -0.419167  0.000000  1.0
    0.414623   -0.417167  0.000000  1.0
    0.414623   -0.415167  0.000000  1.0
    0.414623   -0.413167  0.000000  1.0
    0.414623   -0.411167  0.000000  1.0
    0.414623   -0.409167  0.000000  1.0
    0.414623   -0.407167  0.000000  1.0
    0.416623   -0.487167  0.000000  1.0
    0.416623   -0.485167  0.000000  1.0
    0.416623   -0.483167  0.000000  1.0
    0.416623   -0.481167  0.000000  1.0
    0.416623   -0.479167  0.000000  1.0
    0.416623   -0.477167  0.000000  1.0
    0.416623   -0.475167  0.000000  1.0
    0.416623   -0.473167  0.000000  1.0
    0.416623   -0.471167  0.000000  1.0
    0.416623   -0.469167  0.000000  1.0
    0.416623   -0.467167  0.000000  1.0
    0.416623   -0.465167  0.000000  1.0
    0.416623   -0.463167  0.000000  1.0
    0.416623   -0.461167  0.000000  1.0
    0.416623   -0.459167  0.000000  1.0
    0.416623   -0.457167  0.000000  1.0
    0.416623   -0.455167  0.000000  1.0
    0.416623   -0.453167  0.000000  1.0
    0.416623   -0.451167  0.000000  1.0
    0.416623   -0.449167  0.000000  1.0
    0.416623   -0.447167  0.000000  1.0
    0.416623   -0.445167  0.000000  1.0
    0.416623   -0.443167  0.000000  1.0
    0.416623   -0.441167  0.000000  1.0
    0.416623   -0.439167  0.000000  1.0
    0.416623   -0.437167  0.000000  1.0
    0.416623   -0.435167  0.000000  1.0
    0.416623   -0.433167  0.000000  1.0
    0.416623   -0.431167  0.000000  1.0
    0.416623   -0.429167  0.000000  1.0
    0.416623   -0.427167  0.000000  1.0
    0.416623   -0.425167  0.000000  1.0
    0.416623   -0.423167  0.000000  1.0
    0.416623   -0.421167  0.000000  1.0
    0.416623   -0.419167  0.000000  1.0
    0.416623   -0.417167  0.000000  1.0
    0.416623   -0.415167  0.000000  1.0
    0.416623   -0.413167  0.000000  1.0
    0.416623   -0.411167  0.000000  1.0
    0.416623   -0.409167  0.000000  1.0
    0.416623   -0.407167  0.000000  1.0
    0.418623   -0.487167  0.000000  1.0
    0.418623   -0.485167  0.000000  1.0
    0.418623   -0.483167  0.000000  1.0
    0.418623   -0.481167  0.000000  1.0
    0.418623   -0.479167  0.000000  1.0
    0.418623   -0.477167  0.000000  1.0
    0.418623   -0.475167  0.000000  1.0
    0.418623   -0.473167  0.000000  1.0
    0.418623   -0.471167  0.000000  1.0
    0.418623   -0.469167  0.000000  1.0
    0.418623   -0.467167  0.000000  1.0
    0.418623   -0.465167  0.000000  1.0
    0.418623   -0.463167  0.000000  1.0
    0.418623   -0.461167  0.000000  1.0
    0.418623   -0.459167  0.000000  1.0
    0.418623   -0.457167  0.000000  1.0
    0.418623   -0.455167  0.000000  1.0
    0.418623   -0.453167  0.000000  1.0
    0.418623   -0.451167  0.000000  1.0
    0.418623   -0.449167  0.000000  1.0
    0.418623   -0.447167  0.000000  1.0
    0.418623   -0.445167  0.000000  1.0
    0.418623   -0.443167  0.000000  1.0
    0.418623   -0.441167  0.000000  1.0
    0.418623   -0.439167  0.000000  1.0
    0.418623   -0.437167  0.000000  1.0
    0.418623   -0.435167  0.000000  1.0
    0.418623   -0.433167  0.000000  1.0
    0.418623   -0.431167  0.000000  1.0
    0.418623   -0.429167  0.000000  1.0
    0.418623   -0.427167  0.000000  1.0
    0.418623   -0.425167  0.000000  1.0
    0.418623   -0.423167  0.000000  1.0
    0.418623   -0.421167  0.000000  1.0
    0.418623   -0.419167  0.000000  1.0
    0.418623   -0.417167  0.000000  1.0
    0.418623   -0.415167  0.000000  1.0
    0.418623   -0.413167  0.000000  1.0
    0.418623   -0.411167  0.000000  1.0
    0.418623   -0.409167  0.000000  1.0
    0.418623   -0.407167  0.000000  1.0
    0.420623   -0.487167  0.000000  1.0
    0.420623   -0.485167  0.000000  1.0
    0.420623   -0.483167  0.000000  1.0
    0.420623   -0.481167  0.000000  1.0
    0.420623   -0.479167  0.000000  1.0
    0.420623   -0.477167  0.000000  1.0
    0.420623   -0.475167  0.000000  1.0
    0.420623   -0.473167  0.000000  1.0
    0.420623   -0.471167  0.000000  1.0
    0.420623   -0.469167  0.000000  1.0
    0.420623   -0.467167  0.000000  1.0
    0.420623   -0.465167  0.000000  1.0
    0.420623   -0.463167  0.000000  1.0
    0.420623   -0.461167  0.000000  1.0
    0.420623   -0.459167  0.000000  1.0
    0.420623   -0.457167  0.000000  1.0
    0.420623   -0.455167  0.000000  1.0
    0.420623   -0.453167  0.000000  1.0
    0.420623   -0.451167  0.000000  1.0
    0.420623   -0.449167  0.000000  1.0
    0.420623   -0.447167  0.000000  1.0
    0.420623   -0.445167  0.000000  1.0
    0.420623   -0.443167  0.000000  1.0
    0.420623   -0.441167  0.000000  1.0
    0.420623   -0.439167  0.000000  1.0
    0.420623   -0.437167  0.000000  1.0
    0.420623   -0.435167  0.000000  1.0
    0.420623   -0.433167  0.000000  1.0
    0.420623   -0.431167  0.000000  1.0
    0.420623   -0.429167  0.000000  1.0
    0.420623   -0.427167  0.000000  1.0
    0.420623   -0.425167  0.000000  1.0
    0.420623   -0.423167  0.000000  1.0
    0.420623   -0.421167  0.000000  1.0
    0.420623   -0.419167  0.000000  1.0
    0.420623   -0.417167  0.000000  1.0
    0.420623   -0.415167  0.000000  1.0
    0.420623   -0.413167  0.000000  1.0
    0.420623   -0.411167  0.000000  1.0
    0.420623   -0.409167  0.000000  1.0
    0.420623   -0.407167  0.000000  1.0
    0.422623   -0.487167  0.000000  1.0
    0.422623   -0.485167  0.000000  1.0
    0.422623   -0.483167  0.000000  1.0
    0.422623   -0.481167  0.000000  1.0
    0.422623   -0.479167  0.000000  1.0
    0.422623   -0.477167  0.000000  1.0
    0.422623   -0.475167  0.000000  1.0
    0.422623   -0.473167  0.000000  1.0
    0.422623   -0.471167  0.000000  1.0
    0.422623   -0.469167  0.000000  1.0
    0.422623   -0.467167  0.000000  1.0
    0.422623   -0.465167  0.000000  1.0
    0.422623   -0.463167  0.000000  1.0
    0.422623   -0.461167  0.000000  1.0
    0.422623   -0.459167  0.000000  1.0
    0.422623   -0.457167  0.000000  1.0
    0.422623   -0.455167  0.000000  1.0
    0.422623   -0.453167  0.000000  1.0
    0.422623   -0.451167  0.000000  1.0
    0.422623   -0.449167  0.000000  1.0
    0.422623   -0.447167  0.000000  1.0
    0.422623   -0.445167  0.000000  1.0
    0.422623   -0.443167  0.000000  1.0
    0.422623   -0.441167  0.000000  1.0
    0.422623   -0.439167  0.000000  1.0
    0.422623   -0.437167  0.000000  1.0
    0.422623   -0.435167  0.000000  1.0
    0.422623   -0.433167  0.000000  1.0
    0.422623   -0.431167  0.000000  1.0
    0.422623   -0.429167  0.000000  1.0
    0.422623   -0.427167  0.000000  1.0
    0.422623   -0.425167  0.000000  1.0
    0.422623   -0.423167  0.000000  1.0
    0.422623   -0.421167  0.000000  1.0
    0.422623   -0.419167  0.000000  1.0
    0.422623   -0.417167  0.000000  1.0
    0.422623   -0.415167  0.000000  1.0
    0.422623   -0.413167  0.000000  1.0
    0.422623   -0.411167  0.000000  1.0
    0.422623   -0.409167  0.000000  1.0
    0.422623   -0.407167  0.000000  1.0
    0.424623   -0.487167  0.000000  1.0
    0.424623   -0.485167  0.000000  1.0
    0.424623   -0.483167  0.000000  1.0
    0.424623   -0.481167  0.000000  1.0
    0.424623   -0.479167  0.000000  1.0
    0.424623   -0.477167  0.000000  1.0
    0.424623   -0.475167  0.000000  1.0
    0.424623   -0.473167  0.000000  1.0
    0.424623   -0.471167  0.000000  1.0
    0.424623   -0.469167  0.000000  1.0
    0.424623   -0.467167  0.000000  1.0
    0.424623   -0.465167  0.000000  1.0
    0.424623   -0.463167  0.000000  1.0
    0.424623   -0.461167  0.000000  1.0
    0.424623   -0.459167  0.000000  1.0
    0.424623   -0.457167  0.000000  1.0
    0.424623   -0.455167  0.000000  1.0
    0.424623   -0.453167  0.000000  1.0
    0.424623   -0.451167  0.000000  1.0
    0.424623   -0.449167  0.000000  1.0
    0.424623   -0.447167  0.000000  1.0
    0.424623   -0.445167  0.000000  1.0
    0.424623   -0.443167  0.000000  1.0
    0.424623   -0.441167  0.000000  1.0
    0.424623   -0.439167  0.000000  1.0
    0.424623   -0.437167  0.000000  1.0
    0.424623   -0.435167  0.000000  1.0
    0.424623   -0.433167  0.000000  1.0
    0.424623   -0.431167  0.000000  1.0
    0.424623   -0.429167  0.000000  1.0
    0.424623   -0.427167  0.000000  1.0
    0.424623   -0.425167  0.000000  1.0
    0.424623   -0.423167  0.000000  1.0
    0.424623   -0.421167  0.000000  1.0
    0.424623   -0.419167  0.000000  1.0
    0.424623   -0.417167  0.000000  1.0
    0.424623   -0.415167  0.000000  1.0
    0.424623   -0.413167  0.000000  1.0
    0.424623   -0.411167  0.000000  1.0
    0.424623   -0.409167  0.000000  1.0
    0.424623   -0.407167  0.000000  1.0
    0.426623   -0.487167  0.000000  1.0
    0.426623   -0.485167  0.000000  1.0
    0.426623   -0.483167  0.000000  1.0
    0.426623   -0.481167  0.000000  1.0
    0.426623   -0.479167  0.000000  1.0
    0.426623   -0.477167  0.000000  1.0
    0.426623   -0.475167  0.000000  1.0
    0.426623   -0.473167  0.000000  1.0
    0.426623   -0.471167  0.000000  1.0
    0.426623   -0.469167  0.000000  1.0
    0.426623   -0.467167  0.000000  1.0
    0.426623   -0.465167  0.000000  1.0
    0.426623   -0.463167  0.000000  1.0
    0.426623   -0.461167  0.000000  1.0
    0.426623   -0.459167  0.000000  1.0
    0.426623   -0.457167  0.000000  1.0
    0.426623   -0.455167  0.000000  1.0
    0.426623   -0.453167  0.000000  1.0
    0.426623   -0.451167  0.000000  1.0
    0.426623   -0.449167  0.000000  1.0
    0.426623   -0.447167  0.000000  1.0
    0.426623   -0.445167  0.000000  1.0
    0.426623   -0.443167  0.000000  1.0
    0.426623   -0.441167  0.000000  1.0
    0.426623   -0.439167  0.000000  1.0
    0.426623   -0.437167  0.000000  1.0
    0.426623   -0.435167  0.000000  1.0
    0.426623   -0.433167  0.000000  1.0
    0.426623   -0.431167  0.000000  1.0
    0.426623   -0.429167  0.000000  1.0
    0.426623   -0.427167  0.000000  1.0
    0.426623   -0.425167  0.000000  1.0
    0.426623   -0.423167  0.000000  1.0
    0.426623   -0.421167  0.000000  1.0
    0.426623   -0.419167  0.000000  1.0
    0.426623   -0.417167  0.000000  1.0
    0.426623   -0.415167  0.000000  1.0
    0.426623   -0.413167  0.000000  1.0
    0.426623   -0.411167  0.000000  1.0
    0.426623   -0.409167  0.000000  1.0
    0.426623   -0.407167  0.000000  1.0
    0.428623   -0.487167  0.000000  1.0
    0.428623   -0.485167  0.000000  1.0
    0.428623   -0.483167  0.000000  1.0
    0.428623   -0.481167  0.000000  1.0
    0.428623   -0.479167  0.000000  1.0
    0.428623   -0.477167  0.000000  1.0
    0.428623   -0.475167  0.000000  1.0
    0.428623   -0.473167  0.000000  1.0
    0.428623   -0.471167  0.000000  1.0
    0.428623   -0.469167  0.000000  1.0
    0.428623   -0.467167  0.000000  1.0
    0.428623   -0.465167  0.000000  1.0
    0.428623   -0.463167  0.000000  1.0
    0.428623   -0.461167  0.000000  1.0
    0.428623   -0.459167  0.000000  1.0
    0.428623   -0.457167  0.000000  1.0
    0.428623   -0.455167  0.000000  1.0
    0.428623   -0.453167  0.000000  1.0
    0.428623   -0.451167  0.000000  1.0
    0.428623   -0.449167  0.000000  1.0
    0.428623   -0.447167  0.000000  1.0
    0.428623   -0.445167  0.000000  1.0
    0.428623   -0.443167  0.000000  1.0
    0.428623   -0.441167  0.000000  1.0
    0.428623   -0.439167  0.000000  1.0
    0.428623   -0.437167  0.000000  1.0
    0.428623   -0.435167  0.000000  1.0
    0.428623   -0.433167  0.000000  1.0
    0.428623   -0.431167  0.000000  1.0
    0.428623   -0.429167  0.000000  1.0
    0.428623   -0.427167  0.000000  1.0
    0.428623   -0.425167  0.000000  1.0
    0.428623   -0.423167  0.000000  1.0
    0.428623   -0.421167  0.000000  1.0
    0.428623   -0.419167  0.000000  1.0
    0.428623   -0.417167  0.000000  1.0
    0.428623   -0.415167  0.000000  1.0
    0.428623   -0.413167  0.000000  1.0
    0.428623   -0.411167  0.000000  1.0
    0.428623   -0.409167  0.000000  1.0
    0.428623   -0.407167  0.000000  1.0
    0.430623   -0.487167  0.000000  1.0
    0.430623   -0.485167  0.000000  1.0
    0.430623   -0.483167  0.000000  1.0
    0.430623   -0.481167  0.000000  1.0
    0.430623   -0.479167  0.000000  1.0
    0.430623   -0.477167  0.000000  1.0
    0.430623   -0.475167  0.000000  1.0
    0.430623   -0.473167  0.000000  1.0
    0.430623   -0.471167  0.000000  1.0
    0.430623   -0.469167  0.000000  1.0
    0.430623   -0.467167  0.000000  1.0
    0.430623   -0.465167  0.000000  1.0
    0.430623   -0.463167  0.000000  1.0
    0.430623   -0.461167  0.000000  1.0
    0.430623   -0.459167  0.000000  1.0
    0.430623   -0.457167  0.000000  1.0
    0.430623   -0.455167  0.000000  1.0
    0.430623   -0.453167  0.000000  1.0
    0.430623   -0.451167  0.000000  1.0
    0.430623   -0.449167  0.000000  1.0
    0.430623   -0.447167  0.000000  1.0
    0.430623   -0.445167  0.000000  1.0
    0.430623   -0.443167  0.000000  1.0
    0.430623   -0.441167  0.000000  1.0
    0.430623   -0.439167  0.000000  1.0
    0.430623   -0.437167  0.000000  1.0
    0.430623   -0.435167  0.000000  1.0
    0.430623   -0.433167  0.000000  1.0
    0.430623   -0.431167  0.000000  1.0
    0.430623   -0.429167  0.000000  1.0
    0.430623   -0.427167  0.000000  1.0
    0.430623   -0.425167  0.000000  1.0
    0.430623   -0.423167  0.000000  1.0
    0.430623   -0.421167  0.000000  1.0
    0.430623   -0.419167  0.000000  1.0
    0.430623   -0.417167  0.000000  1.0
    0.430623   -0.415167  0.000000  1.0
    0.430623   -0.413167  0.000000  1.0
    0.430623   -0.411167  0.000000  1.0
    0.430623   -0.409167  0.000000  1.0
    0.430623   -0.407167  0.000000  1.0
    0.432623   -0.487167  0.000000  1.0
    0.432623   -0.485167  0.000000  1.0
    0.432623   -0.483167  0.000000  1.0
    0.432623   -0.481167  0.000000  1.0
    0.432623   -0.479167  0.000000  1.0
    0.432623   -0.477167  0.000000  1.0
    0.432623   -0.475167  0.000000  1.0
    0.432623   -0.473167  0.000000  1.0
    0.432623   -0.471167  0.000000  1.0
    0.432623   -0.469167  0.000000  1.0
    0.432623   -0.467167  0.000000  1.0
    0.432623   -0.465167  0.000000  1.0
    0.432623   -0.463167  0.000000  1.0
    0.432623   -0.461167  0.000000  1.0
    0.432623   -0.459167  0.000000  1.0
    0.432623   -0.457167  0.000000  1.0
    0.432623   -0.455167  0.000000  1.0
    0.432623   -0.453167  0.000000  1.0
    0.432623   -0.451167  0.000000  1.0
    0.432623   -0.449167  0.000000  1.0
    0.432623   -0.447167  0.000000  1.0
    0.432623   -0.445167  0.000000  1.0
    0.432623   -0.443167  0.000000  1.0
    0.432623   -0.441167  0.000000  1.0
    0.432623   -0.439167  0.000000  1.0
    0.432623   -0.437167  0.000000  1.0
    0.432623   -0.435167  0.000000  1.0
    0.432623   -0.433167  0.000000  1.0
    0.432623   -0.431167  0.000000  1.0
    0.432623   -0.429167  0.000000  1.0
    0.432623   -0.427167  0.000000  1.0
    0.432623   -0.425167  0.000000  1.0
    0.432623   -0.423167  0.000000  1.0
    0.432623   -0.421167  0.000000  1.0
    0.432623   -0.419167  0.000000  1.0
    0.432623   -0.417167  0.000000  1.0
    0.432623   -0.415167  0.000000  1.0
    0.432623   -0.413167  0.000000  1.0
    0.432623   -0.411167  0.000000  1.0
    0.432623   -0.409167  0.000000  1.0
    0.432623   -0.407167  0.000000  1.0
    0.434623   -0.487167  0.000000  1.0
    0.434623   -0.485167  0.000000  1.0
    0.434623   -0.483167  0.000000  1.0
    0.434623   -0.481167  0.000000  1.0
    0.434623   -0.479167  0.000000  1.0
    0.434623   -0.477167  0.000000  1.0
    0.434623   -0.475167  0.000000  1.0
    0.434623   -0.473167  0.000000  1.0
    0.434623   -0.471167  0.000000  1.0
    0.434623   -0.469167  0.000000  1.0
    0.434623   -0.467167  0.000000  1.0
    0.434623   -0.465167  0.000000  1.0
    0.434623   -0.463167  0.000000  1.0
    0.434623   -0.461167  0.000000  1.0
    0.434623   -0.459167  0.000000  1.0
    0.434623   -0.457167  0.000000  1.0
    0.434623   -0.455167  0.000000  1.0
    0.434623   -0.453167  0.000000  1.0
    0.434623   -0.451167  0.000000  1.0
    0.434623   -0.449167  0.000000  1.0
    0.434623   -0.447167  0.000000  1.0
    0.434623   -0.445167  0.000000  1.0
    0.434623   -0.443167  0.000000  1.0
    0.434623   -0.441167  0.000000  1.0
    0.434623   -0.439167  0.000000  1.0
    0.434623   -0.437167  0.000000  1.0
    0.434623   -0.435167  0.000000  1.0
    0.434623   -0.433167  0.000000  1.0
    0.434623   -0.431167  0.000000  1.0
    0.434623   -0.429167  0.000000  1.0
    0.434623   -0.427167  0.000000  1.0
    0.434623   -0.425167  0.000000  1.0
    0.434623   -0.423167  0.000000  1.0
    0.434623   -0.421167  0.000000  1.0
    0.434623   -0.419167  0.000000  1.0
    0.434623   -0.417167  0.000000  1.0
    0.434623   -0.415167  0.000000  1.0
    0.434623   -0.413167  0.000000  1.0
    0.434623   -0.411167  0.000000  1.0
    0.434623   -0.409167  0.000000  1.0
    0.434623   -0.407167  0.000000  1.0
    0.436623   -0.487167  0.000000  1.0
    0.436623   -0.485167  0.000000  1.0
    0.436623   -0.483167  0.000000  1.0
    0.436623   -0.481167  0.000000  1.0
    0.436623   -0.479167  0.000000  1.0
    0.436623   -0.477167  0.000000  1.0
    0.436623   -0.475167  0.000000  1.0
    0.436623   -0.473167  0.000000  1.0
    0.436623   -0.471167  0.000000  1.0
    0.436623   -0.469167  0.000000  1.0
    0.436623   -0.467167  0.000000  1.0
    0.436623   -0.465167  0.000000  1.0
    0.436623   -0.463167  0.000000  1.0
    0.436623   -0.461167  0.000000  1.0
    0.436623   -0.459167  0.000000  1.0
    0.436623   -0.457167  0.000000  1.0
    0.436623   -0.455167  0.000000  1.0
    0.436623   -0.453167  0.000000  1.0
    0.436623   -0.451167  0.000000  1.0
    0.436623   -0.449167  0.000000  1.0
    0.436623   -0.447167  0.000000  1.0
    0.436623   -0.445167  0.000000  1.0
    0.436623   -0.443167  0.000000  1.0
    0.436623   -0.441167  0.000000  1.0
    0.436623   -0.439167  0.000000  1.0
    0.436623   -0.437167  0.000000  1.0
    0.436623   -0.435167  0.000000  1.0
    0.436623   -0.433167  0.000000  1.0
    0.436623   -0.431167  0.000000  1.0
    0.436623   -0.429167  0.000000  1.0
    0.436623   -0.427167  0.000000  1.0
    0.436623   -0.425167  0.000000  1.0
    0.436623   -0.423167  0.000000  1.0
    0.436623   -0.421167  0.000000  1.0
    0.436623   -0.419167  0.000000  1.0
    0.436623   -0.417167  0.000000  1.0
    0.436623   -0.415167  0.000000  1.0
    0.436623   -0.413167  0.000000  1.0
    0.436623   -0.411167  0.000000  1.0
    0.436623   -0.409167  0.000000  1.0
    0.436623   -0.407167  0.000000  1.0
    0.438623   -0.487167  0.000000  1.0
    0.438623   -0.485167  0.000000  1.0
    0.438623   -0.483167  0.000000  1.0
    0.438623   -0.481167  0.000000  1.0
    0.438623   -0.479167  0.000000  1.0
    0.438623   -0.477167  0.000000  1.0
    0.438623   -0.475167  0.000000  1.0
    0.438623   -0.473167  0.000000  1.0
    0.438623   -0.471167  0.000000  1.0
    0.438623   -0.469167  0.000000  1.0
    0.438623   -0.467167  0.000000  1.0
    0.438623   -0.465167  0.000000  1.0
    0.438623   -0.463167  0.000000  1.0
    0.438623   -0.461167  0.000000  1.0
    0.438623   -0.459167  0.000000  1.0
    0.438623   -0.457167  0.000000  1.0
    0.438623   -0.455167  0.000000  1.0
    0.438623   -0.453167  0.000000  1.0
    0.438623   -0.451167  0.000000  1.0
    0.438623   -0.449167  0.000000  1.0
    0.438623   -0.447167  0.000000  1.0
    0.438623   -0.445167  0.000000  1.0
    0.438623   -0.443167  0.000000  1.0
    0.438623   -0.441167  0.000000  1.0
    0.438623   -0.439167  0.000000  1.0
    0.438623   -0.437167  0.000000  1.0
    0.438623   -0.435167  0.000000  1.0
    0.438623   -0.433167  0.000000  1.0
    0.438623   -0.431167  0.000000  1.0
    0.438623   -0.429167  0.000000  1.0
    0.438623   -0.427167  0.000000  1.0
    0.438623   -0.425167  0.000000  1.0
    0.438623   -0.423167  0.000000  1.0
    0.438623   -0.421167  0.000000  1.0
    0.438623   -0.419167  0.000000  1.0
    0.438623   -0.417167  0.000000  1.0
    0.438623   -0.415167  0.000000  1.0
    0.438623   -0.413167  0.000000  1.0
    0.438623   -0.411167  0.000000  1.0
    0.438623   -0.409167  0.000000  1.0
    0.438623   -0.407167  0.000000  1.0
    0.440623   -0.487167  0.000000  1.0
    0.440623   -0.485167  0.000000  1.0
    0.440623   -0.483167  0.000000  1.0
    0.440623   -0.481167  0.000000  1.0
    0.440623   -0.479167  0.000000  1.0
    0.440623   -0.477167  0.000000  1.0
    0.440623   -0.475167  0.000000  1.0
    0.440623   -0.473167  0.000000  1.0
    0.440623   -0.471167  0.000000  1.0
    0.440623   -0.469167  0.000000  1.0
    0.440623   -0.467167  0.000000  1.0
    0.440623   -0.465167  0.000000  1.0
    0.440623   -0.463167  0.000000  1.0
    0.440623   -0.461167  0.000000  1.0
    0.440623   -0.459167  0.000000  1.0
    0.440623   -0.457167  0.000000  1.0
    0.440623   -0.455167  0.000000  1.0
    0.440623   -0.453167  0.000000  1.0
    0.440623   -0.451167  0.000000  1.0
    0.440623   -0.449167  0.000000  1.0
    0.440623   -0.447167  0.000000  1.0
    0.440623   -0.445167  0.000000  1.0
    0.440623   -0.443167  0.000000  1.0
    0.440623   -0.441167  0.000000  1.0
    0.440623   -0.439167  0.000000  1.0
    0.440623   -0.437167  0.000000  1.0
    0.440623   -0.435167  0.000000  1.0
    0.440623   -0.433167  0.000000  1.0
    0.440623   -0.431167  0.000000  1.0
    0.440623   -0.429167  0.000000  1.0
    0.440623   -0.427167  0.000000  1.0
    0.440623   -0.425167  0.000000  1.0
    0.440623   -0.423167  0.000000  1.0
    0.440623   -0.421167  0.000000  1.0
    0.440623   -0.419167  0.000000  1.0
    0.440623   -0.417167  0.000000  1.0
    0.440623   -0.415167  0.000000  1.0
    0.440623   -0.413167  0.000000  1.0
    0.440623   -0.411167  0.000000  1.0
    0.440623   -0.409167  0.000000  1.0
    0.440623   -0.407167  0.000000  1.0
    0.442623   -0.487167  0.000000  1.0
    0.442623   -0.485167  0.000000  1.0
    0.442623   -0.483167  0.000000  1.0
    0.442623   -0.481167  0.000000  1.0
    0.442623   -0.479167  0.000000  1.0
    0.442623   -0.477167  0.000000  1.0
    0.442623   -0.475167  0.000000  1.0
    0.442623   -0.473167  0.000000  1.0
    0.442623   -0.471167  0.000000  1.0
    0.442623   -0.469167  0.000000  1.0
    0.442623   -0.467167  0.000000  1.0
    0.442623   -0.465167  0.000000  1.0
    0.442623   -0.463167  0.000000  1.0
    0.442623   -0.461167  0.000000  1.0
    0.442623   -0.459167  0.000000  1.0
    0.442623   -0.457167  0.000000  1.0
    0.442623   -0.455167  0.000000  1.0
    0.442623   -0.453167  0.000000  1.0
    0.442623   -0.451167  0.000000  1.0
    0.442623   -0.449167  0.000000  1.0
    0.442623   -0.447167  0.000000  1.0
    0.442623   -0.445167  0.000000  1.0
    0.442623   -0.443167  0.000000  1.0
    0.442623   -0.441167  0.000000  1.0
    0.442623   -0.439167  0.000000  1.0
    0.442623   -0.437167  0.000000  1.0
    0.442623   -0.435167  0.000000  1.0
    0.442623   -0.433167  0.000000  1.0
    0.442623   -0.431167  0.000000  1.0
    0.442623   -0.429167  0.000000  1.0
    0.442623   -0.427167  0.000000  1.0
    0.442623   -0.425167  0.000000  1.0
    0.442623   -0.423167  0.000000  1.0
    0.442623   -0.421167  0.000000  1.0
    0.442623   -0.419167  0.000000  1.0
    0.442623   -0.417167  0.000000  1.0
    0.442623   -0.415167  0.000000  1.0
    0.442623   -0.413167  0.000000  1.0
    0.442623   -0.411167  0.000000  1.0
    0.442623   -0.409167  0.000000  1.0
    0.442623   -0.407167  0.000000  1.0
    0.444623   -0.487167  0.000000  1.0
    0.444623   -0.485167  0.000000  1.0
    0.444623   -0.483167  0.000000  1.0
    0.444623   -0.481167  0.000000  1.0
    0.444623   -0.479167  0.000000  1.0
    0.444623   -0.477167  0.000000  1.0
    0.444623   -0.475167  0.000000  1.0
    0.444623   -0.473167  0.000000  1.0
    0.444623   -0.471167  0.000000  1.0
    0.444623   -0.469167  0.000000  1.0
    0.444623   -0.467167  0.000000  1.0
    0.444623   -0.465167  0.000000  1.0
    0.444623   -0.463167  0.000000  1.0
    0.444623   -0.461167  0.000000  1.0
    0.444623   -0.459167  0.000000  1.0
    0.444623   -0.457167  0.000000  1.0
    0.444623   -0.455167  0.000000  1.0
    0.444623   -0.453167  0.000000  1.0
    0.444623   -0.451167  0.000000  1.0
    0.444623   -0.449167  0.000000  1.0
    0.444623   -0.447167  0.000000  1.0
    0.444623   -0.445167  0.000000  1.0
    0.444623   -0.443167  0.000000  1.0
    0.444623   -0.441167  0.000000  1.0
    0.444623   -0.439167  0.000000  1.0
    0.444623   -0.437167  0.000000  1.0
    0.444623   -0.435167  0.000000  1.0
    0.444623   -0.433167  0.000000  1.0
    0.444623   -0.431167  0.000000  1.0
    0.444623   -0.429167  0.000000  1.0
    0.444623   -0.427167  0.000000  1.0
    0.444623   -0.425167  0.000000  1.0
    0.444623   -0.423167  0.000000  1.0
    0.444623   -0.421167  0.000000  1.0
    0.444623   -0.419167  0.000000  1.0
    0.444623   -0.417167  0.000000  1.0
    0.444623   -0.415167  0.000000  1.0
    0.444623   -0.413167  0.000000  1.0
    0.444623   -0.411167  0.000000  1.0
    0.444623   -0.409167  0.000000  1.0
    0.444623   -0.407167  0.000000  1.0
    0.446623   -0.487167  0.000000  1.0
    0.446623   -0.485167  0.000000  1.0
    0.446623   -0.483167  0.000000  1.0
    0.446623   -0.481167  0.000000  1.0
    0.446623   -0.479167  0.000000  1.0
    0.446623   -0.477167  0.000000  1.0
    0.446623   -0.475167  0.000000  1.0
    0.446623   -0.473167  0.000000  1.0
    0.446623   -0.471167  0.000000  1.0
    0.446623   -0.469167  0.000000  1.0
    0.446623   -0.467167  0.000000  1.0
    0.446623   -0.465167  0.000000  1.0
    0.446623   -0.463167  0.000000  1.0
    0.446623   -0.461167  0.000000  1.0
    0.446623   -0.459167  0.000000  1.0
    0.446623   -0.457167  0.000000  1.0
    0.446623   -0.455167  0.000000  1.0
    0.446623   -0.453167  0.000000  1.0
    0.446623   -0.451167  0.000000  1.0
    0.446623   -0.449167  0.000000  1.0
    0.446623   -0.447167  0.000000  1.0
    0.446623   -0.445167  0.000000  1.0
    0.446623   -0.443167  0.000000  1.0
    0.446623   -0.441167  0.000000  1.0
    0.446623   -0.439167  0.000000  1.0
    0.446623   -0.437167  0.000000  1.0
    0.446623   -0.435167  0.000000  1.0
    0.446623   -0.433167  0.000000  1.0
    0.446623   -0.431167  0.000000  1.0
    0.446623   -0.429167  0.000000  1.0
    0.446623   -0.427167  0.000000  1.0
    0.446623   -0.425167  0.000000  1.0
    0.446623   -0.423167  0.000000  1.0
    0.446623   -0.421167  0.000000  1.0
    0.446623   -0.419167  0.000000  1.0
    0.446623   -0.417167  0.000000  1.0
    0.446623   -0.415167  0.000000  1.0
    0.446623   -0.413167  0.000000  1.0
    0.446623   -0.411167  0.000000  1.0
    0.446623   -0.409167  0.000000  1.0
    0.446623   -0.407167  0.000000  1.0
    0.448623   -0.487167  0.000000  1.0
    0.448623   -0.485167  0.000000  1.0
    0.448623   -0.483167  0.000000  1.0
    0.448623   -0.481167  0.000000  1.0
    0.448623   -0.479167  0.000000  1.0
    0.448623   -0.477167  0.000000  1.0
    0.448623   -0.475167  0.000000  1.0
    0.448623   -0.473167  0.000000  1.0
    0.448623   -0.471167  0.000000  1.0
    0.448623   -0.469167  0.000000  1.0
    0.448623   -0.467167  0.000000  1.0
    0.448623   -0.465167  0.000000  1.0
    0.448623   -0.463167  0.000000  1.0
    0.448623   -0.461167  0.000000  1.0
    0.448623   -0.459167  0.000000  1.0
    0.448623   -0.457167  0.000000  1.0
    0.448623   -0.455167  0.000000  1.0
    0.448623   -0.453167  0.000000  1.0
    0.448623   -0.451167  0.000000  1.0
    0.448623   -0.449167  0.000000  1.0
    0.448623   -0.447167  0.000000  1.0
    0.448623   -0.445167  0.000000  1.0
    0.448623   -0.443167  0.000000  1.0
    0.448623   -0.441167  0.000000  1.0
    0.448623   -0.439167  0.000000  1.0
    0.448623   -0.437167  0.000000  1.0
    0.448623   -0.435167  0.000000  1.0
    0.448623   -0.433167  0.000000  1.0
    0.448623   -0.431167  0.000000  1.0
    0.448623   -0.429167  0.000000  1.0
    0.448623   -0.427167  0.000000  1.0
    0.448623   -0.425167  0.000000  1.0
    0.448623   -0.423167  0.000000  1.0
    0.448623   -0.421167  0.000000  1.0
    0.448623   -0.419167  0.000000  1.0
    0.448623   -0.417167  0.000000  1.0
    0.448623   -0.415167  0.000000  1.0
    0.448623   -0.413167  0.000000  1.0
    0.448623   -0.411167  0.000000  1.0
    0.448623   -0.409167  0.000000  1.0
    0.448623   -0.407167  0.000000  1.0
    0.450623   -0.487167  0.000000  1.0
    0.450623   -0.485167  0.000000  1.0
    0.450623   -0.483167  0.000000  1.0
    0.450623   -0.481167  0.000000  1.0
    0.450623   -0.479167  0.000000  1.0
    0.450623   -0.477167  0.000000  1.0
    0.450623   -0.475167  0.000000  1.0
    0.450623   -0.473167  0.000000  1.0
    0.450623   -0.471167  0.000000  1.0
    0.450623   -0.469167  0.000000  1.0
    0.450623   -0.467167  0.000000  1.0
    0.450623   -0.465167  0.000000  1.0
    0.450623   -0.463167  0.000000  1.0
    0.450623   -0.461167  0.000000  1.0
    0.450623   -0.459167  0.000000  1.0
    0.450623   -0.457167  0.000000  1.0
    0.450623   -0.455167  0.000000  1.0
    0.450623   -0.453167  0.000000  1.0
    0.450623   -0.451167  0.000000  1.0
    0.450623   -0.449167  0.000000  1.0
    0.450623   -0.447167  0.000000  1.0
    0.450623   -0.445167  0.000000  1.0
    0.450623   -0.443167  0.000000  1.0
    0.450623   -0.441167  0.000000  1.0
    0.450623   -0.439167  0.000000  1.0
    0.450623   -0.437167  0.000000  1.0
    0.450623   -0.435167  0.000000  1.0
    0.450623   -0.433167  0.000000  1.0
    0.450623   -0.431167  0.000000  1.0
    0.450623   -0.429167  0.000000  1.0
    0.450623   -0.427167  0.000000  1.0
    0.450623   -0.425167  0.000000  1.0
    0.450623   -0.423167  0.000000  1.0
    0.450623   -0.421167  0.000000  1.0
    0.450623   -0.419167  0.000000  1.0
    0.450623   -0.417167  0.000000  1.0
    0.450623   -0.415167  0.000000  1.0
    0.450623   -0.413167  0.000000  1.0
    0.450623   -0.411167  0.000000  1.0
    0.450623   -0.409167  0.000000  1.0
    0.450623   -0.407167  0.000000  1.0
    0.452623   -0.487167  0.000000  1.0
    0.452623   -0.485167  0.000000  1.0
    0.452623   -0.483167  0.000000  1.0
    0.452623   -0.481167  0.000000  1.0
    0.452623   -0.479167  0.000000  1.0
    0.452623   -0.477167  0.000000  1.0
    0.452623   -0.475167  0.000000  1.0
    0.452623   -0.473167  0.000000  1.0
    0.452623   -0.471167  0.000000  1.0
    0.452623   -0.469167  0.000000  1.0
    0.452623   -0.467167  0.000000  1.0
    0.452623   -0.465167  0.000000  1.0
    0.452623   -0.463167  0.000000  1.0
    0.452623   -0.461167  0.000000  1.0
    0.452623   -0.459167  0.000000  1.0
    0.452623   -0.457167  0.000000  1.0
    0.452623   -0.455167  0.000000  1.0
    0.452623   -0.453167  0.000000  1.0
    0.452623   -0.451167  0.000000  1.0
    0.452623   -0.449167  0.000000  1.0
    0.452623   -0.447167  0.000000  1.0
    0.452623   -0.445167  0.000000  1.0
    0.452623   -0.443167  0.000000  1.0
    0.452623   -0.441167  0.000000  1.0
    0.452623   -0.439167  0.000000  1.0
    0.452623   -0.437167  0.000000  1.0
    0.452623   -0.435167  0.000000  1.0
    0.452623   -0.433167  0.000000  1.0
    0.452623   -0.431167  0.000000  1.0
    0.452623   -0.429167  0.000000  1.0
    0.452623   -0.427167  0.000000  1.0
    0.452623   -0.425167  0.000000  1.0
    0.452623   -0.423167  0.000000  1.0
    0.452623   -0.421167  0.000000  1.0
    0.452623   -0.419167  0.000000  1.0
    0.452623   -0.417167  0.000000  1.0
    0.452623   -0.415167  0.000000  1.0
    0.452623   -0.413167  0.000000  1.0
    0.452623   -0.411167  0.000000  1.0
    0.452623   -0.409167  0.000000  1.0
    0.452623   -0.407167  0.000000  1.0
    0.454623   -0.487167  0.000000  1.0
    0.454623   -0.485167  0.000000  1.0
    0.454623   -0.483167  0.000000  1.0
    0.454623   -0.481167  0.000000  1.0
    0.454623   -0.479167  0.000000  1.0
    0.454623   -0.477167  0.000000  1.0
    0.454623   -0.475167  0.000000  1.0
    0.454623   -0.473167  0.000000  1.0
    0.454623   -0.471167  0.000000  1.0
    0.454623   -0.469167  0.000000  1.0
    0.454623   -0.467167  0.000000  1.0
    0.454623   -0.465167  0.000000  1.0
    0.454623   -0.463167  0.000000  1.0
    0.454623   -0.461167  0.000000  1.0
    0.454623   -0.459167  0.000000  1.0
    0.454623   -0.457167  0.000000  1.0
    0.454623   -0.455167  0.000000  1.0
    0.454623   -0.453167  0.000000  1.0
    0.454623   -0.451167  0.000000  1.0
    0.454623   -0.449167  0.000000  1.0
    0.454623   -0.447167  0.000000  1.0
    0.454623   -0.445167  0.000000  1.0
    0.454623   -0.443167  0.000000  1.0
    0.454623   -0.441167  0.000000  1.0
    0.454623   -0.439167  0.000000  1.0
    0.454623   -0.437167  0.000000  1.0
    0.454623   -0.435167  0.000000  1.0
    0.454623   -0.433167  0.000000  1.0
    0.454623   -0.431167  0.000000  1.0
    0.454623   -0.429167  0.000000  1.0
    0.454623   -0.427167  0.000000  1.0
    0.454623   -0.425167  0.000000  1.0
    0.454623   -0.423167  0.000000  1.0
    0.454623   -0.421167  0.000000  1.0
    0.454623   -0.419167  0.000000  1.0
    0.454623   -0.417167  0.000000  1.0
    0.454623   -0.415167  0.000000  1.0
    0.454623   -0.413167  0.000000  1.0
    0.454623   -0.411167  0.000000  1.0
    0.454623   -0.409167  0.000000  1.0
    0.454623   -0.407167  0.000000  1.0
    0.456623   -0.487167  0.000000  1.0
    0.456623   -0.485167  0.000000  1.0
    0.456623   -0.483167  0.000000  1.0
    0.456623   -0.481167  0.000000  1.0
    0.456623   -0.479167  0.000000  1.0
    0.456623   -0.477167  0.000000  1.0
    0.456623   -0.475167  0.000000  1.0
    0.456623   -0.473167  0.000000  1.0
    0.456623   -0.471167  0.000000  1.0
    0.456623   -0.469167  0.000000  1.0
    0.456623   -0.467167  0.000000  1.0
    0.456623   -0.465167  0.000000  1.0
    0.456623   -0.463167  0.000000  1.0
    0.456623   -0.461167  0.000000  1.0
    0.456623   -0.459167  0.000000  1.0
    0.456623   -0.457167  0.000000  1.0
    0.456623   -0.455167  0.000000  1.0
    0.456623   -0.453167  0.000000  1.0
    0.456623   -0.451167  0.000000  1.0
    0.456623   -0.449167  0.000000  1.0
    0.456623   -0.447167  0.000000  1.0
    0.456623   -0.445167  0.000000  1.0
    0.456623   -0.443167  0.000000  1.0
    0.456623   -0.441167  0.000000  1.0
    0.456623   -0.439167  0.000000  1.0
    0.456623   -0.437167  0.000000  1.0
    0.456623   -0.435167  0.000000  1.0
    0.456623   -0.433167  0.000000  1.0
    0.456623   -0.431167  0.000000  1.0
    0.456623   -0.429167  0.000000  1.0
    0.456623   -0.427167  0.000000  1.0
    0.456623   -0.425167  0.000000  1.0
    0.456623   -0.423167  0.000000  1.0
    0.456623   -0.421167  0.000000  1.0
    0.456623   -0.419167  0.000000  1.0
    0.456623   -0.417167  0.000000  1.0
    0.456623   -0.415167  0.000000  1.0
    0.456623   -0.413167  0.000000  1.0
    0.456623   -0.411167  0.000000  1.0
    0.456623   -0.409167  0.000000  1.0
    0.456623   -0.407167  0.000000  1.0
    0.458623   -0.487167  0.000000  1.0
    0.458623   -0.485167  0.000000  1.0
    0.458623   -0.483167  0.000000  1.0
    0.458623   -0.481167  0.000000  1.0
    0.458623   -0.479167  0.000000  1.0
    0.458623   -0.477167  0.000000  1.0
    0.458623   -0.475167  0.000000  1.0
    0.458623   -0.473167  0.000000  1.0
    0.458623   -0.471167  0.000000  1.0
    0.458623   -0.469167  0.000000  1.0
    0.458623   -0.467167  0.000000  1.0
    0.458623   -0.465167  0.000000  1.0
    0.458623   -0.463167  0.000000  1.0
    0.458623   -0.461167  0.000000  1.0
    0.458623   -0.459167  0.000000  1.0
    0.458623   -0.457167  0.000000  1.0
    0.458623   -0.455167  0.000000  1.0
    0.458623   -0.453167  0.000000  1.0
    0.458623   -0.451167  0.000000  1.0
    0.458623   -0.449167  0.000000  1.0
    0.458623   -0.447167  0.000000  1.0
    0.458623   -0.445167  0.000000  1.0
    0.458623   -0.443167  0.000000  1.0
    0.458623   -0.441167  0.000000  1.0
    0.458623   -0.439167  0.000000  1.0
    0.458623   -0.437167  0.000000  1.0
    0.458623   -0.435167  0.000000  1.0
    0.458623   -0.433167  0.000000  1.0
    0.458623   -0.431167  0.000000  1.0
    0.458623   -0.429167  0.000000  1.0
    0.458623   -0.427167  0.000000  1.0
    0.458623   -0.425167  0.000000  1.0
    0.458623   -0.423167  0.000000  1.0
    0.458623   -0.421167  0.000000  1.0
    0.458623   -0.419167  0.000000  1.0
    0.458623   -0.417167  0.000000  1.0
    0.458623   -0.415167  0.000000  1.0
    0.458623   -0.413167  0.000000  1.0
    0.458623   -0.411167  0.000000  1.0
    0.458623   -0.409167  0.000000  1.0
    0.458623   -0.407167  0.000000  1.0
    0.460623   -0.487167  0.000000  1.0
    0.460623   -0.485167  0.000000  1.0
    0.460623   -0.483167  0.000000  1.0
    0.460623   -0.481167  0.000000  1.0
    0.460623   -0.479167  0.000000  1.0
    0.460623   -0.477167  0.000000  1.0
    0.460623   -0.475167  0.000000  1.0
    0.460623   -0.473167  0.000000  1.0
    0.460623   -0.471167  0.000000  1.0
    0.460623   -0.469167  0.000000  1.0
    0.460623   -0.467167  0.000000  1.0
    0.460623   -0.465167  0.000000  1.0
    0.460623   -0.463167  0.000000  1.0
    0.460623   -0.461167  0.000000  1.0
    0.460623   -0.459167  0.000000  1.0
    0.460623   -0.457167  0.000000  1.0
    0.460623   -0.455167  0.000000  1.0
    0.460623   -0.453167  0.000000  1.0
    0.460623   -0.451167  0.000000  1.0
    0.460623   -0.449167  0.000000  1.0
    0.460623   -0.447167  0.000000  1.0
    0.460623   -0.445167  0.000000  1.0
    0.460623   -0.443167  0.000000  1.0
    0.460623   -0.441167  0.000000  1.0
    0.460623   -0.439167  0.000000  1.0
    0.460623   -0.437167  0.000000  1.0
    0.460623   -0.435167  0.000000  1.0
    0.460623   -0.433167  0.000000  1.0
    0.460623   -0.431167  0.000000  1.0
    0.460623   -0.429167  0.000000  1.0
    0.460623   -0.427167  0.000000  1.0
    0.460623   -0.425167  0.000000  1.0
    0.460623   -0.423167  0.000000  1.0
    0.460623   -0.421167  0.000000  1.0
    0.460623   -0.419167  0.000000  1.0
    0.460623   -0.417167  0.000000  1.0
    0.460623   -0.415167  0.000000  1.0
    0.460623   -0.413167  0.000000  1.0
    0.460623   -0.411167  0.000000  1.0
    0.460623   -0.409167  0.000000  1.0
    0.460623   -0.407167  0.000000  1.0
    0.462623   -0.487167  0.000000  1.0
    0.462623   -0.485167  0.000000  1.0
    0.462623   -0.483167  0.000000  1.0
    0.462623   -0.481167  0.000000  1.0
    0.462623   -0.479167  0.000000  1.0
    0.462623   -0.477167  0.000000  1.0
    0.462623   -0.475167  0.000000  1.0
    0.462623   -0.473167  0.000000  1.0
    0.462623   -0.471167  0.000000  1.0
    0.462623   -0.469167  0.000000  1.0
    0.462623   -0.467167  0.000000  1.0
    0.462623   -0.465167  0.000000  1.0
    0.462623   -0.463167  0.000000  1.0
    0.462623   -0.461167  0.000000  1.0
    0.462623   -0.459167  0.000000  1.0
    0.462623   -0.457167  0.000000  1.0
    0.462623   -0.455167  0.000000  1.0
    0.462623   -0.453167  0.000000  1.0
    0.462623   -0.451167  0.000000  1.0
    0.462623   -0.449167  0.000000  1.0
    0.462623   -0.447167  0.000000  1.0
    0.462623   -0.445167  0.000000  1.0
    0.462623   -0.443167  0.000000  1.0
    0.462623   -0.441167  0.000000  1.0
    0.462623   -0.439167  0.000000  1.0
    0.462623   -0.437167  0.000000  1.0
    0.462623   -0.435167  0.000000  1.0
    0.462623   -0.433167  0.000000  1.0
    0.462623   -0.431167  0.000000  1.0
    0.462623   -0.429167  0.000000  1.0
    0.462623   -0.427167  0.000000  1.0
    0.462623   -0.425167  0.000000  1.0
    0.462623   -0.423167  0.000000  1.0
    0.462623   -0.421167  0.000000  1.0
    0.462623   -0.419167  0.000000  1.0
    0.462623   -0.417167  0.000000  1.0
    0.462623   -0.415167  0.000000  1.0
    0.462623   -0.413167  0.000000  1.0
    0.462623   -0.411167  0.000000  1.0
    0.462623   -0.409167  0.000000  1.0
    0.462623   -0.407167  0.000000  1.0
    0.464623   -0.487167  0.000000  1.0
    0.464623   -0.485167  0.000000  1.0
    0.464623   -0.483167  0.000000  1.0
    0.464623   -0.481167  0.000000  1.0
    0.464623   -0.479167  0.000000  1.0
    0.464623   -0.477167  0.000000  1.0
    0.464623   -0.475167  0.000000  1.0
    0.464623   -0.473167  0.000000  1.0
    0.464623   -0.471167  0.000000  1.0
    0.464623   -0.469167  0.000000  1.0
    0.464623   -0.467167  0.000000  1.0
    0.464623   -0.465167  0.000000  1.0
    0.464623   -0.463167  0.000000  1.0
    0.464623   -0.461167  0.000000  1.0
    0.464623   -0.459167  0.000000  1.0
    0.464623   -0.457167  0.000000  1.0
    0.464623   -0.455167  0.000000  1.0
    0.464623   -0.453167  0.000000  1.0
    0.464623   -0.451167  0.000000  1.0
    0.464623   -0.449167  0.000000  1.0
    0.464623   -0.447167  0.000000  1.0
    0.464623   -0.445167  0.000000  1.0
    0.464623   -0.443167  0.000000  1.0
    0.464623   -0.441167  0.000000  1.0
    0.464623   -0.439167  0.000000  1.0
    0.464623   -0.437167  0.000000  1.0
    0.464623   -0.435167  0.000000  1.0
    0.464623   -0.433167  0.000000  1.0
    0.464623   -0.431167  0.000000  1.0
    0.464623   -0.429167  0.000000  1.0
    0.464623   -0.427167  0.000000  1.0
    0.464623   -0.425167  0.000000  1.0
    0.464623   -0.423167  0.000000  1.0
    0.464623   -0.421167  0.000000  1.0
    0.464623   -0.419167  0.000000  1.0
    0.464623   -0.417167  0.000000  1.0
    0.464623   -0.415167  0.000000  1.0
    0.464623   -0.413167  0.000000  1.0
    0.464623   -0.411167  0.000000  1.0
    0.464623   -0.409167  0.000000  1.0
    0.464623   -0.407167  0.000000  1.0
    0.466623   -0.487167  0.000000  1.0
    0.466623   -0.485167  0.000000  1.0
    0.466623   -0.483167  0.000000  1.0
    0.466623   -0.481167  0.000000  1.0
    0.466623   -0.479167  0.000000  1.0
    0.466623   -0.477167  0.000000  1.0
    0.466623   -0.475167  0.000000  1.0
    0.466623   -0.473167  0.000000  1.0
    0.466623   -0.471167  0.000000  1.0
    0.466623   -0.469167  0.000000  1.0
    0.466623   -0.467167  0.000000  1.0
    0.466623   -0.465167  0.000000  1.0
    0.466623   -0.463167  0.000000  1.0
    0.466623   -0.461167  0.000000  1.0
    0.466623   -0.459167  0.000000  1.0
    0.466623   -0.457167  0.000000  1.0
    0.466623   -0.455167  0.000000  1.0
    0.466623   -0.453167  0.000000  1.0
    0.466623   -0.451167  0.000000  1.0
    0.466623   -0.449167  0.000000  1.0
    0.466623   -0.447167  0.000000  1.0
    0.466623   -0.445167  0.000000  1.0
    0.466623   -0.443167  0.000000  1.0
    0.466623   -0.441167  0.000000  1.0
    0.466623   -0.439167  0.000000  1.0
    0.466623   -0.437167  0.000000  1.0
    0.466623   -0.435167  0.000000  1.0
    0.466623   -0.433167  0.000000  1.0
    0.466623   -0.431167  0.000000  1.0
    0.466623   -0.429167  0.000000  1.0
    0.466623   -0.427167  0.000000  1.0
    0.466623   -0.425167  0.000000  1.0
    0.466623   -0.423167  0.000000  1.0
    0.466623   -0.421167  0.000000  1.0
    0.466623   -0.419167  0.000000  1.0
    0.466623   -0.417167  0.000000  1.0
    0.466623   -0.415167  0.000000  1.0
    0.466623   -0.413167  0.000000  1.0
    0.466623   -0.411167  0.000000  1.0
    0.466623   -0.409167  0.000000  1.0
    0.466623   -0.407167  0.000000  1.0
    0.468623   -0.487167  0.000000  1.0
    0.468623   -0.485167  0.000000  1.0
    0.468623   -0.483167  0.000000  1.0
    0.468623   -0.481167  0.000000  1.0
    0.468623   -0.479167  0.000000  1.0
    0.468623   -0.477167  0.000000  1.0
    0.468623   -0.475167  0.000000  1.0
    0.468623   -0.473167  0.000000  1.0
    0.468623   -0.471167  0.000000  1.0
    0.468623   -0.469167  0.000000  1.0
    0.468623   -0.467167  0.000000  1.0
    0.468623   -0.465167  0.000000  1.0
    0.468623   -0.463167  0.000000  1.0
    0.468623   -0.461167  0.000000  1.0
    0.468623   -0.459167  0.000000  1.0
    0.468623   -0.457167  0.000000  1.0
    0.468623   -0.455167  0.000000  1.0
    0.468623   -0.453167  0.000000  1.0
    0.468623   -0.451167  0.000000  1.0
    0.468623   -0.449167  0.000000  1.0
    0.468623   -0.447167  0.000000  1.0
    0.468623   -0.445167  0.000000  1.0
    0.468623   -0.443167  0.000000  1.0
    0.468623   -0.441167  0.000000  1.0
    0.468623   -0.439167  0.000000  1.0
    0.468623   -0.437167  0.000000  1.0
    0.468623   -0.435167  0.000000  1.0
    0.468623   -0.433167  0.000000  1.0
    0.468623   -0.431167  0.000000  1.0
    0.468623   -0.429167  0.000000  1.0
    0.468623   -0.427167  0.000000  1.0
    0.468623   -0.425167  0.000000  1.0
    0.468623   -0.423167  0.000000  1.0
    0.468623   -0.421167  0.000000  1.0
    0.468623   -0.419167  0.000000  1.0
    0.468623   -0.417167  0.000000  1.0
    0.468623   -0.415167  0.000000  1.0
    0.468623   -0.413167  0.000000  1.0
    0.468623   -0.411167  0.000000  1.0
    0.468623   -0.409167  0.000000  1.0
    0.468623   -0.407167  0.000000  1.0
    0.470623   -0.487167  0.000000  1.0
    0.470623   -0.485167  0.000000  1.0
    0.470623   -0.483167  0.000000  1.0
    0.470623   -0.481167  0.000000  1.0
    0.470623   -0.479167  0.000000  1.0
    0.470623   -0.477167  0.000000  1.0
    0.470623   -0.475167  0.000000  1.0
    0.470623   -0.473167  0.000000  1.0
    0.470623   -0.471167  0.000000  1.0
    0.470623   -0.469167  0.000000  1.0
    0.470623   -0.467167  0.000000  1.0
    0.470623   -0.465167  0.000000  1.0
    0.470623   -0.463167  0.000000  1.0
    0.470623   -0.461167  0.000000  1.0
    0.470623   -0.459167  0.000000  1.0
    0.470623   -0.457167  0.000000  1.0
    0.470623   -0.455167  0.000000  1.0
    0.470623   -0.453167  0.000000  1.0
    0.470623   -0.451167  0.000000  1.0
    0.470623   -0.449167  0.000000  1.0
    0.470623   -0.447167  0.000000  1.0
    0.470623   -0.445167  0.000000  1.0
    0.470623   -0.443167  0.000000  1.0
    0.470623   -0.441167  0.000000  1.0
    0.470623   -0.439167  0.000000  1.0
    0.470623   -0.437167  0.000000  1.0
    0.470623   -0.435167  0.000000  1.0
    0.470623   -0.433167  0.000000  1.0
    0.470623   -0.431167  0.000000  1.0
    0.470623   -0.429167  0.000000  1.0
    0.470623   -0.427167  0.000000  1.0
    0.470623   -0.425167  0.000000  1.0
    0.470623   -0.423167  0.000000  1.0
    0.470623   -0.421167  0.000000  1.0
    0.470623   -0.419167  0.000000  1.0
    0.470623   -0.417167  0.000000  1.0
    0.470623   -0.415167  0.000000  1.0
    0.470623   -0.413167  0.000000  1.0
    0.470623   -0.411167  0.000000  1.0
    0.470623   -0.409167  0.000000  1.0
    0.470623   -0.407167  0.000000  1.0
    0.472623   -0.487167  0.000000  1.0
    0.472623   -0.485167  0.000000  1.0
    0.472623   -0.483167  0.000000  1.0
    0.472623   -0.481167  0.000000  1.0
    0.472623   -0.479167  0.000000  1.0
    0.472623   -0.477167  0.000000  1.0
    0.472623   -0.475167  0.000000  1.0
    0.472623   -0.473167  0.000000  1.0
    0.472623   -0.471167  0.000000  1.0
    0.472623   -0.469167  0.000000  1.0
    0.472623   -0.467167  0.000000  1.0
    0.472623   -0.465167  0.000000  1.0
    0.472623   -0.463167  0.000000  1.0
    0.472623   -0.461167  0.000000  1.0
    0.472623   -0.459167  0.000000  1.0
    0.472623   -0.457167  0.000000  1.0
    0.472623   -0.455167  0.000000  1.0
    0.472623   -0.453167  0.000000  1.0
    0.472623   -0.451167  0.000000  1.0
    0.472623   -0.449167  0.000000  1.0
    0.472623   -0.447167  0.000000  1.0
    0.472623   -0.445167  0.000000  1.0
    0.472623   -0.443167  0.000000  1.0
    0.472623   -0.441167  0.000000  1.0
    0.472623   -0.439167  0.000000  1.0
    0.472623   -0.437167  0.000000  1.0
    0.472623   -0.435167  0.000000  1.0
    0.472623   -0.433167  0.000000  1.0
    0.472623   -0.431167  0.000000  1.0
    0.472623   -0.429167  0.000000  1.0
    0.472623   -0.427167  0.000000  1.0
    0.472623   -0.425167  0.000000  1.0
    0.472623   -0.423167  0.000000  1.0
    0.472623   -0.421167  0.000000  1.0
    0.472623   -0.419167  0.000000  1.0
    0.472623   -0.417167  0.000000  1.0
    0.472623   -0.415167  0.000000  1.0
    0.472623   -0.413167  0.000000  1.0
    0.472623   -0.411167  0.000000  1.0
    0.472623   -0.409167  0.000000  1.0
    0.472623   -0.407167  0.000000  1.0
    0.474623   -0.487167  0.000000  1.0
    0.474623   -0.485167  0.000000  1.0
    0.474623   -0.483167  0.000000  1.0
    0.474623   -0.481167  0.000000  1.0
    0.474623   -0.479167  0.000000  1.0
    0.474623   -0.477167  0.000000  1.0
    0.474623   -0.475167  0.000000  1.0
    0.474623   -0.473167  0.000000  1.0
    0.474623   -0.471167  0.000000  1.0
    0.474623   -0.469167  0.000000  1.0
    0.474623   -0.467167  0.000000  1.0
    0.474623   -0.465167  0.000000  1.0
    0.474623   -0.463167  0.000000  1.0
    0.474623   -0.461167  0.000000  1.0
    0.474623   -0.459167  0.000000  1.0
    0.474623   -0.457167  0.000000  1.0
    0.474623   -0.455167  0.000000  1.0
    0.474623   -0.453167  0.000000  1.0
    0.474623   -0.451167  0.000000  1.0
    0.474623   -0.449167  0.000000  1.0
    0.474623   -0.447167  0.000000  1.0
    0.474623   -0.445167  0.000000  1.0
    0.474623   -0.443167  0.000000  1.0
    0.474623   -0.441167  0.000000  1.0
    0.474623   -0.439167  0.000000  1.0
    0.474623   -0.437167  0.000000  1.0
    0.474623   -0.435167  0.000000  1.0
    0.474623   -0.433167  0.000000  1.0
    0.474623   -0.431167  0.000000  1.0
    0.474623   -0.429167  0.000000  1.0
    0.474623   -0.427167  0.000000  1.0
    0.474623   -0.425167  0.000000  1.0
    0.474623   -0.423167  0.000000  1.0
    0.474623   -0.421167  0.000000  1.0
    0.474623   -0.419167  0.000000  1.0
    0.474623   -0.417167  0.000000  1.0
    0.474623   -0.415167  0.000000  1.0
    0.474623   -0.413167  0.000000  1.0
    0.474623   -0.411167  0.000000  1.0
    0.474623   -0.409167  0.000000  1.0
    0.474623   -0.407167  0.000000  1.0
    0.476623   -0.487167  0.000000  1.0
    0.476623   -0.485167  0.000000  1.0
    0.476623   -0.483167  0.000000  1.0
    0.476623   -0.481167  0.000000  1.0
    0.476623   -0.479167  0.000000  1.0
    0.476623   -0.477167  0.000000  1.0
    0.476623   -0.475167  0.000000  1.0
    0.476623   -0.473167  0.000000  1.0
    0.476623   -0.471167  0.000000  1.0
    0.476623   -0.469167  0.000000  1.0
    0.476623   -0.467167  0.000000  1.0
    0.476623   -0.465167  0.000000  1.0
    0.476623   -0.463167  0.000000  1.0
    0.476623   -0.461167  0.000000  1.0
    0.476623   -0.459167  0.000000  1.0
    0.476623   -0.457167  0.000000  1.0
    0.476623   -0.455167  0.000000  1.0
    0.476623   -0.453167  0.000000  1.0
    0.476623   -0.451167  0.000000  1.0
    0.476623   -0.449167  0.000000  1.0
    0.476623   -0.447167  0.000000  1.0
    0.476623   -0.445167  0.000000  1.0
    0.476623   -0.443167  0.000000  1.0
    0.476623   -0.441167  0.000000  1.0
    0.476623   -0.439167  0.000000  1.0
    0.476623   -0.437167  0.000000  1.0
    0.476623   -0.435167  0.000000  1.0
    0.476623   -0.433167  0.000000  1.0
    0.476623   -0.431167  0.000000  1.0
    0.476623   -0.429167  0.000000  1.0
    0.476623   -0.427167  0.000000  1.0
    0.476623   -0.425167  0.000000  1.0
    0.476623   -0.423167  0.000000  1.0
    0.476623   -0.421167  0.000000  1.0
    0.476623   -0.419167  0.000000  1.0
    0.476623   -0.417167  0.000000  1.0
    0.476623   -0.415167  0.000000  1.0
    0.476623   -0.413167  0.000000  1.0
    0.476623   -0.411167  0.000000  1.0
    0.476623   -0.409167  0.000000  1.0
    0.476623   -0.407167  0.000000  1.0
    0.478623   -0.487167  0.000000  1.0
    0.478623   -0.485167  0.000000  1.0
    0.478623   -0.483167  0.000000  1.0
    0.478623   -0.481167  0.000000  1.0
    0.478623   -0.479167  0.000000  1.0
    0.478623   -0.477167  0.000000  1.0
    0.478623   -0.475167  0.000000  1.0
    0.478623   -0.473167  0.000000  1.0
    0.478623   -0.471167  0.000000  1.0
    0.478623   -0.469167  0.000000  1.0
    0.478623   -0.467167  0.000000  1.0
    0.478623   -0.465167  0.000000  1.0
    0.478623   -0.463167  0.000000  1.0
    0.478623   -0.461167  0.000000  1.0
    0.478623   -0.459167  0.000000  1.0
    0.478623   -0.457167  0.000000  1.0
    0.478623   -0.455167  0.000000  1.0
    0.478623   -0.453167  0.000000  1.0
    0.478623   -0.451167  0.000000  1.0
    0.478623   -0.449167  0.000000  1.0
    0.478623   -0.447167  0.000000  1.0
    0.478623   -0.445167  0.000000  1.0
    0.478623   -0.443167  0.000000  1.0
    0.478623   -0.441167  0.000000  1.0
    0.478623   -0.439167  0.000000  1.0
    0.478623   -0.437167  0.000000  1.0
    0.478623   -0.435167  0.000000  1.0
    0.478623   -0.433167  0.000000  1.0
    0.478623   -0.431167  0.000000  1.0
    0.478623   -0.429167  0.000000  1.0
    0.478623   -0.427167  0.000000  1.0
    0.478623   -0.425167  0.000000  1.0
    0.478623   -0.423167  0.000000  1.0
    0.478623   -0.421167  0.000000  1.0
    0.478623   -0.419167  0.000000  1.0
    0.478623   -0.417167  0.000000  1.0
    0.478623   -0.415167  0.000000  1.0
    0.478623   -0.413167  0.000000  1.0
    0.478623   -0.411167  0.000000  1.0
    0.478623   -0.409167  0.000000  1.0
    0.478623   -0.407167  0.000000  1.0
    0.480623   -0.487167  0.000000  1.0
    0.480623   -0.485167  0.000000  1.0
    0.480623   -0.483167  0.000000  1.0
    0.480623   -0.481167  0.000000  1.0
    0.480623   -0.479167  0.000000  1.0
    0.480623   -0.477167  0.000000  1.0
    0.480623   -0.475167  0.000000  1.0
    0.480623   -0.473167  0.000000  1.0
    0.480623   -0.471167  0.000000  1.0
    0.480623   -0.469167  0.000000  1.0
    0.480623   -0.467167  0.000000  1.0
    0.480623   -0.465167  0.000000  1.0
    0.480623   -0.463167  0.000000  1.0
    0.480623   -0.461167  0.000000  1.0
    0.480623   -0.459167  0.000000  1.0
    0.480623   -0.457167  0.000000  1.0
    0.480623   -0.455167  0.000000  1.0
    0.480623   -0.453167  0.000000  1.0
    0.480623   -0.451167  0.000000  1.0
    0.480623   -0.449167  0.000000  1.0
    0.480623   -0.447167  0.000000  1.0
    0.480623   -0.445167  0.000000  1.0
    0.480623   -0.443167  0.000000  1.0
    0.480623   -0.441167  0.000000  1.0
    0.480623   -0.439167  0.000000  1.0
    0.480623   -0.437167  0.000000  1.0
    0.480623   -0.435167  0.000000  1.0
    0.480623   -0.433167  0.000000  1.0
    0.480623   -0.431167  0.000000  1.0
    0.480623   -0.429167  0.000000  1.0
    0.480623   -0.427167  0.000000  1.0
    0.480623   -0.425167  0.000000  1.0
    0.480623   -0.423167  0.000000  1.0
    0.480623   -0.421167  0.000000  1.0
    0.480623   -0.419167  0.000000  1.0
    0.480623   -0.417167  0.000000  1.0
    0.480623   -0.415167  0.000000  1.0
    0.480623   -0.413167  0.000000  1.0
    0.480623   -0.411167  0.000000  1.0
    0.480623   -0.409167  0.000000  1.0
    0.480623   -0.407167  0.000000  1.0
    0.482623   -0.487167  0.000000  1.0
    0.482623   -0.485167  0.000000  1.0
    0.482623   -0.483167  0.000000  1.0
    0.482623   -0.481167  0.000000  1.0
    0.482623   -0.479167  0.000000  1.0
    0.482623   -0.477167  0.000000  1.0
    0.482623   -0.475167  0.000000  1.0
    0.482623   -0.473167  0.000000  1.0
    0.482623   -0.471167  0.000000  1.0
    0.482623   -0.469167  0.000000  1.0
    0.482623   -0.467167  0.000000  1.0
    0.482623   -0.465167  0.000000  1.0
    0.482623   -0.463167  0.000000  1.0
    0.482623   -0.461167  0.000000  1.0
    0.482623   -0.459167  0.000000  1.0
    0.482623   -0.457167  0.000000  1.0
    0.482623   -0.455167  0.000000  1.0
    0.482623   -0.453167  0.000000  1.0
    0.482623   -0.451167  0.000000  1.0
    0.482623   -0.449167  0.000000  1.0
    0.482623   -0.447167  0.000000  1.0
    0.482623   -0.445167  0.000000  1.0
    0.482623   -0.443167  0.000000  1.0
    0.482623   -0.441167  0.000000  1.0
    0.482623   -0.439167  0.000000  1.0
    0.482623   -0.437167  0.000000  1.0
    0.482623   -0.435167  0.000000  1.0
    0.482623   -0.433167  0.000000  1.0
    0.482623   -0.431167  0.000000  1.0
    0.482623   -0.429167  0.000000  1.0
    0.482623   -0.427167  0.000000  1.0
    0.482623   -0.425167  0.000000  1.0
    0.482623   -0.423167  0.000000  1.0
    0.482623   -0.421167  0.000000  1.0
    0.482623   -0.419167  0.000000  1.0
    0.482623   -0.417167  0.000000  1.0
    0.482623   -0.415167  0.000000  1.0
    0.482623   -0.413167  0.000000  1.0
    0.482623   -0.411167  0.000000  1.0
    0.482623   -0.409167  0.000000  1.0
    0.482623   -0.407167  0.000000  1.0
