&CONTROL
  calculation = 'bands'
  prefix = 'graphene15.0zoom'
  outdir = './tmp'
  pseudo_dir = './'
  verbosity = 'high'
/
&SYSTEM
  ibrav = 0
  nat = 2
  ntyp = 1
  ecutwfc = 40.0
  nosym = .true.
  noinv = .true.
  nbnd = 8
/
&ELECTRONS
/
ATOMIC_SPECIES
  C  12.011 C.upf
CELL_PARAMETERS {bohr}
  4.511432  0.000000  0.000000
  2.255716  4.607092  0.000000
  0.000000  0.000000  28.346456
ATOMIC_POSITIONS {crystal}
  C  -0.000822  0.001644  0.000000
  C  0.334155  0.331689  0.000000
K_POINTS {tpiba}
1681
    0.353443   -0.537645  0.000000  1.0
    0.353443   -0.535645  0.000000  1.0
    0.353443   -0.533645  0.000000  1.0
    0.353443   -0.531645  0.000000  1.0
    0.353443   -0.529645  0.000000  1.0
    0.353443   -0.527645  0.000000  1.0
    0.353443   -0.525645  0.000000  1.0
    0.353443   -0.523645  0.000000  1.0
    0.353443   -0.521645  0.000000  1.0
    0.353443   -0.519645  0.000000  1.0
    0.353443   -0.517645  0.000000  1.0
    0.353443   -0.515645  0.000000  1.0
    0.353443   -0.513645  0.000000  1.0
    0.353443   -0.511645  0.000000  1.0
    0.353443   -0.509645  0.000000  1.0
    0.353443   -0.507645  0.000000  1.0
    0.353443   -0.505645  0.000000  1.0
    0.353443   -0.503645  0.000000  1.0
    0.353443   -0.501645  0.000000  1.0
    0.353443   -0.499645  0.000000  1.0
    0.353443   -0.497645  0.000000  1.0
    0.353443   -0.495645  0.000000  1.0
    0.353443   -0.493645  0.000000  1.0
    0.353443   -0.491645  0.000000  1.0
    0.353443   -0.489645  0.000000  1.0
    0.353443   -0.487645  0.000000  1.0
    0.353443   -0.485645  0.000000  1.0
    0.353443   -0.483645  0.000000  1.0
    0.353443   -0.481645  0.000000  1.0
    0.353443   -0.479645  0.000000  1.0
    0.353443   -0.477645  0.000000  1.0
    0.353443   -0.475645  0.000000  1.0
    0.353443   -0.473645  0.000000  1.0
    0.353443   -0.471645  0.000000  1.0
    0.353443   -0.469645  0.000000  1.0
    0.353443   -0.467645  0.000000  1.0
    0.353443   -0.465645  0.000000  1.0
    0.353443   -0.463645  0.000000  1.0
    0.353443   -0.461645  0.000000  1.0
    0.353443   -0.459645  0.000000  1.0
    0.353443   -0.457645  0.000000  1.0
    0.355443   -0.537645  0.000000  1.0
    0.355443   -0.535645  0.000000  1.0
    0.355443   -0.533645  0.000000  1.0
    0.355443   -0.531645  0.000000  1.0
    0.355443   -0.529645  0.000000  1.0
    0.355443   -0.527645  0.000000  1.0
    0.355443   -0.525645  0.000000  1.0
    0.355443   -0.523645  0.000000  1.0
    0.355443   -0.521645  0.000000  1.0
    0.355443   -0.519645  0.000000  1.0
    0.355443   -0.517645  0.000000  1.0
    0.355443   -0.515645  0.000000  1.0
    0.355443   -0.513645  0.000000  1.0
    0.355443   -0.511645  0.000000  1.0
    0.355443   -0.509645  0.000000  1.0
    0.355443   -0.507645  0.000000  1.0
    0.355443   -0.505645  0.000000  1.0
    0.355443   -0.503645  0.000000  1.0
    0.355443   -0.501645  0.000000  1.0
    0.355443   -0.499645  0.000000  1.0
    0.355443   -0.497645  0.000000  1.0
    0.355443   -0.495645  0.000000  1.0
    0.355443   -0.493645  0.000000  1.0
    0.355443   -0.491645  0.000000  1.0
    0.355443   -0.489645  0.000000  1.0
    0.355443   -0.487645  0.000000  1.0
    0.355443   -0.485645  0.000000  1.0
    0.355443   -0.483645  0.000000  1.0
    0.355443   -0.481645  0.000000  1.0
    0.355443   -0.479645  0.000000  1.0
    0.355443   -0.477645  0.000000  1.0
    0.355443   -0.475645  0.000000  1.0
    0.355443   -0.473645  0.000000  1.0
    0.355443   -0.471645  0.000000  1.0
    0.355443   -0.469645  0.000000  1.0
    0.355443   -0.467645  0.000000  1.0
    0.355443   -0.465645  0.000000  1.0
    0.355443   -0.463645  0.000000  1.0
    0.355443   -0.461645  0.000000  1.0
    0.355443   -0.459645  0.000000  1.0
    0.355443   -0.457645  0.000000  1.0
    0.357443   -0.537645  0.000000  1.0
    0.357443   -0.535645  0.000000  1.0
    0.357443   -0.533645  0.000000  1.0
    0.357443   -0.531645  0.000000  1.0
    0.357443   -0.529645  0.000000  1.0
    0.357443   -0.527645  0.000000  1.0
    0.357443   -0.525645  0.000000  1.0
    0.357443   -0.523645  0.000000  1.0
    0.357443   -0.521645  0.000000  1.0
    0.357443   -0.519645  0.000000  1.0
    0.357443   -0.517645  0.000000  1.0
    0.357443   -0.515645  0.000000  1.0
    0.357443   -0.513645  0.000000  1.0
    0.357443   -0.511645  0.000000  1.0
    0.357443   -0.509645  0.000000  1.0
    0.357443   -0.507645  0.000000  1.0
    0.357443   -0.505645  0.000000  1.0
    0.357443   -0.503645  0.000000  1.0
    0.357443   -0.501645  0.000000  1.0
    0.357443   -0.499645  0.000000  1.0
    0.357443   -0.497645  0.000000  1.0
    0.357443   -0.495645  0.000000  1.0
    0.357443   -0.493645  0.000000  1.0
    0.357443   -0.491645  0.000000  1.0
    0.357443   -0.489645  0.000000  1.0
    0.357443   -0.487645  0.000000  1.0
    0.357443   -0.485645  0.000000  1.0
    0.357443   -0.483645  0.000000  1.0
    0.357443   -0.481645  0.000000  1.0
    0.357443   -0.479645  0.000000  1.0
    0.357443   -0.477645  0.000000  1.0
    0.357443   -0.475645  0.000000  1.0
    0.357443   -0.473645  0.000000  1.0
    0.357443   -0.471645  0.000000  1.0
    0.357443   -0.469645  0.000000  1.0
    0.357443   -0.467645  0.000000  1.0
    0.357443   -0.465645  0.000000  1.0
    0.357443   -0.463645  0.000000  1.0
    0.357443   -0.461645  0.000000  1.0
    0.357443   -0.459645  0.000000  1.0
    0.357443   -0.457645  0.000000  1.0
    0.359443   -0.537645  0.000000  1.0
    0.359443   -0.535645  0.000000  1.0
    0.359443   -0.533645  0.000000  1.0
    0.359443   -0.531645  0.000000  1.0
    0.359443   -0.529645  0.000000  1.0
    0.359443   -0.527645  0.000000  1.0
    0.359443   -0.525645  0.000000  1.0
    0.359443   -0.523645  0.000000  1.0
    0.359443   -0.521645  0.000000  1.0
    0.359443   -0.519645  0.000000  1.0
    0.359443   -0.517645  0.000000  1.0
    0.359443   -0.515645  0.000000  1.0
    0.359443   -0.513645  0.000000  1.0
    0.359443   -0.511645  0.000000  1.0
    0.359443   -0.509645  0.000000  1.0
    0.359443   -0.507645  0.000000  1.0
    0.359443   -0.505645  0.000000  1.0
    0.359443   -0.503645  0.000000  1.0
    0.359443   -0.501645  0.000000  1.0
    0.359443   -0.499645  0.000000  1.0
    0.359443   -0.497645  0.000000  1.0
    0.359443   -0.495645  0.000000  1.0
    0.359443   -0.493645  0.000000  1.0
    0.359443   -0.491645  0.000000  1.0
    0.359443   -0.489645  0.000000  1.0
    0.359443   -0.487645  0.000000  1.0
    0.359443   -0.485645  0.000000  1.0
    0.359443   -0.483645  0.000000  1.0
    0.359443   -0.481645  0.000000  1.0
    0.359443   -0.479645  0.000000  1.0
    0.359443   -0.477645  0.000000  1.0
    0.359443   -0.475645  0.000000  1.0
    0.359443   -0.473645  0.000000  1.0
    0.359443   -0.471645  0.000000  1.0
    0.359443   -0.469645  0.000000  1.0
    0.359443   -0.467645  0.000000  1.0
    0.359443   -0.465645  0.000000  1.0
    0.359443   -0.463645  0.000000  1.0
    0.359443   -0.461645  0.000000  1.0
    0.359443   -0.459645  0.000000  1.0
    0.359443   -0.457645  0.000000  1.0
    0.361443   -0.537645  0.000000  1.0
    0.361443   -0.535645  0.000000  1.0
    0.361443   -0.533645  0.000000  1.0
    0.361443   -0.531645  0.000000  1.0
    0.361443   -0.529645  0.000000  1.0
    0.361443   -0.527645  0.000000  1.0
    0.361443   -0.525645  0.000000  1.0
    0.361443   -0.523645  0.000000  1.0
    0.361443   -0.521645  0.000000  1.0
    0.361443   -0.519645  0.000000  1.0
    0.361443   -0.517645  0.000000  1.0
    0.361443   -0.515645  0.000000  1.0
    0.361443   -0.513645  0.000000  1.0
    0.361443   -0.511645  0.000000  1.0
    0.361443   -0.509645  0.000000  1.0
    0.361443   -0.507645  0.000000  1.0
    0.361443   -0.505645  0.000000  1.0
    0.361443   -0.503645  0.000000  1.0
    0.361443   -0.501645  0.000000  1.0
    0.361443   -0.499645  0.000000  1.0
    0.361443   -0.497645  0.000000  1.0
    0.361443   -0.495645  0.000000  1.0
    0.361443   -0.493645  0.000000  1.0
    0.361443   -0.491645  0.000000  1.0
    0.361443   -0.489645  0.000000  1.0
    0.361443   -0.487645  0.000000  1.0
    0.361443   -0.485645  0.000000  1.0
    0.361443   -0.483645  0.000000  1.0
    0.361443   -0.481645  0.000000  1.0
    0.361443   -0.479645  0.000000  1.0
    0.361443   -0.477645  0.000000  1.0
    0.361443   -0.475645  0.000000  1.0
    0.361443   -0.473645  0.000000  1.0
    0.361443   -0.471645  0.000000  1.0
    0.361443   -0.469645  0.000000  1.0
    0.361443   -0.467645  0.000000  1.0
    0.361443   -0.465645  0.000000  1.0
    0.361443   -0.463645  0.000000  1.0
    0.361443   -0.461645  0.000000  1.0
    0.361443   -0.459645  0.000000  1.0
    0.361443   -0.457645  0.000000  1.0
    0.363443   -0.537645  0.000000  1.0
    0.363443   -0.535645  0.000000  1.0
    0.363443   -0.533645  0.000000  1.0
    0.363443   -0.531645  0.000000  1.0
    0.363443   -0.529645  0.000000  1.0
    0.363443   -0.527645  0.000000  1.0
    0.363443   -0.525645  0.000000  1.0
    0.363443   -0.523645  0.000000  1.0
    0.363443   -0.521645  0.000000  1.0
    0.363443   -0.519645  0.000000  1.0
    0.363443   -0.517645  0.000000  1.0
    0.363443   -0.515645  0.000000  1.0
    0.363443   -0.513645  0.000000  1.0
    0.363443   -0.511645  0.000000  1.0
    0.363443   -0.509645  0.000000  1.0
    0.363443   -0.507645  0.000000  1.0
    0.363443   -0.505645  0.000000  1.0
    0.363443   -0.503645  0.000000  1.0
    0.363443   -0.501645  0.000000  1.0
    0.363443   -0.499645  0.000000  1.0
    0.363443   -0.497645  0.000000  1.0
    0.363443   -0.495645  0.000000  1.0
    0.363443   -0.493645  0.000000  1.0
    0.363443   -0.491645  0.000000  1.0
    0.363443   -0.489645  0.000000  1.0
    0.363443   -0.487645  0.000000  1.0
    0.363443   -0.485645  0.000000  1.0
    0.363443   -0.483645  0.000000  1.0
    0.363443   -0.481645  0.000000  1.0
    0.363443   -0.479645  0.000000  1.0
    0.363443   -0.477645  0.000000  1.0
    0.363443   -0.475645  0.000000  1.0
    0.363443   -0.473645  0.000000  1.0
    0.363443   -0.471645  0.000000  1.0
    0.363443   -0.469645  0.000000  1.0
    0.363443   -0.467645  0.000000  1.0
    0.363443   -0.465645  0.000000  1.0
    0.363443   -0.463645  0.000000  1.0
    0.363443   -0.461645  0.000000  1.0
    0.363443   -0.459645  0.000000  1.0
    0.363443   -0.457645  0.000000  1.0
    0.365443   -0.537645  0.000000  1.0
    0.365443   -0.535645  0.000000  1.0
    0.365443   -0.533645  0.000000  1.0
    0.365443   -0.531645  0.000000  1.0
    0.365443   -0.529645  0.000000  1.0
    0.365443   -0.527645  0.000000  1.0
    0.365443   -0.525645  0.000000  1.0
    0.365443   -0.523645  0.000000  1.0
    0.365443   -0.521645  0.000000  1.0
    0.365443   -0.519645  0.000000  1.0
    0.365443   -0.517645  0.000000  1.0
    0.365443   -0.515645  0.000000  1.0
    0.365443   -0.513645  0.000000  1.0
    0.365443   -0.511645  0.000000  1.0
    0.365443   -0.509645  0.000000  1.0
    0.365443   -0.507645  0.000000  1.0
    0.365443   -0.505645  0.000000  1.0
    0.365443   -0.503645  0.000000  1.0
    0.365443   -0.501645  0.000000  1.0
    0.365443   -0.499645  0.000000  1.0
    0.365443   -0.497645  0.000000  1.0
    0.365443   -0.495645  0.000000  1.0
    0.365443   -0.493645  0.000000  1.0
    0.365443   -0.491645  0.000000  1.0
    0.365443   -0.489645  0.000000  1.0
    0.365443   -0.487645  0.000000  1.0
    0.365443   -0.485645  0.000000  1.0
    0.365443   -0.483645  0.000000  1.0
    0.365443   -0.481645  0.000000  1.0
    0.365443   -0.479645  0.000000  1.0
    0.365443   -0.477645  0.000000  1.0
    0.365443   -0.475645  0.000000  1.0
    0.365443   -0.473645  0.000000  1.0
    0.365443   -0.471645  0.000000  1.0
    0.365443   -0.469645  0.000000  1.0
    0.365443   -0.467645  0.000000  1.0
    0.365443   -0.465645  0.000000  1.0
    0.365443   -0.463645  0.000000  1.0
    0.365443   -0.461645  0.000000  1.0
    0.365443   -0.459645  0.000000  1.0
    0.365443   -0.457645  0.000000  1.0
    0.367443   -0.537645  0.000000  1.0
    0.367443   -0.535645  0.000000  1.0
    0.367443   -0.533645  0.000000  1.0
    0.367443   -0.531645  0.000000  1.0
    0.367443   -0.529645  0.000000  1.0
    0.367443   -0.527645  0.000000  1.0
    0.367443   -0.525645  0.000000  1.0
    0.367443   -0.523645  0.000000  1.0
    0.367443   -0.521645  0.000000  1.0
    0.367443   -0.519645  0.000000  1.0
    0.367443   -0.517645  0.000000  1.0
    0.367443   -0.515645  0.000000  1.0
    0.367443   -0.513645  0.000000  1.0
    0.367443   -0.511645  0.000000  1.0
    0.367443   -0.509645  0.000000  1.0
    0.367443   -0.507645  0.000000  1.0
    0.367443   -0.505645  0.000000  1.0
    0.367443   -0.503645  0.000000  1.0
    0.367443   -0.501645  0.000000  1.0
    0.367443   -0.499645  0.000000  1.0
    0.367443   -0.497645  0.000000  1.0
    0.367443   -0.495645  0.000000  1.0
    0.367443   -0.493645  0.000000  1.0
    0.367443   -0.491645  0.000000  1.0
    0.367443   -0.489645  0.000000  1.0
    0.367443   -0.487645  0.000000  1.0
    0.367443   -0.485645  0.000000  1.0
    0.367443   -0.483645  0.000000  1.0
    0.367443   -0.481645  0.000000  1.0
    0.367443   -0.479645  0.000000  1.0
    0.367443   -0.477645  0.000000  1.0
    0.367443   -0.475645  0.000000  1.0
    0.367443   -0.473645  0.000000  1.0
    0.367443   -0.471645  0.000000  1.0
    0.367443   -0.469645  0.000000  1.0
    0.367443   -0.467645  0.000000  1.0
    0.367443   -0.465645  0.000000  1.0
    0.367443   -0.463645  0.000000  1.0
    0.367443   -0.461645  0.000000  1.0
    0.367443   -0.459645  0.000000  1.0
    0.367443   -0.457645  0.000000  1.0
    0.369443   -0.537645  0.000000  1.0
    0.369443   -0.535645  0.000000  1.0
    0.369443   -0.533645  0.000000  1.0
    0.369443   -0.531645  0.000000  1.0
    0.369443   -0.529645  0.000000  1.0
    0.369443   -0.527645  0.000000  1.0
    0.369443   -0.525645  0.000000  1.0
    0.369443   -0.523645  0.000000  1.0
    0.369443   -0.521645  0.000000  1.0
    0.369443   -0.519645  0.000000  1.0
    0.369443   -0.517645  0.000000  1.0
    0.369443   -0.515645  0.000000  1.0
    0.369443   -0.513645  0.000000  1.0
    0.369443   -0.511645  0.000000  1.0
    0.369443   -0.509645  0.000000  1.0
    0.369443   -0.507645  0.000000  1.0
    0.369443   -0.505645  0.000000  1.0
    0.369443   -0.503645  0.000000  1.0
    0.369443   -0.501645  0.000000  1.0
    0.369443   -0.499645  0.000000  1.0
    0.369443   -0.497645  0.000000  1.0
    0.369443   -0.495645  0.000000  1.0
    0.369443   -0.493645  0.000000  1.0
    0.369443   -0.491645  0.000000  1.0
    0.369443   -0.489645  0.000000  1.0
    0.369443   -0.487645  0.000000  1.0
    0.369443   -0.485645  0.000000  1.0
    0.369443   -0.483645  0.000000  1.0
    0.369443   -0.481645  0.000000  1.0
    0.369443   -0.479645  0.000000  1.0
    0.369443   -0.477645  0.000000  1.0
    0.369443   -0.475645  0.000000  1.0
    0.369443   -0.473645  0.000000  1.0
    0.369443   -0.471645  0.000000  1.0
    0.369443   -0.469645  0.000000  1.0
    0.369443   -0.467645  0.000000  1.0
    0.369443   -0.465645  0.000000  1.0
    0.369443   -0.463645  0.000000  1.0
    0.369443   -0.461645  0.000000  1.0
    0.369443   -0.459645  0.000000  1.0
    0.369443   -0.457645  0.000000  1.0
    0.371443   -0.537645  0.000000  1.0
    0.371443   -0.535645  0.000000  1.0
    0.371443   -0.533645  0.000000  1.0
    0.371443   -0.531645  0.000000  1.0
    0.371443   -0.529645  0.000000  1.0
    0.371443   -0.527645  0.000000  1.0
    0.371443   -0.525645  0.000000  1.0
    0.371443   -0.523645  0.000000  1.0
    0.371443   -0.521645  0.000000  1.0
    0.371443   -0.519645  0.000000  1.0
    0.371443   -0.517645  0.000000  1.0
    0.371443   -0.515645  0.000000  1.0
    0.371443   -0.513645  0.000000  1.0
    0.371443   -0.511645  0.000000  1.0
    0.371443   -0.509645  0.000000  1.0
    0.371443   -0.507645  0.000000  1.0
    0.371443   -0.505645  0.000000  1.0
    0.371443   -0.503645  0.000000  1.0
    0.371443   -0.501645  0.000000  1.0
    0.371443   -0.499645  0.000000  1.0
    0.371443   -0.497645  0.000000  1.0
    0.371443   -0.495645  0.000000  1.0
    0.371443   -0.493645  0.000000  1.0
    0.371443   -0.491645  0.000000  1.0
    0.371443   -0.489645  0.000000  1.0
    0.371443   -0.487645  0.000000  1.0
    0.371443   -0.485645  0.000000  1.0
    0.371443   -0.483645  0.000000  1.0
    0.371443   -0.481645  0.000000  1.0
    0.371443   -0.479645  0.000000  1.0
    0.371443   -0.477645  0.000000  1.0
    0.371443   -0.475645  0.000000  1.0
    0.371443   -0.473645  0.000000  1.0
    0.371443   -0.471645  0.000000  1.0
    0.371443   -0.469645  0.000000  1.0
    0.371443   -0.467645  0.000000  1.0
    0.371443   -0.465645  0.000000  1.0
    0.371443   -0.463645  0.000000  1.0
    0.371443   -0.461645  0.000000  1.0
    0.371443   -0.459645  0.000000  1.0
    0.371443   -0.457645  0.000000  1.0
    0.373443   -0.537645  0.000000  1.0
    0.373443   -0.535645  0.000000  1.0
    0.373443   -0.533645  0.000000  1.0
    0.373443   -0.531645  0.000000  1.0
    0.373443   -0.529645  0.000000  1.0
    0.373443   -0.527645  0.000000  1.0
    0.373443   -0.525645  0.000000  1.0
    0.373443   -0.523645  0.000000  1.0
    0.373443   -0.521645  0.000000  1.0
    0.373443   -0.519645  0.000000  1.0
    0.373443   -0.517645  0.000000  1.0
    0.373443   -0.515645  0.000000  1.0
    0.373443   -0.513645  0.000000  1.0
    0.373443   -0.511645  0.000000  1.0
    0.373443   -0.509645  0.000000  1.0
    0.373443   -0.507645  0.000000  1.0
    0.373443   -0.505645  0.000000  1.0
    0.373443   -0.503645  0.000000  1.0
    0.373443   -0.501645  0.000000  1.0
    0.373443   -0.499645  0.000000  1.0
    0.373443   -0.497645  0.000000  1.0
    0.373443   -0.495645  0.000000  1.0
    0.373443   -0.493645  0.000000  1.0
    0.373443   -0.491645  0.000000  1.0
    0.373443   -0.489645  0.000000  1.0
    0.373443   -0.487645  0.000000  1.0
    0.373443   -0.485645  0.000000  1.0
    0.373443   -0.483645  0.000000  1.0
    0.373443   -0.481645  0.000000  1.0
    0.373443   -0.479645  0.000000  1.0
    0.373443   -0.477645  0.000000  1.0
    0.373443   -0.475645  0.000000  1.0
    0.373443   -0.473645  0.000000  1.0
    0.373443   -0.471645  0.000000  1.0
    0.373443   -0.469645  0.000000  1.0
    0.373443   -0.467645  0.000000  1.0
    0.373443   -0.465645  0.000000  1.0
    0.373443   -0.463645  0.000000  1.0
    0.373443   -0.461645  0.000000  1.0
    0.373443   -0.459645  0.000000  1.0
    0.373443   -0.457645  0.000000  1.0
    0.375443   -0.537645  0.000000  1.0
    0.375443   -0.535645  0.000000  1.0
    0.375443   -0.533645  0.000000  1.0
    0.375443   -0.531645  0.000000  1.0
    0.375443   -0.529645  0.000000  1.0
    0.375443   -0.527645  0.000000  1.0
    0.375443   -0.525645  0.000000  1.0
    0.375443   -0.523645  0.000000  1.0
    0.375443   -0.521645  0.000000  1.0
    0.375443   -0.519645  0.000000  1.0
    0.375443   -0.517645  0.000000  1.0
    0.375443   -0.515645  0.000000  1.0
    0.375443   -0.513645  0.000000  1.0
    0.375443   -0.511645  0.000000  1.0
    0.375443   -0.509645  0.000000  1.0
    0.375443   -0.507645  0.000000  1.0
    0.375443   -0.505645  0.000000  1.0
    0.375443   -0.503645  0.000000  1.0
    0.375443   -0.501645  0.000000  1.0
    0.375443   -0.499645  0.000000  1.0
    0.375443   -0.497645  0.000000  1.0
    0.375443   -0.495645  0.000000  1.0
    0.375443   -0.493645  0.000000  1.0
    0.375443   -0.491645  0.000000  1.0
    0.375443   -0.489645  0.000000  1.0
    0.375443   -0.487645  0.000000  1.0
    0.375443   -0.485645  0.000000  1.0
    0.375443   -0.483645  0.000000  1.0
    0.375443   -0.481645  0.000000  1.0
    0.375443   -0.479645  0.000000  1.0
    0.375443   -0.477645  0.000000  1.0
    0.375443   -0.475645  0.000000  1.0
    0.375443   -0.473645  0.000000  1.0
    0.375443   -0.471645  0.000000  1.0
    0.375443   -0.469645  0.000000  1.0
    0.375443   -0.467645  0.000000  1.0
    0.375443   -0.465645  0.000000  1.0
    0.375443   -0.463645  0.000000  1.0
    0.375443   -0.461645  0.000000  1.0
    0.375443   -0.459645  0.000000  1.0
    0.375443   -0.457645  0.000000  1.0
    0.377443   -0.537645  0.000000  1.0
    0.377443   -0.535645  0.000000  1.0
    0.377443   -0.533645  0.000000  1.0
    0.377443   -0.531645  0.000000  1.0
    0.377443   -0.529645  0.000000  1.0
    0.377443   -0.527645  0.000000  1.0
    0.377443   -0.525645  0.000000  1.0
    0.377443   -0.523645  0.000000  1.0
    0.377443   -0.521645  0.000000  1.0
    0.377443   -0.519645  0.000000  1.0
    0.377443   -0.517645  0.000000  1.0
    0.377443   -0.515645  0.000000  1.0
    0.377443   -0.513645  0.000000  1.0
    0.377443   -0.511645  0.000000  1.0
    0.377443   -0.509645  0.000000  1.0
    0.377443   -0.507645  0.000000  1.0
    0.377443   -0.505645  0.000000  1.0
    0.377443   -0.503645  0.000000  1.0
    0.377443   -0.501645  0.000000  1.0
    0.377443   -0.499645  0.000000  1.0
    0.377443   -0.497645  0.000000  1.0
    0.377443   -0.495645  0.000000  1.0
    0.377443   -0.493645  0.000000  1.0
    0.377443   -0.491645  0.000000  1.0
    0.377443   -0.489645  0.000000  1.0
    0.377443   -0.487645  0.000000  1.0
    0.377443   -0.485645  0.000000  1.0
    0.377443   -0.483645  0.000000  1.0
    0.377443   -0.481645  0.000000  1.0
    0.377443   -0.479645  0.000000  1.0
    0.377443   -0.477645  0.000000  1.0
    0.377443   -0.475645  0.000000  1.0
    0.377443   -0.473645  0.000000  1.0
    0.377443   -0.471645  0.000000  1.0
    0.377443   -0.469645  0.000000  1.0
    0.377443   -0.467645  0.000000  1.0
    0.377443   -0.465645  0.000000  1.0
    0.377443   -0.463645  0.000000  1.0
    0.377443   -0.461645  0.000000  1.0
    0.377443   -0.459645  0.000000  1.0
    0.377443   -0.457645  0.000000  1.0
    0.379443   -0.537645  0.000000  1.0
    0.379443   -0.535645  0.000000  1.0
    0.379443   -0.533645  0.000000  1.0
    0.379443   -0.531645  0.000000  1.0
    0.379443   -0.529645  0.000000  1.0
    0.379443   -0.527645  0.000000  1.0
    0.379443   -0.525645  0.000000  1.0
    0.379443   -0.523645  0.000000  1.0
    0.379443   -0.521645  0.000000  1.0
    0.379443   -0.519645  0.000000  1.0
    0.379443   -0.517645  0.000000  1.0
    0.379443   -0.515645  0.000000  1.0
    0.379443   -0.513645  0.000000  1.0
    0.379443   -0.511645  0.000000  1.0
    0.379443   -0.509645  0.000000  1.0
    0.379443   -0.507645  0.000000  1.0
    0.379443   -0.505645  0.000000  1.0
    0.379443   -0.503645  0.000000  1.0
    0.379443   -0.501645  0.000000  1.0
    0.379443   -0.499645  0.000000  1.0
    0.379443   -0.497645  0.000000  1.0
    0.379443   -0.495645  0.000000  1.0
    0.379443   -0.493645  0.000000  1.0
    0.379443   -0.491645  0.000000  1.0
    0.379443   -0.489645  0.000000  1.0
    0.379443   -0.487645  0.000000  1.0
    0.379443   -0.485645  0.000000  1.0
    0.379443   -0.483645  0.000000  1.0
    0.379443   -0.481645  0.000000  1.0
    0.379443   -0.479645  0.000000  1.0
    0.379443   -0.477645  0.000000  1.0
    0.379443   -0.475645  0.000000  1.0
    0.379443   -0.473645  0.000000  1.0
    0.379443   -0.471645  0.000000  1.0
    0.379443   -0.469645  0.000000  1.0
    0.379443   -0.467645  0.000000  1.0
    0.379443   -0.465645  0.000000  1.0
    0.379443   -0.463645  0.000000  1.0
    0.379443   -0.461645  0.000000  1.0
    0.379443   -0.459645  0.000000  1.0
    0.379443   -0.457645  0.000000  1.0
    0.381443   -0.537645  0.000000  1.0
    0.381443   -0.535645  0.000000  1.0
    0.381443   -0.533645  0.000000  1.0
    0.381443   -0.531645  0.000000  1.0
    0.381443   -0.529645  0.000000  1.0
    0.381443   -0.527645  0.000000  1.0
    0.381443   -0.525645  0.000000  1.0
    0.381443   -0.523645  0.000000  1.0
    0.381443   -0.521645  0.000000  1.0
    0.381443   -0.519645  0.000000  1.0
    0.381443   -0.517645  0.000000  1.0
    0.381443   -0.515645  0.000000  1.0
    0.381443   -0.513645  0.000000  1.0
    0.381443   -0.511645  0.000000  1.0
    0.381443   -0.509645  0.000000  1.0
    0.381443   -0.507645  0.000000  1.0
    0.381443   -0.505645  0.000000  1.0
    0.381443   -0.503645  0.000000  1.0
    0.381443   -0.501645  0.000000  1.0
    0.381443   -0.499645  0.000000  1.0
    0.381443   -0.497645  0.000000  1.0
    0.381443   -0.495645  0.000000  1.0
    0.381443   -0.493645  0.000000  1.0
    0.381443   -0.491645  0.000000  1.0
    0.381443   -0.489645  0.000000  1.0
    0.381443   -0.487645  0.000000  1.0
    0.381443   -0.485645  0.000000  1.0
    0.381443   -0.483645  0.000000  1.0
    0.381443   -0.481645  0.000000  1.0
    0.381443   -0.479645  0.000000  1.0
    0.381443   -0.477645  0.000000  1.0
    0.381443   -0.475645  0.000000  1.0
    0.381443   -0.473645  0.000000  1.0
    0.381443   -0.471645  0.000000  1.0
    0.381443   -0.469645  0.000000  1.0
    0.381443   -0.467645  0.000000  1.0
    0.381443   -0.465645  0.000000  1.0
    0.381443   -0.463645  0.000000  1.0
    0.381443   -0.461645  0.000000  1.0
    0.381443   -0.459645  0.000000  1.0
    0.381443   -0.457645  0.000000  1.0
    0.383443   -0.537645  0.000000  1.0
    0.383443   -0.535645  0.000000  1.0
    0.383443   -0.533645  0.000000  1.0
    0.383443   -0.531645  0.000000  1.0
    0.383443   -0.529645  0.000000  1.0
    0.383443   -0.527645  0.000000  1.0
    0.383443   -0.525645  0.000000  1.0
    0.383443   -0.523645  0.000000  1.0
    0.383443   -0.521645  0.000000  1.0
    0.383443   -0.519645  0.000000  1.0
    0.383443   -0.517645  0.000000  1.0
    0.383443   -0.515645  0.000000  1.0
    0.383443   -0.513645  0.000000  1.0
    0.383443   -0.511645  0.000000  1.0
    0.383443   -0.509645  0.000000  1.0
    0.383443   -0.507645  0.000000  1.0
    0.383443   -0.505645  0.000000  1.0
    0.383443   -0.503645  0.000000  1.0
    0.383443   -0.501645  0.000000  1.0
    0.383443   -0.499645  0.000000  1.0
    0.383443   -0.497645  0.000000  1.0
    0.383443   -0.495645  0.000000  1.0
    0.383443   -0.493645  0.000000  1.0
    0.383443   -0.491645  0.000000  1.0
    0.383443   -0.489645  0.000000  1.0
    0.383443   -0.487645  0.000000  1.0
    0.383443   -0.485645  0.000000  1.0
    0.383443   -0.483645  0.000000  1.0
    0.383443   -0.481645  0.000000  1.0
    0.383443   -0.479645  0.000000  1.0
    0.383443   -0.477645  0.000000  1.0
    0.383443   -0.475645  0.000000  1.0
    0.383443   -0.473645  0.000000  1.0
    0.383443   -0.471645  0.000000  1.0
    0.383443   -0.469645  0.000000  1.0
    0.383443   -0.467645  0.000000  1.0
    0.383443   -0.465645  0.000000  1.0
    0.383443   -0.463645  0.000000  1.0
    0.383443   -0.461645  0.000000  1.0
    0.383443   -0.459645  0.000000  1.0
    0.383443   -0.457645  0.000000  1.0
    0.385443   -0.537645  0.000000  1.0
    0.385443   -0.535645  0.000000  1.0
    0.385443   -0.533645  0.000000  1.0
    0.385443   -0.531645  0.000000  1.0
    0.385443   -0.529645  0.000000  1.0
    0.385443   -0.527645  0.000000  1.0
    0.385443   -0.525645  0.000000  1.0
    0.385443   -0.523645  0.000000  1.0
    0.385443   -0.521645  0.000000  1.0
    0.385443   -0.519645  0.000000  1.0
    0.385443   -0.517645  0.000000  1.0
    0.385443   -0.515645  0.000000  1.0
    0.385443   -0.513645  0.000000  1.0
    0.385443   -0.511645  0.000000  1.0
    0.385443   -0.509645  0.000000  1.0
    0.385443   -0.507645  0.000000  1.0
    0.385443   -0.505645  0.000000  1.0
    0.385443   -0.503645  0.000000  1.0
    0.385443   -0.501645  0.000000  1.0
    0.385443   -0.499645  0.000000  1.0
    0.385443   -0.497645  0.000000  1.0
    0.385443   -0.495645  0.000000  1.0
    0.385443   -0.493645  0.000000  1.0
    0.385443   -0.491645  0.000000  1.0
    0.385443   -0.489645  0.000000  1.0
    0.385443   -0.487645  0.000000  1.0
    0.385443   -0.485645  0.000000  1.0
    0.385443   -0.483645  0.000000  1.0
    0.385443   -0.481645  0.000000  1.0
    0.385443   -0.479645  0.000000  1.0
    0.385443   -0.477645  0.000000  1.0
    0.385443   -0.475645  0.000000  1.0
    0.385443   -0.473645  0.000000  1.0
    0.385443   -0.471645  0.000000  1.0
    0.385443   -0.469645  0.000000  1.0
    0.385443   -0.467645  0.000000  1.0
    0.385443   -0.465645  0.000000  1.0
    0.385443   -0.463645  0.000000  1.0
    0.385443   -0.461645  0.000000  1.0
    0.385443   -0.459645  0.000000  1.0
    0.385443   -0.457645  0.000000  1.0
    0.387443   -0.537645  0.000000  1.0
    0.387443   -0.535645  0.000000  1.0
    0.387443   -0.533645  0.000000  1.0
    0.387443   -0.531645  0.000000  1.0
    0.387443   -0.529645  0.000000  1.0
    0.387443   -0.527645  0.000000  1.0
    0.387443   -0.525645  0.000000  1.0
    0.387443   -0.523645  0.000000  1.0
    0.387443   -0.521645  0.000000  1.0
    0.387443   -0.519645  0.000000  1.0
    0.387443   -0.517645  0.000000  1.0
    0.387443   -0.515645  0.000000  1.0
    0.387443   -0.513645  0.000000  1.0
    0.387443   -0.511645  0.000000  1.0
    0.387443   -0.509645  0.000000  1.0
    0.387443   -0.507645  0.000000  1.0
    0.387443   -0.505645  0.000000  1.0
    0.387443   -0.503645  0.000000  1.0
    0.387443   -0.501645  0.000000  1.0
    0.387443   -0.499645  0.000000  1.0
    0.387443   -0.497645  0.000000  1.0
    0.387443   -0.495645  0.000000  1.0
    0.387443   -0.493645  0.000000  1.0
    0.387443   -0.491645  0.000000  1.0
    0.387443   -0.489645  0.000000  1.0
    0.387443   -0.487645  0.000000  1.0
    0.387443   -0.485645  0.000000  1.0
    0.387443   -0.483645  0.000000  1.0
    0.387443   -0.481645  0.000000  1.0
    0.387443   -0.479645  0.000000  1.0
    0.387443   -0.477645  0.000000  1.0
    0.387443   -0.475645  0.000000  1.0
    0.387443   -0.473645  0.000000  1.0
    0.387443   -0.471645  0.000000  1.0
    0.387443   -0.469645  0.000000  1.0
    0.387443   -0.467645  0.000000  1.0
    0.387443   -0.465645  0.000000  1.0
    0.387443   -0.463645  0.000000  1.0
    0.387443   -0.461645  0.000000  1.0
    0.387443   -0.459645  0.000000  1.0
    0.387443   -0.457645  0.000000  1.0
    0.389443   -0.537645  0.000000  1.0
    0.389443   -0.535645  0.000000  1.0
    0.389443   -0.533645  0.000000  1.0
    0.389443   -0.531645  0.000000  1.0
    0.389443   -0.529645  0.000000  1.0
    0.389443   -0.527645  0.000000  1.0
    0.389443   -0.525645  0.000000  1.0
    0.389443   -0.523645  0.000000  1.0
    0.389443   -0.521645  0.000000  1.0
    0.389443   -0.519645  0.000000  1.0
    0.389443   -0.517645  0.000000  1.0
    0.389443   -0.515645  0.000000  1.0
    0.389443   -0.513645  0.000000  1.0
    0.389443   -0.511645  0.000000  1.0
    0.389443   -0.509645  0.000000  1.0
    0.389443   -0.507645  0.000000  1.0
    0.389443   -0.505645  0.000000  1.0
    0.389443   -0.503645  0.000000  1.0
    0.389443   -0.501645  0.000000  1.0
    0.389443   -0.499645  0.000000  1.0
    0.389443   -0.497645  0.000000  1.0
    0.389443   -0.495645  0.000000  1.0
    0.389443   -0.493645  0.000000  1.0
    0.389443   -0.491645  0.000000  1.0
    0.389443   -0.489645  0.000000  1.0
    0.389443   -0.487645  0.000000  1.0
    0.389443   -0.485645  0.000000  1.0
    0.389443   -0.483645  0.000000  1.0
    0.389443   -0.481645  0.000000  1.0
    0.389443   -0.479645  0.000000  1.0
    0.389443   -0.477645  0.000000  1.0
    0.389443   -0.475645  0.000000  1.0
    0.389443   -0.473645  0.000000  1.0
    0.389443   -0.471645  0.000000  1.0
    0.389443   -0.469645  0.000000  1.0
    0.389443   -0.467645  0.000000  1.0
    0.389443   -0.465645  0.000000  1.0
    0.389443   -0.463645  0.000000  1.0
    0.389443   -0.461645  0.000000  1.0
    0.389443   -0.459645  0.000000  1.0
    0.389443   -0.457645  0.000000  1.0
    0.391443   -0.537645  0.000000  1.0
    0.391443   -0.535645  0.000000  1.0
    0.391443   -0.533645  0.000000  1.0
    0.391443   -0.531645  0.000000  1.0
    0.391443   -0.529645  0.000000  1.0
    0.391443   -0.527645  0.000000  1.0
    0.391443   -0.525645  0.000000  1.0
    0.391443   -0.523645  0.000000  1.0
    0.391443   -0.521645  0.000000  1.0
    0.391443   -0.519645  0.000000  1.0
    0.391443   -0.517645  0.000000  1.0
    0.391443   -0.515645  0.000000  1.0
    0.391443   -0.513645  0.000000  1.0
    0.391443   -0.511645  0.000000  1.0
    0.391443   -0.509645  0.000000  1.0
    0.391443   -0.507645  0.000000  1.0
    0.391443   -0.505645  0.000000  1.0
    0.391443   -0.503645  0.000000  1.0
    0.391443   -0.501645  0.000000  1.0
    0.391443   -0.499645  0.000000  1.0
    0.391443   -0.497645  0.000000  1.0
    0.391443   -0.495645  0.000000  1.0
    0.391443   -0.493645  0.000000  1.0
    0.391443   -0.491645  0.000000  1.0
    0.391443   -0.489645  0.000000  1.0
    0.391443   -0.487645  0.000000  1.0
    0.391443   -0.485645  0.000000  1.0
    0.391443   -0.483645  0.000000  1.0
    0.391443   -0.481645  0.000000  1.0
    0.391443   -0.479645  0.000000  1.0
    0.391443   -0.477645  0.000000  1.0
    0.391443   -0.475645  0.000000  1.0
    0.391443   -0.473645  0.000000  1.0
    0.391443   -0.471645  0.000000  1.0
    0.391443   -0.469645  0.000000  1.0
    0.391443   -0.467645  0.000000  1.0
    0.391443   -0.465645  0.000000  1.0
    0.391443   -0.463645  0.000000  1.0
    0.391443   -0.461645  0.000000  1.0
    0.391443   -0.459645  0.000000  1.0
    0.391443   -0.457645  0.000000  1.0
    0.393443   -0.537645  0.000000  1.0
    0.393443   -0.535645  0.000000  1.0
    0.393443   -0.533645  0.000000  1.0
    0.393443   -0.531645  0.000000  1.0
    0.393443   -0.529645  0.000000  1.0
    0.393443   -0.527645  0.000000  1.0
    0.393443   -0.525645  0.000000  1.0
    0.393443   -0.523645  0.000000  1.0
    0.393443   -0.521645  0.000000  1.0
    0.393443   -0.519645  0.000000  1.0
    0.393443   -0.517645  0.000000  1.0
    0.393443   -0.515645  0.000000  1.0
    0.393443   -0.513645  0.000000  1.0
    0.393443   -0.511645  0.000000  1.0
    0.393443   -0.509645  0.000000  1.0
    0.393443   -0.507645  0.000000  1.0
    0.393443   -0.505645  0.000000  1.0
    0.393443   -0.503645  0.000000  1.0
    0.393443   -0.501645  0.000000  1.0
    0.393443   -0.499645  0.000000  1.0
    0.393443   -0.497645  0.000000  1.0
    0.393443   -0.495645  0.000000  1.0
    0.393443   -0.493645  0.000000  1.0
    0.393443   -0.491645  0.000000  1.0
    0.393443   -0.489645  0.000000  1.0
    0.393443   -0.487645  0.000000  1.0
    0.393443   -0.485645  0.000000  1.0
    0.393443   -0.483645  0.000000  1.0
    0.393443   -0.481645  0.000000  1.0
    0.393443   -0.479645  0.000000  1.0
    0.393443   -0.477645  0.000000  1.0
    0.393443   -0.475645  0.000000  1.0
    0.393443   -0.473645  0.000000  1.0
    0.393443   -0.471645  0.000000  1.0
    0.393443   -0.469645  0.000000  1.0
    0.393443   -0.467645  0.000000  1.0
    0.393443   -0.465645  0.000000  1.0
    0.393443   -0.463645  0.000000  1.0
    0.393443   -0.461645  0.000000  1.0
    0.393443   -0.459645  0.000000  1.0
    0.393443   -0.457645  0.000000  1.0
    0.395443   -0.537645  0.000000  1.0
    0.395443   -0.535645  0.000000  1.0
    0.395443   -0.533645  0.000000  1.0
    0.395443   -0.531645  0.000000  1.0
    0.395443   -0.529645  0.000000  1.0
    0.395443   -0.527645  0.000000  1.0
    0.395443   -0.525645  0.000000  1.0
    0.395443   -0.523645  0.000000  1.0
    0.395443   -0.521645  0.000000  1.0
    0.395443   -0.519645  0.000000  1.0
    0.395443   -0.517645  0.000000  1.0
    0.395443   -0.515645  0.000000  1.0
    0.395443   -0.513645  0.000000  1.0
    0.395443   -0.511645  0.000000  1.0
    0.395443   -0.509645  0.000000  1.0
    0.395443   -0.507645  0.000000  1.0
    0.395443   -0.505645  0.000000  1.0
    0.395443   -0.503645  0.000000  1.0
    0.395443   -0.501645  0.000000  1.0
    0.395443   -0.499645  0.000000  1.0
    0.395443   -0.497645  0.000000  1.0
    0.395443   -0.495645  0.000000  1.0
    0.395443   -0.493645  0.000000  1.0
    0.395443   -0.491645  0.000000  1.0
    0.395443   -0.489645  0.000000  1.0
    0.395443   -0.487645  0.000000  1.0
    0.395443   -0.485645  0.000000  1.0
    0.395443   -0.483645  0.000000  1.0
    0.395443   -0.481645  0.000000  1.0
    0.395443   -0.479645  0.000000  1.0
    0.395443   -0.477645  0.000000  1.0
    0.395443   -0.475645  0.000000  1.0
    0.395443   -0.473645  0.000000  1.0
    0.395443   -0.471645  0.000000  1.0
    0.395443   -0.469645  0.000000  1.0
    0.395443   -0.467645  0.000000  1.0
    0.395443   -0.465645  0.000000  1.0
    0.395443   -0.463645  0.000000  1.0
    0.395443   -0.461645  0.000000  1.0
    0.395443   -0.459645  0.000000  1.0
    0.395443   -0.457645  0.000000  1.0
    0.397443   -0.537645  0.000000  1.0
    0.397443   -0.535645  0.000000  1.0
    0.397443   -0.533645  0.000000  1.0
    0.397443   -0.531645  0.000000  1.0
    0.397443   -0.529645  0.000000  1.0
    0.397443   -0.527645  0.000000  1.0
    0.397443   -0.525645  0.000000  1.0
    0.397443   -0.523645  0.000000  1.0
    0.397443   -0.521645  0.000000  1.0
    0.397443   -0.519645  0.000000  1.0
    0.397443   -0.517645  0.000000  1.0
    0.397443   -0.515645  0.000000  1.0
    0.397443   -0.513645  0.000000  1.0
    0.397443   -0.511645  0.000000  1.0
    0.397443   -0.509645  0.000000  1.0
    0.397443   -0.507645  0.000000  1.0
    0.397443   -0.505645  0.000000  1.0
    0.397443   -0.503645  0.000000  1.0
    0.397443   -0.501645  0.000000  1.0
    0.397443   -0.499645  0.000000  1.0
    0.397443   -0.497645  0.000000  1.0
    0.397443   -0.495645  0.000000  1.0
    0.397443   -0.493645  0.000000  1.0
    0.397443   -0.491645  0.000000  1.0
    0.397443   -0.489645  0.000000  1.0
    0.397443   -0.487645  0.000000  1.0
    0.397443   -0.485645  0.000000  1.0
    0.397443   -0.483645  0.000000  1.0
    0.397443   -0.481645  0.000000  1.0
    0.397443   -0.479645  0.000000  1.0
    0.397443   -0.477645  0.000000  1.0
    0.397443   -0.475645  0.000000  1.0
    0.397443   -0.473645  0.000000  1.0
    0.397443   -0.471645  0.000000  1.0
    0.397443   -0.469645  0.000000  1.0
    0.397443   -0.467645  0.000000  1.0
    0.397443   -0.465645  0.000000  1.0
    0.397443   -0.463645  0.000000  1.0
    0.397443   -0.461645  0.000000  1.0
    0.397443   -0.459645  0.000000  1.0
    0.397443   -0.457645  0.000000  1.0
    0.399443   -0.537645  0.000000  1.0
    0.399443   -0.535645  0.000000  1.0
    0.399443   -0.533645  0.000000  1.0
    0.399443   -0.531645  0.000000  1.0
    0.399443   -0.529645  0.000000  1.0
    0.399443   -0.527645  0.000000  1.0
    0.399443   -0.525645  0.000000  1.0
    0.399443   -0.523645  0.000000  1.0
    0.399443   -0.521645  0.000000  1.0
    0.399443   -0.519645  0.000000  1.0
    0.399443   -0.517645  0.000000  1.0
    0.399443   -0.515645  0.000000  1.0
    0.399443   -0.513645  0.000000  1.0
    0.399443   -0.511645  0.000000  1.0
    0.399443   -0.509645  0.000000  1.0
    0.399443   -0.507645  0.000000  1.0
    0.399443   -0.505645  0.000000  1.0
    0.399443   -0.503645  0.000000  1.0
    0.399443   -0.501645  0.000000  1.0
    0.399443   -0.499645  0.000000  1.0
    0.399443   -0.497645  0.000000  1.0
    0.399443   -0.495645  0.000000  1.0
    0.399443   -0.493645  0.000000  1.0
    0.399443   -0.491645  0.000000  1.0
    0.399443   -0.489645  0.000000  1.0
    0.399443   -0.487645  0.000000  1.0
    0.399443   -0.485645  0.000000  1.0
    0.399443   -0.483645  0.000000  1.0
    0.399443   -0.481645  0.000000  1.0
    0.399443   -0.479645  0.000000  1.0
    0.399443   -0.477645  0.000000  1.0
    0.399443   -0.475645  0.000000  1.0
    0.399443   -0.473645  0.000000  1.0
    0.399443   -0.471645  0.000000  1.0
    0.399443   -0.469645  0.000000  1.0
    0.399443   -0.467645  0.000000  1.0
    0.399443   -0.465645  0.000000  1.0
    0.399443   -0.463645  0.000000  1.0
    0.399443   -0.461645  0.000000  1.0
    0.399443   -0.459645  0.000000  1.0
    0.399443   -0.457645  0.000000  1.0
    0.401443   -0.537645  0.000000  1.0
    0.401443   -0.535645  0.000000  1.0
    0.401443   -0.533645  0.000000  1.0
    0.401443   -0.531645  0.000000  1.0
    0.401443   -0.529645  0.000000  1.0
    0.401443   -0.527645  0.000000  1.0
    0.401443   -0.525645  0.000000  1.0
    0.401443   -0.523645  0.000000  1.0
    0.401443   -0.521645  0.000000  1.0
    0.401443   -0.519645  0.000000  1.0
    0.401443   -0.517645  0.000000  1.0
    0.401443   -0.515645  0.000000  1.0
    0.401443   -0.513645  0.000000  1.0
    0.401443   -0.511645  0.000000  1.0
    0.401443   -0.509645  0.000000  1.0
    0.401443   -0.507645  0.000000  1.0
    0.401443   -0.505645  0.000000  1.0
    0.401443   -0.503645  0.000000  1.0
    0.401443   -0.501645  0.000000  1.0
    0.401443   -0.499645  0.000000  1.0
    0.401443   -0.497645  0.000000  1.0
    0.401443   -0.495645  0.000000  1.0
    0.401443   -0.493645  0.000000  1.0
    0.401443   -0.491645  0.000000  1.0
    0.401443   -0.489645  0.000000  1.0
    0.401443   -0.487645  0.000000  1.0
    0.401443   -0.485645  0.000000  1.0
    0.401443   -0.483645  0.000000  1.0
    0.401443   -0.481645  0.000000  1.0
    0.401443   -0.479645  0.000000  1.0
    0.401443   -0.477645  0.000000  1.0
    0.401443   -0.475645  0.000000  1.0
    0.401443   -0.473645  0.000000  1.0
    0.401443   -0.471645  0.000000  1.0
    0.401443   -0.469645  0.000000  1.0
    0.401443   -0.467645  0.000000  1.0
    0.401443   -0.465645  0.000000  1.0
    0.401443   -0.463645  0.000000  1.0
    0.401443   -0.461645  0.000000  1.0
    0.401443   -0.459645  0.000000  1.0
    0.401443   -0.457645  0.000000  1.0
    0.403443   -0.537645  0.000000  1.0
    0.403443   -0.535645  0.000000  1.0
    0.403443   -0.533645  0.000000  1.0
    0.403443   -0.531645  0.000000  1.0
    0.403443   -0.529645  0.000000  1.0
    0.403443   -0.527645  0.000000  1.0
    0.403443   -0.525645  0.000000  1.0
    0.403443   -0.523645  0.000000  1.0
    0.403443   -0.521645  0.000000  1.0
    0.403443   -0.519645  0.000000  1.0
    0.403443   -0.517645  0.000000  1.0
    0.403443   -0.515645  0.000000  1.0
    0.403443   -0.513645  0.000000  1.0
    0.403443   -0.511645  0.000000  1.0
    0.403443   -0.509645  0.000000  1.0
    0.403443   -0.507645  0.000000  1.0
    0.403443   -0.505645  0.000000  1.0
    0.403443   -0.503645  0.000000  1.0
    0.403443   -0.501645  0.000000  1.0
    0.403443   -0.499645  0.000000  1.0
    0.403443   -0.497645  0.000000  1.0
    0.403443   -0.495645  0.000000  1.0
    0.403443   -0.493645  0.000000  1.0
    0.403443   -0.491645  0.000000  1.0
    0.403443   -0.489645  0.000000  1.0
    0.403443   -0.487645  0.000000  1.0
    0.403443   -0.485645  0.000000  1.0
    0.403443   -0.483645  0.000000  1.0
    0.403443   -0.481645  0.000000  1.0
    0.403443   -0.479645  0.000000  1.0
    0.403443   -0.477645  0.000000  1.0
    0.403443   -0.475645  0.000000  1.0
    0.403443   -0.473645  0.000000  1.0
    0.403443   -0.471645  0.000000  1.0
    0.403443   -0.469645  0.000000  1.0
    0.403443   -0.467645  0.000000  1.0
    0.403443   -0.465645  0.000000  1.0
    0.403443   -0.463645  0.000000  1.0
    0.403443   -0.461645  0.000000  1.0
    0.403443   -0.459645  0.000000  1.0
    0.403443   -0.457645  0.000000  1.0
    0.405443   -0.537645  0.000000  1.0
    0.405443   -0.535645  0.000000  1.0
    0.405443   -0.533645  0.000000  1.0
    0.405443   -0.531645  0.000000  1.0
    0.405443   -0.529645  0.000000  1.0
    0.405443   -0.527645  0.000000  1.0
    0.405443   -0.525645  0.000000  1.0
    0.405443   -0.523645  0.000000  1.0
    0.405443   -0.521645  0.000000  1.0
    0.405443   -0.519645  0.000000  1.0
    0.405443   -0.517645  0.000000  1.0
    0.405443   -0.515645  0.000000  1.0
    0.405443   -0.513645  0.000000  1.0
    0.405443   -0.511645  0.000000  1.0
    0.405443   -0.509645  0.000000  1.0
    0.405443   -0.507645  0.000000  1.0
    0.405443   -0.505645  0.000000  1.0
    0.405443   -0.503645  0.000000  1.0
    0.405443   -0.501645  0.000000  1.0
    0.405443   -0.499645  0.000000  1.0
    0.405443   -0.497645  0.000000  1.0
    0.405443   -0.495645  0.000000  1.0
    0.405443   -0.493645  0.000000  1.0
    0.405443   -0.491645  0.000000  1.0
    0.405443   -0.489645  0.000000  1.0
    0.405443   -0.487645  0.000000  1.0
    0.405443   -0.485645  0.000000  1.0
    0.405443   -0.483645  0.000000  1.0
    0.405443   -0.481645  0.000000  1.0
    0.405443   -0.479645  0.000000  1.0
    0.405443   -0.477645  0.000000  1.0
    0.405443   -0.475645  0.000000  1.0
    0.405443   -0.473645  0.000000  1.0
    0.405443   -0.471645  0.000000  1.0
    0.405443   -0.469645  0.000000  1.0
    0.405443   -0.467645  0.000000  1.0
    0.405443   -0.465645  0.000000  1.0
    0.405443   -0.463645  0.000000  1.0
    0.405443   -0.461645  0.000000  1.0
    0.405443   -0.459645  0.000000  1.0
    0.405443   -0.457645  0.000000  1.0
    0.407443   -0.537645  0.000000  1.0
    0.407443   -0.535645  0.000000  1.0
    0.407443   -0.533645  0.000000  1.0
    0.407443   -0.531645  0.000000  1.0
    0.407443   -0.529645  0.000000  1.0
    0.407443   -0.527645  0.000000  1.0
    0.407443   -0.525645  0.000000  1.0
    0.407443   -0.523645  0.000000  1.0
    0.407443   -0.521645  0.000000  1.0
    0.407443   -0.519645  0.000000  1.0
    0.407443   -0.517645  0.000000  1.0
    0.407443   -0.515645  0.000000  1.0
    0.407443   -0.513645  0.000000  1.0
    0.407443   -0.511645  0.000000  1.0
    0.407443   -0.509645  0.000000  1.0
    0.407443   -0.507645  0.000000  1.0
    0.407443   -0.505645  0.000000  1.0
    0.407443   -0.503645  0.000000  1.0
    0.407443   -0.501645  0.000000  1.0
    0.407443   -0.499645  0.000000  1.0
    0.407443   -0.497645  0.000000  1.0
    0.407443   -0.495645  0.000000  1.0
    0.407443   -0.493645  0.000000  1.0
    0.407443   -0.491645  0.000000  1.0
    0.407443   -0.489645  0.000000  1.0
    0.407443   -0.487645  0.000000  1.0
    0.407443   -0.485645  0.000000  1.0
    0.407443   -0.483645  0.000000  1.0
    0.407443   -0.481645  0.000000  1.0
    0.407443   -0.479645  0.000000  1.0
    0.407443   -0.477645  0.000000  1.0
    0.407443   -0.475645  0.000000  1.0
    0.407443   -0.473645  0.000000  1.0
    0.407443   -0.471645  0.000000  1.0
    0.407443   -0.469645  0.000000  1.0
    0.407443   -0.467645  0.000000  1.0
    0.407443   -0.465645  0.000000  1.0
    0.407443   -0.463645  0.000000  1.0
    0.407443   -0.461645  0.000000  1.0
    0.407443   -0.459645  0.000000  1.0
    0.407443   -0.457645  0.000000  1.0
    0.409443   -0.537645  0.000000  1.0
    0.409443   -0.535645  0.000000  1.0
    0.409443   -0.533645  0.000000  1.0
    0.409443   -0.531645  0.000000  1.0
    0.409443   -0.529645  0.000000  1.0
    0.409443   -0.527645  0.000000  1.0
    0.409443   -0.525645  0.000000  1.0
    0.409443   -0.523645  0.000000  1.0
    0.409443   -0.521645  0.000000  1.0
    0.409443   -0.519645  0.000000  1.0
    0.409443   -0.517645  0.000000  1.0
    0.409443   -0.515645  0.000000  1.0
    0.409443   -0.513645  0.000000  1.0
    0.409443   -0.511645  0.000000  1.0
    0.409443   -0.509645  0.000000  1.0
    0.409443   -0.507645  0.000000  1.0
    0.409443   -0.505645  0.000000  1.0
    0.409443   -0.503645  0.000000  1.0
    0.409443   -0.501645  0.000000  1.0
    0.409443   -0.499645  0.000000  1.0
    0.409443   -0.497645  0.000000  1.0
    0.409443   -0.495645  0.000000  1.0
    0.409443   -0.493645  0.000000  1.0
    0.409443   -0.491645  0.000000  1.0
    0.409443   -0.489645  0.000000  1.0
    0.409443   -0.487645  0.000000  1.0
    0.409443   -0.485645  0.000000  1.0
    0.409443   -0.483645  0.000000  1.0
    0.409443   -0.481645  0.000000  1.0
    0.409443   -0.479645  0.000000  1.0
    0.409443   -0.477645  0.000000  1.0
    0.409443   -0.475645  0.000000  1.0
    0.409443   -0.473645  0.000000  1.0
    0.409443   -0.471645  0.000000  1.0
    0.409443   -0.469645  0.000000  1.0
    0.409443   -0.467645  0.000000  1.0
    0.409443   -0.465645  0.000000  1.0
    0.409443   -0.463645  0.000000  1.0
    0.409443   -0.461645  0.000000  1.0
    0.409443   -0.459645  0.000000  1.0
    0.409443   -0.457645  0.000000  1.0
    0.411443   -0.537645  0.000000  1.0
    0.411443   -0.535645  0.000000  1.0
    0.411443   -0.533645  0.000000  1.0
    0.411443   -0.531645  0.000000  1.0
    0.411443   -0.529645  0.000000  1.0
    0.411443   -0.527645  0.000000  1.0
    0.411443   -0.525645  0.000000  1.0
    0.411443   -0.523645  0.000000  1.0
    0.411443   -0.521645  0.000000  1.0
    0.411443   -0.519645  0.000000  1.0
    0.411443   -0.517645  0.000000  1.0
    0.411443   -0.515645  0.000000  1.0
    0.411443   -0.513645  0.000000  1.0
    0.411443   -0.511645  0.000000  1.0
    0.411443   -0.509645  0.000000  1.0
    0.411443   -0.507645  0.000000  1.0
    0.411443   -0.505645  0.000000  1.0
    0.411443   -0.503645  0.000000  1.0
    0.411443   -0.501645  0.000000  1.0
    0.411443   -0.499645  0.000000  1.0
    0.411443   -0.497645  0.000000  1.0
    0.411443   -0.495645  0.000000  1.0
    0.411443   -0.493645  0.000000  1.0
    0.411443   -0.491645  0.000000  1.0
    0.411443   -0.489645  0.000000  1.0
    0.411443   -0.487645  0.000000  1.0
    0.411443   -0.485645  0.000000  1.0
    0.411443   -0.483645  0.000000  1.0
    0.411443   -0.481645  0.000000  1.0
    0.411443   -0.479645  0.000000  1.0
    0.411443   -0.477645  0.000000  1.0
    0.411443   -0.475645  0.000000  1.0
    0.411443   -0.473645  0.000000  1.0
    0.411443   -0.471645  0.000000  1.0
    0.411443   -0.469645  0.000000  1.0
    0.411443   -0.467645  0.000000  1.0
    0.411443   -0.465645  0.000000  1.0
    0.411443   -0.463645  0.000000  1.0
    0.411443   -0.461645  0.000000  1.0
    0.411443   -0.459645  0.000000  1.0
    0.411443   -0.457645  0.000000  1.0
    0.413443   -0.537645  0.000000  1.0
    0.413443   -0.535645  0.000000  1.0
    0.413443   -0.533645  0.000000  1.0
    0.413443   -0.531645  0.000000  1.0
    0.413443   -0.529645  0.000000  1.0
    0.413443   -0.527645  0.000000  1.0
    0.413443   -0.525645  0.000000  1.0
    0.413443   -0.523645  0.000000  1.0
    0.413443   -0.521645  0.000000  1.0
    0.413443   -0.519645  0.000000  1.0
    0.413443   -0.517645  0.000000  1.0
    0.413443   -0.515645  0.000000  1.0
    0.413443   -0.513645  0.000000  1.0
    0.413443   -0.511645  0.000000  1.0
    0.413443   -0.509645  0.000000  1.0
    0.413443   -0.507645  0.000000  1.0
    0.413443   -0.505645  0.000000  1.0
    0.413443   -0.503645  0.000000  1.0
    0.413443   -0.501645  0.000000  1.0
    0.413443   -0.499645  0.000000  1.0
    0.413443   -0.497645  0.000000  1.0
    0.413443   -0.495645  0.000000  1.0
    0.413443   -0.493645  0.000000  1.0
    0.413443   -0.491645  0.000000  1.0
    0.413443   -0.489645  0.000000  1.0
    0.413443   -0.487645  0.000000  1.0
    0.413443   -0.485645  0.000000  1.0
    0.413443   -0.483645  0.000000  1.0
    0.413443   -0.481645  0.000000  1.0
    0.413443   -0.479645  0.000000  1.0
    0.413443   -0.477645  0.000000  1.0
    0.413443   -0.475645  0.000000  1.0
    0.413443   -0.473645  0.000000  1.0
    0.413443   -0.471645  0.000000  1.0
    0.413443   -0.469645  0.000000  1.0
    0.413443   -0.467645  0.000000  1.0
    0.413443   -0.465645  0.000000  1.0
    0.413443   -0.463645  0.000000  1.0
    0.413443   -0.461645  0.000000  1.0
    0.413443   -0.459645  0.000000  1.0
    0.413443   -0.457645  0.000000  1.0
    0.415443   -0.537645  0.000000  1.0
    0.415443   -0.535645  0.000000  1.0
    0.415443   -0.533645  0.000000  1.0
    0.415443   -0.531645  0.000000  1.0
    0.415443   -0.529645  0.000000  1.0
    0.415443   -0.527645  0.000000  1.0
    0.415443   -0.525645  0.000000  1.0
    0.415443   -0.523645  0.000000  1.0
    0.415443   -0.521645  0.000000  1.0
    0.415443   -0.519645  0.000000  1.0
    0.415443   -0.517645  0.000000  1.0
    0.415443   -0.515645  0.000000  1.0
    0.415443   -0.513645  0.000000  1.0
    0.415443   -0.511645  0.000000  1.0
    0.415443   -0.509645  0.000000  1.0
    0.415443   -0.507645  0.000000  1.0
    0.415443   -0.505645  0.000000  1.0
    0.415443   -0.503645  0.000000  1.0
    0.415443   -0.501645  0.000000  1.0
    0.415443   -0.499645  0.000000  1.0
    0.415443   -0.497645  0.000000  1.0
    0.415443   -0.495645  0.000000  1.0
    0.415443   -0.493645  0.000000  1.0
    0.415443   -0.491645  0.000000  1.0
    0.415443   -0.489645  0.000000  1.0
    0.415443   -0.487645  0.000000  1.0
    0.415443   -0.485645  0.000000  1.0
    0.415443   -0.483645  0.000000  1.0
    0.415443   -0.481645  0.000000  1.0
    0.415443   -0.479645  0.000000  1.0
    0.415443   -0.477645  0.000000  1.0
    0.415443   -0.475645  0.000000  1.0
    0.415443   -0.473645  0.000000  1.0
    0.415443   -0.471645  0.000000  1.0
    0.415443   -0.469645  0.000000  1.0
    0.415443   -0.467645  0.000000  1.0
    0.415443   -0.465645  0.000000  1.0
    0.415443   -0.463645  0.000000  1.0
    0.415443   -0.461645  0.000000  1.0
    0.415443   -0.459645  0.000000  1.0
    0.415443   -0.457645  0.000000  1.0
    0.417443   -0.537645  0.000000  1.0
    0.417443   -0.535645  0.000000  1.0
    0.417443   -0.533645  0.000000  1.0
    0.417443   -0.531645  0.000000  1.0
    0.417443   -0.529645  0.000000  1.0
    0.417443   -0.527645  0.000000  1.0
    0.417443   -0.525645  0.000000  1.0
    0.417443   -0.523645  0.000000  1.0
    0.417443   -0.521645  0.000000  1.0
    0.417443   -0.519645  0.000000  1.0
    0.417443   -0.517645  0.000000  1.0
    0.417443   -0.515645  0.000000  1.0
    0.417443   -0.513645  0.000000  1.0
    0.417443   -0.511645  0.000000  1.0
    0.417443   -0.509645  0.000000  1.0
    0.417443   -0.507645  0.000000  1.0
    0.417443   -0.505645  0.000000  1.0
    0.417443   -0.503645  0.000000  1.0
    0.417443   -0.501645  0.000000  1.0
    0.417443   -0.499645  0.000000  1.0
    0.417443   -0.497645  0.000000  1.0
    0.417443   -0.495645  0.000000  1.0
    0.417443   -0.493645  0.000000  1.0
    0.417443   -0.491645  0.000000  1.0
    0.417443   -0.489645  0.000000  1.0
    0.417443   -0.487645  0.000000  1.0
    0.417443   -0.485645  0.000000  1.0
    0.417443   -0.483645  0.000000  1.0
    0.417443   -0.481645  0.000000  1.0
    0.417443   -0.479645  0.000000  1.0
    0.417443   -0.477645  0.000000  1.0
    0.417443   -0.475645  0.000000  1.0
    0.417443   -0.473645  0.000000  1.0
    0.417443   -0.471645  0.000000  1.0
    0.417443   -0.469645  0.000000  1.0
    0.417443   -0.467645  0.000000  1.0
    0.417443   -0.465645  0.000000  1.0
    0.417443   -0.463645  0.000000  1.0
    0.417443   -0.461645  0.000000  1.0
    0.417443   -0.459645  0.000000  1.0
    0.417443   -0.457645  0.000000  1.0
    0.419443   -0.537645  0.000000  1.0
    0.419443   -0.535645  0.000000  1.0
    0.419443   -0.533645  0.000000  1.0
    0.419443   -0.531645  0.000000  1.0
    0.419443   -0.529645  0.000000  1.0
    0.419443   -0.527645  0.000000  1.0
    0.419443   -0.525645  0.000000  1.0
    0.419443   -0.523645  0.000000  1.0
    0.419443   -0.521645  0.000000  1.0
    0.419443   -0.519645  0.000000  1.0
    0.419443   -0.517645  0.000000  1.0
    0.419443   -0.515645  0.000000  1.0
    0.419443   -0.513645  0.000000  1.0
    0.419443   -0.511645  0.000000  1.0
    0.419443   -0.509645  0.000000  1.0
    0.419443   -0.507645  0.000000  1.0
    0.419443   -0.505645  0.000000  1.0
    0.419443   -0.503645  0.000000  1.0
    0.419443   -0.501645  0.000000  1.0
    0.419443   -0.499645  0.000000  1.0
    0.419443   -0.497645  0.000000  1.0
    0.419443   -0.495645  0.000000  1.0
    0.419443   -0.493645  0.000000  1.0
    0.419443   -0.491645  0.000000  1.0
    0.419443   -0.489645  0.000000  1.0
    0.419443   -0.487645  0.000000  1.0
    0.419443   -0.485645  0.000000  1.0
    0.419443   -0.483645  0.000000  1.0
    0.419443   -0.481645  0.000000  1.0
    0.419443   -0.479645  0.000000  1.0
    0.419443   -0.477645  0.000000  1.0
    0.419443   -0.475645  0.000000  1.0
    0.419443   -0.473645  0.000000  1.0
    0.419443   -0.471645  0.000000  1.0
    0.419443   -0.469645  0.000000  1.0
    0.419443   -0.467645  0.000000  1.0
    0.419443   -0.465645  0.000000  1.0
    0.419443   -0.463645  0.000000  1.0
    0.419443   -0.461645  0.000000  1.0
    0.419443   -0.459645  0.000000  1.0
    0.419443   -0.457645  0.000000  1.0
    0.421443   -0.537645  0.000000  1.0
    0.421443   -0.535645  0.000000  1.0
    0.421443   -0.533645  0.000000  1.0
    0.421443   -0.531645  0.000000  1.0
    0.421443   -0.529645  0.000000  1.0
    0.421443   -0.527645  0.000000  1.0
    0.421443   -0.525645  0.000000  1.0
    0.421443   -0.523645  0.000000  1.0
    0.421443   -0.521645  0.000000  1.0
    0.421443   -0.519645  0.000000  1.0
    0.421443   -0.517645  0.000000  1.0
    0.421443   -0.515645  0.000000  1.0
    0.421443   -0.513645  0.000000  1.0
    0.421443   -0.511645  0.000000  1.0
    0.421443   -0.509645  0.000000  1.0
    0.421443   -0.507645  0.000000  1.0
    0.421443   -0.505645  0.000000  1.0
    0.421443   -0.503645  0.000000  1.0
    0.421443   -0.501645  0.000000  1.0
    0.421443   -0.499645  0.000000  1.0
    0.421443   -0.497645  0.000000  1.0
    0.421443   -0.495645  0.000000  1.0
    0.421443   -0.493645  0.000000  1.0
    0.421443   -0.491645  0.000000  1.0
    0.421443   -0.489645  0.000000  1.0
    0.421443   -0.487645  0.000000  1.0
    0.421443   -0.485645  0.000000  1.0
    0.421443   -0.483645  0.000000  1.0
    0.421443   -0.481645  0.000000  1.0
    0.421443   -0.479645  0.000000  1.0
    0.421443   -0.477645  0.000000  1.0
    0.421443   -0.475645  0.000000  1.0
    0.421443   -0.473645  0.000000  1.0
    0.421443   -0.471645  0.000000  1.0
    0.421443   -0.469645  0.000000  1.0
    0.421443   -0.467645  0.000000  1.0
    0.421443   -0.465645  0.000000  1.0
    0.421443   -0.463645  0.000000  1.0
    0.421443   -0.461645  0.000000  1.0
    0.421443   -0.459645  0.000000  1.0
    0.421443   -0.457645  0.000000  1.0
    0.423443   -0.537645  0.000000  1.0
    0.423443   -0.535645  0.000000  1.0
    0.423443   -0.533645  0.000000  1.0
    0.423443   -0.531645  0.000000  1.0
    0.423443   -0.529645  0.000000  1.0
    0.423443   -0.527645  0.000000  1.0
    0.423443   -0.525645  0.000000  1.0
    0.423443   -0.523645  0.000000  1.0
    0.423443   -0.521645  0.000000  1.0
    0.423443   -0.519645  0.000000  1.0
    0.423443   -0.517645  0.000000  1.0
    0.423443   -0.515645  0.000000  1.0
    0.423443   -0.513645  0.000000  1.0
    0.423443   -0.511645  0.000000  1.0
    0.423443   -0.509645  0.000000  1.0
    0.423443   -0.507645  0.000000  1.0
    0.423443   -0.505645  0.000000  1.0
    0.423443   -0.503645  0.000000  1.0
    0.423443   -0.501645  0.000000  1.0
    0.423443   -0.499645  0.000000  1.0
    0.423443   -0.497645  0.000000  1.0
    0.423443   -0.495645  0.000000  1.0
    0.423443   -0.493645  0.000000  1.0
    0.423443   -0.491645  0.000000  1.0
    0.423443   -0.489645  0.000000  1.0
    0.423443   -0.487645  0.000000  1.0
    0.423443   -0.485645  0.000000  1.0
    0.423443   -0.483645  0.000000  1.0
    0.423443   -0.481645  0.000000  1.0
    0.423443   -0.479645  0.000000  1.0
    0.423443   -0.477645  0.000000  1.0
    0.423443   -0.475645  0.000000  1.0
    0.423443   -0.473645  0.000000  1.0
    0.423443   -0.471645  0.000000  1.0
    0.423443   -0.469645  0.000000  1.0
    0.423443   -0.467645  0.000000  1.0
    0.423443   -0.465645  0.000000  1.0
    0.423443   -0.463645  0.000000  1.0
    0.423443   -0.461645  0.000000  1.0
    0.423443   -0.459645  0.000000  1.0
    0.423443   -0.457645  0.000000  1.0
    0.425443   -0.537645  0.000000  1.0
    0.425443   -0.535645  0.000000  1.0
    0.425443   -0.533645  0.000000  1.0
    0.425443   -0.531645  0.000000  1.0
    0.425443   -0.529645  0.000000  1.0
    0.425443   -0.527645  0.000000  1.0
    0.425443   -0.525645  0.000000  1.0
    0.425443   -0.523645  0.000000  1.0
    0.425443   -0.521645  0.000000  1.0
    0.425443   -0.519645  0.000000  1.0
    0.425443   -0.517645  0.000000  1.0
    0.425443   -0.515645  0.000000  1.0
    0.425443   -0.513645  0.000000  1.0
    0.425443   -0.511645  0.000000  1.0
    0.425443   -0.509645  0.000000  1.0
    0.425443   -0.507645  0.000000  1.0
    0.425443   -0.505645  0.000000  1.0
    0.425443   -0.503645  0.000000  1.0
    0.425443   -0.501645  0.000000  1.0
    0.425443   -0.499645  0.000000  1.0
    0.425443   -0.497645  0.000000  1.0
    0.425443   -0.495645  0.000000  1.0
    0.425443   -0.493645  0.000000  1.0
    0.425443   -0.491645  0.000000  1.0
    0.425443   -0.489645  0.000000  1.0
    0.425443   -0.487645  0.000000  1.0
    0.425443   -0.485645  0.000000  1.0
    0.425443   -0.483645  0.000000  1.0
    0.425443   -0.481645  0.000000  1.0
    0.425443   -0.479645  0.000000  1.0
    0.425443   -0.477645  0.000000  1.0
    0.425443   -0.475645  0.000000  1.0
    0.425443   -0.473645  0.000000  1.0
    0.425443   -0.471645  0.000000  1.0
    0.425443   -0.469645  0.000000  1.0
    0.425443   -0.467645  0.000000  1.0
    0.425443   -0.465645  0.000000  1.0
    0.425443   -0.463645  0.000000  1.0
    0.425443   -0.461645  0.000000  1.0
    0.425443   -0.459645  0.000000  1.0
    0.425443   -0.457645  0.000000  1.0
    0.427443   -0.537645  0.000000  1.0
    0.427443   -0.535645  0.000000  1.0
    0.427443   -0.533645  0.000000  1.0
    0.427443   -0.531645  0.000000  1.0
    0.427443   -0.529645  0.000000  1.0
    0.427443   -0.527645  0.000000  1.0
    0.427443   -0.525645  0.000000  1.0
    0.427443   -0.523645  0.000000  1.0
    0.427443   -0.521645  0.000000  1.0
    0.427443   -0.519645  0.000000  1.0
    0.427443   -0.517645  0.000000  1.0
    0.427443   -0.515645  0.000000  1.0
    0.427443   -0.513645  0.000000  1.0
    0.427443   -0.511645  0.000000  1.0
    0.427443   -0.509645  0.000000  1.0
    0.427443   -0.507645  0.000000  1.0
    0.427443   -0.505645  0.000000  1.0
    0.427443   -0.503645  0.000000  1.0
    0.427443   -0.501645  0.000000  1.0
    0.427443   -0.499645  0.000000  1.0
    0.427443   -0.497645  0.000000  1.0
    0.427443   -0.495645  0.000000  1.0
    0.427443   -0.493645  0.000000  1.0
    0.427443   -0.491645  0.000000  1.0
    0.427443   -0.489645  0.000000  1.0
    0.427443   -0.487645  0.000000  1.0
    0.427443   -0.485645  0.000000  1.0
    0.427443   -0.483645  0.000000  1.0
    0.427443   -0.481645  0.000000  1.0
    0.427443   -0.479645  0.000000  1.0
    0.427443   -0.477645  0.000000  1.0
    0.427443   -0.475645  0.000000  1.0
    0.427443   -0.473645  0.000000  1.0
    0.427443   -0.471645  0.000000  1.0
    0.427443   -0.469645  0.000000  1.0
    0.427443   -0.467645  0.000000  1.0
    0.427443   -0.465645  0.000000  1.0
    0.427443   -0.463645  0.000000  1.0
    0.427443   -0.461645  0.000000  1.0
    0.427443   -0.459645  0.000000  1.0
    0.427443   -0.457645  0.000000  1.0
    0.429443   -0.537645  0.000000  1.0
    0.429443   -0.535645  0.000000  1.0
    0.429443   -0.533645  0.000000  1.0
    0.429443   -0.531645  0.000000  1.0
    0.429443   -0.529645  0.000000  1.0
    0.429443   -0.527645  0.000000  1.0
    0.429443   -0.525645  0.000000  1.0
    0.429443   -0.523645  0.000000  1.0
    0.429443   -0.521645  0.000000  1.0
    0.429443   -0.519645  0.000000  1.0
    0.429443   -0.517645  0.000000  1.0
    0.429443   -0.515645  0.000000  1.0
    0.429443   -0.513645  0.000000  1.0
    0.429443   -0.511645  0.000000  1.0
    0.429443   -0.509645  0.000000  1.0
    0.429443   -0.507645  0.000000  1.0
    0.429443   -0.505645  0.000000  1.0
    0.429443   -0.503645  0.000000  1.0
    0.429443   -0.501645  0.000000  1.0
    0.429443   -0.499645  0.000000  1.0
    0.429443   -0.497645  0.000000  1.0
    0.429443   -0.495645  0.000000  1.0
    0.429443   -0.493645  0.000000  1.0
    0.429443   -0.491645  0.000000  1.0
    0.429443   -0.489645  0.000000  1.0
    0.429443   -0.487645  0.000000  1.0
    0.429443   -0.485645  0.000000  1.0
    0.429443   -0.483645  0.000000  1.0
    0.429443   -0.481645  0.000000  1.0
    0.429443   -0.479645  0.000000  1.0
    0.429443   -0.477645  0.000000  1.0
    0.429443   -0.475645  0.000000  1.0
    0.429443   -0.473645  0.000000  1.0
    0.429443   -0.471645  0.000000  1.0
    0.429443   -0.469645  0.000000  1.0
    0.429443   -0.467645  0.000000  1.0
    0.429443   -0.465645  0.000000  1.0
    0.429443   -0.463645  0.000000  1.0
    0.429443   -0.461645  0.000000  1.0
    0.429443   -0.459645  0.000000  1.0
    0.429443   -0.457645  0.000000  1.0
    0.431443   -0.537645  0.000000  1.0
    0.431443   -0.535645  0.000000  1.0
    0.431443   -0.533645  0.000000  1.0
    0.431443   -0.531645  0.000000  1.0
    0.431443   -0.529645  0.000000  1.0
    0.431443   -0.527645  0.000000  1.0
    0.431443   -0.525645  0.000000  1.0
    0.431443   -0.523645  0.000000  1.0
    0.431443   -0.521645  0.000000  1.0
    0.431443   -0.519645  0.000000  1.0
    0.431443   -0.517645  0.000000  1.0
    0.431443   -0.515645  0.000000  1.0
    0.431443   -0.513645  0.000000  1.0
    0.431443   -0.511645  0.000000  1.0
    0.431443   -0.509645  0.000000  1.0
    0.431443   -0.507645  0.000000  1.0
    0.431443   -0.505645  0.000000  1.0
    0.431443   -0.503645  0.000000  1.0
    0.431443   -0.501645  0.000000  1.0
    0.431443   -0.499645  0.000000  1.0
    0.431443   -0.497645  0.000000  1.0
    0.431443   -0.495645  0.000000  1.0
    0.431443   -0.493645  0.000000  1.0
    0.431443   -0.491645  0.000000  1.0
    0.431443   -0.489645  0.000000  1.0
    0.431443   -0.487645  0.000000  1.0
    0.431443   -0.485645  0.000000  1.0
    0.431443   -0.483645  0.000000  1.0
    0.431443   -0.481645  0.000000  1.0
    0.431443   -0.479645  0.000000  1.0
    0.431443   -0.477645  0.000000  1.0
    0.431443   -0.475645  0.000000  1.0
    0.431443   -0.473645  0.000000  1.0
    0.431443   -0.471645  0.000000  1.0
    0.431443   -0.469645  0.000000  1.0
    0.431443   -0.467645  0.000000  1.0
    0.431443   -0.465645  0.000000  1.0
    0.431443   -0.463645  0.000000  1.0
    0.431443   -0.461645  0.000000  1.0
    0.431443   -0.459645  0.000000  1.0
    0.431443   -0.457645  0.000000  1.0
    0.433443   -0.537645  0.000000  1.0
    0.433443   -0.535645  0.000000  1.0
    0.433443   -0.533645  0.000000  1.0
    0.433443   -0.531645  0.000000  1.0
    0.433443   -0.529645  0.000000  1.0
    0.433443   -0.527645  0.000000  1.0
    0.433443   -0.525645  0.000000  1.0
    0.433443   -0.523645  0.000000  1.0
    0.433443   -0.521645  0.000000  1.0
    0.433443   -0.519645  0.000000  1.0
    0.433443   -0.517645  0.000000  1.0
    0.433443   -0.515645  0.000000  1.0
    0.433443   -0.513645  0.000000  1.0
    0.433443   -0.511645  0.000000  1.0
    0.433443   -0.509645  0.000000  1.0
    0.433443   -0.507645  0.000000  1.0
    0.433443   -0.505645  0.000000  1.0
    0.433443   -0.503645  0.000000  1.0
    0.433443   -0.501645  0.000000  1.0
    0.433443   -0.499645  0.000000  1.0
    0.433443   -0.497645  0.000000  1.0
    0.433443   -0.495645  0.000000  1.0
    0.433443   -0.493645  0.000000  1.0
    0.433443   -0.491645  0.000000  1.0
    0.433443   -0.489645  0.000000  1.0
    0.433443   -0.487645  0.000000  1.0
    0.433443   -0.485645  0.000000  1.0
    0.433443   -0.483645  0.000000  1.0
    0.433443   -0.481645  0.000000  1.0
    0.433443   -0.479645  0.000000  1.0
    0.433443   -0.477645  0.000000  1.0
    0.433443   -0.475645  0.000000  1.0
    0.433443   -0.473645  0.000000  1.0
    0.433443   -0.471645  0.000000  1.0
    0.433443   -0.469645  0.000000  1.0
    0.433443   -0.467645  0.000000  1.0
    0.433443   -0.465645  0.000000  1.0
    0.433443   -0.463645  0.000000  1.0
    0.433443   -0.461645  0.000000  1.0
    0.433443   -0.459645  0.000000  1.0
    0.433443   -0.457645  0.000000  1.0
