&CONTROL
  calculation = 'bands'
  prefix = 'graphene26.0zoom'
  outdir = './tmp'
  pseudo_dir = './'
  verbosity = 'high'
/
&SYSTEM
  ibrav = 0
  nat = 2
  ntyp = 1
  ecutwfc = 40.0
  nosym = .true.
  noinv = .true.
  nbnd = 8
/
&ELECTRONS
/
ATOMIC_SPECIES
  C  12.011 C.upf
CELL_PARAMETERS {bohr}
  4.427471  0.000000  0.000000
  2.213736  5.047771  0.000000
  0.000000  0.000000  28.346456
ATOMIC_POSITIONS {crystal}
  C  -0.011344  0.022687  0.000000
  C  0.344677  0.310646  0.000000
K_POINTS {tpiba}
1681
    0.402623   -0.478557  0.000000  1.0
    0.402623   -0.476557  0.000000  1.0
    0.402623   -0.474557  0.000000  1.0
    0.402623   -0.472557  0.000000  1.0
    0.402623   -0.470557  0.000000  1.0
    0.402623   -0.468557  0.000000  1.0
    0.402623   -0.466557  0.000000  1.0
    0.402623   -0.464557  0.000000  1.0
    0.402623   -0.462557  0.000000  1.0
    0.402623   -0.460557  0.000000  1.0
    0.402623   -0.458557  0.000000  1.0
    0.402623   -0.456557  0.000000  1.0
    0.402623   -0.454557  0.000000  1.0
    0.402623   -0.452557  0.000000  1.0
    0.402623   -0.450557  0.000000  1.0
    0.402623   -0.448557  0.000000  1.0
    0.402623   -0.446557  0.000000  1.0
    0.402623   -0.444557  0.000000  1.0
    0.402623   -0.442557  0.000000  1.0
    0.402623   -0.440557  0.000000  1.0
    0.402623   -0.438557  0.000000  1.0
    0.402623   -0.436557  0.000000  1.0
    0.402623   -0.434557  0.000000  1.0
    0.402623   -0.432557  0.000000  1.0
    0.402623   -0.430557  0.000000  1.0
    0.402623   -0.428557  0.000000  1.0
    0.402623   -0.426557  0.000000  1.0
    0.402623   -0.424557  0.000000  1.0
    0.402623   -0.422557  0.000000  1.0
    0.402623   -0.420557  0.000000  1.0
    0.402623   -0.418557  0.000000  1.0
    0.402623   -0.416557  0.000000  1.0
    0.402623   -0.414557  0.000000  1.0
    0.402623   -0.412557  0.000000  1.0
    0.402623   -0.410557  0.000000  1.0
    0.402623   -0.408557  0.000000  1.0
    0.402623   -0.406557  0.000000  1.0
    0.402623   -0.404557  0.000000  1.0
    0.402623   -0.402557  0.000000  1.0
    0.402623   -0.400557  0.000000  1.0
    0.402623   -0.398557  0.000000  1.0
    0.404623   -0.478557  0.000000  1.0
    0.404623   -0.476557  0.000000  1.0
    0.404623   -0.474557  0.000000  1.0
    0.404623   -0.472557  0.000000  1.0
    0.404623   -0.470557  0.000000  1.0
    0.404623   -0.468557  0.000000  1.0
    0.404623   -0.466557  0.000000  1.0
    0.404623   -0.464557  0.000000  1.0
    0.404623   -0.462557  0.000000  1.0
    0.404623   -0.460557  0.000000  1.0
    0.404623   -0.458557  0.000000  1.0
    0.404623   -0.456557  0.000000  1.0
    0.404623   -0.454557  0.000000  1.0
    0.404623   -0.452557  0.000000  1.0
    0.404623   -0.450557  0.000000  1.0
    0.404623   -0.448557  0.000000  1.0
    0.404623   -0.446557  0.000000  1.0
    0.404623   -0.444557  0.000000  1.0
    0.404623   -0.442557  0.000000  1.0
    0.404623   -0.440557  0.000000  1.0
    0.404623   -0.438557  0.000000  1.0
    0.404623   -0.436557  0.000000  1.0
    0.404623   -0.434557  0.000000  1.0
    0.404623   -0.432557  0.000000  1.0
    0.404623   -0.430557  0.000000  1.0
    0.404623   -0.428557  0.000000  1.0
    0.404623   -0.426557  0.000000  1.0
    0.404623   -0.424557  0.000000  1.0
    0.404623   -0.422557  0.000000  1.0
    0.404623   -0.420557  0.000000  1.0
    0.404623   -0.418557  0.000000  1.0
    0.404623   -0.416557  0.000000  1.0
    0.404623   -0.414557  0.000000  1.0
    0.404623   -0.412557  0.000000  1.0
    0.404623   -0.410557  0.000000  1.0
    0.404623   -0.408557  0.000000  1.0
    0.404623   -0.406557  0.000000  1.0
    0.404623   -0.404557  0.000000  1.0
    0.404623   -0.402557  0.000000  1.0
    0.404623   -0.400557  0.000000  1.0
    0.404623   -0.398557  0.000000  1.0
    0.406623   -0.478557  0.000000  1.0
    0.406623   -0.476557  0.000000  1.0
    0.406623   -0.474557  0.000000  1.0
    0.406623   -0.472557  0.000000  1.0
    0.406623   -0.470557  0.000000  1.0
    0.406623   -0.468557  0.000000  1.0
    0.406623   -0.466557  0.000000  1.0
    0.406623   -0.464557  0.000000  1.0
    0.406623   -0.462557  0.000000  1.0
    0.406623   -0.460557  0.000000  1.0
    0.406623   -0.458557  0.000000  1.0
    0.406623   -0.456557  0.000000  1.0
    0.406623   -0.454557  0.000000  1.0
    0.406623   -0.452557  0.000000  1.0
    0.406623   -0.450557  0.000000  1.0
    0.406623   -0.448557  0.000000  1.0
    0.406623   -0.446557  0.000000  1.0
    0.406623   -0.444557  0.000000  1.0
    0.406623   -0.442557  0.000000  1.0
    0.406623   -0.440557  0.000000  1.0
    0.406623   -0.438557  0.000000  1.0
    0.406623   -0.436557  0.000000  1.0
    0.406623   -0.434557  0.000000  1.0
    0.406623   -0.432557  0.000000  1.0
    0.406623   -0.430557  0.000000  1.0
    0.406623   -0.428557  0.000000  1.0
    0.406623   -0.426557  0.000000  1.0
    0.406623   -0.424557  0.000000  1.0
    0.406623   -0.422557  0.000000  1.0
    0.406623   -0.420557  0.000000  1.0
    0.406623   -0.418557  0.000000  1.0
    0.406623   -0.416557  0.000000  1.0
    0.406623   -0.414557  0.000000  1.0
    0.406623   -0.412557  0.000000  1.0
    0.406623   -0.410557  0.000000  1.0
    0.406623   -0.408557  0.000000  1.0
    0.406623   -0.406557  0.000000  1.0
    0.406623   -0.404557  0.000000  1.0
    0.406623   -0.402557  0.000000  1.0
    0.406623   -0.400557  0.000000  1.0
    0.406623   -0.398557  0.000000  1.0
    0.408623   -0.478557  0.000000  1.0
    0.408623   -0.476557  0.000000  1.0
    0.408623   -0.474557  0.000000  1.0
    0.408623   -0.472557  0.000000  1.0
    0.408623   -0.470557  0.000000  1.0
    0.408623   -0.468557  0.000000  1.0
    0.408623   -0.466557  0.000000  1.0
    0.408623   -0.464557  0.000000  1.0
    0.408623   -0.462557  0.000000  1.0
    0.408623   -0.460557  0.000000  1.0
    0.408623   -0.458557  0.000000  1.0
    0.408623   -0.456557  0.000000  1.0
    0.408623   -0.454557  0.000000  1.0
    0.408623   -0.452557  0.000000  1.0
    0.408623   -0.450557  0.000000  1.0
    0.408623   -0.448557  0.000000  1.0
    0.408623   -0.446557  0.000000  1.0
    0.408623   -0.444557  0.000000  1.0
    0.408623   -0.442557  0.000000  1.0
    0.408623   -0.440557  0.000000  1.0
    0.408623   -0.438557  0.000000  1.0
    0.408623   -0.436557  0.000000  1.0
    0.408623   -0.434557  0.000000  1.0
    0.408623   -0.432557  0.000000  1.0
    0.408623   -0.430557  0.000000  1.0
    0.408623   -0.428557  0.000000  1.0
    0.408623   -0.426557  0.000000  1.0
    0.408623   -0.424557  0.000000  1.0
    0.408623   -0.422557  0.000000  1.0
    0.408623   -0.420557  0.000000  1.0
    0.408623   -0.418557  0.000000  1.0
    0.408623   -0.416557  0.000000  1.0
    0.408623   -0.414557  0.000000  1.0
    0.408623   -0.412557  0.000000  1.0
    0.408623   -0.410557  0.000000  1.0
    0.408623   -0.408557  0.000000  1.0
    0.408623   -0.406557  0.000000  1.0
    0.408623   -0.404557  0.000000  1.0
    0.408623   -0.402557  0.000000  1.0
    0.408623   -0.400557  0.000000  1.0
    0.408623   -0.398557  0.000000  1.0
    0.410623   -0.478557  0.000000  1.0
    0.410623   -0.476557  0.000000  1.0
    0.410623   -0.474557  0.000000  1.0
    0.410623   -0.472557  0.000000  1.0
    0.410623   -0.470557  0.000000  1.0
    0.410623   -0.468557  0.000000  1.0
    0.410623   -0.466557  0.000000  1.0
    0.410623   -0.464557  0.000000  1.0
    0.410623   -0.462557  0.000000  1.0
    0.410623   -0.460557  0.000000  1.0
    0.410623   -0.458557  0.000000  1.0
    0.410623   -0.456557  0.000000  1.0
    0.410623   -0.454557  0.000000  1.0
    0.410623   -0.452557  0.000000  1.0
    0.410623   -0.450557  0.000000  1.0
    0.410623   -0.448557  0.000000  1.0
    0.410623   -0.446557  0.000000  1.0
    0.410623   -0.444557  0.000000  1.0
    0.410623   -0.442557  0.000000  1.0
    0.410623   -0.440557  0.000000  1.0
    0.410623   -0.438557  0.000000  1.0
    0.410623   -0.436557  0.000000  1.0
    0.410623   -0.434557  0.000000  1.0
    0.410623   -0.432557  0.000000  1.0
    0.410623   -0.430557  0.000000  1.0
    0.410623   -0.428557  0.000000  1.0
    0.410623   -0.426557  0.000000  1.0
    0.410623   -0.424557  0.000000  1.0
    0.410623   -0.422557  0.000000  1.0
    0.410623   -0.420557  0.000000  1.0
    0.410623   -0.418557  0.000000  1.0
    0.410623   -0.416557  0.000000  1.0
    0.410623   -0.414557  0.000000  1.0
    0.410623   -0.412557  0.000000  1.0
    0.410623   -0.410557  0.000000  1.0
    0.410623   -0.408557  0.000000  1.0
    0.410623   -0.406557  0.000000  1.0
    0.410623   -0.404557  0.000000  1.0
    0.410623   -0.402557  0.000000  1.0
    0.410623   -0.400557  0.000000  1.0
    0.410623   -0.398557  0.000000  1.0
    0.412623   -0.478557  0.000000  1.0
    0.412623   -0.476557  0.000000  1.0
    0.412623   -0.474557  0.000000  1.0
    0.412623   -0.472557  0.000000  1.0
    0.412623   -0.470557  0.000000  1.0
    0.412623   -0.468557  0.000000  1.0
    0.412623   -0.466557  0.000000  1.0
    0.412623   -0.464557  0.000000  1.0
    0.412623   -0.462557  0.000000  1.0
    0.412623   -0.460557  0.000000  1.0
    0.412623   -0.458557  0.000000  1.0
    0.412623   -0.456557  0.000000  1.0
    0.412623   -0.454557  0.000000  1.0
    0.412623   -0.452557  0.000000  1.0
    0.412623   -0.450557  0.000000  1.0
    0.412623   -0.448557  0.000000  1.0
    0.412623   -0.446557  0.000000  1.0
    0.412623   -0.444557  0.000000  1.0
    0.412623   -0.442557  0.000000  1.0
    0.412623   -0.440557  0.000000  1.0
    0.412623   -0.438557  0.000000  1.0
    0.412623   -0.436557  0.000000  1.0
    0.412623   -0.434557  0.000000  1.0
    0.412623   -0.432557  0.000000  1.0
    0.412623   -0.430557  0.000000  1.0
    0.412623   -0.428557  0.000000  1.0
    0.412623   -0.426557  0.000000  1.0
    0.412623   -0.424557  0.000000  1.0
    0.412623   -0.422557  0.000000  1.0
    0.412623   -0.420557  0.000000  1.0
    0.412623   -0.418557  0.000000  1.0
    0.412623   -0.416557  0.000000  1.0
    0.412623   -0.414557  0.000000  1.0
    0.412623   -0.412557  0.000000  1.0
    0.412623   -0.410557  0.000000  1.0
    0.412623   -0.408557  0.000000  1.0
    0.412623   -0.406557  0.000000  1.0
    0.412623   -0.404557  0.000000  1.0
    0.412623   -0.402557  0.000000  1.0
    0.412623   -0.400557  0.000000  1.0
    0.412623   -0.398557  0.000000  1.0
    0.414623   -0.478557  0.000000  1.0
    0.414623   -0.476557  0.000000  1.0
    0.414623   -0.474557  0.000000  1.0
    0.414623   -0.472557  0.000000  1.0
    0.414623   -0.470557  0.000000  1.0
    0.414623   -0.468557  0.000000  1.0
    0.414623   -0.466557  0.000000  1.0
    0.414623   -0.464557  0.000000  1.0
    0.414623   -0.462557  0.000000  1.0
    0.414623   -0.460557  0.000000  1.0
    0.414623   -0.458557  0.000000  1.0
    0.414623   -0.456557  0.000000  1.0
    0.414623   -0.454557  0.000000  1.0
    0.414623   -0.452557  0.000000  1.0
    0.414623   -0.450557  0.000000  1.0
    0.414623   -0.448557  0.000000  1.0
    0.414623   -0.446557  0.000000  1.0
    0.414623   -0.444557  0.000000  1.0
    0.414623   -0.442557  0.000000  1.0
    0.414623   -0.440557  0.000000  1.0
    0.414623   -0.438557  0.000000  1.0
    0.414623   -0.436557  0.000000  1.0
    0.414623   -0.434557  0.000000  1.0
    0.414623   -0.432557  0.000000  1.0
    0.414623   -0.430557  0.000000  1.0
    0.414623   -0.428557  0.000000  1.0
    0.414623   -0.426557  0.000000  1.0
    0.414623   -0.424557  0.000000  1.0
    0.414623   -0.422557  0.000000  1.0
    0.414623   -0.420557  0.000000  1.0
    0.414623   -0.418557  0.000000  1.0
    0.414623   -0.416557  0.000000  1.0
    0.414623   -0.414557  0.000000  1.0
    0.414623   -0.412557  0.000000  1.0
    0.414623   -0.410557  0.000000  1.0
    0.414623   -0.408557  0.000000  1.0
    0.414623   -0.406557  0.000000  1.0
    0.414623   -0.404557  0.000000  1.0
    0.414623   -0.402557  0.000000  1.0
    0.414623   -0.400557  0.000000  1.0
    0.414623   -0.398557  0.000000  1.0
    0.416623   -0.478557  0.000000  1.0
    0.416623   -0.476557  0.000000  1.0
    0.416623   -0.474557  0.000000  1.0
    0.416623   -0.472557  0.000000  1.0
    0.416623   -0.470557  0.000000  1.0
    0.416623   -0.468557  0.000000  1.0
    0.416623   -0.466557  0.000000  1.0
    0.416623   -0.464557  0.000000  1.0
    0.416623   -0.462557  0.000000  1.0
    0.416623   -0.460557  0.000000  1.0
    0.416623   -0.458557  0.000000  1.0
    0.416623   -0.456557  0.000000  1.0
    0.416623   -0.454557  0.000000  1.0
    0.416623   -0.452557  0.000000  1.0
    0.416623   -0.450557  0.000000  1.0
    0.416623   -0.448557  0.000000  1.0
    0.416623   -0.446557  0.000000  1.0
    0.416623   -0.444557  0.000000  1.0
    0.416623   -0.442557  0.000000  1.0
    0.416623   -0.440557  0.000000  1.0
    0.416623   -0.438557  0.000000  1.0
    0.416623   -0.436557  0.000000  1.0
    0.416623   -0.434557  0.000000  1.0
    0.416623   -0.432557  0.000000  1.0
    0.416623   -0.430557  0.000000  1.0
    0.416623   -0.428557  0.000000  1.0
    0.416623   -0.426557  0.000000  1.0
    0.416623   -0.424557  0.000000  1.0
    0.416623   -0.422557  0.000000  1.0
    0.416623   -0.420557  0.000000  1.0
    0.416623   -0.418557  0.000000  1.0
    0.416623   -0.416557  0.000000  1.0
    0.416623   -0.414557  0.000000  1.0
    0.416623   -0.412557  0.000000  1.0
    0.416623   -0.410557  0.000000  1.0
    0.416623   -0.408557  0.000000  1.0
    0.416623   -0.406557  0.000000  1.0
    0.416623   -0.404557  0.000000  1.0
    0.416623   -0.402557  0.000000  1.0
    0.416623   -0.400557  0.000000  1.0
    0.416623   -0.398557  0.000000  1.0
    0.418623   -0.478557  0.000000  1.0
    0.418623   -0.476557  0.000000  1.0
    0.418623   -0.474557  0.000000  1.0
    0.418623   -0.472557  0.000000  1.0
    0.418623   -0.470557  0.000000  1.0
    0.418623   -0.468557  0.000000  1.0
    0.418623   -0.466557  0.000000  1.0
    0.418623   -0.464557  0.000000  1.0
    0.418623   -0.462557  0.000000  1.0
    0.418623   -0.460557  0.000000  1.0
    0.418623   -0.458557  0.000000  1.0
    0.418623   -0.456557  0.000000  1.0
    0.418623   -0.454557  0.000000  1.0
    0.418623   -0.452557  0.000000  1.0
    0.418623   -0.450557  0.000000  1.0
    0.418623   -0.448557  0.000000  1.0
    0.418623   -0.446557  0.000000  1.0
    0.418623   -0.444557  0.000000  1.0
    0.418623   -0.442557  0.000000  1.0
    0.418623   -0.440557  0.000000  1.0
    0.418623   -0.438557  0.000000  1.0
    0.418623   -0.436557  0.000000  1.0
    0.418623   -0.434557  0.000000  1.0
    0.418623   -0.432557  0.000000  1.0
    0.418623   -0.430557  0.000000  1.0
    0.418623   -0.428557  0.000000  1.0
    0.418623   -0.426557  0.000000  1.0
    0.418623   -0.424557  0.000000  1.0
    0.418623   -0.422557  0.000000  1.0
    0.418623   -0.420557  0.000000  1.0
    0.418623   -0.418557  0.000000  1.0
    0.418623   -0.416557  0.000000  1.0
    0.418623   -0.414557  0.000000  1.0
    0.418623   -0.412557  0.000000  1.0
    0.418623   -0.410557  0.000000  1.0
    0.418623   -0.408557  0.000000  1.0
    0.418623   -0.406557  0.000000  1.0
    0.418623   -0.404557  0.000000  1.0
    0.418623   -0.402557  0.000000  1.0
    0.418623   -0.400557  0.000000  1.0
    0.418623   -0.398557  0.000000  1.0
    0.420623   -0.478557  0.000000  1.0
    0.420623   -0.476557  0.000000  1.0
    0.420623   -0.474557  0.000000  1.0
    0.420623   -0.472557  0.000000  1.0
    0.420623   -0.470557  0.000000  1.0
    0.420623   -0.468557  0.000000  1.0
    0.420623   -0.466557  0.000000  1.0
    0.420623   -0.464557  0.000000  1.0
    0.420623   -0.462557  0.000000  1.0
    0.420623   -0.460557  0.000000  1.0
    0.420623   -0.458557  0.000000  1.0
    0.420623   -0.456557  0.000000  1.0
    0.420623   -0.454557  0.000000  1.0
    0.420623   -0.452557  0.000000  1.0
    0.420623   -0.450557  0.000000  1.0
    0.420623   -0.448557  0.000000  1.0
    0.420623   -0.446557  0.000000  1.0
    0.420623   -0.444557  0.000000  1.0
    0.420623   -0.442557  0.000000  1.0
    0.420623   -0.440557  0.000000  1.0
    0.420623   -0.438557  0.000000  1.0
    0.420623   -0.436557  0.000000  1.0
    0.420623   -0.434557  0.000000  1.0
    0.420623   -0.432557  0.000000  1.0
    0.420623   -0.430557  0.000000  1.0
    0.420623   -0.428557  0.000000  1.0
    0.420623   -0.426557  0.000000  1.0
    0.420623   -0.424557  0.000000  1.0
    0.420623   -0.422557  0.000000  1.0
    0.420623   -0.420557  0.000000  1.0
    0.420623   -0.418557  0.000000  1.0
    0.420623   -0.416557  0.000000  1.0
    0.420623   -0.414557  0.000000  1.0
    0.420623   -0.412557  0.000000  1.0
    0.420623   -0.410557  0.000000  1.0
    0.420623   -0.408557  0.000000  1.0
    0.420623   -0.406557  0.000000  1.0
    0.420623   -0.404557  0.000000  1.0
    0.420623   -0.402557  0.000000  1.0
    0.420623   -0.400557  0.000000  1.0
    0.420623   -0.398557  0.000000  1.0
    0.422623   -0.478557  0.000000  1.0
    0.422623   -0.476557  0.000000  1.0
    0.422623   -0.474557  0.000000  1.0
    0.422623   -0.472557  0.000000  1.0
    0.422623   -0.470557  0.000000  1.0
    0.422623   -0.468557  0.000000  1.0
    0.422623   -0.466557  0.000000  1.0
    0.422623   -0.464557  0.000000  1.0
    0.422623   -0.462557  0.000000  1.0
    0.422623   -0.460557  0.000000  1.0
    0.422623   -0.458557  0.000000  1.0
    0.422623   -0.456557  0.000000  1.0
    0.422623   -0.454557  0.000000  1.0
    0.422623   -0.452557  0.000000  1.0
    0.422623   -0.450557  0.000000  1.0
    0.422623   -0.448557  0.000000  1.0
    0.422623   -0.446557  0.000000  1.0
    0.422623   -0.444557  0.000000  1.0
    0.422623   -0.442557  0.000000  1.0
    0.422623   -0.440557  0.000000  1.0
    0.422623   -0.438557  0.000000  1.0
    0.422623   -0.436557  0.000000  1.0
    0.422623   -0.434557  0.000000  1.0
    0.422623   -0.432557  0.000000  1.0
    0.422623   -0.430557  0.000000  1.0
    0.422623   -0.428557  0.000000  1.0
    0.422623   -0.426557  0.000000  1.0
    0.422623   -0.424557  0.000000  1.0
    0.422623   -0.422557  0.000000  1.0
    0.422623   -0.420557  0.000000  1.0
    0.422623   -0.418557  0.000000  1.0
    0.422623   -0.416557  0.000000  1.0
    0.422623   -0.414557  0.000000  1.0
    0.422623   -0.412557  0.000000  1.0
    0.422623   -0.410557  0.000000  1.0
    0.422623   -0.408557  0.000000  1.0
    0.422623   -0.406557  0.000000  1.0
    0.422623   -0.404557  0.000000  1.0
    0.422623   -0.402557  0.000000  1.0
    0.422623   -0.400557  0.000000  1.0
    0.422623   -0.398557  0.000000  1.0
    0.424623   -0.478557  0.000000  1.0
    0.424623   -0.476557  0.000000  1.0
    0.424623   -0.474557  0.000000  1.0
    0.424623   -0.472557  0.000000  1.0
    0.424623   -0.470557  0.000000  1.0
    0.424623   -0.468557  0.000000  1.0
    0.424623   -0.466557  0.000000  1.0
    0.424623   -0.464557  0.000000  1.0
    0.424623   -0.462557  0.000000  1.0
    0.424623   -0.460557  0.000000  1.0
    0.424623   -0.458557  0.000000  1.0
    0.424623   -0.456557  0.000000  1.0
    0.424623   -0.454557  0.000000  1.0
    0.424623   -0.452557  0.000000  1.0
    0.424623   -0.450557  0.000000  1.0
    0.424623   -0.448557  0.000000  1.0
    0.424623   -0.446557  0.000000  1.0
    0.424623   -0.444557  0.000000  1.0
    0.424623   -0.442557  0.000000  1.0
    0.424623   -0.440557  0.000000  1.0
    0.424623   -0.438557  0.000000  1.0
    0.424623   -0.436557  0.000000  1.0
    0.424623   -0.434557  0.000000  1.0
    0.424623   -0.432557  0.000000  1.0
    0.424623   -0.430557  0.000000  1.0
    0.424623   -0.428557  0.000000  1.0
    0.424623   -0.426557  0.000000  1.0
    0.424623   -0.424557  0.000000  1.0
    0.424623   -0.422557  0.000000  1.0
    0.424623   -0.420557  0.000000  1.0
    0.424623   -0.418557  0.000000  1.0
    0.424623   -0.416557  0.000000  1.0
    0.424623   -0.414557  0.000000  1.0
    0.424623   -0.412557  0.000000  1.0
    0.424623   -0.410557  0.000000  1.0
    0.424623   -0.408557  0.000000  1.0
    0.424623   -0.406557  0.000000  1.0
    0.424623   -0.404557  0.000000  1.0
    0.424623   -0.402557  0.000000  1.0
    0.424623   -0.400557  0.000000  1.0
    0.424623   -0.398557  0.000000  1.0
    0.426623   -0.478557  0.000000  1.0
    0.426623   -0.476557  0.000000  1.0
    0.426623   -0.474557  0.000000  1.0
    0.426623   -0.472557  0.000000  1.0
    0.426623   -0.470557  0.000000  1.0
    0.426623   -0.468557  0.000000  1.0
    0.426623   -0.466557  0.000000  1.0
    0.426623   -0.464557  0.000000  1.0
    0.426623   -0.462557  0.000000  1.0
    0.426623   -0.460557  0.000000  1.0
    0.426623   -0.458557  0.000000  1.0
    0.426623   -0.456557  0.000000  1.0
    0.426623   -0.454557  0.000000  1.0
    0.426623   -0.452557  0.000000  1.0
    0.426623   -0.450557  0.000000  1.0
    0.426623   -0.448557  0.000000  1.0
    0.426623   -0.446557  0.000000  1.0
    0.426623   -0.444557  0.000000  1.0
    0.426623   -0.442557  0.000000  1.0
    0.426623   -0.440557  0.000000  1.0
    0.426623   -0.438557  0.000000  1.0
    0.426623   -0.436557  0.000000  1.0
    0.426623   -0.434557  0.000000  1.0
    0.426623   -0.432557  0.000000  1.0
    0.426623   -0.430557  0.000000  1.0
    0.426623   -0.428557  0.000000  1.0
    0.426623   -0.426557  0.000000  1.0
    0.426623   -0.424557  0.000000  1.0
    0.426623   -0.422557  0.000000  1.0
    0.426623   -0.420557  0.000000  1.0
    0.426623   -0.418557  0.000000  1.0
    0.426623   -0.416557  0.000000  1.0
    0.426623   -0.414557  0.000000  1.0
    0.426623   -0.412557  0.000000  1.0
    0.426623   -0.410557  0.000000  1.0
    0.426623   -0.408557  0.000000  1.0
    0.426623   -0.406557  0.000000  1.0
    0.426623   -0.404557  0.000000  1.0
    0.426623   -0.402557  0.000000  1.0
    0.426623   -0.400557  0.000000  1.0
    0.426623   -0.398557  0.000000  1.0
    0.428623   -0.478557  0.000000  1.0
    0.428623   -0.476557  0.000000  1.0
    0.428623   -0.474557  0.000000  1.0
    0.428623   -0.472557  0.000000  1.0
    0.428623   -0.470557  0.000000  1.0
    0.428623   -0.468557  0.000000  1.0
    0.428623   -0.466557  0.000000  1.0
    0.428623   -0.464557  0.000000  1.0
    0.428623   -0.462557  0.000000  1.0
    0.428623   -0.460557  0.000000  1.0
    0.428623   -0.458557  0.000000  1.0
    0.428623   -0.456557  0.000000  1.0
    0.428623   -0.454557  0.000000  1.0
    0.428623   -0.452557  0.000000  1.0
    0.428623   -0.450557  0.000000  1.0
    0.428623   -0.448557  0.000000  1.0
    0.428623   -0.446557  0.000000  1.0
    0.428623   -0.444557  0.000000  1.0
    0.428623   -0.442557  0.000000  1.0
    0.428623   -0.440557  0.000000  1.0
    0.428623   -0.438557  0.000000  1.0
    0.428623   -0.436557  0.000000  1.0
    0.428623   -0.434557  0.000000  1.0
    0.428623   -0.432557  0.000000  1.0
    0.428623   -0.430557  0.000000  1.0
    0.428623   -0.428557  0.000000  1.0
    0.428623   -0.426557  0.000000  1.0
    0.428623   -0.424557  0.000000  1.0
    0.428623   -0.422557  0.000000  1.0
    0.428623   -0.420557  0.000000  1.0
    0.428623   -0.418557  0.000000  1.0
    0.428623   -0.416557  0.000000  1.0
    0.428623   -0.414557  0.000000  1.0
    0.428623   -0.412557  0.000000  1.0
    0.428623   -0.410557  0.000000  1.0
    0.428623   -0.408557  0.000000  1.0
    0.428623   -0.406557  0.000000  1.0
    0.428623   -0.404557  0.000000  1.0
    0.428623   -0.402557  0.000000  1.0
    0.428623   -0.400557  0.000000  1.0
    0.428623   -0.398557  0.000000  1.0
    0.430623   -0.478557  0.000000  1.0
    0.430623   -0.476557  0.000000  1.0
    0.430623   -0.474557  0.000000  1.0
    0.430623   -0.472557  0.000000  1.0
    0.430623   -0.470557  0.000000  1.0
    0.430623   -0.468557  0.000000  1.0
    0.430623   -0.466557  0.000000  1.0
    0.430623   -0.464557  0.000000  1.0
    0.430623   -0.462557  0.000000  1.0
    0.430623   -0.460557  0.000000  1.0
    0.430623   -0.458557  0.000000  1.0
    0.430623   -0.456557  0.000000  1.0
    0.430623   -0.454557  0.000000  1.0
    0.430623   -0.452557  0.000000  1.0
    0.430623   -0.450557  0.000000  1.0
    0.430623   -0.448557  0.000000  1.0
    0.430623   -0.446557  0.000000  1.0
    0.430623   -0.444557  0.000000  1.0
    0.430623   -0.442557  0.000000  1.0
    0.430623   -0.440557  0.000000  1.0
    0.430623   -0.438557  0.000000  1.0
    0.430623   -0.436557  0.000000  1.0
    0.430623   -0.434557  0.000000  1.0
    0.430623   -0.432557  0.000000  1.0
    0.430623   -0.430557  0.000000  1.0
    0.430623   -0.428557  0.000000  1.0
    0.430623   -0.426557  0.000000  1.0
    0.430623   -0.424557  0.000000  1.0
    0.430623   -0.422557  0.000000  1.0
    0.430623   -0.420557  0.000000  1.0
    0.430623   -0.418557  0.000000  1.0
    0.430623   -0.416557  0.000000  1.0
    0.430623   -0.414557  0.000000  1.0
    0.430623   -0.412557  0.000000  1.0
    0.430623   -0.410557  0.000000  1.0
    0.430623   -0.408557  0.000000  1.0
    0.430623   -0.406557  0.000000  1.0
    0.430623   -0.404557  0.000000  1.0
    0.430623   -0.402557  0.000000  1.0
    0.430623   -0.400557  0.000000  1.0
    0.430623   -0.398557  0.000000  1.0
    0.432623   -0.478557  0.000000  1.0
    0.432623   -0.476557  0.000000  1.0
    0.432623   -0.474557  0.000000  1.0
    0.432623   -0.472557  0.000000  1.0
    0.432623   -0.470557  0.000000  1.0
    0.432623   -0.468557  0.000000  1.0
    0.432623   -0.466557  0.000000  1.0
    0.432623   -0.464557  0.000000  1.0
    0.432623   -0.462557  0.000000  1.0
    0.432623   -0.460557  0.000000  1.0
    0.432623   -0.458557  0.000000  1.0
    0.432623   -0.456557  0.000000  1.0
    0.432623   -0.454557  0.000000  1.0
    0.432623   -0.452557  0.000000  1.0
    0.432623   -0.450557  0.000000  1.0
    0.432623   -0.448557  0.000000  1.0
    0.432623   -0.446557  0.000000  1.0
    0.432623   -0.444557  0.000000  1.0
    0.432623   -0.442557  0.000000  1.0
    0.432623   -0.440557  0.000000  1.0
    0.432623   -0.438557  0.000000  1.0
    0.432623   -0.436557  0.000000  1.0
    0.432623   -0.434557  0.000000  1.0
    0.432623   -0.432557  0.000000  1.0
    0.432623   -0.430557  0.000000  1.0
    0.432623   -0.428557  0.000000  1.0
    0.432623   -0.426557  0.000000  1.0
    0.432623   -0.424557  0.000000  1.0
    0.432623   -0.422557  0.000000  1.0
    0.432623   -0.420557  0.000000  1.0
    0.432623   -0.418557  0.000000  1.0
    0.432623   -0.416557  0.000000  1.0
    0.432623   -0.414557  0.000000  1.0
    0.432623   -0.412557  0.000000  1.0
    0.432623   -0.410557  0.000000  1.0
    0.432623   -0.408557  0.000000  1.0
    0.432623   -0.406557  0.000000  1.0
    0.432623   -0.404557  0.000000  1.0
    0.432623   -0.402557  0.000000  1.0
    0.432623   -0.400557  0.000000  1.0
    0.432623   -0.398557  0.000000  1.0
    0.434623   -0.478557  0.000000  1.0
    0.434623   -0.476557  0.000000  1.0
    0.434623   -0.474557  0.000000  1.0
    0.434623   -0.472557  0.000000  1.0
    0.434623   -0.470557  0.000000  1.0
    0.434623   -0.468557  0.000000  1.0
    0.434623   -0.466557  0.000000  1.0
    0.434623   -0.464557  0.000000  1.0
    0.434623   -0.462557  0.000000  1.0
    0.434623   -0.460557  0.000000  1.0
    0.434623   -0.458557  0.000000  1.0
    0.434623   -0.456557  0.000000  1.0
    0.434623   -0.454557  0.000000  1.0
    0.434623   -0.452557  0.000000  1.0
    0.434623   -0.450557  0.000000  1.0
    0.434623   -0.448557  0.000000  1.0
    0.434623   -0.446557  0.000000  1.0
    0.434623   -0.444557  0.000000  1.0
    0.434623   -0.442557  0.000000  1.0
    0.434623   -0.440557  0.000000  1.0
    0.434623   -0.438557  0.000000  1.0
    0.434623   -0.436557  0.000000  1.0
    0.434623   -0.434557  0.000000  1.0
    0.434623   -0.432557  0.000000  1.0
    0.434623   -0.430557  0.000000  1.0
    0.434623   -0.428557  0.000000  1.0
    0.434623   -0.426557  0.000000  1.0
    0.434623   -0.424557  0.000000  1.0
    0.434623   -0.422557  0.000000  1.0
    0.434623   -0.420557  0.000000  1.0
    0.434623   -0.418557  0.000000  1.0
    0.434623   -0.416557  0.000000  1.0
    0.434623   -0.414557  0.000000  1.0
    0.434623   -0.412557  0.000000  1.0
    0.434623   -0.410557  0.000000  1.0
    0.434623   -0.408557  0.000000  1.0
    0.434623   -0.406557  0.000000  1.0
    0.434623   -0.404557  0.000000  1.0
    0.434623   -0.402557  0.000000  1.0
    0.434623   -0.400557  0.000000  1.0
    0.434623   -0.398557  0.000000  1.0
    0.436623   -0.478557  0.000000  1.0
    0.436623   -0.476557  0.000000  1.0
    0.436623   -0.474557  0.000000  1.0
    0.436623   -0.472557  0.000000  1.0
    0.436623   -0.470557  0.000000  1.0
    0.436623   -0.468557  0.000000  1.0
    0.436623   -0.466557  0.000000  1.0
    0.436623   -0.464557  0.000000  1.0
    0.436623   -0.462557  0.000000  1.0
    0.436623   -0.460557  0.000000  1.0
    0.436623   -0.458557  0.000000  1.0
    0.436623   -0.456557  0.000000  1.0
    0.436623   -0.454557  0.000000  1.0
    0.436623   -0.452557  0.000000  1.0
    0.436623   -0.450557  0.000000  1.0
    0.436623   -0.448557  0.000000  1.0
    0.436623   -0.446557  0.000000  1.0
    0.436623   -0.444557  0.000000  1.0
    0.436623   -0.442557  0.000000  1.0
    0.436623   -0.440557  0.000000  1.0
    0.436623   -0.438557  0.000000  1.0
    0.436623   -0.436557  0.000000  1.0
    0.436623   -0.434557  0.000000  1.0
    0.436623   -0.432557  0.000000  1.0
    0.436623   -0.430557  0.000000  1.0
    0.436623   -0.428557  0.000000  1.0
    0.436623   -0.426557  0.000000  1.0
    0.436623   -0.424557  0.000000  1.0
    0.436623   -0.422557  0.000000  1.0
    0.436623   -0.420557  0.000000  1.0
    0.436623   -0.418557  0.000000  1.0
    0.436623   -0.416557  0.000000  1.0
    0.436623   -0.414557  0.000000  1.0
    0.436623   -0.412557  0.000000  1.0
    0.436623   -0.410557  0.000000  1.0
    0.436623   -0.408557  0.000000  1.0
    0.436623   -0.406557  0.000000  1.0
    0.436623   -0.404557  0.000000  1.0
    0.436623   -0.402557  0.000000  1.0
    0.436623   -0.400557  0.000000  1.0
    0.436623   -0.398557  0.000000  1.0
    0.438623   -0.478557  0.000000  1.0
    0.438623   -0.476557  0.000000  1.0
    0.438623   -0.474557  0.000000  1.0
    0.438623   -0.472557  0.000000  1.0
    0.438623   -0.470557  0.000000  1.0
    0.438623   -0.468557  0.000000  1.0
    0.438623   -0.466557  0.000000  1.0
    0.438623   -0.464557  0.000000  1.0
    0.438623   -0.462557  0.000000  1.0
    0.438623   -0.460557  0.000000  1.0
    0.438623   -0.458557  0.000000  1.0
    0.438623   -0.456557  0.000000  1.0
    0.438623   -0.454557  0.000000  1.0
    0.438623   -0.452557  0.000000  1.0
    0.438623   -0.450557  0.000000  1.0
    0.438623   -0.448557  0.000000  1.0
    0.438623   -0.446557  0.000000  1.0
    0.438623   -0.444557  0.000000  1.0
    0.438623   -0.442557  0.000000  1.0
    0.438623   -0.440557  0.000000  1.0
    0.438623   -0.438557  0.000000  1.0
    0.438623   -0.436557  0.000000  1.0
    0.438623   -0.434557  0.000000  1.0
    0.438623   -0.432557  0.000000  1.0
    0.438623   -0.430557  0.000000  1.0
    0.438623   -0.428557  0.000000  1.0
    0.438623   -0.426557  0.000000  1.0
    0.438623   -0.424557  0.000000  1.0
    0.438623   -0.422557  0.000000  1.0
    0.438623   -0.420557  0.000000  1.0
    0.438623   -0.418557  0.000000  1.0
    0.438623   -0.416557  0.000000  1.0
    0.438623   -0.414557  0.000000  1.0
    0.438623   -0.412557  0.000000  1.0
    0.438623   -0.410557  0.000000  1.0
    0.438623   -0.408557  0.000000  1.0
    0.438623   -0.406557  0.000000  1.0
    0.438623   -0.404557  0.000000  1.0
    0.438623   -0.402557  0.000000  1.0
    0.438623   -0.400557  0.000000  1.0
    0.438623   -0.398557  0.000000  1.0
    0.440623   -0.478557  0.000000  1.0
    0.440623   -0.476557  0.000000  1.0
    0.440623   -0.474557  0.000000  1.0
    0.440623   -0.472557  0.000000  1.0
    0.440623   -0.470557  0.000000  1.0
    0.440623   -0.468557  0.000000  1.0
    0.440623   -0.466557  0.000000  1.0
    0.440623   -0.464557  0.000000  1.0
    0.440623   -0.462557  0.000000  1.0
    0.440623   -0.460557  0.000000  1.0
    0.440623   -0.458557  0.000000  1.0
    0.440623   -0.456557  0.000000  1.0
    0.440623   -0.454557  0.000000  1.0
    0.440623   -0.452557  0.000000  1.0
    0.440623   -0.450557  0.000000  1.0
    0.440623   -0.448557  0.000000  1.0
    0.440623   -0.446557  0.000000  1.0
    0.440623   -0.444557  0.000000  1.0
    0.440623   -0.442557  0.000000  1.0
    0.440623   -0.440557  0.000000  1.0
    0.440623   -0.438557  0.000000  1.0
    0.440623   -0.436557  0.000000  1.0
    0.440623   -0.434557  0.000000  1.0
    0.440623   -0.432557  0.000000  1.0
    0.440623   -0.430557  0.000000  1.0
    0.440623   -0.428557  0.000000  1.0
    0.440623   -0.426557  0.000000  1.0
    0.440623   -0.424557  0.000000  1.0
    0.440623   -0.422557  0.000000  1.0
    0.440623   -0.420557  0.000000  1.0
    0.440623   -0.418557  0.000000  1.0
    0.440623   -0.416557  0.000000  1.0
    0.440623   -0.414557  0.000000  1.0
    0.440623   -0.412557  0.000000  1.0
    0.440623   -0.410557  0.000000  1.0
    0.440623   -0.408557  0.000000  1.0
    0.440623   -0.406557  0.000000  1.0
    0.440623   -0.404557  0.000000  1.0
    0.440623   -0.402557  0.000000  1.0
    0.440623   -0.400557  0.000000  1.0
    0.440623   -0.398557  0.000000  1.0
    0.442623   -0.478557  0.000000  1.0
    0.442623   -0.476557  0.000000  1.0
    0.442623   -0.474557  0.000000  1.0
    0.442623   -0.472557  0.000000  1.0
    0.442623   -0.470557  0.000000  1.0
    0.442623   -0.468557  0.000000  1.0
    0.442623   -0.466557  0.000000  1.0
    0.442623   -0.464557  0.000000  1.0
    0.442623   -0.462557  0.000000  1.0
    0.442623   -0.460557  0.000000  1.0
    0.442623   -0.458557  0.000000  1.0
    0.442623   -0.456557  0.000000  1.0
    0.442623   -0.454557  0.000000  1.0
    0.442623   -0.452557  0.000000  1.0
    0.442623   -0.450557  0.000000  1.0
    0.442623   -0.448557  0.000000  1.0
    0.442623   -0.446557  0.000000  1.0
    0.442623   -0.444557  0.000000  1.0
    0.442623   -0.442557  0.000000  1.0
    0.442623   -0.440557  0.000000  1.0
    0.442623   -0.438557  0.000000  1.0
    0.442623   -0.436557  0.000000  1.0
    0.442623   -0.434557  0.000000  1.0
    0.442623   -0.432557  0.000000  1.0
    0.442623   -0.430557  0.000000  1.0
    0.442623   -0.428557  0.000000  1.0
    0.442623   -0.426557  0.000000  1.0
    0.442623   -0.424557  0.000000  1.0
    0.442623   -0.422557  0.000000  1.0
    0.442623   -0.420557  0.000000  1.0
    0.442623   -0.418557  0.000000  1.0
    0.442623   -0.416557  0.000000  1.0
    0.442623   -0.414557  0.000000  1.0
    0.442623   -0.412557  0.000000  1.0
    0.442623   -0.410557  0.000000  1.0
    0.442623   -0.408557  0.000000  1.0
    0.442623   -0.406557  0.000000  1.0
    0.442623   -0.404557  0.000000  1.0
    0.442623   -0.402557  0.000000  1.0
    0.442623   -0.400557  0.000000  1.0
    0.442623   -0.398557  0.000000  1.0
    0.444623   -0.478557  0.000000  1.0
    0.444623   -0.476557  0.000000  1.0
    0.444623   -0.474557  0.000000  1.0
    0.444623   -0.472557  0.000000  1.0
    0.444623   -0.470557  0.000000  1.0
    0.444623   -0.468557  0.000000  1.0
    0.444623   -0.466557  0.000000  1.0
    0.444623   -0.464557  0.000000  1.0
    0.444623   -0.462557  0.000000  1.0
    0.444623   -0.460557  0.000000  1.0
    0.444623   -0.458557  0.000000  1.0
    0.444623   -0.456557  0.000000  1.0
    0.444623   -0.454557  0.000000  1.0
    0.444623   -0.452557  0.000000  1.0
    0.444623   -0.450557  0.000000  1.0
    0.444623   -0.448557  0.000000  1.0
    0.444623   -0.446557  0.000000  1.0
    0.444623   -0.444557  0.000000  1.0
    0.444623   -0.442557  0.000000  1.0
    0.444623   -0.440557  0.000000  1.0
    0.444623   -0.438557  0.000000  1.0
    0.444623   -0.436557  0.000000  1.0
    0.444623   -0.434557  0.000000  1.0
    0.444623   -0.432557  0.000000  1.0
    0.444623   -0.430557  0.000000  1.0
    0.444623   -0.428557  0.000000  1.0
    0.444623   -0.426557  0.000000  1.0
    0.444623   -0.424557  0.000000  1.0
    0.444623   -0.422557  0.000000  1.0
    0.444623   -0.420557  0.000000  1.0
    0.444623   -0.418557  0.000000  1.0
    0.444623   -0.416557  0.000000  1.0
    0.444623   -0.414557  0.000000  1.0
    0.444623   -0.412557  0.000000  1.0
    0.444623   -0.410557  0.000000  1.0
    0.444623   -0.408557  0.000000  1.0
    0.444623   -0.406557  0.000000  1.0
    0.444623   -0.404557  0.000000  1.0
    0.444623   -0.402557  0.000000  1.0
    0.444623   -0.400557  0.000000  1.0
    0.444623   -0.398557  0.000000  1.0
    0.446623   -0.478557  0.000000  1.0
    0.446623   -0.476557  0.000000  1.0
    0.446623   -0.474557  0.000000  1.0
    0.446623   -0.472557  0.000000  1.0
    0.446623   -0.470557  0.000000  1.0
    0.446623   -0.468557  0.000000  1.0
    0.446623   -0.466557  0.000000  1.0
    0.446623   -0.464557  0.000000  1.0
    0.446623   -0.462557  0.000000  1.0
    0.446623   -0.460557  0.000000  1.0
    0.446623   -0.458557  0.000000  1.0
    0.446623   -0.456557  0.000000  1.0
    0.446623   -0.454557  0.000000  1.0
    0.446623   -0.452557  0.000000  1.0
    0.446623   -0.450557  0.000000  1.0
    0.446623   -0.448557  0.000000  1.0
    0.446623   -0.446557  0.000000  1.0
    0.446623   -0.444557  0.000000  1.0
    0.446623   -0.442557  0.000000  1.0
    0.446623   -0.440557  0.000000  1.0
    0.446623   -0.438557  0.000000  1.0
    0.446623   -0.436557  0.000000  1.0
    0.446623   -0.434557  0.000000  1.0
    0.446623   -0.432557  0.000000  1.0
    0.446623   -0.430557  0.000000  1.0
    0.446623   -0.428557  0.000000  1.0
    0.446623   -0.426557  0.000000  1.0
    0.446623   -0.424557  0.000000  1.0
    0.446623   -0.422557  0.000000  1.0
    0.446623   -0.420557  0.000000  1.0
    0.446623   -0.418557  0.000000  1.0
    0.446623   -0.416557  0.000000  1.0
    0.446623   -0.414557  0.000000  1.0
    0.446623   -0.412557  0.000000  1.0
    0.446623   -0.410557  0.000000  1.0
    0.446623   -0.408557  0.000000  1.0
    0.446623   -0.406557  0.000000  1.0
    0.446623   -0.404557  0.000000  1.0
    0.446623   -0.402557  0.000000  1.0
    0.446623   -0.400557  0.000000  1.0
    0.446623   -0.398557  0.000000  1.0
    0.448623   -0.478557  0.000000  1.0
    0.448623   -0.476557  0.000000  1.0
    0.448623   -0.474557  0.000000  1.0
    0.448623   -0.472557  0.000000  1.0
    0.448623   -0.470557  0.000000  1.0
    0.448623   -0.468557  0.000000  1.0
    0.448623   -0.466557  0.000000  1.0
    0.448623   -0.464557  0.000000  1.0
    0.448623   -0.462557  0.000000  1.0
    0.448623   -0.460557  0.000000  1.0
    0.448623   -0.458557  0.000000  1.0
    0.448623   -0.456557  0.000000  1.0
    0.448623   -0.454557  0.000000  1.0
    0.448623   -0.452557  0.000000  1.0
    0.448623   -0.450557  0.000000  1.0
    0.448623   -0.448557  0.000000  1.0
    0.448623   -0.446557  0.000000  1.0
    0.448623   -0.444557  0.000000  1.0
    0.448623   -0.442557  0.000000  1.0
    0.448623   -0.440557  0.000000  1.0
    0.448623   -0.438557  0.000000  1.0
    0.448623   -0.436557  0.000000  1.0
    0.448623   -0.434557  0.000000  1.0
    0.448623   -0.432557  0.000000  1.0
    0.448623   -0.430557  0.000000  1.0
    0.448623   -0.428557  0.000000  1.0
    0.448623   -0.426557  0.000000  1.0
    0.448623   -0.424557  0.000000  1.0
    0.448623   -0.422557  0.000000  1.0
    0.448623   -0.420557  0.000000  1.0
    0.448623   -0.418557  0.000000  1.0
    0.448623   -0.416557  0.000000  1.0
    0.448623   -0.414557  0.000000  1.0
    0.448623   -0.412557  0.000000  1.0
    0.448623   -0.410557  0.000000  1.0
    0.448623   -0.408557  0.000000  1.0
    0.448623   -0.406557  0.000000  1.0
    0.448623   -0.404557  0.000000  1.0
    0.448623   -0.402557  0.000000  1.0
    0.448623   -0.400557  0.000000  1.0
    0.448623   -0.398557  0.000000  1.0
    0.450623   -0.478557  0.000000  1.0
    0.450623   -0.476557  0.000000  1.0
    0.450623   -0.474557  0.000000  1.0
    0.450623   -0.472557  0.000000  1.0
    0.450623   -0.470557  0.000000  1.0
    0.450623   -0.468557  0.000000  1.0
    0.450623   -0.466557  0.000000  1.0
    0.450623   -0.464557  0.000000  1.0
    0.450623   -0.462557  0.000000  1.0
    0.450623   -0.460557  0.000000  1.0
    0.450623   -0.458557  0.000000  1.0
    0.450623   -0.456557  0.000000  1.0
    0.450623   -0.454557  0.000000  1.0
    0.450623   -0.452557  0.000000  1.0
    0.450623   -0.450557  0.000000  1.0
    0.450623   -0.448557  0.000000  1.0
    0.450623   -0.446557  0.000000  1.0
    0.450623   -0.444557  0.000000  1.0
    0.450623   -0.442557  0.000000  1.0
    0.450623   -0.440557  0.000000  1.0
    0.450623   -0.438557  0.000000  1.0
    0.450623   -0.436557  0.000000  1.0
    0.450623   -0.434557  0.000000  1.0
    0.450623   -0.432557  0.000000  1.0
    0.450623   -0.430557  0.000000  1.0
    0.450623   -0.428557  0.000000  1.0
    0.450623   -0.426557  0.000000  1.0
    0.450623   -0.424557  0.000000  1.0
    0.450623   -0.422557  0.000000  1.0
    0.450623   -0.420557  0.000000  1.0
    0.450623   -0.418557  0.000000  1.0
    0.450623   -0.416557  0.000000  1.0
    0.450623   -0.414557  0.000000  1.0
    0.450623   -0.412557  0.000000  1.0
    0.450623   -0.410557  0.000000  1.0
    0.450623   -0.408557  0.000000  1.0
    0.450623   -0.406557  0.000000  1.0
    0.450623   -0.404557  0.000000  1.0
    0.450623   -0.402557  0.000000  1.0
    0.450623   -0.400557  0.000000  1.0
    0.450623   -0.398557  0.000000  1.0
    0.452623   -0.478557  0.000000  1.0
    0.452623   -0.476557  0.000000  1.0
    0.452623   -0.474557  0.000000  1.0
    0.452623   -0.472557  0.000000  1.0
    0.452623   -0.470557  0.000000  1.0
    0.452623   -0.468557  0.000000  1.0
    0.452623   -0.466557  0.000000  1.0
    0.452623   -0.464557  0.000000  1.0
    0.452623   -0.462557  0.000000  1.0
    0.452623   -0.460557  0.000000  1.0
    0.452623   -0.458557  0.000000  1.0
    0.452623   -0.456557  0.000000  1.0
    0.452623   -0.454557  0.000000  1.0
    0.452623   -0.452557  0.000000  1.0
    0.452623   -0.450557  0.000000  1.0
    0.452623   -0.448557  0.000000  1.0
    0.452623   -0.446557  0.000000  1.0
    0.452623   -0.444557  0.000000  1.0
    0.452623   -0.442557  0.000000  1.0
    0.452623   -0.440557  0.000000  1.0
    0.452623   -0.438557  0.000000  1.0
    0.452623   -0.436557  0.000000  1.0
    0.452623   -0.434557  0.000000  1.0
    0.452623   -0.432557  0.000000  1.0
    0.452623   -0.430557  0.000000  1.0
    0.452623   -0.428557  0.000000  1.0
    0.452623   -0.426557  0.000000  1.0
    0.452623   -0.424557  0.000000  1.0
    0.452623   -0.422557  0.000000  1.0
    0.452623   -0.420557  0.000000  1.0
    0.452623   -0.418557  0.000000  1.0
    0.452623   -0.416557  0.000000  1.0
    0.452623   -0.414557  0.000000  1.0
    0.452623   -0.412557  0.000000  1.0
    0.452623   -0.410557  0.000000  1.0
    0.452623   -0.408557  0.000000  1.0
    0.452623   -0.406557  0.000000  1.0
    0.452623   -0.404557  0.000000  1.0
    0.452623   -0.402557  0.000000  1.0
    0.452623   -0.400557  0.000000  1.0
    0.452623   -0.398557  0.000000  1.0
    0.454623   -0.478557  0.000000  1.0
    0.454623   -0.476557  0.000000  1.0
    0.454623   -0.474557  0.000000  1.0
    0.454623   -0.472557  0.000000  1.0
    0.454623   -0.470557  0.000000  1.0
    0.454623   -0.468557  0.000000  1.0
    0.454623   -0.466557  0.000000  1.0
    0.454623   -0.464557  0.000000  1.0
    0.454623   -0.462557  0.000000  1.0
    0.454623   -0.460557  0.000000  1.0
    0.454623   -0.458557  0.000000  1.0
    0.454623   -0.456557  0.000000  1.0
    0.454623   -0.454557  0.000000  1.0
    0.454623   -0.452557  0.000000  1.0
    0.454623   -0.450557  0.000000  1.0
    0.454623   -0.448557  0.000000  1.0
    0.454623   -0.446557  0.000000  1.0
    0.454623   -0.444557  0.000000  1.0
    0.454623   -0.442557  0.000000  1.0
    0.454623   -0.440557  0.000000  1.0
    0.454623   -0.438557  0.000000  1.0
    0.454623   -0.436557  0.000000  1.0
    0.454623   -0.434557  0.000000  1.0
    0.454623   -0.432557  0.000000  1.0
    0.454623   -0.430557  0.000000  1.0
    0.454623   -0.428557  0.000000  1.0
    0.454623   -0.426557  0.000000  1.0
    0.454623   -0.424557  0.000000  1.0
    0.454623   -0.422557  0.000000  1.0
    0.454623   -0.420557  0.000000  1.0
    0.454623   -0.418557  0.000000  1.0
    0.454623   -0.416557  0.000000  1.0
    0.454623   -0.414557  0.000000  1.0
    0.454623   -0.412557  0.000000  1.0
    0.454623   -0.410557  0.000000  1.0
    0.454623   -0.408557  0.000000  1.0
    0.454623   -0.406557  0.000000  1.0
    0.454623   -0.404557  0.000000  1.0
    0.454623   -0.402557  0.000000  1.0
    0.454623   -0.400557  0.000000  1.0
    0.454623   -0.398557  0.000000  1.0
    0.456623   -0.478557  0.000000  1.0
    0.456623   -0.476557  0.000000  1.0
    0.456623   -0.474557  0.000000  1.0
    0.456623   -0.472557  0.000000  1.0
    0.456623   -0.470557  0.000000  1.0
    0.456623   -0.468557  0.000000  1.0
    0.456623   -0.466557  0.000000  1.0
    0.456623   -0.464557  0.000000  1.0
    0.456623   -0.462557  0.000000  1.0
    0.456623   -0.460557  0.000000  1.0
    0.456623   -0.458557  0.000000  1.0
    0.456623   -0.456557  0.000000  1.0
    0.456623   -0.454557  0.000000  1.0
    0.456623   -0.452557  0.000000  1.0
    0.456623   -0.450557  0.000000  1.0
    0.456623   -0.448557  0.000000  1.0
    0.456623   -0.446557  0.000000  1.0
    0.456623   -0.444557  0.000000  1.0
    0.456623   -0.442557  0.000000  1.0
    0.456623   -0.440557  0.000000  1.0
    0.456623   -0.438557  0.000000  1.0
    0.456623   -0.436557  0.000000  1.0
    0.456623   -0.434557  0.000000  1.0
    0.456623   -0.432557  0.000000  1.0
    0.456623   -0.430557  0.000000  1.0
    0.456623   -0.428557  0.000000  1.0
    0.456623   -0.426557  0.000000  1.0
    0.456623   -0.424557  0.000000  1.0
    0.456623   -0.422557  0.000000  1.0
    0.456623   -0.420557  0.000000  1.0
    0.456623   -0.418557  0.000000  1.0
    0.456623   -0.416557  0.000000  1.0
    0.456623   -0.414557  0.000000  1.0
    0.456623   -0.412557  0.000000  1.0
    0.456623   -0.410557  0.000000  1.0
    0.456623   -0.408557  0.000000  1.0
    0.456623   -0.406557  0.000000  1.0
    0.456623   -0.404557  0.000000  1.0
    0.456623   -0.402557  0.000000  1.0
    0.456623   -0.400557  0.000000  1.0
    0.456623   -0.398557  0.000000  1.0
    0.458623   -0.478557  0.000000  1.0
    0.458623   -0.476557  0.000000  1.0
    0.458623   -0.474557  0.000000  1.0
    0.458623   -0.472557  0.000000  1.0
    0.458623   -0.470557  0.000000  1.0
    0.458623   -0.468557  0.000000  1.0
    0.458623   -0.466557  0.000000  1.0
    0.458623   -0.464557  0.000000  1.0
    0.458623   -0.462557  0.000000  1.0
    0.458623   -0.460557  0.000000  1.0
    0.458623   -0.458557  0.000000  1.0
    0.458623   -0.456557  0.000000  1.0
    0.458623   -0.454557  0.000000  1.0
    0.458623   -0.452557  0.000000  1.0
    0.458623   -0.450557  0.000000  1.0
    0.458623   -0.448557  0.000000  1.0
    0.458623   -0.446557  0.000000  1.0
    0.458623   -0.444557  0.000000  1.0
    0.458623   -0.442557  0.000000  1.0
    0.458623   -0.440557  0.000000  1.0
    0.458623   -0.438557  0.000000  1.0
    0.458623   -0.436557  0.000000  1.0
    0.458623   -0.434557  0.000000  1.0
    0.458623   -0.432557  0.000000  1.0
    0.458623   -0.430557  0.000000  1.0
    0.458623   -0.428557  0.000000  1.0
    0.458623   -0.426557  0.000000  1.0
    0.458623   -0.424557  0.000000  1.0
    0.458623   -0.422557  0.000000  1.0
    0.458623   -0.420557  0.000000  1.0
    0.458623   -0.418557  0.000000  1.0
    0.458623   -0.416557  0.000000  1.0
    0.458623   -0.414557  0.000000  1.0
    0.458623   -0.412557  0.000000  1.0
    0.458623   -0.410557  0.000000  1.0
    0.458623   -0.408557  0.000000  1.0
    0.458623   -0.406557  0.000000  1.0
    0.458623   -0.404557  0.000000  1.0
    0.458623   -0.402557  0.000000  1.0
    0.458623   -0.400557  0.000000  1.0
    0.458623   -0.398557  0.000000  1.0
    0.460623   -0.478557  0.000000  1.0
    0.460623   -0.476557  0.000000  1.0
    0.460623   -0.474557  0.000000  1.0
    0.460623   -0.472557  0.000000  1.0
    0.460623   -0.470557  0.000000  1.0
    0.460623   -0.468557  0.000000  1.0
    0.460623   -0.466557  0.000000  1.0
    0.460623   -0.464557  0.000000  1.0
    0.460623   -0.462557  0.000000  1.0
    0.460623   -0.460557  0.000000  1.0
    0.460623   -0.458557  0.000000  1.0
    0.460623   -0.456557  0.000000  1.0
    0.460623   -0.454557  0.000000  1.0
    0.460623   -0.452557  0.000000  1.0
    0.460623   -0.450557  0.000000  1.0
    0.460623   -0.448557  0.000000  1.0
    0.460623   -0.446557  0.000000  1.0
    0.460623   -0.444557  0.000000  1.0
    0.460623   -0.442557  0.000000  1.0
    0.460623   -0.440557  0.000000  1.0
    0.460623   -0.438557  0.000000  1.0
    0.460623   -0.436557  0.000000  1.0
    0.460623   -0.434557  0.000000  1.0
    0.460623   -0.432557  0.000000  1.0
    0.460623   -0.430557  0.000000  1.0
    0.460623   -0.428557  0.000000  1.0
    0.460623   -0.426557  0.000000  1.0
    0.460623   -0.424557  0.000000  1.0
    0.460623   -0.422557  0.000000  1.0
    0.460623   -0.420557  0.000000  1.0
    0.460623   -0.418557  0.000000  1.0
    0.460623   -0.416557  0.000000  1.0
    0.460623   -0.414557  0.000000  1.0
    0.460623   -0.412557  0.000000  1.0
    0.460623   -0.410557  0.000000  1.0
    0.460623   -0.408557  0.000000  1.0
    0.460623   -0.406557  0.000000  1.0
    0.460623   -0.404557  0.000000  1.0
    0.460623   -0.402557  0.000000  1.0
    0.460623   -0.400557  0.000000  1.0
    0.460623   -0.398557  0.000000  1.0
    0.462623   -0.478557  0.000000  1.0
    0.462623   -0.476557  0.000000  1.0
    0.462623   -0.474557  0.000000  1.0
    0.462623   -0.472557  0.000000  1.0
    0.462623   -0.470557  0.000000  1.0
    0.462623   -0.468557  0.000000  1.0
    0.462623   -0.466557  0.000000  1.0
    0.462623   -0.464557  0.000000  1.0
    0.462623   -0.462557  0.000000  1.0
    0.462623   -0.460557  0.000000  1.0
    0.462623   -0.458557  0.000000  1.0
    0.462623   -0.456557  0.000000  1.0
    0.462623   -0.454557  0.000000  1.0
    0.462623   -0.452557  0.000000  1.0
    0.462623   -0.450557  0.000000  1.0
    0.462623   -0.448557  0.000000  1.0
    0.462623   -0.446557  0.000000  1.0
    0.462623   -0.444557  0.000000  1.0
    0.462623   -0.442557  0.000000  1.0
    0.462623   -0.440557  0.000000  1.0
    0.462623   -0.438557  0.000000  1.0
    0.462623   -0.436557  0.000000  1.0
    0.462623   -0.434557  0.000000  1.0
    0.462623   -0.432557  0.000000  1.0
    0.462623   -0.430557  0.000000  1.0
    0.462623   -0.428557  0.000000  1.0
    0.462623   -0.426557  0.000000  1.0
    0.462623   -0.424557  0.000000  1.0
    0.462623   -0.422557  0.000000  1.0
    0.462623   -0.420557  0.000000  1.0
    0.462623   -0.418557  0.000000  1.0
    0.462623   -0.416557  0.000000  1.0
    0.462623   -0.414557  0.000000  1.0
    0.462623   -0.412557  0.000000  1.0
    0.462623   -0.410557  0.000000  1.0
    0.462623   -0.408557  0.000000  1.0
    0.462623   -0.406557  0.000000  1.0
    0.462623   -0.404557  0.000000  1.0
    0.462623   -0.402557  0.000000  1.0
    0.462623   -0.400557  0.000000  1.0
    0.462623   -0.398557  0.000000  1.0
    0.464623   -0.478557  0.000000  1.0
    0.464623   -0.476557  0.000000  1.0
    0.464623   -0.474557  0.000000  1.0
    0.464623   -0.472557  0.000000  1.0
    0.464623   -0.470557  0.000000  1.0
    0.464623   -0.468557  0.000000  1.0
    0.464623   -0.466557  0.000000  1.0
    0.464623   -0.464557  0.000000  1.0
    0.464623   -0.462557  0.000000  1.0
    0.464623   -0.460557  0.000000  1.0
    0.464623   -0.458557  0.000000  1.0
    0.464623   -0.456557  0.000000  1.0
    0.464623   -0.454557  0.000000  1.0
    0.464623   -0.452557  0.000000  1.0
    0.464623   -0.450557  0.000000  1.0
    0.464623   -0.448557  0.000000  1.0
    0.464623   -0.446557  0.000000  1.0
    0.464623   -0.444557  0.000000  1.0
    0.464623   -0.442557  0.000000  1.0
    0.464623   -0.440557  0.000000  1.0
    0.464623   -0.438557  0.000000  1.0
    0.464623   -0.436557  0.000000  1.0
    0.464623   -0.434557  0.000000  1.0
    0.464623   -0.432557  0.000000  1.0
    0.464623   -0.430557  0.000000  1.0
    0.464623   -0.428557  0.000000  1.0
    0.464623   -0.426557  0.000000  1.0
    0.464623   -0.424557  0.000000  1.0
    0.464623   -0.422557  0.000000  1.0
    0.464623   -0.420557  0.000000  1.0
    0.464623   -0.418557  0.000000  1.0
    0.464623   -0.416557  0.000000  1.0
    0.464623   -0.414557  0.000000  1.0
    0.464623   -0.412557  0.000000  1.0
    0.464623   -0.410557  0.000000  1.0
    0.464623   -0.408557  0.000000  1.0
    0.464623   -0.406557  0.000000  1.0
    0.464623   -0.404557  0.000000  1.0
    0.464623   -0.402557  0.000000  1.0
    0.464623   -0.400557  0.000000  1.0
    0.464623   -0.398557  0.000000  1.0
    0.466623   -0.478557  0.000000  1.0
    0.466623   -0.476557  0.000000  1.0
    0.466623   -0.474557  0.000000  1.0
    0.466623   -0.472557  0.000000  1.0
    0.466623   -0.470557  0.000000  1.0
    0.466623   -0.468557  0.000000  1.0
    0.466623   -0.466557  0.000000  1.0
    0.466623   -0.464557  0.000000  1.0
    0.466623   -0.462557  0.000000  1.0
    0.466623   -0.460557  0.000000  1.0
    0.466623   -0.458557  0.000000  1.0
    0.466623   -0.456557  0.000000  1.0
    0.466623   -0.454557  0.000000  1.0
    0.466623   -0.452557  0.000000  1.0
    0.466623   -0.450557  0.000000  1.0
    0.466623   -0.448557  0.000000  1.0
    0.466623   -0.446557  0.000000  1.0
    0.466623   -0.444557  0.000000  1.0
    0.466623   -0.442557  0.000000  1.0
    0.466623   -0.440557  0.000000  1.0
    0.466623   -0.438557  0.000000  1.0
    0.466623   -0.436557  0.000000  1.0
    0.466623   -0.434557  0.000000  1.0
    0.466623   -0.432557  0.000000  1.0
    0.466623   -0.430557  0.000000  1.0
    0.466623   -0.428557  0.000000  1.0
    0.466623   -0.426557  0.000000  1.0
    0.466623   -0.424557  0.000000  1.0
    0.466623   -0.422557  0.000000  1.0
    0.466623   -0.420557  0.000000  1.0
    0.466623   -0.418557  0.000000  1.0
    0.466623   -0.416557  0.000000  1.0
    0.466623   -0.414557  0.000000  1.0
    0.466623   -0.412557  0.000000  1.0
    0.466623   -0.410557  0.000000  1.0
    0.466623   -0.408557  0.000000  1.0
    0.466623   -0.406557  0.000000  1.0
    0.466623   -0.404557  0.000000  1.0
    0.466623   -0.402557  0.000000  1.0
    0.466623   -0.400557  0.000000  1.0
    0.466623   -0.398557  0.000000  1.0
    0.468623   -0.478557  0.000000  1.0
    0.468623   -0.476557  0.000000  1.0
    0.468623   -0.474557  0.000000  1.0
    0.468623   -0.472557  0.000000  1.0
    0.468623   -0.470557  0.000000  1.0
    0.468623   -0.468557  0.000000  1.0
    0.468623   -0.466557  0.000000  1.0
    0.468623   -0.464557  0.000000  1.0
    0.468623   -0.462557  0.000000  1.0
    0.468623   -0.460557  0.000000  1.0
    0.468623   -0.458557  0.000000  1.0
    0.468623   -0.456557  0.000000  1.0
    0.468623   -0.454557  0.000000  1.0
    0.468623   -0.452557  0.000000  1.0
    0.468623   -0.450557  0.000000  1.0
    0.468623   -0.448557  0.000000  1.0
    0.468623   -0.446557  0.000000  1.0
    0.468623   -0.444557  0.000000  1.0
    0.468623   -0.442557  0.000000  1.0
    0.468623   -0.440557  0.000000  1.0
    0.468623   -0.438557  0.000000  1.0
    0.468623   -0.436557  0.000000  1.0
    0.468623   -0.434557  0.000000  1.0
    0.468623   -0.432557  0.000000  1.0
    0.468623   -0.430557  0.000000  1.0
    0.468623   -0.428557  0.000000  1.0
    0.468623   -0.426557  0.000000  1.0
    0.468623   -0.424557  0.000000  1.0
    0.468623   -0.422557  0.000000  1.0
    0.468623   -0.420557  0.000000  1.0
    0.468623   -0.418557  0.000000  1.0
    0.468623   -0.416557  0.000000  1.0
    0.468623   -0.414557  0.000000  1.0
    0.468623   -0.412557  0.000000  1.0
    0.468623   -0.410557  0.000000  1.0
    0.468623   -0.408557  0.000000  1.0
    0.468623   -0.406557  0.000000  1.0
    0.468623   -0.404557  0.000000  1.0
    0.468623   -0.402557  0.000000  1.0
    0.468623   -0.400557  0.000000  1.0
    0.468623   -0.398557  0.000000  1.0
    0.470623   -0.478557  0.000000  1.0
    0.470623   -0.476557  0.000000  1.0
    0.470623   -0.474557  0.000000  1.0
    0.470623   -0.472557  0.000000  1.0
    0.470623   -0.470557  0.000000  1.0
    0.470623   -0.468557  0.000000  1.0
    0.470623   -0.466557  0.000000  1.0
    0.470623   -0.464557  0.000000  1.0
    0.470623   -0.462557  0.000000  1.0
    0.470623   -0.460557  0.000000  1.0
    0.470623   -0.458557  0.000000  1.0
    0.470623   -0.456557  0.000000  1.0
    0.470623   -0.454557  0.000000  1.0
    0.470623   -0.452557  0.000000  1.0
    0.470623   -0.450557  0.000000  1.0
    0.470623   -0.448557  0.000000  1.0
    0.470623   -0.446557  0.000000  1.0
    0.470623   -0.444557  0.000000  1.0
    0.470623   -0.442557  0.000000  1.0
    0.470623   -0.440557  0.000000  1.0
    0.470623   -0.438557  0.000000  1.0
    0.470623   -0.436557  0.000000  1.0
    0.470623   -0.434557  0.000000  1.0
    0.470623   -0.432557  0.000000  1.0
    0.470623   -0.430557  0.000000  1.0
    0.470623   -0.428557  0.000000  1.0
    0.470623   -0.426557  0.000000  1.0
    0.470623   -0.424557  0.000000  1.0
    0.470623   -0.422557  0.000000  1.0
    0.470623   -0.420557  0.000000  1.0
    0.470623   -0.418557  0.000000  1.0
    0.470623   -0.416557  0.000000  1.0
    0.470623   -0.414557  0.000000  1.0
    0.470623   -0.412557  0.000000  1.0
    0.470623   -0.410557  0.000000  1.0
    0.470623   -0.408557  0.000000  1.0
    0.470623   -0.406557  0.000000  1.0
    0.470623   -0.404557  0.000000  1.0
    0.470623   -0.402557  0.000000  1.0
    0.470623   -0.400557  0.000000  1.0
    0.470623   -0.398557  0.000000  1.0
    0.472623   -0.478557  0.000000  1.0
    0.472623   -0.476557  0.000000  1.0
    0.472623   -0.474557  0.000000  1.0
    0.472623   -0.472557  0.000000  1.0
    0.472623   -0.470557  0.000000  1.0
    0.472623   -0.468557  0.000000  1.0
    0.472623   -0.466557  0.000000  1.0
    0.472623   -0.464557  0.000000  1.0
    0.472623   -0.462557  0.000000  1.0
    0.472623   -0.460557  0.000000  1.0
    0.472623   -0.458557  0.000000  1.0
    0.472623   -0.456557  0.000000  1.0
    0.472623   -0.454557  0.000000  1.0
    0.472623   -0.452557  0.000000  1.0
    0.472623   -0.450557  0.000000  1.0
    0.472623   -0.448557  0.000000  1.0
    0.472623   -0.446557  0.000000  1.0
    0.472623   -0.444557  0.000000  1.0
    0.472623   -0.442557  0.000000  1.0
    0.472623   -0.440557  0.000000  1.0
    0.472623   -0.438557  0.000000  1.0
    0.472623   -0.436557  0.000000  1.0
    0.472623   -0.434557  0.000000  1.0
    0.472623   -0.432557  0.000000  1.0
    0.472623   -0.430557  0.000000  1.0
    0.472623   -0.428557  0.000000  1.0
    0.472623   -0.426557  0.000000  1.0
    0.472623   -0.424557  0.000000  1.0
    0.472623   -0.422557  0.000000  1.0
    0.472623   -0.420557  0.000000  1.0
    0.472623   -0.418557  0.000000  1.0
    0.472623   -0.416557  0.000000  1.0
    0.472623   -0.414557  0.000000  1.0
    0.472623   -0.412557  0.000000  1.0
    0.472623   -0.410557  0.000000  1.0
    0.472623   -0.408557  0.000000  1.0
    0.472623   -0.406557  0.000000  1.0
    0.472623   -0.404557  0.000000  1.0
    0.472623   -0.402557  0.000000  1.0
    0.472623   -0.400557  0.000000  1.0
    0.472623   -0.398557  0.000000  1.0
    0.474623   -0.478557  0.000000  1.0
    0.474623   -0.476557  0.000000  1.0
    0.474623   -0.474557  0.000000  1.0
    0.474623   -0.472557  0.000000  1.0
    0.474623   -0.470557  0.000000  1.0
    0.474623   -0.468557  0.000000  1.0
    0.474623   -0.466557  0.000000  1.0
    0.474623   -0.464557  0.000000  1.0
    0.474623   -0.462557  0.000000  1.0
    0.474623   -0.460557  0.000000  1.0
    0.474623   -0.458557  0.000000  1.0
    0.474623   -0.456557  0.000000  1.0
    0.474623   -0.454557  0.000000  1.0
    0.474623   -0.452557  0.000000  1.0
    0.474623   -0.450557  0.000000  1.0
    0.474623   -0.448557  0.000000  1.0
    0.474623   -0.446557  0.000000  1.0
    0.474623   -0.444557  0.000000  1.0
    0.474623   -0.442557  0.000000  1.0
    0.474623   -0.440557  0.000000  1.0
    0.474623   -0.438557  0.000000  1.0
    0.474623   -0.436557  0.000000  1.0
    0.474623   -0.434557  0.000000  1.0
    0.474623   -0.432557  0.000000  1.0
    0.474623   -0.430557  0.000000  1.0
    0.474623   -0.428557  0.000000  1.0
    0.474623   -0.426557  0.000000  1.0
    0.474623   -0.424557  0.000000  1.0
    0.474623   -0.422557  0.000000  1.0
    0.474623   -0.420557  0.000000  1.0
    0.474623   -0.418557  0.000000  1.0
    0.474623   -0.416557  0.000000  1.0
    0.474623   -0.414557  0.000000  1.0
    0.474623   -0.412557  0.000000  1.0
    0.474623   -0.410557  0.000000  1.0
    0.474623   -0.408557  0.000000  1.0
    0.474623   -0.406557  0.000000  1.0
    0.474623   -0.404557  0.000000  1.0
    0.474623   -0.402557  0.000000  1.0
    0.474623   -0.400557  0.000000  1.0
    0.474623   -0.398557  0.000000  1.0
    0.476623   -0.478557  0.000000  1.0
    0.476623   -0.476557  0.000000  1.0
    0.476623   -0.474557  0.000000  1.0
    0.476623   -0.472557  0.000000  1.0
    0.476623   -0.470557  0.000000  1.0
    0.476623   -0.468557  0.000000  1.0
    0.476623   -0.466557  0.000000  1.0
    0.476623   -0.464557  0.000000  1.0
    0.476623   -0.462557  0.000000  1.0
    0.476623   -0.460557  0.000000  1.0
    0.476623   -0.458557  0.000000  1.0
    0.476623   -0.456557  0.000000  1.0
    0.476623   -0.454557  0.000000  1.0
    0.476623   -0.452557  0.000000  1.0
    0.476623   -0.450557  0.000000  1.0
    0.476623   -0.448557  0.000000  1.0
    0.476623   -0.446557  0.000000  1.0
    0.476623   -0.444557  0.000000  1.0
    0.476623   -0.442557  0.000000  1.0
    0.476623   -0.440557  0.000000  1.0
    0.476623   -0.438557  0.000000  1.0
    0.476623   -0.436557  0.000000  1.0
    0.476623   -0.434557  0.000000  1.0
    0.476623   -0.432557  0.000000  1.0
    0.476623   -0.430557  0.000000  1.0
    0.476623   -0.428557  0.000000  1.0
    0.476623   -0.426557  0.000000  1.0
    0.476623   -0.424557  0.000000  1.0
    0.476623   -0.422557  0.000000  1.0
    0.476623   -0.420557  0.000000  1.0
    0.476623   -0.418557  0.000000  1.0
    0.476623   -0.416557  0.000000  1.0
    0.476623   -0.414557  0.000000  1.0
    0.476623   -0.412557  0.000000  1.0
    0.476623   -0.410557  0.000000  1.0
    0.476623   -0.408557  0.000000  1.0
    0.476623   -0.406557  0.000000  1.0
    0.476623   -0.404557  0.000000  1.0
    0.476623   -0.402557  0.000000  1.0
    0.476623   -0.400557  0.000000  1.0
    0.476623   -0.398557  0.000000  1.0
    0.478623   -0.478557  0.000000  1.0
    0.478623   -0.476557  0.000000  1.0
    0.478623   -0.474557  0.000000  1.0
    0.478623   -0.472557  0.000000  1.0
    0.478623   -0.470557  0.000000  1.0
    0.478623   -0.468557  0.000000  1.0
    0.478623   -0.466557  0.000000  1.0
    0.478623   -0.464557  0.000000  1.0
    0.478623   -0.462557  0.000000  1.0
    0.478623   -0.460557  0.000000  1.0
    0.478623   -0.458557  0.000000  1.0
    0.478623   -0.456557  0.000000  1.0
    0.478623   -0.454557  0.000000  1.0
    0.478623   -0.452557  0.000000  1.0
    0.478623   -0.450557  0.000000  1.0
    0.478623   -0.448557  0.000000  1.0
    0.478623   -0.446557  0.000000  1.0
    0.478623   -0.444557  0.000000  1.0
    0.478623   -0.442557  0.000000  1.0
    0.478623   -0.440557  0.000000  1.0
    0.478623   -0.438557  0.000000  1.0
    0.478623   -0.436557  0.000000  1.0
    0.478623   -0.434557  0.000000  1.0
    0.478623   -0.432557  0.000000  1.0
    0.478623   -0.430557  0.000000  1.0
    0.478623   -0.428557  0.000000  1.0
    0.478623   -0.426557  0.000000  1.0
    0.478623   -0.424557  0.000000  1.0
    0.478623   -0.422557  0.000000  1.0
    0.478623   -0.420557  0.000000  1.0
    0.478623   -0.418557  0.000000  1.0
    0.478623   -0.416557  0.000000  1.0
    0.478623   -0.414557  0.000000  1.0
    0.478623   -0.412557  0.000000  1.0
    0.478623   -0.410557  0.000000  1.0
    0.478623   -0.408557  0.000000  1.0
    0.478623   -0.406557  0.000000  1.0
    0.478623   -0.404557  0.000000  1.0
    0.478623   -0.402557  0.000000  1.0
    0.478623   -0.400557  0.000000  1.0
    0.478623   -0.398557  0.000000  1.0
    0.480623   -0.478557  0.000000  1.0
    0.480623   -0.476557  0.000000  1.0
    0.480623   -0.474557  0.000000  1.0
    0.480623   -0.472557  0.000000  1.0
    0.480623   -0.470557  0.000000  1.0
    0.480623   -0.468557  0.000000  1.0
    0.480623   -0.466557  0.000000  1.0
    0.480623   -0.464557  0.000000  1.0
    0.480623   -0.462557  0.000000  1.0
    0.480623   -0.460557  0.000000  1.0
    0.480623   -0.458557  0.000000  1.0
    0.480623   -0.456557  0.000000  1.0
    0.480623   -0.454557  0.000000  1.0
    0.480623   -0.452557  0.000000  1.0
    0.480623   -0.450557  0.000000  1.0
    0.480623   -0.448557  0.000000  1.0
    0.480623   -0.446557  0.000000  1.0
    0.480623   -0.444557  0.000000  1.0
    0.480623   -0.442557  0.000000  1.0
    0.480623   -0.440557  0.000000  1.0
    0.480623   -0.438557  0.000000  1.0
    0.480623   -0.436557  0.000000  1.0
    0.480623   -0.434557  0.000000  1.0
    0.480623   -0.432557  0.000000  1.0
    0.480623   -0.430557  0.000000  1.0
    0.480623   -0.428557  0.000000  1.0
    0.480623   -0.426557  0.000000  1.0
    0.480623   -0.424557  0.000000  1.0
    0.480623   -0.422557  0.000000  1.0
    0.480623   -0.420557  0.000000  1.0
    0.480623   -0.418557  0.000000  1.0
    0.480623   -0.416557  0.000000  1.0
    0.480623   -0.414557  0.000000  1.0
    0.480623   -0.412557  0.000000  1.0
    0.480623   -0.410557  0.000000  1.0
    0.480623   -0.408557  0.000000  1.0
    0.480623   -0.406557  0.000000  1.0
    0.480623   -0.404557  0.000000  1.0
    0.480623   -0.402557  0.000000  1.0
    0.480623   -0.400557  0.000000  1.0
    0.480623   -0.398557  0.000000  1.0
    0.482623   -0.478557  0.000000  1.0
    0.482623   -0.476557  0.000000  1.0
    0.482623   -0.474557  0.000000  1.0
    0.482623   -0.472557  0.000000  1.0
    0.482623   -0.470557  0.000000  1.0
    0.482623   -0.468557  0.000000  1.0
    0.482623   -0.466557  0.000000  1.0
    0.482623   -0.464557  0.000000  1.0
    0.482623   -0.462557  0.000000  1.0
    0.482623   -0.460557  0.000000  1.0
    0.482623   -0.458557  0.000000  1.0
    0.482623   -0.456557  0.000000  1.0
    0.482623   -0.454557  0.000000  1.0
    0.482623   -0.452557  0.000000  1.0
    0.482623   -0.450557  0.000000  1.0
    0.482623   -0.448557  0.000000  1.0
    0.482623   -0.446557  0.000000  1.0
    0.482623   -0.444557  0.000000  1.0
    0.482623   -0.442557  0.000000  1.0
    0.482623   -0.440557  0.000000  1.0
    0.482623   -0.438557  0.000000  1.0
    0.482623   -0.436557  0.000000  1.0
    0.482623   -0.434557  0.000000  1.0
    0.482623   -0.432557  0.000000  1.0
    0.482623   -0.430557  0.000000  1.0
    0.482623   -0.428557  0.000000  1.0
    0.482623   -0.426557  0.000000  1.0
    0.482623   -0.424557  0.000000  1.0
    0.482623   -0.422557  0.000000  1.0
    0.482623   -0.420557  0.000000  1.0
    0.482623   -0.418557  0.000000  1.0
    0.482623   -0.416557  0.000000  1.0
    0.482623   -0.414557  0.000000  1.0
    0.482623   -0.412557  0.000000  1.0
    0.482623   -0.410557  0.000000  1.0
    0.482623   -0.408557  0.000000  1.0
    0.482623   -0.406557  0.000000  1.0
    0.482623   -0.404557  0.000000  1.0
    0.482623   -0.402557  0.000000  1.0
    0.482623   -0.400557  0.000000  1.0
    0.482623   -0.398557  0.000000  1.0
