    1.746831494162130       -0.3370928737665881        5.6839250979995121E-008 
   1.0826823659574564E-003  -0.6096551285713342       -2.5787823508578737E-008 
  -1.2448288393409202E-003   0.5676908776236019        2.0110937972662998E-002 
  -1.6326076098302979E-008  -3.2957249630336178E-004   0.1148136355076891      
   1.1806682650508903E-008   2.8298150069478416E-004  -0.1015038958742962      
    3.084524747129433        9.1179250691077425E-009   6.8446137643082154E-008 
   -3.510101540004670        9.7187311577039834E-009  -1.9661929646771831E-008 
    6.559802610236468        1.8907156527010710E-003  -2.6073260996959378E-008 
   -9.861893999188911       -1.6310793826221168E-003    7.012925761570520      
  -8.7486968757047235E-008  -1.5596650665072619E-003   -10.32450934175306      
    1.034970122281231        5.8499247070895428E-009   3.7756430488974222E-008 
    3.776600525925507        1.3010504464610905E-003    3.910487768461719      
    1.746501957699805       -0.3367619489534125        8.9766665511945510E-008 
  -5.6500925415322429E-004   0.6095241730560579       -6.5743228325300993E-008 
   4.8980906671306217E-004  -0.5675056218526660        2.0082425046235704E-002 
  -1.5941122290126419E-008  -5.5346556831922919E-005  -0.1145917358190690      
   1.2134898493233371E-008   2.8205848476411806E-005   0.1013321509698493      
    3.084653431600725        3.2747662747272644E-008  -7.3787880778807633E-008 
   -3.510437147892288       -1.6442790526575895E-008   2.7483789448255264E-008 
    6.560015613978366        1.9827214880887012E-003  -6.5592051837491858E-008 
   -9.862316580921071       -1.6031279856996913E-003    7.013323547058951      
   1.0068382484722476E-007  -1.5593245819609763E-003   -10.32515652119743      
    1.035114517227830        4.5091000658262513E-008  -5.0188813415188059E-008 
    3.776813825075930        1.2500176247457657E-003    3.910770060709158     
