    1.721954496721751       -0.2912120815575614        4.7334090517531649E-006 
   5.0527772928657985E-004   -1.282872890706369       -3.6708961604521901E-006 
  -8.9415296267072943E-004    1.207345674054299        1.6698383096089252E-002 
  -4.0813781807920788E-007   1.6744417988094436E-004   0.2312702155512011      
   4.2040109842968789E-007  -7.7504941954778007E-005  -0.2007397016662149      
    2.876574782856413       -8.7909033376243099E-008   2.4364301788974306E-007 
   -3.105949351776391        6.4165898505087210E-008   1.1961171452863341E-006 
    5.124513779274377        2.6039816089275815E-003   1.2628257059026745E-007 
   -7.495861327338163       -2.3112512596777817E-003    6.663895381295999      
   1.3237949232056120E-006  -2.2955079849353516E-003   -9.630819378066889      
   0.8704783083892438       -9.3403895951319932E-008  -1.8070610826329374E-006 
    2.798942829935069        1.8863657063252614E-003    3.605053346490990      
    1.721808694398780       -0.2909912986786878        4.7000345597631966E-006 
  -4.5719492609003849E-004    1.282797131610749       -3.5715761305554277E-006 
   2.6916006641261337E-004   -1.207660466971890        1.6678378429058248E-002 
  -4.1957564773334560E-007   1.3507683541234638E-004  -0.2308002015979791      
   4.1684649166234753E-007  -9.6704937905513495E-005   0.2004360235278091      
    2.876461002580208       -6.2505246957900832E-009  -8.6905022534059633E-007 
   -3.105886803723267        5.3250882136871763E-008  -8.4772981352875247E-007 
    5.123866965503449        2.0600147552370580E-003  -4.3816925910523308E-008 
   -7.494165699578830       -1.4735131452036168E-003    6.664452857834790      
  -4.7983747009077390E-007  -1.3446401924591355E-003   -9.631925848929287      
   0.8704734252450330        1.8070375888641051E-009   1.3084324075527457E-006 
    2.798080434498133        9.7742098074426846E-004    3.605595168409992     
