    1.720693144806102       -0.2966285314461520       -1.0843589131215508E-006 
   8.2166429810289225E-004   -1.185225607515240        1.2488147635575659E-006 
  -1.2302515971876042E-003    1.112355318008532        1.7016294679603323E-002 
   5.1649272794947768E-008   6.6513862682437725E-005   0.2143016503260165      
  -1.0496509707424020E-007   4.1467083696482943E-006  -0.1866360519750595      
    2.893166814160066       -6.0658270642414602E-008   7.9643123362976774E-007 
   -3.142312747041951        2.6965492491774559E-008  -8.4047323744817842E-007 
    5.332876230533212        3.2421495930055944E-003   8.4788673028667417E-008 
   -7.842376815274148       -2.8645962599774997E-003    6.697786487387245      
  -9.5573265379207532E-007  -2.8229123066531542E-003   -9.701093329243403      
   0.8865310527272868       -5.2862131909306709E-008   8.7937865301639725E-007 
    2.941692520895471        2.3315983512129180E-003    3.634886194360145      
    1.720496426120590       -0.2963601008389252       -9.9025564673667547E-007 
  -6.2379210462442411E-004    1.185155242719493        1.1238080450296375E-006 
   4.3367906349331235E-004   -1.112637762646490        1.6993040882677259E-002 
   6.0834417382995520E-008   1.1394198302513370E-004  -0.2138682056804269      
  -9.9328810439836510E-008  -8.6283355711099736E-005   0.1863510871715155      
    2.893085055810592       -4.3147508454682348E-009  -6.7227932205590657E-007 
   -3.142306609465439        2.4745713705147854E-008   6.6722880117848278E-007 
    5.332305330172850        2.8461576919886016E-003  -3.1536389992521788E-008 
   -7.840843555798362       -2.1687686809668833E-003    6.698269588882999      
   8.7566969733570152E-007  -2.0468606460763688E-003   -9.702023174411080      
   0.8865476492669695        1.4583884153696469E-008  -7.9705799916658021E-007 
    2.940905166863446        1.5672924537132493E-003    3.635340438487150     
