    1.721362998072821       -0.3022527542754175       -9.7369674405601930E-007 
   1.0957263653527153E-003   -1.080254926188858        5.7866087688164602E-007 
  -1.5071078016465791E-003    1.012105162493844        1.7399441720244813E-002 
   1.7912294114181008E-007  -3.7313983640378730E-005   0.1964587057904796      
  -1.3422017550850868E-007   8.6415708516551735E-005  -0.1715468793889446      
    2.912412532700157        6.9075352435635379E-008  -1.9566693708028492E-007 
   -3.185429833934359       -4.7060878938402551E-008  -1.7711466773032141E-007 
    5.549657944173827        3.5276304844497836E-003  -9.2812183592590774E-008 
   -8.202111454150103       -3.1096990345636471E-003    6.731271007874477      
  -1.0343964352179901E-007  -3.0458830708233950E-003   -9.771246943192212      
   0.9050098783787270        6.6241100100075920E-008   3.2499803998403835E-007 
    3.090102786320235        2.5256904706337153E-003    3.665437043831264      
    1.721117744428610       -0.3019427497126397       -1.0059629996029883E-006 
  -7.6095185230748148E-004    1.080143453731109        6.1958014250609629E-007 
   5.8303489691127438E-004   -1.012268199005296        1.7373091717933348E-002 
   1.4501630230332791E-007   8.7576897715312558E-005  -0.1960499384967355      
  -1.0835621674868084E-007  -7.2684036121605053E-005   0.1712701390548334      
    2.912386558610581       -1.2043713511921006E-007   3.2588657608137820E-007 
   -3.185520417513138        9.0580947185790856E-008   6.6746215963673851E-008 
    5.549117752969407        3.1386063599207420E-003   1.5370257605044561E-007 
   -8.200668702131544       -2.4307077226628452E-003    6.731711495666043      
  -2.6859784600813341E-008  -2.3052896563541493E-003   -9.772062535963043      
   0.9050623616580576       -1.1308033708871955E-007  -2.0655968774684165E-007 
    3.089364847663279        1.7865818884794374E-003    3.665826835945680     
