    1.757442268258256       -0.3468941735554659       -3.8986302995683441E-007 
   8.6142646391101831E-004  -0.5062872944344942        4.4851136760639917E-007 
  -9.6026568325922781E-004   0.4712007638064705        2.0939369313530142E-002 
   1.3577477577915502E-007  -3.3926899041238410E-004   9.6242650206748021E-002 
  -1.1683945224553602E-007   2.7853770668355714E-004  -8.5334431029994245E-002 
    3.139316803937801       -2.1541432630976741E-006  -1.8236854445308008E-006 
   -3.608286956959608        3.7491102892741958E-006   2.2851837387186844E-006 
    6.780890211293990        1.2006963645877298E-003   1.5058765217902069E-006 
   -10.21846198029849       -1.0212450414571626E-003    7.108057123457330      
   1.7406104595891811E-006  -9.6269694380281701E-004   -10.50653067768263      
    1.073734707572208       -2.2031920537265072E-006  -1.7823104341125336E-006 
    3.923780913863354        7.9871958936776936E-004    3.991606042307016      
    1.757136876392560       -0.3465771410571096       -4.8174121459109218E-007 
  -3.7350048226552192E-004   0.5061196621011722        4.8194008031843315E-007 
   3.3753711301858901E-004  -0.4709192596340840        2.0911554047055834E-002 
   8.4043834393209663E-008  -9.3143161604386461E-005  -9.6043629846258471E-002 
  -6.0291655004388306E-008   5.8304556314741889E-005   8.5173545208006268E-002 
    3.139501016717416       -6.0392093472446609E-007  -7.8060379354308564E-007 
   -3.608564726448589        3.8509601895874371E-007   1.0793095563195473E-006 
    6.781162250767278        1.3392004952151875E-003   8.3528107768409117E-007 
   -10.21903085743592       -1.0811169360115148E-003    7.108315147671491      
   9.3646219407740423E-007  -1.0589363684044631E-003   -10.50682236249198      
    1.073835838187076       -5.5330442371236203E-007  -9.1619809952652118E-007 
    3.924067924725565        8.4625859687921339E-004    3.991707591885719     
