    1.722997002056764       -0.2882609659492350        4.2845452031784513E-007 
   3.6559527725836760E-004   -1.324369353088542       -2.9026888067655304E-007 
  -7.4177095979085215E-004    1.249030803149458        1.6544268855045792E-002 
  -3.7619413389864123E-008   2.1025532728229102E-004   0.2387706473596750      
   3.8240286212012243E-008  -1.1216203490418801E-004  -0.2068469202211411      
    2.866001875984594       -8.5190443455637739E-008   4.7624884277788373E-008 
   -3.086207135725622        6.6279211147216515E-008   9.4708904591197618E-008 
    5.025330692249782        2.1782468200536734E-003   1.0705482165466496E-007 
   -7.330595670065272       -1.9373755500274451E-003    6.640537762964859      
   1.3009761235792838E-007  -1.9285871391843321E-003   -9.585301852599775      
   0.8619948051596528       -8.4515037849933057E-008  -1.6539027082055107E-007 
    2.730909209929127        1.5773246284640739E-003    3.586233470236713      
    1.722876808868787       -0.2880637620499068        3.1612006252508193E-007 
  -3.5520838526143851E-004    1.324317406119421       -1.4375658274321389E-007 
   1.6463396999552948E-004   -1.249386307315711        1.6525808836851567E-002 
  -1.8219167814126259E-008   1.3247267531259712E-004  -0.2382904305796389      
   1.7969931533437623E-008  -9.2225665312459752E-005   0.2065393416589173      
    2.865875507612033       -6.9539919073580384E-009  -2.4843633231346546E-007 
   -3.086117696658205        1.2230269007445171E-009   3.0320563889644098E-008 
    5.024678764885197        1.6342963757090627E-003   7.9991889552108681E-009 
   -7.328891888520503       -1.1039841552909668E-003    6.641107959177172      
   1.2603766103503389E-007  -9.7345086800100457E-004   -9.586447552408133      
   0.8619798007620596        2.2781048560000486E-009  -2.4879494084013142E-009 
    2.730044828027790        6.7104463889228053E-004    3.586797540356233     
