    1.731014160384755       -0.3197487222133910       -1.9022721247883214E-008 
   1.3266398875711567E-003  -0.8186572305795687        1.7121041980052141E-008 
  -1.6272363600430917E-003   0.7639857138645176        1.8705531679462425E-002 
   6.2448871157712293E-009  -2.4416345162895579E-004   0.1515379476801904      
  -4.5871146279254613E-009   2.3678560963134461E-004  -0.1332201210951332      
    2.991909351080448        4.7886440002260960E-008  -4.1152834352020042E-008 
   -3.340706410648819       -3.1534684651644763E-008   1.9370231227384150E-008 
    6.108151970223491        3.0929607284422020E-003  -7.8806125192160556E-008 
   -9.124355010404697       -2.7100137552719542E-003    6.860213635234507      
   5.6943654459896379E-008  -2.6260186660791718E-003   -10.02843256283145      
   0.9679064180117934        5.4986778397645345E-008  -3.5300841027914591E-008 
    3.471479344338630        2.1954324623068211E-003    3.778820795348297      
    1.730692722730935       -0.3193934169810036       -2.3136345420367887E-008 
  -8.0267054513090690E-004   0.8185387079546338        2.2292447614037257E-008 
   6.6482348950089808E-004  -0.7639566841364238        1.8675512473994391E-002 
   2.7052658900138683E-009   1.0397072383578365E-005  -0.1512404539570382      
  -2.2698140355032272E-009  -2.1768168296842071E-005   0.1330052271367274      
    2.992013812161496        1.0277683163232045E-007   5.8253384855079696E-008 
   -3.340996638981662       -7.2926652770017400E-008  -3.6440443714490482E-008 
    6.107899985037611        2.9641661854834652E-003  -1.3048692642760846E-007 
   -9.123647930160821       -2.3713651014805664E-003    6.860605192909119      
  -7.7283093947569310E-008  -2.2831639325579622E-003   -10.02909458076835      
   0.9680314487531100        9.2525977931386788E-008   5.4206141480273668E-008 
    3.471120220526467        1.8160102355419721E-003    3.779119662318780     
