    1.721357999495961       -0.3022688019916577       -3.0463914733814942E-005 
   1.1046614800842296E-003   -1.080259933007859        2.1164192473747582E-005 
  -1.5159706391412653E-003    1.012106035323619        1.7400708814055060E-002 
   4.5087491114997601E-006  -3.9050268877823571E-005   0.1964648678750786      
  -3.6428411612896224E-006   8.7831559158174684E-005  -0.1715529354567335      
    2.912429958024082       -1.9084953714123533E-006  -2.2230187217916135E-006 
   -3.185587566331457        4.0116142758498087E-006  -7.0277267914427475E-006 
    5.549760033828695        3.5679925272631952E-003   1.2157323246931023E-006 
   -8.202374626000962       -3.1451409739254002E-003    6.731395667758088      
  -4.9742861781512136E-006  -3.0811739018123479E-003   -9.771551839566925      
   0.9050866659757396       -2.1089240660754191E-006   9.6121553850687345E-006 
    3.090237771779050        2.5553996914514246E-003    3.665586994613337      
    1.721128207654181       -0.3019458019613612       -2.9943024982490880E-005 
  -7.7076985979523103E-004    1.080106383482036        2.0262235150385455E-005 
   5.9297560637331628E-004   -1.012237732719571        1.7373345399553555E-002 
   4.3759604263150271E-006   8.9244390753527152E-005  -0.1960524642030043      
  -3.5130602772125469E-006  -7.4131796977220193E-005   0.1712710013863760      
    2.912421608132155        1.2217885817803459E-006   2.4851849656790907E-007 
   -3.185502486315155       -1.9685023780787150E-006   9.4000484315746973E-006 
    5.549114694678812        3.1760720715684758E-003  -8.7995999048967723E-007 
   -8.200636117409916       -2.4635977102839060E-003    6.731660949369736      
   6.8703713875638435E-006  -2.3379363244796169E-003   -9.771930029509123      
   0.9050473194685593        1.2595656281997689E-006  -1.1381179941730060E-005 
    3.089344531787689        1.8139015684759860E-003    3.665759735109258     
