&CONTROL
  calculation = 'bands'
  prefix = 'graphene0.0lower'
  outdir = './tmp'
  pseudo_dir = './'
  verbosity = 'high'
/
&SYSTEM
  ibrav = 0
  nat = 2
  ntyp = 1
  ecutwfc = 40.0
  nosym = .true.
  noinv = .true.
  nbnd = 8
/
&ELECTRONS
/
ATOMIC_SPECIES
  C  12.011 C.pbe-n-kjpaw_psl.1.0.0.UPF
CELL_PARAMETERS {bohr}
  4.625924  0.000000  0.000000
  2.312962  4.006167  0.000000
  0.000000  0.000000  28.346456
ATOMIC_POSITIONS {crystal}
  C  0.000000  0.000000  0.000000
  C  0.333333  0.333333  0.000000
K_POINTS {tpiba}
1681
    0.287869   -0.626815  0.000000  1.0
    0.287869   -0.624815  0.000000  1.0
    0.287869   -0.622815  0.000000  1.0
    0.287869   -0.620815  0.000000  1.0
    0.287869   -0.618815  0.000000  1.0
    0.287869   -0.616815  0.000000  1.0
    0.287869   -0.614815  0.000000  1.0
    0.287869   -0.612815  0.000000  1.0
    0.287869   -0.610815  0.000000  1.0
    0.287869   -0.608815  0.000000  1.0
    0.287869   -0.606815  0.000000  1.0
    0.287869   -0.604815  0.000000  1.0
    0.287869   -0.602815  0.000000  1.0
    0.287869   -0.600815  0.000000  1.0
    0.287869   -0.598815  0.000000  1.0
    0.287869   -0.596815  0.000000  1.0
    0.287869   -0.594815  0.000000  1.0
    0.287869   -0.592815  0.000000  1.0
    0.287869   -0.590815  0.000000  1.0
    0.287869   -0.588815  0.000000  1.0
    0.287869   -0.586815  0.000000  1.0
    0.287869   -0.584815  0.000000  1.0
    0.287869   -0.582815  0.000000  1.0
    0.287869   -0.580815  0.000000  1.0
    0.287869   -0.578815  0.000000  1.0
    0.287869   -0.576815  0.000000  1.0
    0.287869   -0.574815  0.000000  1.0
    0.287869   -0.572815  0.000000  1.0
    0.287869   -0.570815  0.000000  1.0
    0.287869   -0.568815  0.000000  1.0
    0.287869   -0.566815  0.000000  1.0
    0.287869   -0.564815  0.000000  1.0
    0.287869   -0.562815  0.000000  1.0
    0.287869   -0.560815  0.000000  1.0
    0.287869   -0.558815  0.000000  1.0
    0.287869   -0.556815  0.000000  1.0
    0.287869   -0.554815  0.000000  1.0
    0.287869   -0.552815  0.000000  1.0
    0.287869   -0.550815  0.000000  1.0
    0.287869   -0.548815  0.000000  1.0
    0.287869   -0.546815  0.000000  1.0
    0.289869   -0.626815  0.000000  1.0
    0.289869   -0.624815  0.000000  1.0
    0.289869   -0.622815  0.000000  1.0
    0.289869   -0.620815  0.000000  1.0
    0.289869   -0.618815  0.000000  1.0
    0.289869   -0.616815  0.000000  1.0
    0.289869   -0.614815  0.000000  1.0
    0.289869   -0.612815  0.000000  1.0
    0.289869   -0.610815  0.000000  1.0
    0.289869   -0.608815  0.000000  1.0
    0.289869   -0.606815  0.000000  1.0
    0.289869   -0.604815  0.000000  1.0
    0.289869   -0.602815  0.000000  1.0
    0.289869   -0.600815  0.000000  1.0
    0.289869   -0.598815  0.000000  1.0
    0.289869   -0.596815  0.000000  1.0
    0.289869   -0.594815  0.000000  1.0
    0.289869   -0.592815  0.000000  1.0
    0.289869   -0.590815  0.000000  1.0
    0.289869   -0.588815  0.000000  1.0
    0.289869   -0.586815  0.000000  1.0
    0.289869   -0.584815  0.000000  1.0
    0.289869   -0.582815  0.000000  1.0
    0.289869   -0.580815  0.000000  1.0
    0.289869   -0.578815  0.000000  1.0
    0.289869   -0.576815  0.000000  1.0
    0.289869   -0.574815  0.000000  1.0
    0.289869   -0.572815  0.000000  1.0
    0.289869   -0.570815  0.000000  1.0
    0.289869   -0.568815  0.000000  1.0
    0.289869   -0.566815  0.000000  1.0
    0.289869   -0.564815  0.000000  1.0
    0.289869   -0.562815  0.000000  1.0
    0.289869   -0.560815  0.000000  1.0
    0.289869   -0.558815  0.000000  1.0
    0.289869   -0.556815  0.000000  1.0
    0.289869   -0.554815  0.000000  1.0
    0.289869   -0.552815  0.000000  1.0
    0.289869   -0.550815  0.000000  1.0
    0.289869   -0.548815  0.000000  1.0
    0.289869   -0.546815  0.000000  1.0
    0.291869   -0.626815  0.000000  1.0
    0.291869   -0.624815  0.000000  1.0
    0.291869   -0.622815  0.000000  1.0
    0.291869   -0.620815  0.000000  1.0
    0.291869   -0.618815  0.000000  1.0
    0.291869   -0.616815  0.000000  1.0
    0.291869   -0.614815  0.000000  1.0
    0.291869   -0.612815  0.000000  1.0
    0.291869   -0.610815  0.000000  1.0
    0.291869   -0.608815  0.000000  1.0
    0.291869   -0.606815  0.000000  1.0
    0.291869   -0.604815  0.000000  1.0
    0.291869   -0.602815  0.000000  1.0
    0.291869   -0.600815  0.000000  1.0
    0.291869   -0.598815  0.000000  1.0
    0.291869   -0.596815  0.000000  1.0
    0.291869   -0.594815  0.000000  1.0
    0.291869   -0.592815  0.000000  1.0
    0.291869   -0.590815  0.000000  1.0
    0.291869   -0.588815  0.000000  1.0
    0.291869   -0.586815  0.000000  1.0
    0.291869   -0.584815  0.000000  1.0
    0.291869   -0.582815  0.000000  1.0
    0.291869   -0.580815  0.000000  1.0
    0.291869   -0.578815  0.000000  1.0
    0.291869   -0.576815  0.000000  1.0
    0.291869   -0.574815  0.000000  1.0
    0.291869   -0.572815  0.000000  1.0
    0.291869   -0.570815  0.000000  1.0
    0.291869   -0.568815  0.000000  1.0
    0.291869   -0.566815  0.000000  1.0
    0.291869   -0.564815  0.000000  1.0
    0.291869   -0.562815  0.000000  1.0
    0.291869   -0.560815  0.000000  1.0
    0.291869   -0.558815  0.000000  1.0
    0.291869   -0.556815  0.000000  1.0
    0.291869   -0.554815  0.000000  1.0
    0.291869   -0.552815  0.000000  1.0
    0.291869   -0.550815  0.000000  1.0
    0.291869   -0.548815  0.000000  1.0
    0.291869   -0.546815  0.000000  1.0
    0.293869   -0.626815  0.000000  1.0
    0.293869   -0.624815  0.000000  1.0
    0.293869   -0.622815  0.000000  1.0
    0.293869   -0.620815  0.000000  1.0
    0.293869   -0.618815  0.000000  1.0
    0.293869   -0.616815  0.000000  1.0
    0.293869   -0.614815  0.000000  1.0
    0.293869   -0.612815  0.000000  1.0
    0.293869   -0.610815  0.000000  1.0
    0.293869   -0.608815  0.000000  1.0
    0.293869   -0.606815  0.000000  1.0
    0.293869   -0.604815  0.000000  1.0
    0.293869   -0.602815  0.000000  1.0
    0.293869   -0.600815  0.000000  1.0
    0.293869   -0.598815  0.000000  1.0
    0.293869   -0.596815  0.000000  1.0
    0.293869   -0.594815  0.000000  1.0
    0.293869   -0.592815  0.000000  1.0
    0.293869   -0.590815  0.000000  1.0
    0.293869   -0.588815  0.000000  1.0
    0.293869   -0.586815  0.000000  1.0
    0.293869   -0.584815  0.000000  1.0
    0.293869   -0.582815  0.000000  1.0
    0.293869   -0.580815  0.000000  1.0
    0.293869   -0.578815  0.000000  1.0
    0.293869   -0.576815  0.000000  1.0
    0.293869   -0.574815  0.000000  1.0
    0.293869   -0.572815  0.000000  1.0
    0.293869   -0.570815  0.000000  1.0
    0.293869   -0.568815  0.000000  1.0
    0.293869   -0.566815  0.000000  1.0
    0.293869   -0.564815  0.000000  1.0
    0.293869   -0.562815  0.000000  1.0
    0.293869   -0.560815  0.000000  1.0
    0.293869   -0.558815  0.000000  1.0
    0.293869   -0.556815  0.000000  1.0
    0.293869   -0.554815  0.000000  1.0
    0.293869   -0.552815  0.000000  1.0
    0.293869   -0.550815  0.000000  1.0
    0.293869   -0.548815  0.000000  1.0
    0.293869   -0.546815  0.000000  1.0
    0.295869   -0.626815  0.000000  1.0
    0.295869   -0.624815  0.000000  1.0
    0.295869   -0.622815  0.000000  1.0
    0.295869   -0.620815  0.000000  1.0
    0.295869   -0.618815  0.000000  1.0
    0.295869   -0.616815  0.000000  1.0
    0.295869   -0.614815  0.000000  1.0
    0.295869   -0.612815  0.000000  1.0
    0.295869   -0.610815  0.000000  1.0
    0.295869   -0.608815  0.000000  1.0
    0.295869   -0.606815  0.000000  1.0
    0.295869   -0.604815  0.000000  1.0
    0.295869   -0.602815  0.000000  1.0
    0.295869   -0.600815  0.000000  1.0
    0.295869   -0.598815  0.000000  1.0
    0.295869   -0.596815  0.000000  1.0
    0.295869   -0.594815  0.000000  1.0
    0.295869   -0.592815  0.000000  1.0
    0.295869   -0.590815  0.000000  1.0
    0.295869   -0.588815  0.000000  1.0
    0.295869   -0.586815  0.000000  1.0
    0.295869   -0.584815  0.000000  1.0
    0.295869   -0.582815  0.000000  1.0
    0.295869   -0.580815  0.000000  1.0
    0.295869   -0.578815  0.000000  1.0
    0.295869   -0.576815  0.000000  1.0
    0.295869   -0.574815  0.000000  1.0
    0.295869   -0.572815  0.000000  1.0
    0.295869   -0.570815  0.000000  1.0
    0.295869   -0.568815  0.000000  1.0
    0.295869   -0.566815  0.000000  1.0
    0.295869   -0.564815  0.000000  1.0
    0.295869   -0.562815  0.000000  1.0
    0.295869   -0.560815  0.000000  1.0
    0.295869   -0.558815  0.000000  1.0
    0.295869   -0.556815  0.000000  1.0
    0.295869   -0.554815  0.000000  1.0
    0.295869   -0.552815  0.000000  1.0
    0.295869   -0.550815  0.000000  1.0
    0.295869   -0.548815  0.000000  1.0
    0.295869   -0.546815  0.000000  1.0
    0.297869   -0.626815  0.000000  1.0
    0.297869   -0.624815  0.000000  1.0
    0.297869   -0.622815  0.000000  1.0
    0.297869   -0.620815  0.000000  1.0
    0.297869   -0.618815  0.000000  1.0
    0.297869   -0.616815  0.000000  1.0
    0.297869   -0.614815  0.000000  1.0
    0.297869   -0.612815  0.000000  1.0
    0.297869   -0.610815  0.000000  1.0
    0.297869   -0.608815  0.000000  1.0
    0.297869   -0.606815  0.000000  1.0
    0.297869   -0.604815  0.000000  1.0
    0.297869   -0.602815  0.000000  1.0
    0.297869   -0.600815  0.000000  1.0
    0.297869   -0.598815  0.000000  1.0
    0.297869   -0.596815  0.000000  1.0
    0.297869   -0.594815  0.000000  1.0
    0.297869   -0.592815  0.000000  1.0
    0.297869   -0.590815  0.000000  1.0
    0.297869   -0.588815  0.000000  1.0
    0.297869   -0.586815  0.000000  1.0
    0.297869   -0.584815  0.000000  1.0
    0.297869   -0.582815  0.000000  1.0
    0.297869   -0.580815  0.000000  1.0
    0.297869   -0.578815  0.000000  1.0
    0.297869   -0.576815  0.000000  1.0
    0.297869   -0.574815  0.000000  1.0
    0.297869   -0.572815  0.000000  1.0
    0.297869   -0.570815  0.000000  1.0
    0.297869   -0.568815  0.000000  1.0
    0.297869   -0.566815  0.000000  1.0
    0.297869   -0.564815  0.000000  1.0
    0.297869   -0.562815  0.000000  1.0
    0.297869   -0.560815  0.000000  1.0
    0.297869   -0.558815  0.000000  1.0
    0.297869   -0.556815  0.000000  1.0
    0.297869   -0.554815  0.000000  1.0
    0.297869   -0.552815  0.000000  1.0
    0.297869   -0.550815  0.000000  1.0
    0.297869   -0.548815  0.000000  1.0
    0.297869   -0.546815  0.000000  1.0
    0.299869   -0.626815  0.000000  1.0
    0.299869   -0.624815  0.000000  1.0
    0.299869   -0.622815  0.000000  1.0
    0.299869   -0.620815  0.000000  1.0
    0.299869   -0.618815  0.000000  1.0
    0.299869   -0.616815  0.000000  1.0
    0.299869   -0.614815  0.000000  1.0
    0.299869   -0.612815  0.000000  1.0
    0.299869   -0.610815  0.000000  1.0
    0.299869   -0.608815  0.000000  1.0
    0.299869   -0.606815  0.000000  1.0
    0.299869   -0.604815  0.000000  1.0
    0.299869   -0.602815  0.000000  1.0
    0.299869   -0.600815  0.000000  1.0
    0.299869   -0.598815  0.000000  1.0
    0.299869   -0.596815  0.000000  1.0
    0.299869   -0.594815  0.000000  1.0
    0.299869   -0.592815  0.000000  1.0
    0.299869   -0.590815  0.000000  1.0
    0.299869   -0.588815  0.000000  1.0
    0.299869   -0.586815  0.000000  1.0
    0.299869   -0.584815  0.000000  1.0
    0.299869   -0.582815  0.000000  1.0
    0.299869   -0.580815  0.000000  1.0
    0.299869   -0.578815  0.000000  1.0
    0.299869   -0.576815  0.000000  1.0
    0.299869   -0.574815  0.000000  1.0
    0.299869   -0.572815  0.000000  1.0
    0.299869   -0.570815  0.000000  1.0
    0.299869   -0.568815  0.000000  1.0
    0.299869   -0.566815  0.000000  1.0
    0.299869   -0.564815  0.000000  1.0
    0.299869   -0.562815  0.000000  1.0
    0.299869   -0.560815  0.000000  1.0
    0.299869   -0.558815  0.000000  1.0
    0.299869   -0.556815  0.000000  1.0
    0.299869   -0.554815  0.000000  1.0
    0.299869   -0.552815  0.000000  1.0
    0.299869   -0.550815  0.000000  1.0
    0.299869   -0.548815  0.000000  1.0
    0.299869   -0.546815  0.000000  1.0
    0.301869   -0.626815  0.000000  1.0
    0.301869   -0.624815  0.000000  1.0
    0.301869   -0.622815  0.000000  1.0
    0.301869   -0.620815  0.000000  1.0
    0.301869   -0.618815  0.000000  1.0
    0.301869   -0.616815  0.000000  1.0
    0.301869   -0.614815  0.000000  1.0
    0.301869   -0.612815  0.000000  1.0
    0.301869   -0.610815  0.000000  1.0
    0.301869   -0.608815  0.000000  1.0
    0.301869   -0.606815  0.000000  1.0
    0.301869   -0.604815  0.000000  1.0
    0.301869   -0.602815  0.000000  1.0
    0.301869   -0.600815  0.000000  1.0
    0.301869   -0.598815  0.000000  1.0
    0.301869   -0.596815  0.000000  1.0
    0.301869   -0.594815  0.000000  1.0
    0.301869   -0.592815  0.000000  1.0
    0.301869   -0.590815  0.000000  1.0
    0.301869   -0.588815  0.000000  1.0
    0.301869   -0.586815  0.000000  1.0
    0.301869   -0.584815  0.000000  1.0
    0.301869   -0.582815  0.000000  1.0
    0.301869   -0.580815  0.000000  1.0
    0.301869   -0.578815  0.000000  1.0
    0.301869   -0.576815  0.000000  1.0
    0.301869   -0.574815  0.000000  1.0
    0.301869   -0.572815  0.000000  1.0
    0.301869   -0.570815  0.000000  1.0
    0.301869   -0.568815  0.000000  1.0
    0.301869   -0.566815  0.000000  1.0
    0.301869   -0.564815  0.000000  1.0
    0.301869   -0.562815  0.000000  1.0
    0.301869   -0.560815  0.000000  1.0
    0.301869   -0.558815  0.000000  1.0
    0.301869   -0.556815  0.000000  1.0
    0.301869   -0.554815  0.000000  1.0
    0.301869   -0.552815  0.000000  1.0
    0.301869   -0.550815  0.000000  1.0
    0.301869   -0.548815  0.000000  1.0
    0.301869   -0.546815  0.000000  1.0
    0.303869   -0.626815  0.000000  1.0
    0.303869   -0.624815  0.000000  1.0
    0.303869   -0.622815  0.000000  1.0
    0.303869   -0.620815  0.000000  1.0
    0.303869   -0.618815  0.000000  1.0
    0.303869   -0.616815  0.000000  1.0
    0.303869   -0.614815  0.000000  1.0
    0.303869   -0.612815  0.000000  1.0
    0.303869   -0.610815  0.000000  1.0
    0.303869   -0.608815  0.000000  1.0
    0.303869   -0.606815  0.000000  1.0
    0.303869   -0.604815  0.000000  1.0
    0.303869   -0.602815  0.000000  1.0
    0.303869   -0.600815  0.000000  1.0
    0.303869   -0.598815  0.000000  1.0
    0.303869   -0.596815  0.000000  1.0
    0.303869   -0.594815  0.000000  1.0
    0.303869   -0.592815  0.000000  1.0
    0.303869   -0.590815  0.000000  1.0
    0.303869   -0.588815  0.000000  1.0
    0.303869   -0.586815  0.000000  1.0
    0.303869   -0.584815  0.000000  1.0
    0.303869   -0.582815  0.000000  1.0
    0.303869   -0.580815  0.000000  1.0
    0.303869   -0.578815  0.000000  1.0
    0.303869   -0.576815  0.000000  1.0
    0.303869   -0.574815  0.000000  1.0
    0.303869   -0.572815  0.000000  1.0
    0.303869   -0.570815  0.000000  1.0
    0.303869   -0.568815  0.000000  1.0
    0.303869   -0.566815  0.000000  1.0
    0.303869   -0.564815  0.000000  1.0
    0.303869   -0.562815  0.000000  1.0
    0.303869   -0.560815  0.000000  1.0
    0.303869   -0.558815  0.000000  1.0
    0.303869   -0.556815  0.000000  1.0
    0.303869   -0.554815  0.000000  1.0
    0.303869   -0.552815  0.000000  1.0
    0.303869   -0.550815  0.000000  1.0
    0.303869   -0.548815  0.000000  1.0
    0.303869   -0.546815  0.000000  1.0
    0.305869   -0.626815  0.000000  1.0
    0.305869   -0.624815  0.000000  1.0
    0.305869   -0.622815  0.000000  1.0
    0.305869   -0.620815  0.000000  1.0
    0.305869   -0.618815  0.000000  1.0
    0.305869   -0.616815  0.000000  1.0
    0.305869   -0.614815  0.000000  1.0
    0.305869   -0.612815  0.000000  1.0
    0.305869   -0.610815  0.000000  1.0
    0.305869   -0.608815  0.000000  1.0
    0.305869   -0.606815  0.000000  1.0
    0.305869   -0.604815  0.000000  1.0
    0.305869   -0.602815  0.000000  1.0
    0.305869   -0.600815  0.000000  1.0
    0.305869   -0.598815  0.000000  1.0
    0.305869   -0.596815  0.000000  1.0
    0.305869   -0.594815  0.000000  1.0
    0.305869   -0.592815  0.000000  1.0
    0.305869   -0.590815  0.000000  1.0
    0.305869   -0.588815  0.000000  1.0
    0.305869   -0.586815  0.000000  1.0
    0.305869   -0.584815  0.000000  1.0
    0.305869   -0.582815  0.000000  1.0
    0.305869   -0.580815  0.000000  1.0
    0.305869   -0.578815  0.000000  1.0
    0.305869   -0.576815  0.000000  1.0
    0.305869   -0.574815  0.000000  1.0
    0.305869   -0.572815  0.000000  1.0
    0.305869   -0.570815  0.000000  1.0
    0.305869   -0.568815  0.000000  1.0
    0.305869   -0.566815  0.000000  1.0
    0.305869   -0.564815  0.000000  1.0
    0.305869   -0.562815  0.000000  1.0
    0.305869   -0.560815  0.000000  1.0
    0.305869   -0.558815  0.000000  1.0
    0.305869   -0.556815  0.000000  1.0
    0.305869   -0.554815  0.000000  1.0
    0.305869   -0.552815  0.000000  1.0
    0.305869   -0.550815  0.000000  1.0
    0.305869   -0.548815  0.000000  1.0
    0.305869   -0.546815  0.000000  1.0
    0.307869   -0.626815  0.000000  1.0
    0.307869   -0.624815  0.000000  1.0
    0.307869   -0.622815  0.000000  1.0
    0.307869   -0.620815  0.000000  1.0
    0.307869   -0.618815  0.000000  1.0
    0.307869   -0.616815  0.000000  1.0
    0.307869   -0.614815  0.000000  1.0
    0.307869   -0.612815  0.000000  1.0
    0.307869   -0.610815  0.000000  1.0
    0.307869   -0.608815  0.000000  1.0
    0.307869   -0.606815  0.000000  1.0
    0.307869   -0.604815  0.000000  1.0
    0.307869   -0.602815  0.000000  1.0
    0.307869   -0.600815  0.000000  1.0
    0.307869   -0.598815  0.000000  1.0
    0.307869   -0.596815  0.000000  1.0
    0.307869   -0.594815  0.000000  1.0
    0.307869   -0.592815  0.000000  1.0
    0.307869   -0.590815  0.000000  1.0
    0.307869   -0.588815  0.000000  1.0
    0.307869   -0.586815  0.000000  1.0
    0.307869   -0.584815  0.000000  1.0
    0.307869   -0.582815  0.000000  1.0
    0.307869   -0.580815  0.000000  1.0
    0.307869   -0.578815  0.000000  1.0
    0.307869   -0.576815  0.000000  1.0
    0.307869   -0.574815  0.000000  1.0
    0.307869   -0.572815  0.000000  1.0
    0.307869   -0.570815  0.000000  1.0
    0.307869   -0.568815  0.000000  1.0
    0.307869   -0.566815  0.000000  1.0
    0.307869   -0.564815  0.000000  1.0
    0.307869   -0.562815  0.000000  1.0
    0.307869   -0.560815  0.000000  1.0
    0.307869   -0.558815  0.000000  1.0
    0.307869   -0.556815  0.000000  1.0
    0.307869   -0.554815  0.000000  1.0
    0.307869   -0.552815  0.000000  1.0
    0.307869   -0.550815  0.000000  1.0
    0.307869   -0.548815  0.000000  1.0
    0.307869   -0.546815  0.000000  1.0
    0.309869   -0.626815  0.000000  1.0
    0.309869   -0.624815  0.000000  1.0
    0.309869   -0.622815  0.000000  1.0
    0.309869   -0.620815  0.000000  1.0
    0.309869   -0.618815  0.000000  1.0
    0.309869   -0.616815  0.000000  1.0
    0.309869   -0.614815  0.000000  1.0
    0.309869   -0.612815  0.000000  1.0
    0.309869   -0.610815  0.000000  1.0
    0.309869   -0.608815  0.000000  1.0
    0.309869   -0.606815  0.000000  1.0
    0.309869   -0.604815  0.000000  1.0
    0.309869   -0.602815  0.000000  1.0
    0.309869   -0.600815  0.000000  1.0
    0.309869   -0.598815  0.000000  1.0
    0.309869   -0.596815  0.000000  1.0
    0.309869   -0.594815  0.000000  1.0
    0.309869   -0.592815  0.000000  1.0
    0.309869   -0.590815  0.000000  1.0
    0.309869   -0.588815  0.000000  1.0
    0.309869   -0.586815  0.000000  1.0
    0.309869   -0.584815  0.000000  1.0
    0.309869   -0.582815  0.000000  1.0
    0.309869   -0.580815  0.000000  1.0
    0.309869   -0.578815  0.000000  1.0
    0.309869   -0.576815  0.000000  1.0
    0.309869   -0.574815  0.000000  1.0
    0.309869   -0.572815  0.000000  1.0
    0.309869   -0.570815  0.000000  1.0
    0.309869   -0.568815  0.000000  1.0
    0.309869   -0.566815  0.000000  1.0
    0.309869   -0.564815  0.000000  1.0
    0.309869   -0.562815  0.000000  1.0
    0.309869   -0.560815  0.000000  1.0
    0.309869   -0.558815  0.000000  1.0
    0.309869   -0.556815  0.000000  1.0
    0.309869   -0.554815  0.000000  1.0
    0.309869   -0.552815  0.000000  1.0
    0.309869   -0.550815  0.000000  1.0
    0.309869   -0.548815  0.000000  1.0
    0.309869   -0.546815  0.000000  1.0
    0.311869   -0.626815  0.000000  1.0
    0.311869   -0.624815  0.000000  1.0
    0.311869   -0.622815  0.000000  1.0
    0.311869   -0.620815  0.000000  1.0
    0.311869   -0.618815  0.000000  1.0
    0.311869   -0.616815  0.000000  1.0
    0.311869   -0.614815  0.000000  1.0
    0.311869   -0.612815  0.000000  1.0
    0.311869   -0.610815  0.000000  1.0
    0.311869   -0.608815  0.000000  1.0
    0.311869   -0.606815  0.000000  1.0
    0.311869   -0.604815  0.000000  1.0
    0.311869   -0.602815  0.000000  1.0
    0.311869   -0.600815  0.000000  1.0
    0.311869   -0.598815  0.000000  1.0
    0.311869   -0.596815  0.000000  1.0
    0.311869   -0.594815  0.000000  1.0
    0.311869   -0.592815  0.000000  1.0
    0.311869   -0.590815  0.000000  1.0
    0.311869   -0.588815  0.000000  1.0
    0.311869   -0.586815  0.000000  1.0
    0.311869   -0.584815  0.000000  1.0
    0.311869   -0.582815  0.000000  1.0
    0.311869   -0.580815  0.000000  1.0
    0.311869   -0.578815  0.000000  1.0
    0.311869   -0.576815  0.000000  1.0
    0.311869   -0.574815  0.000000  1.0
    0.311869   -0.572815  0.000000  1.0
    0.311869   -0.570815  0.000000  1.0
    0.311869   -0.568815  0.000000  1.0
    0.311869   -0.566815  0.000000  1.0
    0.311869   -0.564815  0.000000  1.0
    0.311869   -0.562815  0.000000  1.0
    0.311869   -0.560815  0.000000  1.0
    0.311869   -0.558815  0.000000  1.0
    0.311869   -0.556815  0.000000  1.0
    0.311869   -0.554815  0.000000  1.0
    0.311869   -0.552815  0.000000  1.0
    0.311869   -0.550815  0.000000  1.0
    0.311869   -0.548815  0.000000  1.0
    0.311869   -0.546815  0.000000  1.0
    0.313869   -0.626815  0.000000  1.0
    0.313869   -0.624815  0.000000  1.0
    0.313869   -0.622815  0.000000  1.0
    0.313869   -0.620815  0.000000  1.0
    0.313869   -0.618815  0.000000  1.0
    0.313869   -0.616815  0.000000  1.0
    0.313869   -0.614815  0.000000  1.0
    0.313869   -0.612815  0.000000  1.0
    0.313869   -0.610815  0.000000  1.0
    0.313869   -0.608815  0.000000  1.0
    0.313869   -0.606815  0.000000  1.0
    0.313869   -0.604815  0.000000  1.0
    0.313869   -0.602815  0.000000  1.0
    0.313869   -0.600815  0.000000  1.0
    0.313869   -0.598815  0.000000  1.0
    0.313869   -0.596815  0.000000  1.0
    0.313869   -0.594815  0.000000  1.0
    0.313869   -0.592815  0.000000  1.0
    0.313869   -0.590815  0.000000  1.0
    0.313869   -0.588815  0.000000  1.0
    0.313869   -0.586815  0.000000  1.0
    0.313869   -0.584815  0.000000  1.0
    0.313869   -0.582815  0.000000  1.0
    0.313869   -0.580815  0.000000  1.0
    0.313869   -0.578815  0.000000  1.0
    0.313869   -0.576815  0.000000  1.0
    0.313869   -0.574815  0.000000  1.0
    0.313869   -0.572815  0.000000  1.0
    0.313869   -0.570815  0.000000  1.0
    0.313869   -0.568815  0.000000  1.0
    0.313869   -0.566815  0.000000  1.0
    0.313869   -0.564815  0.000000  1.0
    0.313869   -0.562815  0.000000  1.0
    0.313869   -0.560815  0.000000  1.0
    0.313869   -0.558815  0.000000  1.0
    0.313869   -0.556815  0.000000  1.0
    0.313869   -0.554815  0.000000  1.0
    0.313869   -0.552815  0.000000  1.0
    0.313869   -0.550815  0.000000  1.0
    0.313869   -0.548815  0.000000  1.0
    0.313869   -0.546815  0.000000  1.0
    0.315869   -0.626815  0.000000  1.0
    0.315869   -0.624815  0.000000  1.0
    0.315869   -0.622815  0.000000  1.0
    0.315869   -0.620815  0.000000  1.0
    0.315869   -0.618815  0.000000  1.0
    0.315869   -0.616815  0.000000  1.0
    0.315869   -0.614815  0.000000  1.0
    0.315869   -0.612815  0.000000  1.0
    0.315869   -0.610815  0.000000  1.0
    0.315869   -0.608815  0.000000  1.0
    0.315869   -0.606815  0.000000  1.0
    0.315869   -0.604815  0.000000  1.0
    0.315869   -0.602815  0.000000  1.0
    0.315869   -0.600815  0.000000  1.0
    0.315869   -0.598815  0.000000  1.0
    0.315869   -0.596815  0.000000  1.0
    0.315869   -0.594815  0.000000  1.0
    0.315869   -0.592815  0.000000  1.0
    0.315869   -0.590815  0.000000  1.0
    0.315869   -0.588815  0.000000  1.0
    0.315869   -0.586815  0.000000  1.0
    0.315869   -0.584815  0.000000  1.0
    0.315869   -0.582815  0.000000  1.0
    0.315869   -0.580815  0.000000  1.0
    0.315869   -0.578815  0.000000  1.0
    0.315869   -0.576815  0.000000  1.0
    0.315869   -0.574815  0.000000  1.0
    0.315869   -0.572815  0.000000  1.0
    0.315869   -0.570815  0.000000  1.0
    0.315869   -0.568815  0.000000  1.0
    0.315869   -0.566815  0.000000  1.0
    0.315869   -0.564815  0.000000  1.0
    0.315869   -0.562815  0.000000  1.0
    0.315869   -0.560815  0.000000  1.0
    0.315869   -0.558815  0.000000  1.0
    0.315869   -0.556815  0.000000  1.0
    0.315869   -0.554815  0.000000  1.0
    0.315869   -0.552815  0.000000  1.0
    0.315869   -0.550815  0.000000  1.0
    0.315869   -0.548815  0.000000  1.0
    0.315869   -0.546815  0.000000  1.0
    0.317869   -0.626815  0.000000  1.0
    0.317869   -0.624815  0.000000  1.0
    0.317869   -0.622815  0.000000  1.0
    0.317869   -0.620815  0.000000  1.0
    0.317869   -0.618815  0.000000  1.0
    0.317869   -0.616815  0.000000  1.0
    0.317869   -0.614815  0.000000  1.0
    0.317869   -0.612815  0.000000  1.0
    0.317869   -0.610815  0.000000  1.0
    0.317869   -0.608815  0.000000  1.0
    0.317869   -0.606815  0.000000  1.0
    0.317869   -0.604815  0.000000  1.0
    0.317869   -0.602815  0.000000  1.0
    0.317869   -0.600815  0.000000  1.0
    0.317869   -0.598815  0.000000  1.0
    0.317869   -0.596815  0.000000  1.0
    0.317869   -0.594815  0.000000  1.0
    0.317869   -0.592815  0.000000  1.0
    0.317869   -0.590815  0.000000  1.0
    0.317869   -0.588815  0.000000  1.0
    0.317869   -0.586815  0.000000  1.0
    0.317869   -0.584815  0.000000  1.0
    0.317869   -0.582815  0.000000  1.0
    0.317869   -0.580815  0.000000  1.0
    0.317869   -0.578815  0.000000  1.0
    0.317869   -0.576815  0.000000  1.0
    0.317869   -0.574815  0.000000  1.0
    0.317869   -0.572815  0.000000  1.0
    0.317869   -0.570815  0.000000  1.0
    0.317869   -0.568815  0.000000  1.0
    0.317869   -0.566815  0.000000  1.0
    0.317869   -0.564815  0.000000  1.0
    0.317869   -0.562815  0.000000  1.0
    0.317869   -0.560815  0.000000  1.0
    0.317869   -0.558815  0.000000  1.0
    0.317869   -0.556815  0.000000  1.0
    0.317869   -0.554815  0.000000  1.0
    0.317869   -0.552815  0.000000  1.0
    0.317869   -0.550815  0.000000  1.0
    0.317869   -0.548815  0.000000  1.0
    0.317869   -0.546815  0.000000  1.0
    0.319869   -0.626815  0.000000  1.0
    0.319869   -0.624815  0.000000  1.0
    0.319869   -0.622815  0.000000  1.0
    0.319869   -0.620815  0.000000  1.0
    0.319869   -0.618815  0.000000  1.0
    0.319869   -0.616815  0.000000  1.0
    0.319869   -0.614815  0.000000  1.0
    0.319869   -0.612815  0.000000  1.0
    0.319869   -0.610815  0.000000  1.0
    0.319869   -0.608815  0.000000  1.0
    0.319869   -0.606815  0.000000  1.0
    0.319869   -0.604815  0.000000  1.0
    0.319869   -0.602815  0.000000  1.0
    0.319869   -0.600815  0.000000  1.0
    0.319869   -0.598815  0.000000  1.0
    0.319869   -0.596815  0.000000  1.0
    0.319869   -0.594815  0.000000  1.0
    0.319869   -0.592815  0.000000  1.0
    0.319869   -0.590815  0.000000  1.0
    0.319869   -0.588815  0.000000  1.0
    0.319869   -0.586815  0.000000  1.0
    0.319869   -0.584815  0.000000  1.0
    0.319869   -0.582815  0.000000  1.0
    0.319869   -0.580815  0.000000  1.0
    0.319869   -0.578815  0.000000  1.0
    0.319869   -0.576815  0.000000  1.0
    0.319869   -0.574815  0.000000  1.0
    0.319869   -0.572815  0.000000  1.0
    0.319869   -0.570815  0.000000  1.0
    0.319869   -0.568815  0.000000  1.0
    0.319869   -0.566815  0.000000  1.0
    0.319869   -0.564815  0.000000  1.0
    0.319869   -0.562815  0.000000  1.0
    0.319869   -0.560815  0.000000  1.0
    0.319869   -0.558815  0.000000  1.0
    0.319869   -0.556815  0.000000  1.0
    0.319869   -0.554815  0.000000  1.0
    0.319869   -0.552815  0.000000  1.0
    0.319869   -0.550815  0.000000  1.0
    0.319869   -0.548815  0.000000  1.0
    0.319869   -0.546815  0.000000  1.0
    0.321869   -0.626815  0.000000  1.0
    0.321869   -0.624815  0.000000  1.0
    0.321869   -0.622815  0.000000  1.0
    0.321869   -0.620815  0.000000  1.0
    0.321869   -0.618815  0.000000  1.0
    0.321869   -0.616815  0.000000  1.0
    0.321869   -0.614815  0.000000  1.0
    0.321869   -0.612815  0.000000  1.0
    0.321869   -0.610815  0.000000  1.0
    0.321869   -0.608815  0.000000  1.0
    0.321869   -0.606815  0.000000  1.0
    0.321869   -0.604815  0.000000  1.0
    0.321869   -0.602815  0.000000  1.0
    0.321869   -0.600815  0.000000  1.0
    0.321869   -0.598815  0.000000  1.0
    0.321869   -0.596815  0.000000  1.0
    0.321869   -0.594815  0.000000  1.0
    0.321869   -0.592815  0.000000  1.0
    0.321869   -0.590815  0.000000  1.0
    0.321869   -0.588815  0.000000  1.0
    0.321869   -0.586815  0.000000  1.0
    0.321869   -0.584815  0.000000  1.0
    0.321869   -0.582815  0.000000  1.0
    0.321869   -0.580815  0.000000  1.0
    0.321869   -0.578815  0.000000  1.0
    0.321869   -0.576815  0.000000  1.0
    0.321869   -0.574815  0.000000  1.0
    0.321869   -0.572815  0.000000  1.0
    0.321869   -0.570815  0.000000  1.0
    0.321869   -0.568815  0.000000  1.0
    0.321869   -0.566815  0.000000  1.0
    0.321869   -0.564815  0.000000  1.0
    0.321869   -0.562815  0.000000  1.0
    0.321869   -0.560815  0.000000  1.0
    0.321869   -0.558815  0.000000  1.0
    0.321869   -0.556815  0.000000  1.0
    0.321869   -0.554815  0.000000  1.0
    0.321869   -0.552815  0.000000  1.0
    0.321869   -0.550815  0.000000  1.0
    0.321869   -0.548815  0.000000  1.0
    0.321869   -0.546815  0.000000  1.0
    0.323869   -0.626815  0.000000  1.0
    0.323869   -0.624815  0.000000  1.0
    0.323869   -0.622815  0.000000  1.0
    0.323869   -0.620815  0.000000  1.0
    0.323869   -0.618815  0.000000  1.0
    0.323869   -0.616815  0.000000  1.0
    0.323869   -0.614815  0.000000  1.0
    0.323869   -0.612815  0.000000  1.0
    0.323869   -0.610815  0.000000  1.0
    0.323869   -0.608815  0.000000  1.0
    0.323869   -0.606815  0.000000  1.0
    0.323869   -0.604815  0.000000  1.0
    0.323869   -0.602815  0.000000  1.0
    0.323869   -0.600815  0.000000  1.0
    0.323869   -0.598815  0.000000  1.0
    0.323869   -0.596815  0.000000  1.0
    0.323869   -0.594815  0.000000  1.0
    0.323869   -0.592815  0.000000  1.0
    0.323869   -0.590815  0.000000  1.0
    0.323869   -0.588815  0.000000  1.0
    0.323869   -0.586815  0.000000  1.0
    0.323869   -0.584815  0.000000  1.0
    0.323869   -0.582815  0.000000  1.0
    0.323869   -0.580815  0.000000  1.0
    0.323869   -0.578815  0.000000  1.0
    0.323869   -0.576815  0.000000  1.0
    0.323869   -0.574815  0.000000  1.0
    0.323869   -0.572815  0.000000  1.0
    0.323869   -0.570815  0.000000  1.0
    0.323869   -0.568815  0.000000  1.0
    0.323869   -0.566815  0.000000  1.0
    0.323869   -0.564815  0.000000  1.0
    0.323869   -0.562815  0.000000  1.0
    0.323869   -0.560815  0.000000  1.0
    0.323869   -0.558815  0.000000  1.0
    0.323869   -0.556815  0.000000  1.0
    0.323869   -0.554815  0.000000  1.0
    0.323869   -0.552815  0.000000  1.0
    0.323869   -0.550815  0.000000  1.0
    0.323869   -0.548815  0.000000  1.0
    0.323869   -0.546815  0.000000  1.0
    0.325869   -0.626815  0.000000  1.0
    0.325869   -0.624815  0.000000  1.0
    0.325869   -0.622815  0.000000  1.0
    0.325869   -0.620815  0.000000  1.0
    0.325869   -0.618815  0.000000  1.0
    0.325869   -0.616815  0.000000  1.0
    0.325869   -0.614815  0.000000  1.0
    0.325869   -0.612815  0.000000  1.0
    0.325869   -0.610815  0.000000  1.0
    0.325869   -0.608815  0.000000  1.0
    0.325869   -0.606815  0.000000  1.0
    0.325869   -0.604815  0.000000  1.0
    0.325869   -0.602815  0.000000  1.0
    0.325869   -0.600815  0.000000  1.0
    0.325869   -0.598815  0.000000  1.0
    0.325869   -0.596815  0.000000  1.0
    0.325869   -0.594815  0.000000  1.0
    0.325869   -0.592815  0.000000  1.0
    0.325869   -0.590815  0.000000  1.0
    0.325869   -0.588815  0.000000  1.0
    0.325869   -0.586815  0.000000  1.0
    0.325869   -0.584815  0.000000  1.0
    0.325869   -0.582815  0.000000  1.0
    0.325869   -0.580815  0.000000  1.0
    0.325869   -0.578815  0.000000  1.0
    0.325869   -0.576815  0.000000  1.0
    0.325869   -0.574815  0.000000  1.0
    0.325869   -0.572815  0.000000  1.0
    0.325869   -0.570815  0.000000  1.0
    0.325869   -0.568815  0.000000  1.0
    0.325869   -0.566815  0.000000  1.0
    0.325869   -0.564815  0.000000  1.0
    0.325869   -0.562815  0.000000  1.0
    0.325869   -0.560815  0.000000  1.0
    0.325869   -0.558815  0.000000  1.0
    0.325869   -0.556815  0.000000  1.0
    0.325869   -0.554815  0.000000  1.0
    0.325869   -0.552815  0.000000  1.0
    0.325869   -0.550815  0.000000  1.0
    0.325869   -0.548815  0.000000  1.0
    0.325869   -0.546815  0.000000  1.0
    0.327869   -0.626815  0.000000  1.0
    0.327869   -0.624815  0.000000  1.0
    0.327869   -0.622815  0.000000  1.0
    0.327869   -0.620815  0.000000  1.0
    0.327869   -0.618815  0.000000  1.0
    0.327869   -0.616815  0.000000  1.0
    0.327869   -0.614815  0.000000  1.0
    0.327869   -0.612815  0.000000  1.0
    0.327869   -0.610815  0.000000  1.0
    0.327869   -0.608815  0.000000  1.0
    0.327869   -0.606815  0.000000  1.0
    0.327869   -0.604815  0.000000  1.0
    0.327869   -0.602815  0.000000  1.0
    0.327869   -0.600815  0.000000  1.0
    0.327869   -0.598815  0.000000  1.0
    0.327869   -0.596815  0.000000  1.0
    0.327869   -0.594815  0.000000  1.0
    0.327869   -0.592815  0.000000  1.0
    0.327869   -0.590815  0.000000  1.0
    0.327869   -0.588815  0.000000  1.0
    0.327869   -0.586815  0.000000  1.0
    0.327869   -0.584815  0.000000  1.0
    0.327869   -0.582815  0.000000  1.0
    0.327869   -0.580815  0.000000  1.0
    0.327869   -0.578815  0.000000  1.0
    0.327869   -0.576815  0.000000  1.0
    0.327869   -0.574815  0.000000  1.0
    0.327869   -0.572815  0.000000  1.0
    0.327869   -0.570815  0.000000  1.0
    0.327869   -0.568815  0.000000  1.0
    0.327869   -0.566815  0.000000  1.0
    0.327869   -0.564815  0.000000  1.0
    0.327869   -0.562815  0.000000  1.0
    0.327869   -0.560815  0.000000  1.0
    0.327869   -0.558815  0.000000  1.0
    0.327869   -0.556815  0.000000  1.0
    0.327869   -0.554815  0.000000  1.0
    0.327869   -0.552815  0.000000  1.0
    0.327869   -0.550815  0.000000  1.0
    0.327869   -0.548815  0.000000  1.0
    0.327869   -0.546815  0.000000  1.0
    0.329869   -0.626815  0.000000  1.0
    0.329869   -0.624815  0.000000  1.0
    0.329869   -0.622815  0.000000  1.0
    0.329869   -0.620815  0.000000  1.0
    0.329869   -0.618815  0.000000  1.0
    0.329869   -0.616815  0.000000  1.0
    0.329869   -0.614815  0.000000  1.0
    0.329869   -0.612815  0.000000  1.0
    0.329869   -0.610815  0.000000  1.0
    0.329869   -0.608815  0.000000  1.0
    0.329869   -0.606815  0.000000  1.0
    0.329869   -0.604815  0.000000  1.0
    0.329869   -0.602815  0.000000  1.0
    0.329869   -0.600815  0.000000  1.0
    0.329869   -0.598815  0.000000  1.0
    0.329869   -0.596815  0.000000  1.0
    0.329869   -0.594815  0.000000  1.0
    0.329869   -0.592815  0.000000  1.0
    0.329869   -0.590815  0.000000  1.0
    0.329869   -0.588815  0.000000  1.0
    0.329869   -0.586815  0.000000  1.0
    0.329869   -0.584815  0.000000  1.0
    0.329869   -0.582815  0.000000  1.0
    0.329869   -0.580815  0.000000  1.0
    0.329869   -0.578815  0.000000  1.0
    0.329869   -0.576815  0.000000  1.0
    0.329869   -0.574815  0.000000  1.0
    0.329869   -0.572815  0.000000  1.0
    0.329869   -0.570815  0.000000  1.0
    0.329869   -0.568815  0.000000  1.0
    0.329869   -0.566815  0.000000  1.0
    0.329869   -0.564815  0.000000  1.0
    0.329869   -0.562815  0.000000  1.0
    0.329869   -0.560815  0.000000  1.0
    0.329869   -0.558815  0.000000  1.0
    0.329869   -0.556815  0.000000  1.0
    0.329869   -0.554815  0.000000  1.0
    0.329869   -0.552815  0.000000  1.0
    0.329869   -0.550815  0.000000  1.0
    0.329869   -0.548815  0.000000  1.0
    0.329869   -0.546815  0.000000  1.0
    0.331869   -0.626815  0.000000  1.0
    0.331869   -0.624815  0.000000  1.0
    0.331869   -0.622815  0.000000  1.0
    0.331869   -0.620815  0.000000  1.0
    0.331869   -0.618815  0.000000  1.0
    0.331869   -0.616815  0.000000  1.0
    0.331869   -0.614815  0.000000  1.0
    0.331869   -0.612815  0.000000  1.0
    0.331869   -0.610815  0.000000  1.0
    0.331869   -0.608815  0.000000  1.0
    0.331869   -0.606815  0.000000  1.0
    0.331869   -0.604815  0.000000  1.0
    0.331869   -0.602815  0.000000  1.0
    0.331869   -0.600815  0.000000  1.0
    0.331869   -0.598815  0.000000  1.0
    0.331869   -0.596815  0.000000  1.0
    0.331869   -0.594815  0.000000  1.0
    0.331869   -0.592815  0.000000  1.0
    0.331869   -0.590815  0.000000  1.0
    0.331869   -0.588815  0.000000  1.0
    0.331869   -0.586815  0.000000  1.0
    0.331869   -0.584815  0.000000  1.0
    0.331869   -0.582815  0.000000  1.0
    0.331869   -0.580815  0.000000  1.0
    0.331869   -0.578815  0.000000  1.0
    0.331869   -0.576815  0.000000  1.0
    0.331869   -0.574815  0.000000  1.0
    0.331869   -0.572815  0.000000  1.0
    0.331869   -0.570815  0.000000  1.0
    0.331869   -0.568815  0.000000  1.0
    0.331869   -0.566815  0.000000  1.0
    0.331869   -0.564815  0.000000  1.0
    0.331869   -0.562815  0.000000  1.0
    0.331869   -0.560815  0.000000  1.0
    0.331869   -0.558815  0.000000  1.0
    0.331869   -0.556815  0.000000  1.0
    0.331869   -0.554815  0.000000  1.0
    0.331869   -0.552815  0.000000  1.0
    0.331869   -0.550815  0.000000  1.0
    0.331869   -0.548815  0.000000  1.0
    0.331869   -0.546815  0.000000  1.0
    0.333869   -0.626815  0.000000  1.0
    0.333869   -0.624815  0.000000  1.0
    0.333869   -0.622815  0.000000  1.0
    0.333869   -0.620815  0.000000  1.0
    0.333869   -0.618815  0.000000  1.0
    0.333869   -0.616815  0.000000  1.0
    0.333869   -0.614815  0.000000  1.0
    0.333869   -0.612815  0.000000  1.0
    0.333869   -0.610815  0.000000  1.0
    0.333869   -0.608815  0.000000  1.0
    0.333869   -0.606815  0.000000  1.0
    0.333869   -0.604815  0.000000  1.0
    0.333869   -0.602815  0.000000  1.0
    0.333869   -0.600815  0.000000  1.0
    0.333869   -0.598815  0.000000  1.0
    0.333869   -0.596815  0.000000  1.0
    0.333869   -0.594815  0.000000  1.0
    0.333869   -0.592815  0.000000  1.0
    0.333869   -0.590815  0.000000  1.0
    0.333869   -0.588815  0.000000  1.0
    0.333869   -0.586815  0.000000  1.0
    0.333869   -0.584815  0.000000  1.0
    0.333869   -0.582815  0.000000  1.0
    0.333869   -0.580815  0.000000  1.0
    0.333869   -0.578815  0.000000  1.0
    0.333869   -0.576815  0.000000  1.0
    0.333869   -0.574815  0.000000  1.0
    0.333869   -0.572815  0.000000  1.0
    0.333869   -0.570815  0.000000  1.0
    0.333869   -0.568815  0.000000  1.0
    0.333869   -0.566815  0.000000  1.0
    0.333869   -0.564815  0.000000  1.0
    0.333869   -0.562815  0.000000  1.0
    0.333869   -0.560815  0.000000  1.0
    0.333869   -0.558815  0.000000  1.0
    0.333869   -0.556815  0.000000  1.0
    0.333869   -0.554815  0.000000  1.0
    0.333869   -0.552815  0.000000  1.0
    0.333869   -0.550815  0.000000  1.0
    0.333869   -0.548815  0.000000  1.0
    0.333869   -0.546815  0.000000  1.0
    0.335869   -0.626815  0.000000  1.0
    0.335869   -0.624815  0.000000  1.0
    0.335869   -0.622815  0.000000  1.0
    0.335869   -0.620815  0.000000  1.0
    0.335869   -0.618815  0.000000  1.0
    0.335869   -0.616815  0.000000  1.0
    0.335869   -0.614815  0.000000  1.0
    0.335869   -0.612815  0.000000  1.0
    0.335869   -0.610815  0.000000  1.0
    0.335869   -0.608815  0.000000  1.0
    0.335869   -0.606815  0.000000  1.0
    0.335869   -0.604815  0.000000  1.0
    0.335869   -0.602815  0.000000  1.0
    0.335869   -0.600815  0.000000  1.0
    0.335869   -0.598815  0.000000  1.0
    0.335869   -0.596815  0.000000  1.0
    0.335869   -0.594815  0.000000  1.0
    0.335869   -0.592815  0.000000  1.0
    0.335869   -0.590815  0.000000  1.0
    0.335869   -0.588815  0.000000  1.0
    0.335869   -0.586815  0.000000  1.0
    0.335869   -0.584815  0.000000  1.0
    0.335869   -0.582815  0.000000  1.0
    0.335869   -0.580815  0.000000  1.0
    0.335869   -0.578815  0.000000  1.0
    0.335869   -0.576815  0.000000  1.0
    0.335869   -0.574815  0.000000  1.0
    0.335869   -0.572815  0.000000  1.0
    0.335869   -0.570815  0.000000  1.0
    0.335869   -0.568815  0.000000  1.0
    0.335869   -0.566815  0.000000  1.0
    0.335869   -0.564815  0.000000  1.0
    0.335869   -0.562815  0.000000  1.0
    0.335869   -0.560815  0.000000  1.0
    0.335869   -0.558815  0.000000  1.0
    0.335869   -0.556815  0.000000  1.0
    0.335869   -0.554815  0.000000  1.0
    0.335869   -0.552815  0.000000  1.0
    0.335869   -0.550815  0.000000  1.0
    0.335869   -0.548815  0.000000  1.0
    0.335869   -0.546815  0.000000  1.0
    0.337869   -0.626815  0.000000  1.0
    0.337869   -0.624815  0.000000  1.0
    0.337869   -0.622815  0.000000  1.0
    0.337869   -0.620815  0.000000  1.0
    0.337869   -0.618815  0.000000  1.0
    0.337869   -0.616815  0.000000  1.0
    0.337869   -0.614815  0.000000  1.0
    0.337869   -0.612815  0.000000  1.0
    0.337869   -0.610815  0.000000  1.0
    0.337869   -0.608815  0.000000  1.0
    0.337869   -0.606815  0.000000  1.0
    0.337869   -0.604815  0.000000  1.0
    0.337869   -0.602815  0.000000  1.0
    0.337869   -0.600815  0.000000  1.0
    0.337869   -0.598815  0.000000  1.0
    0.337869   -0.596815  0.000000  1.0
    0.337869   -0.594815  0.000000  1.0
    0.337869   -0.592815  0.000000  1.0
    0.337869   -0.590815  0.000000  1.0
    0.337869   -0.588815  0.000000  1.0
    0.337869   -0.586815  0.000000  1.0
    0.337869   -0.584815  0.000000  1.0
    0.337869   -0.582815  0.000000  1.0
    0.337869   -0.580815  0.000000  1.0
    0.337869   -0.578815  0.000000  1.0
    0.337869   -0.576815  0.000000  1.0
    0.337869   -0.574815  0.000000  1.0
    0.337869   -0.572815  0.000000  1.0
    0.337869   -0.570815  0.000000  1.0
    0.337869   -0.568815  0.000000  1.0
    0.337869   -0.566815  0.000000  1.0
    0.337869   -0.564815  0.000000  1.0
    0.337869   -0.562815  0.000000  1.0
    0.337869   -0.560815  0.000000  1.0
    0.337869   -0.558815  0.000000  1.0
    0.337869   -0.556815  0.000000  1.0
    0.337869   -0.554815  0.000000  1.0
    0.337869   -0.552815  0.000000  1.0
    0.337869   -0.550815  0.000000  1.0
    0.337869   -0.548815  0.000000  1.0
    0.337869   -0.546815  0.000000  1.0
    0.339869   -0.626815  0.000000  1.0
    0.339869   -0.624815  0.000000  1.0
    0.339869   -0.622815  0.000000  1.0
    0.339869   -0.620815  0.000000  1.0
    0.339869   -0.618815  0.000000  1.0
    0.339869   -0.616815  0.000000  1.0
    0.339869   -0.614815  0.000000  1.0
    0.339869   -0.612815  0.000000  1.0
    0.339869   -0.610815  0.000000  1.0
    0.339869   -0.608815  0.000000  1.0
    0.339869   -0.606815  0.000000  1.0
    0.339869   -0.604815  0.000000  1.0
    0.339869   -0.602815  0.000000  1.0
    0.339869   -0.600815  0.000000  1.0
    0.339869   -0.598815  0.000000  1.0
    0.339869   -0.596815  0.000000  1.0
    0.339869   -0.594815  0.000000  1.0
    0.339869   -0.592815  0.000000  1.0
    0.339869   -0.590815  0.000000  1.0
    0.339869   -0.588815  0.000000  1.0
    0.339869   -0.586815  0.000000  1.0
    0.339869   -0.584815  0.000000  1.0
    0.339869   -0.582815  0.000000  1.0
    0.339869   -0.580815  0.000000  1.0
    0.339869   -0.578815  0.000000  1.0
    0.339869   -0.576815  0.000000  1.0
    0.339869   -0.574815  0.000000  1.0
    0.339869   -0.572815  0.000000  1.0
    0.339869   -0.570815  0.000000  1.0
    0.339869   -0.568815  0.000000  1.0
    0.339869   -0.566815  0.000000  1.0
    0.339869   -0.564815  0.000000  1.0
    0.339869   -0.562815  0.000000  1.0
    0.339869   -0.560815  0.000000  1.0
    0.339869   -0.558815  0.000000  1.0
    0.339869   -0.556815  0.000000  1.0
    0.339869   -0.554815  0.000000  1.0
    0.339869   -0.552815  0.000000  1.0
    0.339869   -0.550815  0.000000  1.0
    0.339869   -0.548815  0.000000  1.0
    0.339869   -0.546815  0.000000  1.0
    0.341869   -0.626815  0.000000  1.0
    0.341869   -0.624815  0.000000  1.0
    0.341869   -0.622815  0.000000  1.0
    0.341869   -0.620815  0.000000  1.0
    0.341869   -0.618815  0.000000  1.0
    0.341869   -0.616815  0.000000  1.0
    0.341869   -0.614815  0.000000  1.0
    0.341869   -0.612815  0.000000  1.0
    0.341869   -0.610815  0.000000  1.0
    0.341869   -0.608815  0.000000  1.0
    0.341869   -0.606815  0.000000  1.0
    0.341869   -0.604815  0.000000  1.0
    0.341869   -0.602815  0.000000  1.0
    0.341869   -0.600815  0.000000  1.0
    0.341869   -0.598815  0.000000  1.0
    0.341869   -0.596815  0.000000  1.0
    0.341869   -0.594815  0.000000  1.0
    0.341869   -0.592815  0.000000  1.0
    0.341869   -0.590815  0.000000  1.0
    0.341869   -0.588815  0.000000  1.0
    0.341869   -0.586815  0.000000  1.0
    0.341869   -0.584815  0.000000  1.0
    0.341869   -0.582815  0.000000  1.0
    0.341869   -0.580815  0.000000  1.0
    0.341869   -0.578815  0.000000  1.0
    0.341869   -0.576815  0.000000  1.0
    0.341869   -0.574815  0.000000  1.0
    0.341869   -0.572815  0.000000  1.0
    0.341869   -0.570815  0.000000  1.0
    0.341869   -0.568815  0.000000  1.0
    0.341869   -0.566815  0.000000  1.0
    0.341869   -0.564815  0.000000  1.0
    0.341869   -0.562815  0.000000  1.0
    0.341869   -0.560815  0.000000  1.0
    0.341869   -0.558815  0.000000  1.0
    0.341869   -0.556815  0.000000  1.0
    0.341869   -0.554815  0.000000  1.0
    0.341869   -0.552815  0.000000  1.0
    0.341869   -0.550815  0.000000  1.0
    0.341869   -0.548815  0.000000  1.0
    0.341869   -0.546815  0.000000  1.0
    0.343869   -0.626815  0.000000  1.0
    0.343869   -0.624815  0.000000  1.0
    0.343869   -0.622815  0.000000  1.0
    0.343869   -0.620815  0.000000  1.0
    0.343869   -0.618815  0.000000  1.0
    0.343869   -0.616815  0.000000  1.0
    0.343869   -0.614815  0.000000  1.0
    0.343869   -0.612815  0.000000  1.0
    0.343869   -0.610815  0.000000  1.0
    0.343869   -0.608815  0.000000  1.0
    0.343869   -0.606815  0.000000  1.0
    0.343869   -0.604815  0.000000  1.0
    0.343869   -0.602815  0.000000  1.0
    0.343869   -0.600815  0.000000  1.0
    0.343869   -0.598815  0.000000  1.0
    0.343869   -0.596815  0.000000  1.0
    0.343869   -0.594815  0.000000  1.0
    0.343869   -0.592815  0.000000  1.0
    0.343869   -0.590815  0.000000  1.0
    0.343869   -0.588815  0.000000  1.0
    0.343869   -0.586815  0.000000  1.0
    0.343869   -0.584815  0.000000  1.0
    0.343869   -0.582815  0.000000  1.0
    0.343869   -0.580815  0.000000  1.0
    0.343869   -0.578815  0.000000  1.0
    0.343869   -0.576815  0.000000  1.0
    0.343869   -0.574815  0.000000  1.0
    0.343869   -0.572815  0.000000  1.0
    0.343869   -0.570815  0.000000  1.0
    0.343869   -0.568815  0.000000  1.0
    0.343869   -0.566815  0.000000  1.0
    0.343869   -0.564815  0.000000  1.0
    0.343869   -0.562815  0.000000  1.0
    0.343869   -0.560815  0.000000  1.0
    0.343869   -0.558815  0.000000  1.0
    0.343869   -0.556815  0.000000  1.0
    0.343869   -0.554815  0.000000  1.0
    0.343869   -0.552815  0.000000  1.0
    0.343869   -0.550815  0.000000  1.0
    0.343869   -0.548815  0.000000  1.0
    0.343869   -0.546815  0.000000  1.0
    0.345869   -0.626815  0.000000  1.0
    0.345869   -0.624815  0.000000  1.0
    0.345869   -0.622815  0.000000  1.0
    0.345869   -0.620815  0.000000  1.0
    0.345869   -0.618815  0.000000  1.0
    0.345869   -0.616815  0.000000  1.0
    0.345869   -0.614815  0.000000  1.0
    0.345869   -0.612815  0.000000  1.0
    0.345869   -0.610815  0.000000  1.0
    0.345869   -0.608815  0.000000  1.0
    0.345869   -0.606815  0.000000  1.0
    0.345869   -0.604815  0.000000  1.0
    0.345869   -0.602815  0.000000  1.0
    0.345869   -0.600815  0.000000  1.0
    0.345869   -0.598815  0.000000  1.0
    0.345869   -0.596815  0.000000  1.0
    0.345869   -0.594815  0.000000  1.0
    0.345869   -0.592815  0.000000  1.0
    0.345869   -0.590815  0.000000  1.0
    0.345869   -0.588815  0.000000  1.0
    0.345869   -0.586815  0.000000  1.0
    0.345869   -0.584815  0.000000  1.0
    0.345869   -0.582815  0.000000  1.0
    0.345869   -0.580815  0.000000  1.0
    0.345869   -0.578815  0.000000  1.0
    0.345869   -0.576815  0.000000  1.0
    0.345869   -0.574815  0.000000  1.0
    0.345869   -0.572815  0.000000  1.0
    0.345869   -0.570815  0.000000  1.0
    0.345869   -0.568815  0.000000  1.0
    0.345869   -0.566815  0.000000  1.0
    0.345869   -0.564815  0.000000  1.0
    0.345869   -0.562815  0.000000  1.0
    0.345869   -0.560815  0.000000  1.0
    0.345869   -0.558815  0.000000  1.0
    0.345869   -0.556815  0.000000  1.0
    0.345869   -0.554815  0.000000  1.0
    0.345869   -0.552815  0.000000  1.0
    0.345869   -0.550815  0.000000  1.0
    0.345869   -0.548815  0.000000  1.0
    0.345869   -0.546815  0.000000  1.0
    0.347869   -0.626815  0.000000  1.0
    0.347869   -0.624815  0.000000  1.0
    0.347869   -0.622815  0.000000  1.0
    0.347869   -0.620815  0.000000  1.0
    0.347869   -0.618815  0.000000  1.0
    0.347869   -0.616815  0.000000  1.0
    0.347869   -0.614815  0.000000  1.0
    0.347869   -0.612815  0.000000  1.0
    0.347869   -0.610815  0.000000  1.0
    0.347869   -0.608815  0.000000  1.0
    0.347869   -0.606815  0.000000  1.0
    0.347869   -0.604815  0.000000  1.0
    0.347869   -0.602815  0.000000  1.0
    0.347869   -0.600815  0.000000  1.0
    0.347869   -0.598815  0.000000  1.0
    0.347869   -0.596815  0.000000  1.0
    0.347869   -0.594815  0.000000  1.0
    0.347869   -0.592815  0.000000  1.0
    0.347869   -0.590815  0.000000  1.0
    0.347869   -0.588815  0.000000  1.0
    0.347869   -0.586815  0.000000  1.0
    0.347869   -0.584815  0.000000  1.0
    0.347869   -0.582815  0.000000  1.0
    0.347869   -0.580815  0.000000  1.0
    0.347869   -0.578815  0.000000  1.0
    0.347869   -0.576815  0.000000  1.0
    0.347869   -0.574815  0.000000  1.0
    0.347869   -0.572815  0.000000  1.0
    0.347869   -0.570815  0.000000  1.0
    0.347869   -0.568815  0.000000  1.0
    0.347869   -0.566815  0.000000  1.0
    0.347869   -0.564815  0.000000  1.0
    0.347869   -0.562815  0.000000  1.0
    0.347869   -0.560815  0.000000  1.0
    0.347869   -0.558815  0.000000  1.0
    0.347869   -0.556815  0.000000  1.0
    0.347869   -0.554815  0.000000  1.0
    0.347869   -0.552815  0.000000  1.0
    0.347869   -0.550815  0.000000  1.0
    0.347869   -0.548815  0.000000  1.0
    0.347869   -0.546815  0.000000  1.0
    0.349869   -0.626815  0.000000  1.0
    0.349869   -0.624815  0.000000  1.0
    0.349869   -0.622815  0.000000  1.0
    0.349869   -0.620815  0.000000  1.0
    0.349869   -0.618815  0.000000  1.0
    0.349869   -0.616815  0.000000  1.0
    0.349869   -0.614815  0.000000  1.0
    0.349869   -0.612815  0.000000  1.0
    0.349869   -0.610815  0.000000  1.0
    0.349869   -0.608815  0.000000  1.0
    0.349869   -0.606815  0.000000  1.0
    0.349869   -0.604815  0.000000  1.0
    0.349869   -0.602815  0.000000  1.0
    0.349869   -0.600815  0.000000  1.0
    0.349869   -0.598815  0.000000  1.0
    0.349869   -0.596815  0.000000  1.0
    0.349869   -0.594815  0.000000  1.0
    0.349869   -0.592815  0.000000  1.0
    0.349869   -0.590815  0.000000  1.0
    0.349869   -0.588815  0.000000  1.0
    0.349869   -0.586815  0.000000  1.0
    0.349869   -0.584815  0.000000  1.0
    0.349869   -0.582815  0.000000  1.0
    0.349869   -0.580815  0.000000  1.0
    0.349869   -0.578815  0.000000  1.0
    0.349869   -0.576815  0.000000  1.0
    0.349869   -0.574815  0.000000  1.0
    0.349869   -0.572815  0.000000  1.0
    0.349869   -0.570815  0.000000  1.0
    0.349869   -0.568815  0.000000  1.0
    0.349869   -0.566815  0.000000  1.0
    0.349869   -0.564815  0.000000  1.0
    0.349869   -0.562815  0.000000  1.0
    0.349869   -0.560815  0.000000  1.0
    0.349869   -0.558815  0.000000  1.0
    0.349869   -0.556815  0.000000  1.0
    0.349869   -0.554815  0.000000  1.0
    0.349869   -0.552815  0.000000  1.0
    0.349869   -0.550815  0.000000  1.0
    0.349869   -0.548815  0.000000  1.0
    0.349869   -0.546815  0.000000  1.0
    0.351869   -0.626815  0.000000  1.0
    0.351869   -0.624815  0.000000  1.0
    0.351869   -0.622815  0.000000  1.0
    0.351869   -0.620815  0.000000  1.0
    0.351869   -0.618815  0.000000  1.0
    0.351869   -0.616815  0.000000  1.0
    0.351869   -0.614815  0.000000  1.0
    0.351869   -0.612815  0.000000  1.0
    0.351869   -0.610815  0.000000  1.0
    0.351869   -0.608815  0.000000  1.0
    0.351869   -0.606815  0.000000  1.0
    0.351869   -0.604815  0.000000  1.0
    0.351869   -0.602815  0.000000  1.0
    0.351869   -0.600815  0.000000  1.0
    0.351869   -0.598815  0.000000  1.0
    0.351869   -0.596815  0.000000  1.0
    0.351869   -0.594815  0.000000  1.0
    0.351869   -0.592815  0.000000  1.0
    0.351869   -0.590815  0.000000  1.0
    0.351869   -0.588815  0.000000  1.0
    0.351869   -0.586815  0.000000  1.0
    0.351869   -0.584815  0.000000  1.0
    0.351869   -0.582815  0.000000  1.0
    0.351869   -0.580815  0.000000  1.0
    0.351869   -0.578815  0.000000  1.0
    0.351869   -0.576815  0.000000  1.0
    0.351869   -0.574815  0.000000  1.0
    0.351869   -0.572815  0.000000  1.0
    0.351869   -0.570815  0.000000  1.0
    0.351869   -0.568815  0.000000  1.0
    0.351869   -0.566815  0.000000  1.0
    0.351869   -0.564815  0.000000  1.0
    0.351869   -0.562815  0.000000  1.0
    0.351869   -0.560815  0.000000  1.0
    0.351869   -0.558815  0.000000  1.0
    0.351869   -0.556815  0.000000  1.0
    0.351869   -0.554815  0.000000  1.0
    0.351869   -0.552815  0.000000  1.0
    0.351869   -0.550815  0.000000  1.0
    0.351869   -0.548815  0.000000  1.0
    0.351869   -0.546815  0.000000  1.0
    0.353869   -0.626815  0.000000  1.0
    0.353869   -0.624815  0.000000  1.0
    0.353869   -0.622815  0.000000  1.0
    0.353869   -0.620815  0.000000  1.0
    0.353869   -0.618815  0.000000  1.0
    0.353869   -0.616815  0.000000  1.0
    0.353869   -0.614815  0.000000  1.0
    0.353869   -0.612815  0.000000  1.0
    0.353869   -0.610815  0.000000  1.0
    0.353869   -0.608815  0.000000  1.0
    0.353869   -0.606815  0.000000  1.0
    0.353869   -0.604815  0.000000  1.0
    0.353869   -0.602815  0.000000  1.0
    0.353869   -0.600815  0.000000  1.0
    0.353869   -0.598815  0.000000  1.0
    0.353869   -0.596815  0.000000  1.0
    0.353869   -0.594815  0.000000  1.0
    0.353869   -0.592815  0.000000  1.0
    0.353869   -0.590815  0.000000  1.0
    0.353869   -0.588815  0.000000  1.0
    0.353869   -0.586815  0.000000  1.0
    0.353869   -0.584815  0.000000  1.0
    0.353869   -0.582815  0.000000  1.0
    0.353869   -0.580815  0.000000  1.0
    0.353869   -0.578815  0.000000  1.0
    0.353869   -0.576815  0.000000  1.0
    0.353869   -0.574815  0.000000  1.0
    0.353869   -0.572815  0.000000  1.0
    0.353869   -0.570815  0.000000  1.0
    0.353869   -0.568815  0.000000  1.0
    0.353869   -0.566815  0.000000  1.0
    0.353869   -0.564815  0.000000  1.0
    0.353869   -0.562815  0.000000  1.0
    0.353869   -0.560815  0.000000  1.0
    0.353869   -0.558815  0.000000  1.0
    0.353869   -0.556815  0.000000  1.0
    0.353869   -0.554815  0.000000  1.0
    0.353869   -0.552815  0.000000  1.0
    0.353869   -0.550815  0.000000  1.0
    0.353869   -0.548815  0.000000  1.0
    0.353869   -0.546815  0.000000  1.0
    0.355869   -0.626815  0.000000  1.0
    0.355869   -0.624815  0.000000  1.0
    0.355869   -0.622815  0.000000  1.0
    0.355869   -0.620815  0.000000  1.0
    0.355869   -0.618815  0.000000  1.0
    0.355869   -0.616815  0.000000  1.0
    0.355869   -0.614815  0.000000  1.0
    0.355869   -0.612815  0.000000  1.0
    0.355869   -0.610815  0.000000  1.0
    0.355869   -0.608815  0.000000  1.0
    0.355869   -0.606815  0.000000  1.0
    0.355869   -0.604815  0.000000  1.0
    0.355869   -0.602815  0.000000  1.0
    0.355869   -0.600815  0.000000  1.0
    0.355869   -0.598815  0.000000  1.0
    0.355869   -0.596815  0.000000  1.0
    0.355869   -0.594815  0.000000  1.0
    0.355869   -0.592815  0.000000  1.0
    0.355869   -0.590815  0.000000  1.0
    0.355869   -0.588815  0.000000  1.0
    0.355869   -0.586815  0.000000  1.0
    0.355869   -0.584815  0.000000  1.0
    0.355869   -0.582815  0.000000  1.0
    0.355869   -0.580815  0.000000  1.0
    0.355869   -0.578815  0.000000  1.0
    0.355869   -0.576815  0.000000  1.0
    0.355869   -0.574815  0.000000  1.0
    0.355869   -0.572815  0.000000  1.0
    0.355869   -0.570815  0.000000  1.0
    0.355869   -0.568815  0.000000  1.0
    0.355869   -0.566815  0.000000  1.0
    0.355869   -0.564815  0.000000  1.0
    0.355869   -0.562815  0.000000  1.0
    0.355869   -0.560815  0.000000  1.0
    0.355869   -0.558815  0.000000  1.0
    0.355869   -0.556815  0.000000  1.0
    0.355869   -0.554815  0.000000  1.0
    0.355869   -0.552815  0.000000  1.0
    0.355869   -0.550815  0.000000  1.0
    0.355869   -0.548815  0.000000  1.0
    0.355869   -0.546815  0.000000  1.0
    0.357869   -0.626815  0.000000  1.0
    0.357869   -0.624815  0.000000  1.0
    0.357869   -0.622815  0.000000  1.0
    0.357869   -0.620815  0.000000  1.0
    0.357869   -0.618815  0.000000  1.0
    0.357869   -0.616815  0.000000  1.0
    0.357869   -0.614815  0.000000  1.0
    0.357869   -0.612815  0.000000  1.0
    0.357869   -0.610815  0.000000  1.0
    0.357869   -0.608815  0.000000  1.0
    0.357869   -0.606815  0.000000  1.0
    0.357869   -0.604815  0.000000  1.0
    0.357869   -0.602815  0.000000  1.0
    0.357869   -0.600815  0.000000  1.0
    0.357869   -0.598815  0.000000  1.0
    0.357869   -0.596815  0.000000  1.0
    0.357869   -0.594815  0.000000  1.0
    0.357869   -0.592815  0.000000  1.0
    0.357869   -0.590815  0.000000  1.0
    0.357869   -0.588815  0.000000  1.0
    0.357869   -0.586815  0.000000  1.0
    0.357869   -0.584815  0.000000  1.0
    0.357869   -0.582815  0.000000  1.0
    0.357869   -0.580815  0.000000  1.0
    0.357869   -0.578815  0.000000  1.0
    0.357869   -0.576815  0.000000  1.0
    0.357869   -0.574815  0.000000  1.0
    0.357869   -0.572815  0.000000  1.0
    0.357869   -0.570815  0.000000  1.0
    0.357869   -0.568815  0.000000  1.0
    0.357869   -0.566815  0.000000  1.0
    0.357869   -0.564815  0.000000  1.0
    0.357869   -0.562815  0.000000  1.0
    0.357869   -0.560815  0.000000  1.0
    0.357869   -0.558815  0.000000  1.0
    0.357869   -0.556815  0.000000  1.0
    0.357869   -0.554815  0.000000  1.0
    0.357869   -0.552815  0.000000  1.0
    0.357869   -0.550815  0.000000  1.0
    0.357869   -0.548815  0.000000  1.0
    0.357869   -0.546815  0.000000  1.0
    0.359869   -0.626815  0.000000  1.0
    0.359869   -0.624815  0.000000  1.0
    0.359869   -0.622815  0.000000  1.0
    0.359869   -0.620815  0.000000  1.0
    0.359869   -0.618815  0.000000  1.0
    0.359869   -0.616815  0.000000  1.0
    0.359869   -0.614815  0.000000  1.0
    0.359869   -0.612815  0.000000  1.0
    0.359869   -0.610815  0.000000  1.0
    0.359869   -0.608815  0.000000  1.0
    0.359869   -0.606815  0.000000  1.0
    0.359869   -0.604815  0.000000  1.0
    0.359869   -0.602815  0.000000  1.0
    0.359869   -0.600815  0.000000  1.0
    0.359869   -0.598815  0.000000  1.0
    0.359869   -0.596815  0.000000  1.0
    0.359869   -0.594815  0.000000  1.0
    0.359869   -0.592815  0.000000  1.0
    0.359869   -0.590815  0.000000  1.0
    0.359869   -0.588815  0.000000  1.0
    0.359869   -0.586815  0.000000  1.0
    0.359869   -0.584815  0.000000  1.0
    0.359869   -0.582815  0.000000  1.0
    0.359869   -0.580815  0.000000  1.0
    0.359869   -0.578815  0.000000  1.0
    0.359869   -0.576815  0.000000  1.0
    0.359869   -0.574815  0.000000  1.0
    0.359869   -0.572815  0.000000  1.0
    0.359869   -0.570815  0.000000  1.0
    0.359869   -0.568815  0.000000  1.0
    0.359869   -0.566815  0.000000  1.0
    0.359869   -0.564815  0.000000  1.0
    0.359869   -0.562815  0.000000  1.0
    0.359869   -0.560815  0.000000  1.0
    0.359869   -0.558815  0.000000  1.0
    0.359869   -0.556815  0.000000  1.0
    0.359869   -0.554815  0.000000  1.0
    0.359869   -0.552815  0.000000  1.0
    0.359869   -0.550815  0.000000  1.0
    0.359869   -0.548815  0.000000  1.0
    0.359869   -0.546815  0.000000  1.0
    0.361869   -0.626815  0.000000  1.0
    0.361869   -0.624815  0.000000  1.0
    0.361869   -0.622815  0.000000  1.0
    0.361869   -0.620815  0.000000  1.0
    0.361869   -0.618815  0.000000  1.0
    0.361869   -0.616815  0.000000  1.0
    0.361869   -0.614815  0.000000  1.0
    0.361869   -0.612815  0.000000  1.0
    0.361869   -0.610815  0.000000  1.0
    0.361869   -0.608815  0.000000  1.0
    0.361869   -0.606815  0.000000  1.0
    0.361869   -0.604815  0.000000  1.0
    0.361869   -0.602815  0.000000  1.0
    0.361869   -0.600815  0.000000  1.0
    0.361869   -0.598815  0.000000  1.0
    0.361869   -0.596815  0.000000  1.0
    0.361869   -0.594815  0.000000  1.0
    0.361869   -0.592815  0.000000  1.0
    0.361869   -0.590815  0.000000  1.0
    0.361869   -0.588815  0.000000  1.0
    0.361869   -0.586815  0.000000  1.0
    0.361869   -0.584815  0.000000  1.0
    0.361869   -0.582815  0.000000  1.0
    0.361869   -0.580815  0.000000  1.0
    0.361869   -0.578815  0.000000  1.0
    0.361869   -0.576815  0.000000  1.0
    0.361869   -0.574815  0.000000  1.0
    0.361869   -0.572815  0.000000  1.0
    0.361869   -0.570815  0.000000  1.0
    0.361869   -0.568815  0.000000  1.0
    0.361869   -0.566815  0.000000  1.0
    0.361869   -0.564815  0.000000  1.0
    0.361869   -0.562815  0.000000  1.0
    0.361869   -0.560815  0.000000  1.0
    0.361869   -0.558815  0.000000  1.0
    0.361869   -0.556815  0.000000  1.0
    0.361869   -0.554815  0.000000  1.0
    0.361869   -0.552815  0.000000  1.0
    0.361869   -0.550815  0.000000  1.0
    0.361869   -0.548815  0.000000  1.0
    0.361869   -0.546815  0.000000  1.0
    0.363869   -0.626815  0.000000  1.0
    0.363869   -0.624815  0.000000  1.0
    0.363869   -0.622815  0.000000  1.0
    0.363869   -0.620815  0.000000  1.0
    0.363869   -0.618815  0.000000  1.0
    0.363869   -0.616815  0.000000  1.0
    0.363869   -0.614815  0.000000  1.0
    0.363869   -0.612815  0.000000  1.0
    0.363869   -0.610815  0.000000  1.0
    0.363869   -0.608815  0.000000  1.0
    0.363869   -0.606815  0.000000  1.0
    0.363869   -0.604815  0.000000  1.0
    0.363869   -0.602815  0.000000  1.0
    0.363869   -0.600815  0.000000  1.0
    0.363869   -0.598815  0.000000  1.0
    0.363869   -0.596815  0.000000  1.0
    0.363869   -0.594815  0.000000  1.0
    0.363869   -0.592815  0.000000  1.0
    0.363869   -0.590815  0.000000  1.0
    0.363869   -0.588815  0.000000  1.0
    0.363869   -0.586815  0.000000  1.0
    0.363869   -0.584815  0.000000  1.0
    0.363869   -0.582815  0.000000  1.0
    0.363869   -0.580815  0.000000  1.0
    0.363869   -0.578815  0.000000  1.0
    0.363869   -0.576815  0.000000  1.0
    0.363869   -0.574815  0.000000  1.0
    0.363869   -0.572815  0.000000  1.0
    0.363869   -0.570815  0.000000  1.0
    0.363869   -0.568815  0.000000  1.0
    0.363869   -0.566815  0.000000  1.0
    0.363869   -0.564815  0.000000  1.0
    0.363869   -0.562815  0.000000  1.0
    0.363869   -0.560815  0.000000  1.0
    0.363869   -0.558815  0.000000  1.0
    0.363869   -0.556815  0.000000  1.0
    0.363869   -0.554815  0.000000  1.0
    0.363869   -0.552815  0.000000  1.0
    0.363869   -0.550815  0.000000  1.0
    0.363869   -0.548815  0.000000  1.0
    0.363869   -0.546815  0.000000  1.0
    0.365869   -0.626815  0.000000  1.0
    0.365869   -0.624815  0.000000  1.0
    0.365869   -0.622815  0.000000  1.0
    0.365869   -0.620815  0.000000  1.0
    0.365869   -0.618815  0.000000  1.0
    0.365869   -0.616815  0.000000  1.0
    0.365869   -0.614815  0.000000  1.0
    0.365869   -0.612815  0.000000  1.0
    0.365869   -0.610815  0.000000  1.0
    0.365869   -0.608815  0.000000  1.0
    0.365869   -0.606815  0.000000  1.0
    0.365869   -0.604815  0.000000  1.0
    0.365869   -0.602815  0.000000  1.0
    0.365869   -0.600815  0.000000  1.0
    0.365869   -0.598815  0.000000  1.0
    0.365869   -0.596815  0.000000  1.0
    0.365869   -0.594815  0.000000  1.0
    0.365869   -0.592815  0.000000  1.0
    0.365869   -0.590815  0.000000  1.0
    0.365869   -0.588815  0.000000  1.0
    0.365869   -0.586815  0.000000  1.0
    0.365869   -0.584815  0.000000  1.0
    0.365869   -0.582815  0.000000  1.0
    0.365869   -0.580815  0.000000  1.0
    0.365869   -0.578815  0.000000  1.0
    0.365869   -0.576815  0.000000  1.0
    0.365869   -0.574815  0.000000  1.0
    0.365869   -0.572815  0.000000  1.0
    0.365869   -0.570815  0.000000  1.0
    0.365869   -0.568815  0.000000  1.0
    0.365869   -0.566815  0.000000  1.0
    0.365869   -0.564815  0.000000  1.0
    0.365869   -0.562815  0.000000  1.0
    0.365869   -0.560815  0.000000  1.0
    0.365869   -0.558815  0.000000  1.0
    0.365869   -0.556815  0.000000  1.0
    0.365869   -0.554815  0.000000  1.0
    0.365869   -0.552815  0.000000  1.0
    0.365869   -0.550815  0.000000  1.0
    0.365869   -0.548815  0.000000  1.0
    0.365869   -0.546815  0.000000  1.0
    0.367869   -0.626815  0.000000  1.0
    0.367869   -0.624815  0.000000  1.0
    0.367869   -0.622815  0.000000  1.0
    0.367869   -0.620815  0.000000  1.0
    0.367869   -0.618815  0.000000  1.0
    0.367869   -0.616815  0.000000  1.0
    0.367869   -0.614815  0.000000  1.0
    0.367869   -0.612815  0.000000  1.0
    0.367869   -0.610815  0.000000  1.0
    0.367869   -0.608815  0.000000  1.0
    0.367869   -0.606815  0.000000  1.0
    0.367869   -0.604815  0.000000  1.0
    0.367869   -0.602815  0.000000  1.0
    0.367869   -0.600815  0.000000  1.0
    0.367869   -0.598815  0.000000  1.0
    0.367869   -0.596815  0.000000  1.0
    0.367869   -0.594815  0.000000  1.0
    0.367869   -0.592815  0.000000  1.0
    0.367869   -0.590815  0.000000  1.0
    0.367869   -0.588815  0.000000  1.0
    0.367869   -0.586815  0.000000  1.0
    0.367869   -0.584815  0.000000  1.0
    0.367869   -0.582815  0.000000  1.0
    0.367869   -0.580815  0.000000  1.0
    0.367869   -0.578815  0.000000  1.0
    0.367869   -0.576815  0.000000  1.0
    0.367869   -0.574815  0.000000  1.0
    0.367869   -0.572815  0.000000  1.0
    0.367869   -0.570815  0.000000  1.0
    0.367869   -0.568815  0.000000  1.0
    0.367869   -0.566815  0.000000  1.0
    0.367869   -0.564815  0.000000  1.0
    0.367869   -0.562815  0.000000  1.0
    0.367869   -0.560815  0.000000  1.0
    0.367869   -0.558815  0.000000  1.0
    0.367869   -0.556815  0.000000  1.0
    0.367869   -0.554815  0.000000  1.0
    0.367869   -0.552815  0.000000  1.0
    0.367869   -0.550815  0.000000  1.0
    0.367869   -0.548815  0.000000  1.0
    0.367869   -0.546815  0.000000  1.0
