&CONTROL
  calculation = 'bands'
  prefix = 'graphene26.2upper'
  outdir = './tmp'
  pseudo_dir = './'
  verbosity = 'high'
/
&SYSTEM
  ibrav = 0
  nat = 2
  ntyp = 1
  ecutwfc = 40.0
  nosym = .true.
  noinv = .true.
  nbnd = 8
/
&ELECTRONS
/
ATOMIC_SPECIES
  C  12.011 C.pbe-n-kjpaw_psl.1.0.0.UPF
CELL_PARAMETERS {bohr}
  5.837916  0.000000  0.000000
  2.918958  3.832981  0.000000
  0.000000  0.000000  28.346456
ATOMIC_POSITIONS {crystal}
  C  0.000116  -0.000157  0.000000
  C  0.333217  0.333490  0.000000
K_POINTS {tpiba}
1681
   -0.072787    0.734022  0.000000  1.0
   -0.072787    0.736022  0.000000  1.0
   -0.072787    0.738022  0.000000  1.0
   -0.072787    0.740022  0.000000  1.0
   -0.072787    0.742022  0.000000  1.0
   -0.072787    0.744022  0.000000  1.0
   -0.072787    0.746022  0.000000  1.0
   -0.072787    0.748022  0.000000  1.0
   -0.072787    0.750022  0.000000  1.0
   -0.072787    0.752022  0.000000  1.0
   -0.072787    0.754022  0.000000  1.0
   -0.072787    0.756022  0.000000  1.0
   -0.072787    0.758022  0.000000  1.0
   -0.072787    0.760022  0.000000  1.0
   -0.072787    0.762022  0.000000  1.0
   -0.072787    0.764022  0.000000  1.0
   -0.072787    0.766022  0.000000  1.0
   -0.072787    0.768022  0.000000  1.0
   -0.072787    0.770022  0.000000  1.0
   -0.072787    0.772022  0.000000  1.0
   -0.072787    0.774022  0.000000  1.0
   -0.072787    0.776022  0.000000  1.0
   -0.072787    0.778022  0.000000  1.0
   -0.072787    0.780022  0.000000  1.0
   -0.072787    0.782022  0.000000  1.0
   -0.072787    0.784022  0.000000  1.0
   -0.072787    0.786022  0.000000  1.0
   -0.072787    0.788022  0.000000  1.0
   -0.072787    0.790022  0.000000  1.0
   -0.072787    0.792022  0.000000  1.0
   -0.072787    0.794022  0.000000  1.0
   -0.072787    0.796022  0.000000  1.0
   -0.072787    0.798022  0.000000  1.0
   -0.072787    0.800022  0.000000  1.0
   -0.072787    0.802022  0.000000  1.0
   -0.072787    0.804022  0.000000  1.0
   -0.072787    0.806022  0.000000  1.0
   -0.072787    0.808022  0.000000  1.0
   -0.072787    0.810022  0.000000  1.0
   -0.072787    0.812022  0.000000  1.0
   -0.072787    0.814022  0.000000  1.0
   -0.070787    0.734022  0.000000  1.0
   -0.070787    0.736022  0.000000  1.0
   -0.070787    0.738022  0.000000  1.0
   -0.070787    0.740022  0.000000  1.0
   -0.070787    0.742022  0.000000  1.0
   -0.070787    0.744022  0.000000  1.0
   -0.070787    0.746022  0.000000  1.0
   -0.070787    0.748022  0.000000  1.0
   -0.070787    0.750022  0.000000  1.0
   -0.070787    0.752022  0.000000  1.0
   -0.070787    0.754022  0.000000  1.0
   -0.070787    0.756022  0.000000  1.0
   -0.070787    0.758022  0.000000  1.0
   -0.070787    0.760022  0.000000  1.0
   -0.070787    0.762022  0.000000  1.0
   -0.070787    0.764022  0.000000  1.0
   -0.070787    0.766022  0.000000  1.0
   -0.070787    0.768022  0.000000  1.0
   -0.070787    0.770022  0.000000  1.0
   -0.070787    0.772022  0.000000  1.0
   -0.070787    0.774022  0.000000  1.0
   -0.070787    0.776022  0.000000  1.0
   -0.070787    0.778022  0.000000  1.0
   -0.070787    0.780022  0.000000  1.0
   -0.070787    0.782022  0.000000  1.0
   -0.070787    0.784022  0.000000  1.0
   -0.070787    0.786022  0.000000  1.0
   -0.070787    0.788022  0.000000  1.0
   -0.070787    0.790022  0.000000  1.0
   -0.070787    0.792022  0.000000  1.0
   -0.070787    0.794022  0.000000  1.0
   -0.070787    0.796022  0.000000  1.0
   -0.070787    0.798022  0.000000  1.0
   -0.070787    0.800022  0.000000  1.0
   -0.070787    0.802022  0.000000  1.0
   -0.070787    0.804022  0.000000  1.0
   -0.070787    0.806022  0.000000  1.0
   -0.070787    0.808022  0.000000  1.0
   -0.070787    0.810022  0.000000  1.0
   -0.070787    0.812022  0.000000  1.0
   -0.070787    0.814022  0.000000  1.0
   -0.068787    0.734022  0.000000  1.0
   -0.068787    0.736022  0.000000  1.0
   -0.068787    0.738022  0.000000  1.0
   -0.068787    0.740022  0.000000  1.0
   -0.068787    0.742022  0.000000  1.0
   -0.068787    0.744022  0.000000  1.0
   -0.068787    0.746022  0.000000  1.0
   -0.068787    0.748022  0.000000  1.0
   -0.068787    0.750022  0.000000  1.0
   -0.068787    0.752022  0.000000  1.0
   -0.068787    0.754022  0.000000  1.0
   -0.068787    0.756022  0.000000  1.0
   -0.068787    0.758022  0.000000  1.0
   -0.068787    0.760022  0.000000  1.0
   -0.068787    0.762022  0.000000  1.0
   -0.068787    0.764022  0.000000  1.0
   -0.068787    0.766022  0.000000  1.0
   -0.068787    0.768022  0.000000  1.0
   -0.068787    0.770022  0.000000  1.0
   -0.068787    0.772022  0.000000  1.0
   -0.068787    0.774022  0.000000  1.0
   -0.068787    0.776022  0.000000  1.0
   -0.068787    0.778022  0.000000  1.0
   -0.068787    0.780022  0.000000  1.0
   -0.068787    0.782022  0.000000  1.0
   -0.068787    0.784022  0.000000  1.0
   -0.068787    0.786022  0.000000  1.0
   -0.068787    0.788022  0.000000  1.0
   -0.068787    0.790022  0.000000  1.0
   -0.068787    0.792022  0.000000  1.0
   -0.068787    0.794022  0.000000  1.0
   -0.068787    0.796022  0.000000  1.0
   -0.068787    0.798022  0.000000  1.0
   -0.068787    0.800022  0.000000  1.0
   -0.068787    0.802022  0.000000  1.0
   -0.068787    0.804022  0.000000  1.0
   -0.068787    0.806022  0.000000  1.0
   -0.068787    0.808022  0.000000  1.0
   -0.068787    0.810022  0.000000  1.0
   -0.068787    0.812022  0.000000  1.0
   -0.068787    0.814022  0.000000  1.0
   -0.066787    0.734022  0.000000  1.0
   -0.066787    0.736022  0.000000  1.0
   -0.066787    0.738022  0.000000  1.0
   -0.066787    0.740022  0.000000  1.0
   -0.066787    0.742022  0.000000  1.0
   -0.066787    0.744022  0.000000  1.0
   -0.066787    0.746022  0.000000  1.0
   -0.066787    0.748022  0.000000  1.0
   -0.066787    0.750022  0.000000  1.0
   -0.066787    0.752022  0.000000  1.0
   -0.066787    0.754022  0.000000  1.0
   -0.066787    0.756022  0.000000  1.0
   -0.066787    0.758022  0.000000  1.0
   -0.066787    0.760022  0.000000  1.0
   -0.066787    0.762022  0.000000  1.0
   -0.066787    0.764022  0.000000  1.0
   -0.066787    0.766022  0.000000  1.0
   -0.066787    0.768022  0.000000  1.0
   -0.066787    0.770022  0.000000  1.0
   -0.066787    0.772022  0.000000  1.0
   -0.066787    0.774022  0.000000  1.0
   -0.066787    0.776022  0.000000  1.0
   -0.066787    0.778022  0.000000  1.0
   -0.066787    0.780022  0.000000  1.0
   -0.066787    0.782022  0.000000  1.0
   -0.066787    0.784022  0.000000  1.0
   -0.066787    0.786022  0.000000  1.0
   -0.066787    0.788022  0.000000  1.0
   -0.066787    0.790022  0.000000  1.0
   -0.066787    0.792022  0.000000  1.0
   -0.066787    0.794022  0.000000  1.0
   -0.066787    0.796022  0.000000  1.0
   -0.066787    0.798022  0.000000  1.0
   -0.066787    0.800022  0.000000  1.0
   -0.066787    0.802022  0.000000  1.0
   -0.066787    0.804022  0.000000  1.0
   -0.066787    0.806022  0.000000  1.0
   -0.066787    0.808022  0.000000  1.0
   -0.066787    0.810022  0.000000  1.0
   -0.066787    0.812022  0.000000  1.0
   -0.066787    0.814022  0.000000  1.0
   -0.064787    0.734022  0.000000  1.0
   -0.064787    0.736022  0.000000  1.0
   -0.064787    0.738022  0.000000  1.0
   -0.064787    0.740022  0.000000  1.0
   -0.064787    0.742022  0.000000  1.0
   -0.064787    0.744022  0.000000  1.0
   -0.064787    0.746022  0.000000  1.0
   -0.064787    0.748022  0.000000  1.0
   -0.064787    0.750022  0.000000  1.0
   -0.064787    0.752022  0.000000  1.0
   -0.064787    0.754022  0.000000  1.0
   -0.064787    0.756022  0.000000  1.0
   -0.064787    0.758022  0.000000  1.0
   -0.064787    0.760022  0.000000  1.0
   -0.064787    0.762022  0.000000  1.0
   -0.064787    0.764022  0.000000  1.0
   -0.064787    0.766022  0.000000  1.0
   -0.064787    0.768022  0.000000  1.0
   -0.064787    0.770022  0.000000  1.0
   -0.064787    0.772022  0.000000  1.0
   -0.064787    0.774022  0.000000  1.0
   -0.064787    0.776022  0.000000  1.0
   -0.064787    0.778022  0.000000  1.0
   -0.064787    0.780022  0.000000  1.0
   -0.064787    0.782022  0.000000  1.0
   -0.064787    0.784022  0.000000  1.0
   -0.064787    0.786022  0.000000  1.0
   -0.064787    0.788022  0.000000  1.0
   -0.064787    0.790022  0.000000  1.0
   -0.064787    0.792022  0.000000  1.0
   -0.064787    0.794022  0.000000  1.0
   -0.064787    0.796022  0.000000  1.0
   -0.064787    0.798022  0.000000  1.0
   -0.064787    0.800022  0.000000  1.0
   -0.064787    0.802022  0.000000  1.0
   -0.064787    0.804022  0.000000  1.0
   -0.064787    0.806022  0.000000  1.0
   -0.064787    0.808022  0.000000  1.0
   -0.064787    0.810022  0.000000  1.0
   -0.064787    0.812022  0.000000  1.0
   -0.064787    0.814022  0.000000  1.0
   -0.062787    0.734022  0.000000  1.0
   -0.062787    0.736022  0.000000  1.0
   -0.062787    0.738022  0.000000  1.0
   -0.062787    0.740022  0.000000  1.0
   -0.062787    0.742022  0.000000  1.0
   -0.062787    0.744022  0.000000  1.0
   -0.062787    0.746022  0.000000  1.0
   -0.062787    0.748022  0.000000  1.0
   -0.062787    0.750022  0.000000  1.0
   -0.062787    0.752022  0.000000  1.0
   -0.062787    0.754022  0.000000  1.0
   -0.062787    0.756022  0.000000  1.0
   -0.062787    0.758022  0.000000  1.0
   -0.062787    0.760022  0.000000  1.0
   -0.062787    0.762022  0.000000  1.0
   -0.062787    0.764022  0.000000  1.0
   -0.062787    0.766022  0.000000  1.0
   -0.062787    0.768022  0.000000  1.0
   -0.062787    0.770022  0.000000  1.0
   -0.062787    0.772022  0.000000  1.0
   -0.062787    0.774022  0.000000  1.0
   -0.062787    0.776022  0.000000  1.0
   -0.062787    0.778022  0.000000  1.0
   -0.062787    0.780022  0.000000  1.0
   -0.062787    0.782022  0.000000  1.0
   -0.062787    0.784022  0.000000  1.0
   -0.062787    0.786022  0.000000  1.0
   -0.062787    0.788022  0.000000  1.0
   -0.062787    0.790022  0.000000  1.0
   -0.062787    0.792022  0.000000  1.0
   -0.062787    0.794022  0.000000  1.0
   -0.062787    0.796022  0.000000  1.0
   -0.062787    0.798022  0.000000  1.0
   -0.062787    0.800022  0.000000  1.0
   -0.062787    0.802022  0.000000  1.0
   -0.062787    0.804022  0.000000  1.0
   -0.062787    0.806022  0.000000  1.0
   -0.062787    0.808022  0.000000  1.0
   -0.062787    0.810022  0.000000  1.0
   -0.062787    0.812022  0.000000  1.0
   -0.062787    0.814022  0.000000  1.0
   -0.060787    0.734022  0.000000  1.0
   -0.060787    0.736022  0.000000  1.0
   -0.060787    0.738022  0.000000  1.0
   -0.060787    0.740022  0.000000  1.0
   -0.060787    0.742022  0.000000  1.0
   -0.060787    0.744022  0.000000  1.0
   -0.060787    0.746022  0.000000  1.0
   -0.060787    0.748022  0.000000  1.0
   -0.060787    0.750022  0.000000  1.0
   -0.060787    0.752022  0.000000  1.0
   -0.060787    0.754022  0.000000  1.0
   -0.060787    0.756022  0.000000  1.0
   -0.060787    0.758022  0.000000  1.0
   -0.060787    0.760022  0.000000  1.0
   -0.060787    0.762022  0.000000  1.0
   -0.060787    0.764022  0.000000  1.0
   -0.060787    0.766022  0.000000  1.0
   -0.060787    0.768022  0.000000  1.0
   -0.060787    0.770022  0.000000  1.0
   -0.060787    0.772022  0.000000  1.0
   -0.060787    0.774022  0.000000  1.0
   -0.060787    0.776022  0.000000  1.0
   -0.060787    0.778022  0.000000  1.0
   -0.060787    0.780022  0.000000  1.0
   -0.060787    0.782022  0.000000  1.0
   -0.060787    0.784022  0.000000  1.0
   -0.060787    0.786022  0.000000  1.0
   -0.060787    0.788022  0.000000  1.0
   -0.060787    0.790022  0.000000  1.0
   -0.060787    0.792022  0.000000  1.0
   -0.060787    0.794022  0.000000  1.0
   -0.060787    0.796022  0.000000  1.0
   -0.060787    0.798022  0.000000  1.0
   -0.060787    0.800022  0.000000  1.0
   -0.060787    0.802022  0.000000  1.0
   -0.060787    0.804022  0.000000  1.0
   -0.060787    0.806022  0.000000  1.0
   -0.060787    0.808022  0.000000  1.0
   -0.060787    0.810022  0.000000  1.0
   -0.060787    0.812022  0.000000  1.0
   -0.060787    0.814022  0.000000  1.0
   -0.058787    0.734022  0.000000  1.0
   -0.058787    0.736022  0.000000  1.0
   -0.058787    0.738022  0.000000  1.0
   -0.058787    0.740022  0.000000  1.0
   -0.058787    0.742022  0.000000  1.0
   -0.058787    0.744022  0.000000  1.0
   -0.058787    0.746022  0.000000  1.0
   -0.058787    0.748022  0.000000  1.0
   -0.058787    0.750022  0.000000  1.0
   -0.058787    0.752022  0.000000  1.0
   -0.058787    0.754022  0.000000  1.0
   -0.058787    0.756022  0.000000  1.0
   -0.058787    0.758022  0.000000  1.0
   -0.058787    0.760022  0.000000  1.0
   -0.058787    0.762022  0.000000  1.0
   -0.058787    0.764022  0.000000  1.0
   -0.058787    0.766022  0.000000  1.0
   -0.058787    0.768022  0.000000  1.0
   -0.058787    0.770022  0.000000  1.0
   -0.058787    0.772022  0.000000  1.0
   -0.058787    0.774022  0.000000  1.0
   -0.058787    0.776022  0.000000  1.0
   -0.058787    0.778022  0.000000  1.0
   -0.058787    0.780022  0.000000  1.0
   -0.058787    0.782022  0.000000  1.0
   -0.058787    0.784022  0.000000  1.0
   -0.058787    0.786022  0.000000  1.0
   -0.058787    0.788022  0.000000  1.0
   -0.058787    0.790022  0.000000  1.0
   -0.058787    0.792022  0.000000  1.0
   -0.058787    0.794022  0.000000  1.0
   -0.058787    0.796022  0.000000  1.0
   -0.058787    0.798022  0.000000  1.0
   -0.058787    0.800022  0.000000  1.0
   -0.058787    0.802022  0.000000  1.0
   -0.058787    0.804022  0.000000  1.0
   -0.058787    0.806022  0.000000  1.0
   -0.058787    0.808022  0.000000  1.0
   -0.058787    0.810022  0.000000  1.0
   -0.058787    0.812022  0.000000  1.0
   -0.058787    0.814022  0.000000  1.0
   -0.056787    0.734022  0.000000  1.0
   -0.056787    0.736022  0.000000  1.0
   -0.056787    0.738022  0.000000  1.0
   -0.056787    0.740022  0.000000  1.0
   -0.056787    0.742022  0.000000  1.0
   -0.056787    0.744022  0.000000  1.0
   -0.056787    0.746022  0.000000  1.0
   -0.056787    0.748022  0.000000  1.0
   -0.056787    0.750022  0.000000  1.0
   -0.056787    0.752022  0.000000  1.0
   -0.056787    0.754022  0.000000  1.0
   -0.056787    0.756022  0.000000  1.0
   -0.056787    0.758022  0.000000  1.0
   -0.056787    0.760022  0.000000  1.0
   -0.056787    0.762022  0.000000  1.0
   -0.056787    0.764022  0.000000  1.0
   -0.056787    0.766022  0.000000  1.0
   -0.056787    0.768022  0.000000  1.0
   -0.056787    0.770022  0.000000  1.0
   -0.056787    0.772022  0.000000  1.0
   -0.056787    0.774022  0.000000  1.0
   -0.056787    0.776022  0.000000  1.0
   -0.056787    0.778022  0.000000  1.0
   -0.056787    0.780022  0.000000  1.0
   -0.056787    0.782022  0.000000  1.0
   -0.056787    0.784022  0.000000  1.0
   -0.056787    0.786022  0.000000  1.0
   -0.056787    0.788022  0.000000  1.0
   -0.056787    0.790022  0.000000  1.0
   -0.056787    0.792022  0.000000  1.0
   -0.056787    0.794022  0.000000  1.0
   -0.056787    0.796022  0.000000  1.0
   -0.056787    0.798022  0.000000  1.0
   -0.056787    0.800022  0.000000  1.0
   -0.056787    0.802022  0.000000  1.0
   -0.056787    0.804022  0.000000  1.0
   -0.056787    0.806022  0.000000  1.0
   -0.056787    0.808022  0.000000  1.0
   -0.056787    0.810022  0.000000  1.0
   -0.056787    0.812022  0.000000  1.0
   -0.056787    0.814022  0.000000  1.0
   -0.054787    0.734022  0.000000  1.0
   -0.054787    0.736022  0.000000  1.0
   -0.054787    0.738022  0.000000  1.0
   -0.054787    0.740022  0.000000  1.0
   -0.054787    0.742022  0.000000  1.0
   -0.054787    0.744022  0.000000  1.0
   -0.054787    0.746022  0.000000  1.0
   -0.054787    0.748022  0.000000  1.0
   -0.054787    0.750022  0.000000  1.0
   -0.054787    0.752022  0.000000  1.0
   -0.054787    0.754022  0.000000  1.0
   -0.054787    0.756022  0.000000  1.0
   -0.054787    0.758022  0.000000  1.0
   -0.054787    0.760022  0.000000  1.0
   -0.054787    0.762022  0.000000  1.0
   -0.054787    0.764022  0.000000  1.0
   -0.054787    0.766022  0.000000  1.0
   -0.054787    0.768022  0.000000  1.0
   -0.054787    0.770022  0.000000  1.0
   -0.054787    0.772022  0.000000  1.0
   -0.054787    0.774022  0.000000  1.0
   -0.054787    0.776022  0.000000  1.0
   -0.054787    0.778022  0.000000  1.0
   -0.054787    0.780022  0.000000  1.0
   -0.054787    0.782022  0.000000  1.0
   -0.054787    0.784022  0.000000  1.0
   -0.054787    0.786022  0.000000  1.0
   -0.054787    0.788022  0.000000  1.0
   -0.054787    0.790022  0.000000  1.0
   -0.054787    0.792022  0.000000  1.0
   -0.054787    0.794022  0.000000  1.0
   -0.054787    0.796022  0.000000  1.0
   -0.054787    0.798022  0.000000  1.0
   -0.054787    0.800022  0.000000  1.0
   -0.054787    0.802022  0.000000  1.0
   -0.054787    0.804022  0.000000  1.0
   -0.054787    0.806022  0.000000  1.0
   -0.054787    0.808022  0.000000  1.0
   -0.054787    0.810022  0.000000  1.0
   -0.054787    0.812022  0.000000  1.0
   -0.054787    0.814022  0.000000  1.0
   -0.052787    0.734022  0.000000  1.0
   -0.052787    0.736022  0.000000  1.0
   -0.052787    0.738022  0.000000  1.0
   -0.052787    0.740022  0.000000  1.0
   -0.052787    0.742022  0.000000  1.0
   -0.052787    0.744022  0.000000  1.0
   -0.052787    0.746022  0.000000  1.0
   -0.052787    0.748022  0.000000  1.0
   -0.052787    0.750022  0.000000  1.0
   -0.052787    0.752022  0.000000  1.0
   -0.052787    0.754022  0.000000  1.0
   -0.052787    0.756022  0.000000  1.0
   -0.052787    0.758022  0.000000  1.0
   -0.052787    0.760022  0.000000  1.0
   -0.052787    0.762022  0.000000  1.0
   -0.052787    0.764022  0.000000  1.0
   -0.052787    0.766022  0.000000  1.0
   -0.052787    0.768022  0.000000  1.0
   -0.052787    0.770022  0.000000  1.0
   -0.052787    0.772022  0.000000  1.0
   -0.052787    0.774022  0.000000  1.0
   -0.052787    0.776022  0.000000  1.0
   -0.052787    0.778022  0.000000  1.0
   -0.052787    0.780022  0.000000  1.0
   -0.052787    0.782022  0.000000  1.0
   -0.052787    0.784022  0.000000  1.0
   -0.052787    0.786022  0.000000  1.0
   -0.052787    0.788022  0.000000  1.0
   -0.052787    0.790022  0.000000  1.0
   -0.052787    0.792022  0.000000  1.0
   -0.052787    0.794022  0.000000  1.0
   -0.052787    0.796022  0.000000  1.0
   -0.052787    0.798022  0.000000  1.0
   -0.052787    0.800022  0.000000  1.0
   -0.052787    0.802022  0.000000  1.0
   -0.052787    0.804022  0.000000  1.0
   -0.052787    0.806022  0.000000  1.0
   -0.052787    0.808022  0.000000  1.0
   -0.052787    0.810022  0.000000  1.0
   -0.052787    0.812022  0.000000  1.0
   -0.052787    0.814022  0.000000  1.0
   -0.050787    0.734022  0.000000  1.0
   -0.050787    0.736022  0.000000  1.0
   -0.050787    0.738022  0.000000  1.0
   -0.050787    0.740022  0.000000  1.0
   -0.050787    0.742022  0.000000  1.0
   -0.050787    0.744022  0.000000  1.0
   -0.050787    0.746022  0.000000  1.0
   -0.050787    0.748022  0.000000  1.0
   -0.050787    0.750022  0.000000  1.0
   -0.050787    0.752022  0.000000  1.0
   -0.050787    0.754022  0.000000  1.0
   -0.050787    0.756022  0.000000  1.0
   -0.050787    0.758022  0.000000  1.0
   -0.050787    0.760022  0.000000  1.0
   -0.050787    0.762022  0.000000  1.0
   -0.050787    0.764022  0.000000  1.0
   -0.050787    0.766022  0.000000  1.0
   -0.050787    0.768022  0.000000  1.0
   -0.050787    0.770022  0.000000  1.0
   -0.050787    0.772022  0.000000  1.0
   -0.050787    0.774022  0.000000  1.0
   -0.050787    0.776022  0.000000  1.0
   -0.050787    0.778022  0.000000  1.0
   -0.050787    0.780022  0.000000  1.0
   -0.050787    0.782022  0.000000  1.0
   -0.050787    0.784022  0.000000  1.0
   -0.050787    0.786022  0.000000  1.0
   -0.050787    0.788022  0.000000  1.0
   -0.050787    0.790022  0.000000  1.0
   -0.050787    0.792022  0.000000  1.0
   -0.050787    0.794022  0.000000  1.0
   -0.050787    0.796022  0.000000  1.0
   -0.050787    0.798022  0.000000  1.0
   -0.050787    0.800022  0.000000  1.0
   -0.050787    0.802022  0.000000  1.0
   -0.050787    0.804022  0.000000  1.0
   -0.050787    0.806022  0.000000  1.0
   -0.050787    0.808022  0.000000  1.0
   -0.050787    0.810022  0.000000  1.0
   -0.050787    0.812022  0.000000  1.0
   -0.050787    0.814022  0.000000  1.0
   -0.048787    0.734022  0.000000  1.0
   -0.048787    0.736022  0.000000  1.0
   -0.048787    0.738022  0.000000  1.0
   -0.048787    0.740022  0.000000  1.0
   -0.048787    0.742022  0.000000  1.0
   -0.048787    0.744022  0.000000  1.0
   -0.048787    0.746022  0.000000  1.0
   -0.048787    0.748022  0.000000  1.0
   -0.048787    0.750022  0.000000  1.0
   -0.048787    0.752022  0.000000  1.0
   -0.048787    0.754022  0.000000  1.0
   -0.048787    0.756022  0.000000  1.0
   -0.048787    0.758022  0.000000  1.0
   -0.048787    0.760022  0.000000  1.0
   -0.048787    0.762022  0.000000  1.0
   -0.048787    0.764022  0.000000  1.0
   -0.048787    0.766022  0.000000  1.0
   -0.048787    0.768022  0.000000  1.0
   -0.048787    0.770022  0.000000  1.0
   -0.048787    0.772022  0.000000  1.0
   -0.048787    0.774022  0.000000  1.0
   -0.048787    0.776022  0.000000  1.0
   -0.048787    0.778022  0.000000  1.0
   -0.048787    0.780022  0.000000  1.0
   -0.048787    0.782022  0.000000  1.0
   -0.048787    0.784022  0.000000  1.0
   -0.048787    0.786022  0.000000  1.0
   -0.048787    0.788022  0.000000  1.0
   -0.048787    0.790022  0.000000  1.0
   -0.048787    0.792022  0.000000  1.0
   -0.048787    0.794022  0.000000  1.0
   -0.048787    0.796022  0.000000  1.0
   -0.048787    0.798022  0.000000  1.0
   -0.048787    0.800022  0.000000  1.0
   -0.048787    0.802022  0.000000  1.0
   -0.048787    0.804022  0.000000  1.0
   -0.048787    0.806022  0.000000  1.0
   -0.048787    0.808022  0.000000  1.0
   -0.048787    0.810022  0.000000  1.0
   -0.048787    0.812022  0.000000  1.0
   -0.048787    0.814022  0.000000  1.0
   -0.046787    0.734022  0.000000  1.0
   -0.046787    0.736022  0.000000  1.0
   -0.046787    0.738022  0.000000  1.0
   -0.046787    0.740022  0.000000  1.0
   -0.046787    0.742022  0.000000  1.0
   -0.046787    0.744022  0.000000  1.0
   -0.046787    0.746022  0.000000  1.0
   -0.046787    0.748022  0.000000  1.0
   -0.046787    0.750022  0.000000  1.0
   -0.046787    0.752022  0.000000  1.0
   -0.046787    0.754022  0.000000  1.0
   -0.046787    0.756022  0.000000  1.0
   -0.046787    0.758022  0.000000  1.0
   -0.046787    0.760022  0.000000  1.0
   -0.046787    0.762022  0.000000  1.0
   -0.046787    0.764022  0.000000  1.0
   -0.046787    0.766022  0.000000  1.0
   -0.046787    0.768022  0.000000  1.0
   -0.046787    0.770022  0.000000  1.0
   -0.046787    0.772022  0.000000  1.0
   -0.046787    0.774022  0.000000  1.0
   -0.046787    0.776022  0.000000  1.0
   -0.046787    0.778022  0.000000  1.0
   -0.046787    0.780022  0.000000  1.0
   -0.046787    0.782022  0.000000  1.0
   -0.046787    0.784022  0.000000  1.0
   -0.046787    0.786022  0.000000  1.0
   -0.046787    0.788022  0.000000  1.0
   -0.046787    0.790022  0.000000  1.0
   -0.046787    0.792022  0.000000  1.0
   -0.046787    0.794022  0.000000  1.0
   -0.046787    0.796022  0.000000  1.0
   -0.046787    0.798022  0.000000  1.0
   -0.046787    0.800022  0.000000  1.0
   -0.046787    0.802022  0.000000  1.0
   -0.046787    0.804022  0.000000  1.0
   -0.046787    0.806022  0.000000  1.0
   -0.046787    0.808022  0.000000  1.0
   -0.046787    0.810022  0.000000  1.0
   -0.046787    0.812022  0.000000  1.0
   -0.046787    0.814022  0.000000  1.0
   -0.044787    0.734022  0.000000  1.0
   -0.044787    0.736022  0.000000  1.0
   -0.044787    0.738022  0.000000  1.0
   -0.044787    0.740022  0.000000  1.0
   -0.044787    0.742022  0.000000  1.0
   -0.044787    0.744022  0.000000  1.0
   -0.044787    0.746022  0.000000  1.0
   -0.044787    0.748022  0.000000  1.0
   -0.044787    0.750022  0.000000  1.0
   -0.044787    0.752022  0.000000  1.0
   -0.044787    0.754022  0.000000  1.0
   -0.044787    0.756022  0.000000  1.0
   -0.044787    0.758022  0.000000  1.0
   -0.044787    0.760022  0.000000  1.0
   -0.044787    0.762022  0.000000  1.0
   -0.044787    0.764022  0.000000  1.0
   -0.044787    0.766022  0.000000  1.0
   -0.044787    0.768022  0.000000  1.0
   -0.044787    0.770022  0.000000  1.0
   -0.044787    0.772022  0.000000  1.0
   -0.044787    0.774022  0.000000  1.0
   -0.044787    0.776022  0.000000  1.0
   -0.044787    0.778022  0.000000  1.0
   -0.044787    0.780022  0.000000  1.0
   -0.044787    0.782022  0.000000  1.0
   -0.044787    0.784022  0.000000  1.0
   -0.044787    0.786022  0.000000  1.0
   -0.044787    0.788022  0.000000  1.0
   -0.044787    0.790022  0.000000  1.0
   -0.044787    0.792022  0.000000  1.0
   -0.044787    0.794022  0.000000  1.0
   -0.044787    0.796022  0.000000  1.0
   -0.044787    0.798022  0.000000  1.0
   -0.044787    0.800022  0.000000  1.0
   -0.044787    0.802022  0.000000  1.0
   -0.044787    0.804022  0.000000  1.0
   -0.044787    0.806022  0.000000  1.0
   -0.044787    0.808022  0.000000  1.0
   -0.044787    0.810022  0.000000  1.0
   -0.044787    0.812022  0.000000  1.0
   -0.044787    0.814022  0.000000  1.0
   -0.042787    0.734022  0.000000  1.0
   -0.042787    0.736022  0.000000  1.0
   -0.042787    0.738022  0.000000  1.0
   -0.042787    0.740022  0.000000  1.0
   -0.042787    0.742022  0.000000  1.0
   -0.042787    0.744022  0.000000  1.0
   -0.042787    0.746022  0.000000  1.0
   -0.042787    0.748022  0.000000  1.0
   -0.042787    0.750022  0.000000  1.0
   -0.042787    0.752022  0.000000  1.0
   -0.042787    0.754022  0.000000  1.0
   -0.042787    0.756022  0.000000  1.0
   -0.042787    0.758022  0.000000  1.0
   -0.042787    0.760022  0.000000  1.0
   -0.042787    0.762022  0.000000  1.0
   -0.042787    0.764022  0.000000  1.0
   -0.042787    0.766022  0.000000  1.0
   -0.042787    0.768022  0.000000  1.0
   -0.042787    0.770022  0.000000  1.0
   -0.042787    0.772022  0.000000  1.0
   -0.042787    0.774022  0.000000  1.0
   -0.042787    0.776022  0.000000  1.0
   -0.042787    0.778022  0.000000  1.0
   -0.042787    0.780022  0.000000  1.0
   -0.042787    0.782022  0.000000  1.0
   -0.042787    0.784022  0.000000  1.0
   -0.042787    0.786022  0.000000  1.0
   -0.042787    0.788022  0.000000  1.0
   -0.042787    0.790022  0.000000  1.0
   -0.042787    0.792022  0.000000  1.0
   -0.042787    0.794022  0.000000  1.0
   -0.042787    0.796022  0.000000  1.0
   -0.042787    0.798022  0.000000  1.0
   -0.042787    0.800022  0.000000  1.0
   -0.042787    0.802022  0.000000  1.0
   -0.042787    0.804022  0.000000  1.0
   -0.042787    0.806022  0.000000  1.0
   -0.042787    0.808022  0.000000  1.0
   -0.042787    0.810022  0.000000  1.0
   -0.042787    0.812022  0.000000  1.0
   -0.042787    0.814022  0.000000  1.0
   -0.040787    0.734022  0.000000  1.0
   -0.040787    0.736022  0.000000  1.0
   -0.040787    0.738022  0.000000  1.0
   -0.040787    0.740022  0.000000  1.0
   -0.040787    0.742022  0.000000  1.0
   -0.040787    0.744022  0.000000  1.0
   -0.040787    0.746022  0.000000  1.0
   -0.040787    0.748022  0.000000  1.0
   -0.040787    0.750022  0.000000  1.0
   -0.040787    0.752022  0.000000  1.0
   -0.040787    0.754022  0.000000  1.0
   -0.040787    0.756022  0.000000  1.0
   -0.040787    0.758022  0.000000  1.0
   -0.040787    0.760022  0.000000  1.0
   -0.040787    0.762022  0.000000  1.0
   -0.040787    0.764022  0.000000  1.0
   -0.040787    0.766022  0.000000  1.0
   -0.040787    0.768022  0.000000  1.0
   -0.040787    0.770022  0.000000  1.0
   -0.040787    0.772022  0.000000  1.0
   -0.040787    0.774022  0.000000  1.0
   -0.040787    0.776022  0.000000  1.0
   -0.040787    0.778022  0.000000  1.0
   -0.040787    0.780022  0.000000  1.0
   -0.040787    0.782022  0.000000  1.0
   -0.040787    0.784022  0.000000  1.0
   -0.040787    0.786022  0.000000  1.0
   -0.040787    0.788022  0.000000  1.0
   -0.040787    0.790022  0.000000  1.0
   -0.040787    0.792022  0.000000  1.0
   -0.040787    0.794022  0.000000  1.0
   -0.040787    0.796022  0.000000  1.0
   -0.040787    0.798022  0.000000  1.0
   -0.040787    0.800022  0.000000  1.0
   -0.040787    0.802022  0.000000  1.0
   -0.040787    0.804022  0.000000  1.0
   -0.040787    0.806022  0.000000  1.0
   -0.040787    0.808022  0.000000  1.0
   -0.040787    0.810022  0.000000  1.0
   -0.040787    0.812022  0.000000  1.0
   -0.040787    0.814022  0.000000  1.0
   -0.038787    0.734022  0.000000  1.0
   -0.038787    0.736022  0.000000  1.0
   -0.038787    0.738022  0.000000  1.0
   -0.038787    0.740022  0.000000  1.0
   -0.038787    0.742022  0.000000  1.0
   -0.038787    0.744022  0.000000  1.0
   -0.038787    0.746022  0.000000  1.0
   -0.038787    0.748022  0.000000  1.0
   -0.038787    0.750022  0.000000  1.0
   -0.038787    0.752022  0.000000  1.0
   -0.038787    0.754022  0.000000  1.0
   -0.038787    0.756022  0.000000  1.0
   -0.038787    0.758022  0.000000  1.0
   -0.038787    0.760022  0.000000  1.0
   -0.038787    0.762022  0.000000  1.0
   -0.038787    0.764022  0.000000  1.0
   -0.038787    0.766022  0.000000  1.0
   -0.038787    0.768022  0.000000  1.0
   -0.038787    0.770022  0.000000  1.0
   -0.038787    0.772022  0.000000  1.0
   -0.038787    0.774022  0.000000  1.0
   -0.038787    0.776022  0.000000  1.0
   -0.038787    0.778022  0.000000  1.0
   -0.038787    0.780022  0.000000  1.0
   -0.038787    0.782022  0.000000  1.0
   -0.038787    0.784022  0.000000  1.0
   -0.038787    0.786022  0.000000  1.0
   -0.038787    0.788022  0.000000  1.0
   -0.038787    0.790022  0.000000  1.0
   -0.038787    0.792022  0.000000  1.0
   -0.038787    0.794022  0.000000  1.0
   -0.038787    0.796022  0.000000  1.0
   -0.038787    0.798022  0.000000  1.0
   -0.038787    0.800022  0.000000  1.0
   -0.038787    0.802022  0.000000  1.0
   -0.038787    0.804022  0.000000  1.0
   -0.038787    0.806022  0.000000  1.0
   -0.038787    0.808022  0.000000  1.0
   -0.038787    0.810022  0.000000  1.0
   -0.038787    0.812022  0.000000  1.0
   -0.038787    0.814022  0.000000  1.0
   -0.036787    0.734022  0.000000  1.0
   -0.036787    0.736022  0.000000  1.0
   -0.036787    0.738022  0.000000  1.0
   -0.036787    0.740022  0.000000  1.0
   -0.036787    0.742022  0.000000  1.0
   -0.036787    0.744022  0.000000  1.0
   -0.036787    0.746022  0.000000  1.0
   -0.036787    0.748022  0.000000  1.0
   -0.036787    0.750022  0.000000  1.0
   -0.036787    0.752022  0.000000  1.0
   -0.036787    0.754022  0.000000  1.0
   -0.036787    0.756022  0.000000  1.0
   -0.036787    0.758022  0.000000  1.0
   -0.036787    0.760022  0.000000  1.0
   -0.036787    0.762022  0.000000  1.0
   -0.036787    0.764022  0.000000  1.0
   -0.036787    0.766022  0.000000  1.0
   -0.036787    0.768022  0.000000  1.0
   -0.036787    0.770022  0.000000  1.0
   -0.036787    0.772022  0.000000  1.0
   -0.036787    0.774022  0.000000  1.0
   -0.036787    0.776022  0.000000  1.0
   -0.036787    0.778022  0.000000  1.0
   -0.036787    0.780022  0.000000  1.0
   -0.036787    0.782022  0.000000  1.0
   -0.036787    0.784022  0.000000  1.0
   -0.036787    0.786022  0.000000  1.0
   -0.036787    0.788022  0.000000  1.0
   -0.036787    0.790022  0.000000  1.0
   -0.036787    0.792022  0.000000  1.0
   -0.036787    0.794022  0.000000  1.0
   -0.036787    0.796022  0.000000  1.0
   -0.036787    0.798022  0.000000  1.0
   -0.036787    0.800022  0.000000  1.0
   -0.036787    0.802022  0.000000  1.0
   -0.036787    0.804022  0.000000  1.0
   -0.036787    0.806022  0.000000  1.0
   -0.036787    0.808022  0.000000  1.0
   -0.036787    0.810022  0.000000  1.0
   -0.036787    0.812022  0.000000  1.0
   -0.036787    0.814022  0.000000  1.0
   -0.034787    0.734022  0.000000  1.0
   -0.034787    0.736022  0.000000  1.0
   -0.034787    0.738022  0.000000  1.0
   -0.034787    0.740022  0.000000  1.0
   -0.034787    0.742022  0.000000  1.0
   -0.034787    0.744022  0.000000  1.0
   -0.034787    0.746022  0.000000  1.0
   -0.034787    0.748022  0.000000  1.0
   -0.034787    0.750022  0.000000  1.0
   -0.034787    0.752022  0.000000  1.0
   -0.034787    0.754022  0.000000  1.0
   -0.034787    0.756022  0.000000  1.0
   -0.034787    0.758022  0.000000  1.0
   -0.034787    0.760022  0.000000  1.0
   -0.034787    0.762022  0.000000  1.0
   -0.034787    0.764022  0.000000  1.0
   -0.034787    0.766022  0.000000  1.0
   -0.034787    0.768022  0.000000  1.0
   -0.034787    0.770022  0.000000  1.0
   -0.034787    0.772022  0.000000  1.0
   -0.034787    0.774022  0.000000  1.0
   -0.034787    0.776022  0.000000  1.0
   -0.034787    0.778022  0.000000  1.0
   -0.034787    0.780022  0.000000  1.0
   -0.034787    0.782022  0.000000  1.0
   -0.034787    0.784022  0.000000  1.0
   -0.034787    0.786022  0.000000  1.0
   -0.034787    0.788022  0.000000  1.0
   -0.034787    0.790022  0.000000  1.0
   -0.034787    0.792022  0.000000  1.0
   -0.034787    0.794022  0.000000  1.0
   -0.034787    0.796022  0.000000  1.0
   -0.034787    0.798022  0.000000  1.0
   -0.034787    0.800022  0.000000  1.0
   -0.034787    0.802022  0.000000  1.0
   -0.034787    0.804022  0.000000  1.0
   -0.034787    0.806022  0.000000  1.0
   -0.034787    0.808022  0.000000  1.0
   -0.034787    0.810022  0.000000  1.0
   -0.034787    0.812022  0.000000  1.0
   -0.034787    0.814022  0.000000  1.0
   -0.032787    0.734022  0.000000  1.0
   -0.032787    0.736022  0.000000  1.0
   -0.032787    0.738022  0.000000  1.0
   -0.032787    0.740022  0.000000  1.0
   -0.032787    0.742022  0.000000  1.0
   -0.032787    0.744022  0.000000  1.0
   -0.032787    0.746022  0.000000  1.0
   -0.032787    0.748022  0.000000  1.0
   -0.032787    0.750022  0.000000  1.0
   -0.032787    0.752022  0.000000  1.0
   -0.032787    0.754022  0.000000  1.0
   -0.032787    0.756022  0.000000  1.0
   -0.032787    0.758022  0.000000  1.0
   -0.032787    0.760022  0.000000  1.0
   -0.032787    0.762022  0.000000  1.0
   -0.032787    0.764022  0.000000  1.0
   -0.032787    0.766022  0.000000  1.0
   -0.032787    0.768022  0.000000  1.0
   -0.032787    0.770022  0.000000  1.0
   -0.032787    0.772022  0.000000  1.0
   -0.032787    0.774022  0.000000  1.0
   -0.032787    0.776022  0.000000  1.0
   -0.032787    0.778022  0.000000  1.0
   -0.032787    0.780022  0.000000  1.0
   -0.032787    0.782022  0.000000  1.0
   -0.032787    0.784022  0.000000  1.0
   -0.032787    0.786022  0.000000  1.0
   -0.032787    0.788022  0.000000  1.0
   -0.032787    0.790022  0.000000  1.0
   -0.032787    0.792022  0.000000  1.0
   -0.032787    0.794022  0.000000  1.0
   -0.032787    0.796022  0.000000  1.0
   -0.032787    0.798022  0.000000  1.0
   -0.032787    0.800022  0.000000  1.0
   -0.032787    0.802022  0.000000  1.0
   -0.032787    0.804022  0.000000  1.0
   -0.032787    0.806022  0.000000  1.0
   -0.032787    0.808022  0.000000  1.0
   -0.032787    0.810022  0.000000  1.0
   -0.032787    0.812022  0.000000  1.0
   -0.032787    0.814022  0.000000  1.0
   -0.030787    0.734022  0.000000  1.0
   -0.030787    0.736022  0.000000  1.0
   -0.030787    0.738022  0.000000  1.0
   -0.030787    0.740022  0.000000  1.0
   -0.030787    0.742022  0.000000  1.0
   -0.030787    0.744022  0.000000  1.0
   -0.030787    0.746022  0.000000  1.0
   -0.030787    0.748022  0.000000  1.0
   -0.030787    0.750022  0.000000  1.0
   -0.030787    0.752022  0.000000  1.0
   -0.030787    0.754022  0.000000  1.0
   -0.030787    0.756022  0.000000  1.0
   -0.030787    0.758022  0.000000  1.0
   -0.030787    0.760022  0.000000  1.0
   -0.030787    0.762022  0.000000  1.0
   -0.030787    0.764022  0.000000  1.0
   -0.030787    0.766022  0.000000  1.0
   -0.030787    0.768022  0.000000  1.0
   -0.030787    0.770022  0.000000  1.0
   -0.030787    0.772022  0.000000  1.0
   -0.030787    0.774022  0.000000  1.0
   -0.030787    0.776022  0.000000  1.0
   -0.030787    0.778022  0.000000  1.0
   -0.030787    0.780022  0.000000  1.0
   -0.030787    0.782022  0.000000  1.0
   -0.030787    0.784022  0.000000  1.0
   -0.030787    0.786022  0.000000  1.0
   -0.030787    0.788022  0.000000  1.0
   -0.030787    0.790022  0.000000  1.0
   -0.030787    0.792022  0.000000  1.0
   -0.030787    0.794022  0.000000  1.0
   -0.030787    0.796022  0.000000  1.0
   -0.030787    0.798022  0.000000  1.0
   -0.030787    0.800022  0.000000  1.0
   -0.030787    0.802022  0.000000  1.0
   -0.030787    0.804022  0.000000  1.0
   -0.030787    0.806022  0.000000  1.0
   -0.030787    0.808022  0.000000  1.0
   -0.030787    0.810022  0.000000  1.0
   -0.030787    0.812022  0.000000  1.0
   -0.030787    0.814022  0.000000  1.0
   -0.028787    0.734022  0.000000  1.0
   -0.028787    0.736022  0.000000  1.0
   -0.028787    0.738022  0.000000  1.0
   -0.028787    0.740022  0.000000  1.0
   -0.028787    0.742022  0.000000  1.0
   -0.028787    0.744022  0.000000  1.0
   -0.028787    0.746022  0.000000  1.0
   -0.028787    0.748022  0.000000  1.0
   -0.028787    0.750022  0.000000  1.0
   -0.028787    0.752022  0.000000  1.0
   -0.028787    0.754022  0.000000  1.0
   -0.028787    0.756022  0.000000  1.0
   -0.028787    0.758022  0.000000  1.0
   -0.028787    0.760022  0.000000  1.0
   -0.028787    0.762022  0.000000  1.0
   -0.028787    0.764022  0.000000  1.0
   -0.028787    0.766022  0.000000  1.0
   -0.028787    0.768022  0.000000  1.0
   -0.028787    0.770022  0.000000  1.0
   -0.028787    0.772022  0.000000  1.0
   -0.028787    0.774022  0.000000  1.0
   -0.028787    0.776022  0.000000  1.0
   -0.028787    0.778022  0.000000  1.0
   -0.028787    0.780022  0.000000  1.0
   -0.028787    0.782022  0.000000  1.0
   -0.028787    0.784022  0.000000  1.0
   -0.028787    0.786022  0.000000  1.0
   -0.028787    0.788022  0.000000  1.0
   -0.028787    0.790022  0.000000  1.0
   -0.028787    0.792022  0.000000  1.0
   -0.028787    0.794022  0.000000  1.0
   -0.028787    0.796022  0.000000  1.0
   -0.028787    0.798022  0.000000  1.0
   -0.028787    0.800022  0.000000  1.0
   -0.028787    0.802022  0.000000  1.0
   -0.028787    0.804022  0.000000  1.0
   -0.028787    0.806022  0.000000  1.0
   -0.028787    0.808022  0.000000  1.0
   -0.028787    0.810022  0.000000  1.0
   -0.028787    0.812022  0.000000  1.0
   -0.028787    0.814022  0.000000  1.0
   -0.026787    0.734022  0.000000  1.0
   -0.026787    0.736022  0.000000  1.0
   -0.026787    0.738022  0.000000  1.0
   -0.026787    0.740022  0.000000  1.0
   -0.026787    0.742022  0.000000  1.0
   -0.026787    0.744022  0.000000  1.0
   -0.026787    0.746022  0.000000  1.0
   -0.026787    0.748022  0.000000  1.0
   -0.026787    0.750022  0.000000  1.0
   -0.026787    0.752022  0.000000  1.0
   -0.026787    0.754022  0.000000  1.0
   -0.026787    0.756022  0.000000  1.0
   -0.026787    0.758022  0.000000  1.0
   -0.026787    0.760022  0.000000  1.0
   -0.026787    0.762022  0.000000  1.0
   -0.026787    0.764022  0.000000  1.0
   -0.026787    0.766022  0.000000  1.0
   -0.026787    0.768022  0.000000  1.0
   -0.026787    0.770022  0.000000  1.0
   -0.026787    0.772022  0.000000  1.0
   -0.026787    0.774022  0.000000  1.0
   -0.026787    0.776022  0.000000  1.0
   -0.026787    0.778022  0.000000  1.0
   -0.026787    0.780022  0.000000  1.0
   -0.026787    0.782022  0.000000  1.0
   -0.026787    0.784022  0.000000  1.0
   -0.026787    0.786022  0.000000  1.0
   -0.026787    0.788022  0.000000  1.0
   -0.026787    0.790022  0.000000  1.0
   -0.026787    0.792022  0.000000  1.0
   -0.026787    0.794022  0.000000  1.0
   -0.026787    0.796022  0.000000  1.0
   -0.026787    0.798022  0.000000  1.0
   -0.026787    0.800022  0.000000  1.0
   -0.026787    0.802022  0.000000  1.0
   -0.026787    0.804022  0.000000  1.0
   -0.026787    0.806022  0.000000  1.0
   -0.026787    0.808022  0.000000  1.0
   -0.026787    0.810022  0.000000  1.0
   -0.026787    0.812022  0.000000  1.0
   -0.026787    0.814022  0.000000  1.0
   -0.024787    0.734022  0.000000  1.0
   -0.024787    0.736022  0.000000  1.0
   -0.024787    0.738022  0.000000  1.0
   -0.024787    0.740022  0.000000  1.0
   -0.024787    0.742022  0.000000  1.0
   -0.024787    0.744022  0.000000  1.0
   -0.024787    0.746022  0.000000  1.0
   -0.024787    0.748022  0.000000  1.0
   -0.024787    0.750022  0.000000  1.0
   -0.024787    0.752022  0.000000  1.0
   -0.024787    0.754022  0.000000  1.0
   -0.024787    0.756022  0.000000  1.0
   -0.024787    0.758022  0.000000  1.0
   -0.024787    0.760022  0.000000  1.0
   -0.024787    0.762022  0.000000  1.0
   -0.024787    0.764022  0.000000  1.0
   -0.024787    0.766022  0.000000  1.0
   -0.024787    0.768022  0.000000  1.0
   -0.024787    0.770022  0.000000  1.0
   -0.024787    0.772022  0.000000  1.0
   -0.024787    0.774022  0.000000  1.0
   -0.024787    0.776022  0.000000  1.0
   -0.024787    0.778022  0.000000  1.0
   -0.024787    0.780022  0.000000  1.0
   -0.024787    0.782022  0.000000  1.0
   -0.024787    0.784022  0.000000  1.0
   -0.024787    0.786022  0.000000  1.0
   -0.024787    0.788022  0.000000  1.0
   -0.024787    0.790022  0.000000  1.0
   -0.024787    0.792022  0.000000  1.0
   -0.024787    0.794022  0.000000  1.0
   -0.024787    0.796022  0.000000  1.0
   -0.024787    0.798022  0.000000  1.0
   -0.024787    0.800022  0.000000  1.0
   -0.024787    0.802022  0.000000  1.0
   -0.024787    0.804022  0.000000  1.0
   -0.024787    0.806022  0.000000  1.0
   -0.024787    0.808022  0.000000  1.0
   -0.024787    0.810022  0.000000  1.0
   -0.024787    0.812022  0.000000  1.0
   -0.024787    0.814022  0.000000  1.0
   -0.022787    0.734022  0.000000  1.0
   -0.022787    0.736022  0.000000  1.0
   -0.022787    0.738022  0.000000  1.0
   -0.022787    0.740022  0.000000  1.0
   -0.022787    0.742022  0.000000  1.0
   -0.022787    0.744022  0.000000  1.0
   -0.022787    0.746022  0.000000  1.0
   -0.022787    0.748022  0.000000  1.0
   -0.022787    0.750022  0.000000  1.0
   -0.022787    0.752022  0.000000  1.0
   -0.022787    0.754022  0.000000  1.0
   -0.022787    0.756022  0.000000  1.0
   -0.022787    0.758022  0.000000  1.0
   -0.022787    0.760022  0.000000  1.0
   -0.022787    0.762022  0.000000  1.0
   -0.022787    0.764022  0.000000  1.0
   -0.022787    0.766022  0.000000  1.0
   -0.022787    0.768022  0.000000  1.0
   -0.022787    0.770022  0.000000  1.0
   -0.022787    0.772022  0.000000  1.0
   -0.022787    0.774022  0.000000  1.0
   -0.022787    0.776022  0.000000  1.0
   -0.022787    0.778022  0.000000  1.0
   -0.022787    0.780022  0.000000  1.0
   -0.022787    0.782022  0.000000  1.0
   -0.022787    0.784022  0.000000  1.0
   -0.022787    0.786022  0.000000  1.0
   -0.022787    0.788022  0.000000  1.0
   -0.022787    0.790022  0.000000  1.0
   -0.022787    0.792022  0.000000  1.0
   -0.022787    0.794022  0.000000  1.0
   -0.022787    0.796022  0.000000  1.0
   -0.022787    0.798022  0.000000  1.0
   -0.022787    0.800022  0.000000  1.0
   -0.022787    0.802022  0.000000  1.0
   -0.022787    0.804022  0.000000  1.0
   -0.022787    0.806022  0.000000  1.0
   -0.022787    0.808022  0.000000  1.0
   -0.022787    0.810022  0.000000  1.0
   -0.022787    0.812022  0.000000  1.0
   -0.022787    0.814022  0.000000  1.0
   -0.020787    0.734022  0.000000  1.0
   -0.020787    0.736022  0.000000  1.0
   -0.020787    0.738022  0.000000  1.0
   -0.020787    0.740022  0.000000  1.0
   -0.020787    0.742022  0.000000  1.0
   -0.020787    0.744022  0.000000  1.0
   -0.020787    0.746022  0.000000  1.0
   -0.020787    0.748022  0.000000  1.0
   -0.020787    0.750022  0.000000  1.0
   -0.020787    0.752022  0.000000  1.0
   -0.020787    0.754022  0.000000  1.0
   -0.020787    0.756022  0.000000  1.0
   -0.020787    0.758022  0.000000  1.0
   -0.020787    0.760022  0.000000  1.0
   -0.020787    0.762022  0.000000  1.0
   -0.020787    0.764022  0.000000  1.0
   -0.020787    0.766022  0.000000  1.0
   -0.020787    0.768022  0.000000  1.0
   -0.020787    0.770022  0.000000  1.0
   -0.020787    0.772022  0.000000  1.0
   -0.020787    0.774022  0.000000  1.0
   -0.020787    0.776022  0.000000  1.0
   -0.020787    0.778022  0.000000  1.0
   -0.020787    0.780022  0.000000  1.0
   -0.020787    0.782022  0.000000  1.0
   -0.020787    0.784022  0.000000  1.0
   -0.020787    0.786022  0.000000  1.0
   -0.020787    0.788022  0.000000  1.0
   -0.020787    0.790022  0.000000  1.0
   -0.020787    0.792022  0.000000  1.0
   -0.020787    0.794022  0.000000  1.0
   -0.020787    0.796022  0.000000  1.0
   -0.020787    0.798022  0.000000  1.0
   -0.020787    0.800022  0.000000  1.0
   -0.020787    0.802022  0.000000  1.0
   -0.020787    0.804022  0.000000  1.0
   -0.020787    0.806022  0.000000  1.0
   -0.020787    0.808022  0.000000  1.0
   -0.020787    0.810022  0.000000  1.0
   -0.020787    0.812022  0.000000  1.0
   -0.020787    0.814022  0.000000  1.0
   -0.018787    0.734022  0.000000  1.0
   -0.018787    0.736022  0.000000  1.0
   -0.018787    0.738022  0.000000  1.0
   -0.018787    0.740022  0.000000  1.0
   -0.018787    0.742022  0.000000  1.0
   -0.018787    0.744022  0.000000  1.0
   -0.018787    0.746022  0.000000  1.0
   -0.018787    0.748022  0.000000  1.0
   -0.018787    0.750022  0.000000  1.0
   -0.018787    0.752022  0.000000  1.0
   -0.018787    0.754022  0.000000  1.0
   -0.018787    0.756022  0.000000  1.0
   -0.018787    0.758022  0.000000  1.0
   -0.018787    0.760022  0.000000  1.0
   -0.018787    0.762022  0.000000  1.0
   -0.018787    0.764022  0.000000  1.0
   -0.018787    0.766022  0.000000  1.0
   -0.018787    0.768022  0.000000  1.0
   -0.018787    0.770022  0.000000  1.0
   -0.018787    0.772022  0.000000  1.0
   -0.018787    0.774022  0.000000  1.0
   -0.018787    0.776022  0.000000  1.0
   -0.018787    0.778022  0.000000  1.0
   -0.018787    0.780022  0.000000  1.0
   -0.018787    0.782022  0.000000  1.0
   -0.018787    0.784022  0.000000  1.0
   -0.018787    0.786022  0.000000  1.0
   -0.018787    0.788022  0.000000  1.0
   -0.018787    0.790022  0.000000  1.0
   -0.018787    0.792022  0.000000  1.0
   -0.018787    0.794022  0.000000  1.0
   -0.018787    0.796022  0.000000  1.0
   -0.018787    0.798022  0.000000  1.0
   -0.018787    0.800022  0.000000  1.0
   -0.018787    0.802022  0.000000  1.0
   -0.018787    0.804022  0.000000  1.0
   -0.018787    0.806022  0.000000  1.0
   -0.018787    0.808022  0.000000  1.0
   -0.018787    0.810022  0.000000  1.0
   -0.018787    0.812022  0.000000  1.0
   -0.018787    0.814022  0.000000  1.0
   -0.016787    0.734022  0.000000  1.0
   -0.016787    0.736022  0.000000  1.0
   -0.016787    0.738022  0.000000  1.0
   -0.016787    0.740022  0.000000  1.0
   -0.016787    0.742022  0.000000  1.0
   -0.016787    0.744022  0.000000  1.0
   -0.016787    0.746022  0.000000  1.0
   -0.016787    0.748022  0.000000  1.0
   -0.016787    0.750022  0.000000  1.0
   -0.016787    0.752022  0.000000  1.0
   -0.016787    0.754022  0.000000  1.0
   -0.016787    0.756022  0.000000  1.0
   -0.016787    0.758022  0.000000  1.0
   -0.016787    0.760022  0.000000  1.0
   -0.016787    0.762022  0.000000  1.0
   -0.016787    0.764022  0.000000  1.0
   -0.016787    0.766022  0.000000  1.0
   -0.016787    0.768022  0.000000  1.0
   -0.016787    0.770022  0.000000  1.0
   -0.016787    0.772022  0.000000  1.0
   -0.016787    0.774022  0.000000  1.0
   -0.016787    0.776022  0.000000  1.0
   -0.016787    0.778022  0.000000  1.0
   -0.016787    0.780022  0.000000  1.0
   -0.016787    0.782022  0.000000  1.0
   -0.016787    0.784022  0.000000  1.0
   -0.016787    0.786022  0.000000  1.0
   -0.016787    0.788022  0.000000  1.0
   -0.016787    0.790022  0.000000  1.0
   -0.016787    0.792022  0.000000  1.0
   -0.016787    0.794022  0.000000  1.0
   -0.016787    0.796022  0.000000  1.0
   -0.016787    0.798022  0.000000  1.0
   -0.016787    0.800022  0.000000  1.0
   -0.016787    0.802022  0.000000  1.0
   -0.016787    0.804022  0.000000  1.0
   -0.016787    0.806022  0.000000  1.0
   -0.016787    0.808022  0.000000  1.0
   -0.016787    0.810022  0.000000  1.0
   -0.016787    0.812022  0.000000  1.0
   -0.016787    0.814022  0.000000  1.0
   -0.014787    0.734022  0.000000  1.0
   -0.014787    0.736022  0.000000  1.0
   -0.014787    0.738022  0.000000  1.0
   -0.014787    0.740022  0.000000  1.0
   -0.014787    0.742022  0.000000  1.0
   -0.014787    0.744022  0.000000  1.0
   -0.014787    0.746022  0.000000  1.0
   -0.014787    0.748022  0.000000  1.0
   -0.014787    0.750022  0.000000  1.0
   -0.014787    0.752022  0.000000  1.0
   -0.014787    0.754022  0.000000  1.0
   -0.014787    0.756022  0.000000  1.0
   -0.014787    0.758022  0.000000  1.0
   -0.014787    0.760022  0.000000  1.0
   -0.014787    0.762022  0.000000  1.0
   -0.014787    0.764022  0.000000  1.0
   -0.014787    0.766022  0.000000  1.0
   -0.014787    0.768022  0.000000  1.0
   -0.014787    0.770022  0.000000  1.0
   -0.014787    0.772022  0.000000  1.0
   -0.014787    0.774022  0.000000  1.0
   -0.014787    0.776022  0.000000  1.0
   -0.014787    0.778022  0.000000  1.0
   -0.014787    0.780022  0.000000  1.0
   -0.014787    0.782022  0.000000  1.0
   -0.014787    0.784022  0.000000  1.0
   -0.014787    0.786022  0.000000  1.0
   -0.014787    0.788022  0.000000  1.0
   -0.014787    0.790022  0.000000  1.0
   -0.014787    0.792022  0.000000  1.0
   -0.014787    0.794022  0.000000  1.0
   -0.014787    0.796022  0.000000  1.0
   -0.014787    0.798022  0.000000  1.0
   -0.014787    0.800022  0.000000  1.0
   -0.014787    0.802022  0.000000  1.0
   -0.014787    0.804022  0.000000  1.0
   -0.014787    0.806022  0.000000  1.0
   -0.014787    0.808022  0.000000  1.0
   -0.014787    0.810022  0.000000  1.0
   -0.014787    0.812022  0.000000  1.0
   -0.014787    0.814022  0.000000  1.0
   -0.012787    0.734022  0.000000  1.0
   -0.012787    0.736022  0.000000  1.0
   -0.012787    0.738022  0.000000  1.0
   -0.012787    0.740022  0.000000  1.0
   -0.012787    0.742022  0.000000  1.0
   -0.012787    0.744022  0.000000  1.0
   -0.012787    0.746022  0.000000  1.0
   -0.012787    0.748022  0.000000  1.0
   -0.012787    0.750022  0.000000  1.0
   -0.012787    0.752022  0.000000  1.0
   -0.012787    0.754022  0.000000  1.0
   -0.012787    0.756022  0.000000  1.0
   -0.012787    0.758022  0.000000  1.0
   -0.012787    0.760022  0.000000  1.0
   -0.012787    0.762022  0.000000  1.0
   -0.012787    0.764022  0.000000  1.0
   -0.012787    0.766022  0.000000  1.0
   -0.012787    0.768022  0.000000  1.0
   -0.012787    0.770022  0.000000  1.0
   -0.012787    0.772022  0.000000  1.0
   -0.012787    0.774022  0.000000  1.0
   -0.012787    0.776022  0.000000  1.0
   -0.012787    0.778022  0.000000  1.0
   -0.012787    0.780022  0.000000  1.0
   -0.012787    0.782022  0.000000  1.0
   -0.012787    0.784022  0.000000  1.0
   -0.012787    0.786022  0.000000  1.0
   -0.012787    0.788022  0.000000  1.0
   -0.012787    0.790022  0.000000  1.0
   -0.012787    0.792022  0.000000  1.0
   -0.012787    0.794022  0.000000  1.0
   -0.012787    0.796022  0.000000  1.0
   -0.012787    0.798022  0.000000  1.0
   -0.012787    0.800022  0.000000  1.0
   -0.012787    0.802022  0.000000  1.0
   -0.012787    0.804022  0.000000  1.0
   -0.012787    0.806022  0.000000  1.0
   -0.012787    0.808022  0.000000  1.0
   -0.012787    0.810022  0.000000  1.0
   -0.012787    0.812022  0.000000  1.0
   -0.012787    0.814022  0.000000  1.0
   -0.010787    0.734022  0.000000  1.0
   -0.010787    0.736022  0.000000  1.0
   -0.010787    0.738022  0.000000  1.0
   -0.010787    0.740022  0.000000  1.0
   -0.010787    0.742022  0.000000  1.0
   -0.010787    0.744022  0.000000  1.0
   -0.010787    0.746022  0.000000  1.0
   -0.010787    0.748022  0.000000  1.0
   -0.010787    0.750022  0.000000  1.0
   -0.010787    0.752022  0.000000  1.0
   -0.010787    0.754022  0.000000  1.0
   -0.010787    0.756022  0.000000  1.0
   -0.010787    0.758022  0.000000  1.0
   -0.010787    0.760022  0.000000  1.0
   -0.010787    0.762022  0.000000  1.0
   -0.010787    0.764022  0.000000  1.0
   -0.010787    0.766022  0.000000  1.0
   -0.010787    0.768022  0.000000  1.0
   -0.010787    0.770022  0.000000  1.0
   -0.010787    0.772022  0.000000  1.0
   -0.010787    0.774022  0.000000  1.0
   -0.010787    0.776022  0.000000  1.0
   -0.010787    0.778022  0.000000  1.0
   -0.010787    0.780022  0.000000  1.0
   -0.010787    0.782022  0.000000  1.0
   -0.010787    0.784022  0.000000  1.0
   -0.010787    0.786022  0.000000  1.0
   -0.010787    0.788022  0.000000  1.0
   -0.010787    0.790022  0.000000  1.0
   -0.010787    0.792022  0.000000  1.0
   -0.010787    0.794022  0.000000  1.0
   -0.010787    0.796022  0.000000  1.0
   -0.010787    0.798022  0.000000  1.0
   -0.010787    0.800022  0.000000  1.0
   -0.010787    0.802022  0.000000  1.0
   -0.010787    0.804022  0.000000  1.0
   -0.010787    0.806022  0.000000  1.0
   -0.010787    0.808022  0.000000  1.0
   -0.010787    0.810022  0.000000  1.0
   -0.010787    0.812022  0.000000  1.0
   -0.010787    0.814022  0.000000  1.0
   -0.008787    0.734022  0.000000  1.0
   -0.008787    0.736022  0.000000  1.0
   -0.008787    0.738022  0.000000  1.0
   -0.008787    0.740022  0.000000  1.0
   -0.008787    0.742022  0.000000  1.0
   -0.008787    0.744022  0.000000  1.0
   -0.008787    0.746022  0.000000  1.0
   -0.008787    0.748022  0.000000  1.0
   -0.008787    0.750022  0.000000  1.0
   -0.008787    0.752022  0.000000  1.0
   -0.008787    0.754022  0.000000  1.0
   -0.008787    0.756022  0.000000  1.0
   -0.008787    0.758022  0.000000  1.0
   -0.008787    0.760022  0.000000  1.0
   -0.008787    0.762022  0.000000  1.0
   -0.008787    0.764022  0.000000  1.0
   -0.008787    0.766022  0.000000  1.0
   -0.008787    0.768022  0.000000  1.0
   -0.008787    0.770022  0.000000  1.0
   -0.008787    0.772022  0.000000  1.0
   -0.008787    0.774022  0.000000  1.0
   -0.008787    0.776022  0.000000  1.0
   -0.008787    0.778022  0.000000  1.0
   -0.008787    0.780022  0.000000  1.0
   -0.008787    0.782022  0.000000  1.0
   -0.008787    0.784022  0.000000  1.0
   -0.008787    0.786022  0.000000  1.0
   -0.008787    0.788022  0.000000  1.0
   -0.008787    0.790022  0.000000  1.0
   -0.008787    0.792022  0.000000  1.0
   -0.008787    0.794022  0.000000  1.0
   -0.008787    0.796022  0.000000  1.0
   -0.008787    0.798022  0.000000  1.0
   -0.008787    0.800022  0.000000  1.0
   -0.008787    0.802022  0.000000  1.0
   -0.008787    0.804022  0.000000  1.0
   -0.008787    0.806022  0.000000  1.0
   -0.008787    0.808022  0.000000  1.0
   -0.008787    0.810022  0.000000  1.0
   -0.008787    0.812022  0.000000  1.0
   -0.008787    0.814022  0.000000  1.0
   -0.006787    0.734022  0.000000  1.0
   -0.006787    0.736022  0.000000  1.0
   -0.006787    0.738022  0.000000  1.0
   -0.006787    0.740022  0.000000  1.0
   -0.006787    0.742022  0.000000  1.0
   -0.006787    0.744022  0.000000  1.0
   -0.006787    0.746022  0.000000  1.0
   -0.006787    0.748022  0.000000  1.0
   -0.006787    0.750022  0.000000  1.0
   -0.006787    0.752022  0.000000  1.0
   -0.006787    0.754022  0.000000  1.0
   -0.006787    0.756022  0.000000  1.0
   -0.006787    0.758022  0.000000  1.0
   -0.006787    0.760022  0.000000  1.0
   -0.006787    0.762022  0.000000  1.0
   -0.006787    0.764022  0.000000  1.0
   -0.006787    0.766022  0.000000  1.0
   -0.006787    0.768022  0.000000  1.0
   -0.006787    0.770022  0.000000  1.0
   -0.006787    0.772022  0.000000  1.0
   -0.006787    0.774022  0.000000  1.0
   -0.006787    0.776022  0.000000  1.0
   -0.006787    0.778022  0.000000  1.0
   -0.006787    0.780022  0.000000  1.0
   -0.006787    0.782022  0.000000  1.0
   -0.006787    0.784022  0.000000  1.0
   -0.006787    0.786022  0.000000  1.0
   -0.006787    0.788022  0.000000  1.0
   -0.006787    0.790022  0.000000  1.0
   -0.006787    0.792022  0.000000  1.0
   -0.006787    0.794022  0.000000  1.0
   -0.006787    0.796022  0.000000  1.0
   -0.006787    0.798022  0.000000  1.0
   -0.006787    0.800022  0.000000  1.0
   -0.006787    0.802022  0.000000  1.0
   -0.006787    0.804022  0.000000  1.0
   -0.006787    0.806022  0.000000  1.0
   -0.006787    0.808022  0.000000  1.0
   -0.006787    0.810022  0.000000  1.0
   -0.006787    0.812022  0.000000  1.0
   -0.006787    0.814022  0.000000  1.0
   -0.004787    0.734022  0.000000  1.0
   -0.004787    0.736022  0.000000  1.0
   -0.004787    0.738022  0.000000  1.0
   -0.004787    0.740022  0.000000  1.0
   -0.004787    0.742022  0.000000  1.0
   -0.004787    0.744022  0.000000  1.0
   -0.004787    0.746022  0.000000  1.0
   -0.004787    0.748022  0.000000  1.0
   -0.004787    0.750022  0.000000  1.0
   -0.004787    0.752022  0.000000  1.0
   -0.004787    0.754022  0.000000  1.0
   -0.004787    0.756022  0.000000  1.0
   -0.004787    0.758022  0.000000  1.0
   -0.004787    0.760022  0.000000  1.0
   -0.004787    0.762022  0.000000  1.0
   -0.004787    0.764022  0.000000  1.0
   -0.004787    0.766022  0.000000  1.0
   -0.004787    0.768022  0.000000  1.0
   -0.004787    0.770022  0.000000  1.0
   -0.004787    0.772022  0.000000  1.0
   -0.004787    0.774022  0.000000  1.0
   -0.004787    0.776022  0.000000  1.0
   -0.004787    0.778022  0.000000  1.0
   -0.004787    0.780022  0.000000  1.0
   -0.004787    0.782022  0.000000  1.0
   -0.004787    0.784022  0.000000  1.0
   -0.004787    0.786022  0.000000  1.0
   -0.004787    0.788022  0.000000  1.0
   -0.004787    0.790022  0.000000  1.0
   -0.004787    0.792022  0.000000  1.0
   -0.004787    0.794022  0.000000  1.0
   -0.004787    0.796022  0.000000  1.0
   -0.004787    0.798022  0.000000  1.0
   -0.004787    0.800022  0.000000  1.0
   -0.004787    0.802022  0.000000  1.0
   -0.004787    0.804022  0.000000  1.0
   -0.004787    0.806022  0.000000  1.0
   -0.004787    0.808022  0.000000  1.0
   -0.004787    0.810022  0.000000  1.0
   -0.004787    0.812022  0.000000  1.0
   -0.004787    0.814022  0.000000  1.0
   -0.002787    0.734022  0.000000  1.0
   -0.002787    0.736022  0.000000  1.0
   -0.002787    0.738022  0.000000  1.0
   -0.002787    0.740022  0.000000  1.0
   -0.002787    0.742022  0.000000  1.0
   -0.002787    0.744022  0.000000  1.0
   -0.002787    0.746022  0.000000  1.0
   -0.002787    0.748022  0.000000  1.0
   -0.002787    0.750022  0.000000  1.0
   -0.002787    0.752022  0.000000  1.0
   -0.002787    0.754022  0.000000  1.0
   -0.002787    0.756022  0.000000  1.0
   -0.002787    0.758022  0.000000  1.0
   -0.002787    0.760022  0.000000  1.0
   -0.002787    0.762022  0.000000  1.0
   -0.002787    0.764022  0.000000  1.0
   -0.002787    0.766022  0.000000  1.0
   -0.002787    0.768022  0.000000  1.0
   -0.002787    0.770022  0.000000  1.0
   -0.002787    0.772022  0.000000  1.0
   -0.002787    0.774022  0.000000  1.0
   -0.002787    0.776022  0.000000  1.0
   -0.002787    0.778022  0.000000  1.0
   -0.002787    0.780022  0.000000  1.0
   -0.002787    0.782022  0.000000  1.0
   -0.002787    0.784022  0.000000  1.0
   -0.002787    0.786022  0.000000  1.0
   -0.002787    0.788022  0.000000  1.0
   -0.002787    0.790022  0.000000  1.0
   -0.002787    0.792022  0.000000  1.0
   -0.002787    0.794022  0.000000  1.0
   -0.002787    0.796022  0.000000  1.0
   -0.002787    0.798022  0.000000  1.0
   -0.002787    0.800022  0.000000  1.0
   -0.002787    0.802022  0.000000  1.0
   -0.002787    0.804022  0.000000  1.0
   -0.002787    0.806022  0.000000  1.0
   -0.002787    0.808022  0.000000  1.0
   -0.002787    0.810022  0.000000  1.0
   -0.002787    0.812022  0.000000  1.0
   -0.002787    0.814022  0.000000  1.0
   -0.000787    0.734022  0.000000  1.0
   -0.000787    0.736022  0.000000  1.0
   -0.000787    0.738022  0.000000  1.0
   -0.000787    0.740022  0.000000  1.0
   -0.000787    0.742022  0.000000  1.0
   -0.000787    0.744022  0.000000  1.0
   -0.000787    0.746022  0.000000  1.0
   -0.000787    0.748022  0.000000  1.0
   -0.000787    0.750022  0.000000  1.0
   -0.000787    0.752022  0.000000  1.0
   -0.000787    0.754022  0.000000  1.0
   -0.000787    0.756022  0.000000  1.0
   -0.000787    0.758022  0.000000  1.0
   -0.000787    0.760022  0.000000  1.0
   -0.000787    0.762022  0.000000  1.0
   -0.000787    0.764022  0.000000  1.0
   -0.000787    0.766022  0.000000  1.0
   -0.000787    0.768022  0.000000  1.0
   -0.000787    0.770022  0.000000  1.0
   -0.000787    0.772022  0.000000  1.0
   -0.000787    0.774022  0.000000  1.0
   -0.000787    0.776022  0.000000  1.0
   -0.000787    0.778022  0.000000  1.0
   -0.000787    0.780022  0.000000  1.0
   -0.000787    0.782022  0.000000  1.0
   -0.000787    0.784022  0.000000  1.0
   -0.000787    0.786022  0.000000  1.0
   -0.000787    0.788022  0.000000  1.0
   -0.000787    0.790022  0.000000  1.0
   -0.000787    0.792022  0.000000  1.0
   -0.000787    0.794022  0.000000  1.0
   -0.000787    0.796022  0.000000  1.0
   -0.000787    0.798022  0.000000  1.0
   -0.000787    0.800022  0.000000  1.0
   -0.000787    0.802022  0.000000  1.0
   -0.000787    0.804022  0.000000  1.0
   -0.000787    0.806022  0.000000  1.0
   -0.000787    0.808022  0.000000  1.0
   -0.000787    0.810022  0.000000  1.0
   -0.000787    0.812022  0.000000  1.0
   -0.000787    0.814022  0.000000  1.0
    0.001213    0.734022  0.000000  1.0
    0.001213    0.736022  0.000000  1.0
    0.001213    0.738022  0.000000  1.0
    0.001213    0.740022  0.000000  1.0
    0.001213    0.742022  0.000000  1.0
    0.001213    0.744022  0.000000  1.0
    0.001213    0.746022  0.000000  1.0
    0.001213    0.748022  0.000000  1.0
    0.001213    0.750022  0.000000  1.0
    0.001213    0.752022  0.000000  1.0
    0.001213    0.754022  0.000000  1.0
    0.001213    0.756022  0.000000  1.0
    0.001213    0.758022  0.000000  1.0
    0.001213    0.760022  0.000000  1.0
    0.001213    0.762022  0.000000  1.0
    0.001213    0.764022  0.000000  1.0
    0.001213    0.766022  0.000000  1.0
    0.001213    0.768022  0.000000  1.0
    0.001213    0.770022  0.000000  1.0
    0.001213    0.772022  0.000000  1.0
    0.001213    0.774022  0.000000  1.0
    0.001213    0.776022  0.000000  1.0
    0.001213    0.778022  0.000000  1.0
    0.001213    0.780022  0.000000  1.0
    0.001213    0.782022  0.000000  1.0
    0.001213    0.784022  0.000000  1.0
    0.001213    0.786022  0.000000  1.0
    0.001213    0.788022  0.000000  1.0
    0.001213    0.790022  0.000000  1.0
    0.001213    0.792022  0.000000  1.0
    0.001213    0.794022  0.000000  1.0
    0.001213    0.796022  0.000000  1.0
    0.001213    0.798022  0.000000  1.0
    0.001213    0.800022  0.000000  1.0
    0.001213    0.802022  0.000000  1.0
    0.001213    0.804022  0.000000  1.0
    0.001213    0.806022  0.000000  1.0
    0.001213    0.808022  0.000000  1.0
    0.001213    0.810022  0.000000  1.0
    0.001213    0.812022  0.000000  1.0
    0.001213    0.814022  0.000000  1.0
    0.003213    0.734022  0.000000  1.0
    0.003213    0.736022  0.000000  1.0
    0.003213    0.738022  0.000000  1.0
    0.003213    0.740022  0.000000  1.0
    0.003213    0.742022  0.000000  1.0
    0.003213    0.744022  0.000000  1.0
    0.003213    0.746022  0.000000  1.0
    0.003213    0.748022  0.000000  1.0
    0.003213    0.750022  0.000000  1.0
    0.003213    0.752022  0.000000  1.0
    0.003213    0.754022  0.000000  1.0
    0.003213    0.756022  0.000000  1.0
    0.003213    0.758022  0.000000  1.0
    0.003213    0.760022  0.000000  1.0
    0.003213    0.762022  0.000000  1.0
    0.003213    0.764022  0.000000  1.0
    0.003213    0.766022  0.000000  1.0
    0.003213    0.768022  0.000000  1.0
    0.003213    0.770022  0.000000  1.0
    0.003213    0.772022  0.000000  1.0
    0.003213    0.774022  0.000000  1.0
    0.003213    0.776022  0.000000  1.0
    0.003213    0.778022  0.000000  1.0
    0.003213    0.780022  0.000000  1.0
    0.003213    0.782022  0.000000  1.0
    0.003213    0.784022  0.000000  1.0
    0.003213    0.786022  0.000000  1.0
    0.003213    0.788022  0.000000  1.0
    0.003213    0.790022  0.000000  1.0
    0.003213    0.792022  0.000000  1.0
    0.003213    0.794022  0.000000  1.0
    0.003213    0.796022  0.000000  1.0
    0.003213    0.798022  0.000000  1.0
    0.003213    0.800022  0.000000  1.0
    0.003213    0.802022  0.000000  1.0
    0.003213    0.804022  0.000000  1.0
    0.003213    0.806022  0.000000  1.0
    0.003213    0.808022  0.000000  1.0
    0.003213    0.810022  0.000000  1.0
    0.003213    0.812022  0.000000  1.0
    0.003213    0.814022  0.000000  1.0
    0.005213    0.734022  0.000000  1.0
    0.005213    0.736022  0.000000  1.0
    0.005213    0.738022  0.000000  1.0
    0.005213    0.740022  0.000000  1.0
    0.005213    0.742022  0.000000  1.0
    0.005213    0.744022  0.000000  1.0
    0.005213    0.746022  0.000000  1.0
    0.005213    0.748022  0.000000  1.0
    0.005213    0.750022  0.000000  1.0
    0.005213    0.752022  0.000000  1.0
    0.005213    0.754022  0.000000  1.0
    0.005213    0.756022  0.000000  1.0
    0.005213    0.758022  0.000000  1.0
    0.005213    0.760022  0.000000  1.0
    0.005213    0.762022  0.000000  1.0
    0.005213    0.764022  0.000000  1.0
    0.005213    0.766022  0.000000  1.0
    0.005213    0.768022  0.000000  1.0
    0.005213    0.770022  0.000000  1.0
    0.005213    0.772022  0.000000  1.0
    0.005213    0.774022  0.000000  1.0
    0.005213    0.776022  0.000000  1.0
    0.005213    0.778022  0.000000  1.0
    0.005213    0.780022  0.000000  1.0
    0.005213    0.782022  0.000000  1.0
    0.005213    0.784022  0.000000  1.0
    0.005213    0.786022  0.000000  1.0
    0.005213    0.788022  0.000000  1.0
    0.005213    0.790022  0.000000  1.0
    0.005213    0.792022  0.000000  1.0
    0.005213    0.794022  0.000000  1.0
    0.005213    0.796022  0.000000  1.0
    0.005213    0.798022  0.000000  1.0
    0.005213    0.800022  0.000000  1.0
    0.005213    0.802022  0.000000  1.0
    0.005213    0.804022  0.000000  1.0
    0.005213    0.806022  0.000000  1.0
    0.005213    0.808022  0.000000  1.0
    0.005213    0.810022  0.000000  1.0
    0.005213    0.812022  0.000000  1.0
    0.005213    0.814022  0.000000  1.0
    0.007213    0.734022  0.000000  1.0
    0.007213    0.736022  0.000000  1.0
    0.007213    0.738022  0.000000  1.0
    0.007213    0.740022  0.000000  1.0
    0.007213    0.742022  0.000000  1.0
    0.007213    0.744022  0.000000  1.0
    0.007213    0.746022  0.000000  1.0
    0.007213    0.748022  0.000000  1.0
    0.007213    0.750022  0.000000  1.0
    0.007213    0.752022  0.000000  1.0
    0.007213    0.754022  0.000000  1.0
    0.007213    0.756022  0.000000  1.0
    0.007213    0.758022  0.000000  1.0
    0.007213    0.760022  0.000000  1.0
    0.007213    0.762022  0.000000  1.0
    0.007213    0.764022  0.000000  1.0
    0.007213    0.766022  0.000000  1.0
    0.007213    0.768022  0.000000  1.0
    0.007213    0.770022  0.000000  1.0
    0.007213    0.772022  0.000000  1.0
    0.007213    0.774022  0.000000  1.0
    0.007213    0.776022  0.000000  1.0
    0.007213    0.778022  0.000000  1.0
    0.007213    0.780022  0.000000  1.0
    0.007213    0.782022  0.000000  1.0
    0.007213    0.784022  0.000000  1.0
    0.007213    0.786022  0.000000  1.0
    0.007213    0.788022  0.000000  1.0
    0.007213    0.790022  0.000000  1.0
    0.007213    0.792022  0.000000  1.0
    0.007213    0.794022  0.000000  1.0
    0.007213    0.796022  0.000000  1.0
    0.007213    0.798022  0.000000  1.0
    0.007213    0.800022  0.000000  1.0
    0.007213    0.802022  0.000000  1.0
    0.007213    0.804022  0.000000  1.0
    0.007213    0.806022  0.000000  1.0
    0.007213    0.808022  0.000000  1.0
    0.007213    0.810022  0.000000  1.0
    0.007213    0.812022  0.000000  1.0
    0.007213    0.814022  0.000000  1.0
