&CONTROL
  calculation = 'bands'
  prefix = 'graphene26.3lower'
  outdir = './tmp'
  pseudo_dir = './'
  verbosity = 'high'
/
&SYSTEM
  ibrav = 0
  nat = 2
  ntyp = 1
  ecutwfc = 40.0
  nosym = .true.
  noinv = .true.
  nbnd = 8
/
&ELECTRONS
/
ATOMIC_SPECIES
  C  12.011 C.pbe-n-kjpaw_psl.1.0.0.UPF
CELL_PARAMETERS {bohr}
  5.842541  0.000000  0.000000
  2.921271  3.832320  0.000000
  0.000000  0.000000  28.346456
ATOMIC_POSITIONS {crystal}
  C  0.000116  -0.000157  0.000000
  C  0.333217  0.333490  0.000000
K_POINTS {tpiba}
1681
   -0.007213   -0.789776  0.000000  1.0
   -0.007213   -0.787776  0.000000  1.0
   -0.007213   -0.785776  0.000000  1.0
   -0.007213   -0.783776  0.000000  1.0
   -0.007213   -0.781776  0.000000  1.0
   -0.007213   -0.779776  0.000000  1.0
   -0.007213   -0.777776  0.000000  1.0
   -0.007213   -0.775776  0.000000  1.0
   -0.007213   -0.773776  0.000000  1.0
   -0.007213   -0.771776  0.000000  1.0
   -0.007213   -0.769776  0.000000  1.0
   -0.007213   -0.767776  0.000000  1.0
   -0.007213   -0.765776  0.000000  1.0
   -0.007213   -0.763776  0.000000  1.0
   -0.007213   -0.761776  0.000000  1.0
   -0.007213   -0.759776  0.000000  1.0
   -0.007213   -0.757776  0.000000  1.0
   -0.007213   -0.755776  0.000000  1.0
   -0.007213   -0.753776  0.000000  1.0
   -0.007213   -0.751776  0.000000  1.0
   -0.007213   -0.749776  0.000000  1.0
   -0.007213   -0.747776  0.000000  1.0
   -0.007213   -0.745776  0.000000  1.0
   -0.007213   -0.743776  0.000000  1.0
   -0.007213   -0.741776  0.000000  1.0
   -0.007213   -0.739776  0.000000  1.0
   -0.007213   -0.737776  0.000000  1.0
   -0.007213   -0.735776  0.000000  1.0
   -0.007213   -0.733776  0.000000  1.0
   -0.007213   -0.731776  0.000000  1.0
   -0.007213   -0.729776  0.000000  1.0
   -0.007213   -0.727776  0.000000  1.0
   -0.007213   -0.725776  0.000000  1.0
   -0.007213   -0.723776  0.000000  1.0
   -0.007213   -0.721776  0.000000  1.0
   -0.007213   -0.719776  0.000000  1.0
   -0.007213   -0.717776  0.000000  1.0
   -0.007213   -0.715776  0.000000  1.0
   -0.007213   -0.713776  0.000000  1.0
   -0.007213   -0.711776  0.000000  1.0
   -0.007213   -0.709776  0.000000  1.0
   -0.005213   -0.789776  0.000000  1.0
   -0.005213   -0.787776  0.000000  1.0
   -0.005213   -0.785776  0.000000  1.0
   -0.005213   -0.783776  0.000000  1.0
   -0.005213   -0.781776  0.000000  1.0
   -0.005213   -0.779776  0.000000  1.0
   -0.005213   -0.777776  0.000000  1.0
   -0.005213   -0.775776  0.000000  1.0
   -0.005213   -0.773776  0.000000  1.0
   -0.005213   -0.771776  0.000000  1.0
   -0.005213   -0.769776  0.000000  1.0
   -0.005213   -0.767776  0.000000  1.0
   -0.005213   -0.765776  0.000000  1.0
   -0.005213   -0.763776  0.000000  1.0
   -0.005213   -0.761776  0.000000  1.0
   -0.005213   -0.759776  0.000000  1.0
   -0.005213   -0.757776  0.000000  1.0
   -0.005213   -0.755776  0.000000  1.0
   -0.005213   -0.753776  0.000000  1.0
   -0.005213   -0.751776  0.000000  1.0
   -0.005213   -0.749776  0.000000  1.0
   -0.005213   -0.747776  0.000000  1.0
   -0.005213   -0.745776  0.000000  1.0
   -0.005213   -0.743776  0.000000  1.0
   -0.005213   -0.741776  0.000000  1.0
   -0.005213   -0.739776  0.000000  1.0
   -0.005213   -0.737776  0.000000  1.0
   -0.005213   -0.735776  0.000000  1.0
   -0.005213   -0.733776  0.000000  1.0
   -0.005213   -0.731776  0.000000  1.0
   -0.005213   -0.729776  0.000000  1.0
   -0.005213   -0.727776  0.000000  1.0
   -0.005213   -0.725776  0.000000  1.0
   -0.005213   -0.723776  0.000000  1.0
   -0.005213   -0.721776  0.000000  1.0
   -0.005213   -0.719776  0.000000  1.0
   -0.005213   -0.717776  0.000000  1.0
   -0.005213   -0.715776  0.000000  1.0
   -0.005213   -0.713776  0.000000  1.0
   -0.005213   -0.711776  0.000000  1.0
   -0.005213   -0.709776  0.000000  1.0
   -0.003213   -0.789776  0.000000  1.0
   -0.003213   -0.787776  0.000000  1.0
   -0.003213   -0.785776  0.000000  1.0
   -0.003213   -0.783776  0.000000  1.0
   -0.003213   -0.781776  0.000000  1.0
   -0.003213   -0.779776  0.000000  1.0
   -0.003213   -0.777776  0.000000  1.0
   -0.003213   -0.775776  0.000000  1.0
   -0.003213   -0.773776  0.000000  1.0
   -0.003213   -0.771776  0.000000  1.0
   -0.003213   -0.769776  0.000000  1.0
   -0.003213   -0.767776  0.000000  1.0
   -0.003213   -0.765776  0.000000  1.0
   -0.003213   -0.763776  0.000000  1.0
   -0.003213   -0.761776  0.000000  1.0
   -0.003213   -0.759776  0.000000  1.0
   -0.003213   -0.757776  0.000000  1.0
   -0.003213   -0.755776  0.000000  1.0
   -0.003213   -0.753776  0.000000  1.0
   -0.003213   -0.751776  0.000000  1.0
   -0.003213   -0.749776  0.000000  1.0
   -0.003213   -0.747776  0.000000  1.0
   -0.003213   -0.745776  0.000000  1.0
   -0.003213   -0.743776  0.000000  1.0
   -0.003213   -0.741776  0.000000  1.0
   -0.003213   -0.739776  0.000000  1.0
   -0.003213   -0.737776  0.000000  1.0
   -0.003213   -0.735776  0.000000  1.0
   -0.003213   -0.733776  0.000000  1.0
   -0.003213   -0.731776  0.000000  1.0
   -0.003213   -0.729776  0.000000  1.0
   -0.003213   -0.727776  0.000000  1.0
   -0.003213   -0.725776  0.000000  1.0
   -0.003213   -0.723776  0.000000  1.0
   -0.003213   -0.721776  0.000000  1.0
   -0.003213   -0.719776  0.000000  1.0
   -0.003213   -0.717776  0.000000  1.0
   -0.003213   -0.715776  0.000000  1.0
   -0.003213   -0.713776  0.000000  1.0
   -0.003213   -0.711776  0.000000  1.0
   -0.003213   -0.709776  0.000000  1.0
   -0.001213   -0.789776  0.000000  1.0
   -0.001213   -0.787776  0.000000  1.0
   -0.001213   -0.785776  0.000000  1.0
   -0.001213   -0.783776  0.000000  1.0
   -0.001213   -0.781776  0.000000  1.0
   -0.001213   -0.779776  0.000000  1.0
   -0.001213   -0.777776  0.000000  1.0
   -0.001213   -0.775776  0.000000  1.0
   -0.001213   -0.773776  0.000000  1.0
   -0.001213   -0.771776  0.000000  1.0
   -0.001213   -0.769776  0.000000  1.0
   -0.001213   -0.767776  0.000000  1.0
   -0.001213   -0.765776  0.000000  1.0
   -0.001213   -0.763776  0.000000  1.0
   -0.001213   -0.761776  0.000000  1.0
   -0.001213   -0.759776  0.000000  1.0
   -0.001213   -0.757776  0.000000  1.0
   -0.001213   -0.755776  0.000000  1.0
   -0.001213   -0.753776  0.000000  1.0
   -0.001213   -0.751776  0.000000  1.0
   -0.001213   -0.749776  0.000000  1.0
   -0.001213   -0.747776  0.000000  1.0
   -0.001213   -0.745776  0.000000  1.0
   -0.001213   -0.743776  0.000000  1.0
   -0.001213   -0.741776  0.000000  1.0
   -0.001213   -0.739776  0.000000  1.0
   -0.001213   -0.737776  0.000000  1.0
   -0.001213   -0.735776  0.000000  1.0
   -0.001213   -0.733776  0.000000  1.0
   -0.001213   -0.731776  0.000000  1.0
   -0.001213   -0.729776  0.000000  1.0
   -0.001213   -0.727776  0.000000  1.0
   -0.001213   -0.725776  0.000000  1.0
   -0.001213   -0.723776  0.000000  1.0
   -0.001213   -0.721776  0.000000  1.0
   -0.001213   -0.719776  0.000000  1.0
   -0.001213   -0.717776  0.000000  1.0
   -0.001213   -0.715776  0.000000  1.0
   -0.001213   -0.713776  0.000000  1.0
   -0.001213   -0.711776  0.000000  1.0
   -0.001213   -0.709776  0.000000  1.0
    0.000787   -0.789776  0.000000  1.0
    0.000787   -0.787776  0.000000  1.0
    0.000787   -0.785776  0.000000  1.0
    0.000787   -0.783776  0.000000  1.0
    0.000787   -0.781776  0.000000  1.0
    0.000787   -0.779776  0.000000  1.0
    0.000787   -0.777776  0.000000  1.0
    0.000787   -0.775776  0.000000  1.0
    0.000787   -0.773776  0.000000  1.0
    0.000787   -0.771776  0.000000  1.0
    0.000787   -0.769776  0.000000  1.0
    0.000787   -0.767776  0.000000  1.0
    0.000787   -0.765776  0.000000  1.0
    0.000787   -0.763776  0.000000  1.0
    0.000787   -0.761776  0.000000  1.0
    0.000787   -0.759776  0.000000  1.0
    0.000787   -0.757776  0.000000  1.0
    0.000787   -0.755776  0.000000  1.0
    0.000787   -0.753776  0.000000  1.0
    0.000787   -0.751776  0.000000  1.0
    0.000787   -0.749776  0.000000  1.0
    0.000787   -0.747776  0.000000  1.0
    0.000787   -0.745776  0.000000  1.0
    0.000787   -0.743776  0.000000  1.0
    0.000787   -0.741776  0.000000  1.0
    0.000787   -0.739776  0.000000  1.0
    0.000787   -0.737776  0.000000  1.0
    0.000787   -0.735776  0.000000  1.0
    0.000787   -0.733776  0.000000  1.0
    0.000787   -0.731776  0.000000  1.0
    0.000787   -0.729776  0.000000  1.0
    0.000787   -0.727776  0.000000  1.0
    0.000787   -0.725776  0.000000  1.0
    0.000787   -0.723776  0.000000  1.0
    0.000787   -0.721776  0.000000  1.0
    0.000787   -0.719776  0.000000  1.0
    0.000787   -0.717776  0.000000  1.0
    0.000787   -0.715776  0.000000  1.0
    0.000787   -0.713776  0.000000  1.0
    0.000787   -0.711776  0.000000  1.0
    0.000787   -0.709776  0.000000  1.0
    0.002787   -0.789776  0.000000  1.0
    0.002787   -0.787776  0.000000  1.0
    0.002787   -0.785776  0.000000  1.0
    0.002787   -0.783776  0.000000  1.0
    0.002787   -0.781776  0.000000  1.0
    0.002787   -0.779776  0.000000  1.0
    0.002787   -0.777776  0.000000  1.0
    0.002787   -0.775776  0.000000  1.0
    0.002787   -0.773776  0.000000  1.0
    0.002787   -0.771776  0.000000  1.0
    0.002787   -0.769776  0.000000  1.0
    0.002787   -0.767776  0.000000  1.0
    0.002787   -0.765776  0.000000  1.0
    0.002787   -0.763776  0.000000  1.0
    0.002787   -0.761776  0.000000  1.0
    0.002787   -0.759776  0.000000  1.0
    0.002787   -0.757776  0.000000  1.0
    0.002787   -0.755776  0.000000  1.0
    0.002787   -0.753776  0.000000  1.0
    0.002787   -0.751776  0.000000  1.0
    0.002787   -0.749776  0.000000  1.0
    0.002787   -0.747776  0.000000  1.0
    0.002787   -0.745776  0.000000  1.0
    0.002787   -0.743776  0.000000  1.0
    0.002787   -0.741776  0.000000  1.0
    0.002787   -0.739776  0.000000  1.0
    0.002787   -0.737776  0.000000  1.0
    0.002787   -0.735776  0.000000  1.0
    0.002787   -0.733776  0.000000  1.0
    0.002787   -0.731776  0.000000  1.0
    0.002787   -0.729776  0.000000  1.0
    0.002787   -0.727776  0.000000  1.0
    0.002787   -0.725776  0.000000  1.0
    0.002787   -0.723776  0.000000  1.0
    0.002787   -0.721776  0.000000  1.0
    0.002787   -0.719776  0.000000  1.0
    0.002787   -0.717776  0.000000  1.0
    0.002787   -0.715776  0.000000  1.0
    0.002787   -0.713776  0.000000  1.0
    0.002787   -0.711776  0.000000  1.0
    0.002787   -0.709776  0.000000  1.0
    0.004787   -0.789776  0.000000  1.0
    0.004787   -0.787776  0.000000  1.0
    0.004787   -0.785776  0.000000  1.0
    0.004787   -0.783776  0.000000  1.0
    0.004787   -0.781776  0.000000  1.0
    0.004787   -0.779776  0.000000  1.0
    0.004787   -0.777776  0.000000  1.0
    0.004787   -0.775776  0.000000  1.0
    0.004787   -0.773776  0.000000  1.0
    0.004787   -0.771776  0.000000  1.0
    0.004787   -0.769776  0.000000  1.0
    0.004787   -0.767776  0.000000  1.0
    0.004787   -0.765776  0.000000  1.0
    0.004787   -0.763776  0.000000  1.0
    0.004787   -0.761776  0.000000  1.0
    0.004787   -0.759776  0.000000  1.0
    0.004787   -0.757776  0.000000  1.0
    0.004787   -0.755776  0.000000  1.0
    0.004787   -0.753776  0.000000  1.0
    0.004787   -0.751776  0.000000  1.0
    0.004787   -0.749776  0.000000  1.0
    0.004787   -0.747776  0.000000  1.0
    0.004787   -0.745776  0.000000  1.0
    0.004787   -0.743776  0.000000  1.0
    0.004787   -0.741776  0.000000  1.0
    0.004787   -0.739776  0.000000  1.0
    0.004787   -0.737776  0.000000  1.0
    0.004787   -0.735776  0.000000  1.0
    0.004787   -0.733776  0.000000  1.0
    0.004787   -0.731776  0.000000  1.0
    0.004787   -0.729776  0.000000  1.0
    0.004787   -0.727776  0.000000  1.0
    0.004787   -0.725776  0.000000  1.0
    0.004787   -0.723776  0.000000  1.0
    0.004787   -0.721776  0.000000  1.0
    0.004787   -0.719776  0.000000  1.0
    0.004787   -0.717776  0.000000  1.0
    0.004787   -0.715776  0.000000  1.0
    0.004787   -0.713776  0.000000  1.0
    0.004787   -0.711776  0.000000  1.0
    0.004787   -0.709776  0.000000  1.0
    0.006787   -0.789776  0.000000  1.0
    0.006787   -0.787776  0.000000  1.0
    0.006787   -0.785776  0.000000  1.0
    0.006787   -0.783776  0.000000  1.0
    0.006787   -0.781776  0.000000  1.0
    0.006787   -0.779776  0.000000  1.0
    0.006787   -0.777776  0.000000  1.0
    0.006787   -0.775776  0.000000  1.0
    0.006787   -0.773776  0.000000  1.0
    0.006787   -0.771776  0.000000  1.0
    0.006787   -0.769776  0.000000  1.0
    0.006787   -0.767776  0.000000  1.0
    0.006787   -0.765776  0.000000  1.0
    0.006787   -0.763776  0.000000  1.0
    0.006787   -0.761776  0.000000  1.0
    0.006787   -0.759776  0.000000  1.0
    0.006787   -0.757776  0.000000  1.0
    0.006787   -0.755776  0.000000  1.0
    0.006787   -0.753776  0.000000  1.0
    0.006787   -0.751776  0.000000  1.0
    0.006787   -0.749776  0.000000  1.0
    0.006787   -0.747776  0.000000  1.0
    0.006787   -0.745776  0.000000  1.0
    0.006787   -0.743776  0.000000  1.0
    0.006787   -0.741776  0.000000  1.0
    0.006787   -0.739776  0.000000  1.0
    0.006787   -0.737776  0.000000  1.0
    0.006787   -0.735776  0.000000  1.0
    0.006787   -0.733776  0.000000  1.0
    0.006787   -0.731776  0.000000  1.0
    0.006787   -0.729776  0.000000  1.0
    0.006787   -0.727776  0.000000  1.0
    0.006787   -0.725776  0.000000  1.0
    0.006787   -0.723776  0.000000  1.0
    0.006787   -0.721776  0.000000  1.0
    0.006787   -0.719776  0.000000  1.0
    0.006787   -0.717776  0.000000  1.0
    0.006787   -0.715776  0.000000  1.0
    0.006787   -0.713776  0.000000  1.0
    0.006787   -0.711776  0.000000  1.0
    0.006787   -0.709776  0.000000  1.0
    0.008787   -0.789776  0.000000  1.0
    0.008787   -0.787776  0.000000  1.0
    0.008787   -0.785776  0.000000  1.0
    0.008787   -0.783776  0.000000  1.0
    0.008787   -0.781776  0.000000  1.0
    0.008787   -0.779776  0.000000  1.0
    0.008787   -0.777776  0.000000  1.0
    0.008787   -0.775776  0.000000  1.0
    0.008787   -0.773776  0.000000  1.0
    0.008787   -0.771776  0.000000  1.0
    0.008787   -0.769776  0.000000  1.0
    0.008787   -0.767776  0.000000  1.0
    0.008787   -0.765776  0.000000  1.0
    0.008787   -0.763776  0.000000  1.0
    0.008787   -0.761776  0.000000  1.0
    0.008787   -0.759776  0.000000  1.0
    0.008787   -0.757776  0.000000  1.0
    0.008787   -0.755776  0.000000  1.0
    0.008787   -0.753776  0.000000  1.0
    0.008787   -0.751776  0.000000  1.0
    0.008787   -0.749776  0.000000  1.0
    0.008787   -0.747776  0.000000  1.0
    0.008787   -0.745776  0.000000  1.0
    0.008787   -0.743776  0.000000  1.0
    0.008787   -0.741776  0.000000  1.0
    0.008787   -0.739776  0.000000  1.0
    0.008787   -0.737776  0.000000  1.0
    0.008787   -0.735776  0.000000  1.0
    0.008787   -0.733776  0.000000  1.0
    0.008787   -0.731776  0.000000  1.0
    0.008787   -0.729776  0.000000  1.0
    0.008787   -0.727776  0.000000  1.0
    0.008787   -0.725776  0.000000  1.0
    0.008787   -0.723776  0.000000  1.0
    0.008787   -0.721776  0.000000  1.0
    0.008787   -0.719776  0.000000  1.0
    0.008787   -0.717776  0.000000  1.0
    0.008787   -0.715776  0.000000  1.0
    0.008787   -0.713776  0.000000  1.0
    0.008787   -0.711776  0.000000  1.0
    0.008787   -0.709776  0.000000  1.0
    0.010787   -0.789776  0.000000  1.0
    0.010787   -0.787776  0.000000  1.0
    0.010787   -0.785776  0.000000  1.0
    0.010787   -0.783776  0.000000  1.0
    0.010787   -0.781776  0.000000  1.0
    0.010787   -0.779776  0.000000  1.0
    0.010787   -0.777776  0.000000  1.0
    0.010787   -0.775776  0.000000  1.0
    0.010787   -0.773776  0.000000  1.0
    0.010787   -0.771776  0.000000  1.0
    0.010787   -0.769776  0.000000  1.0
    0.010787   -0.767776  0.000000  1.0
    0.010787   -0.765776  0.000000  1.0
    0.010787   -0.763776  0.000000  1.0
    0.010787   -0.761776  0.000000  1.0
    0.010787   -0.759776  0.000000  1.0
    0.010787   -0.757776  0.000000  1.0
    0.010787   -0.755776  0.000000  1.0
    0.010787   -0.753776  0.000000  1.0
    0.010787   -0.751776  0.000000  1.0
    0.010787   -0.749776  0.000000  1.0
    0.010787   -0.747776  0.000000  1.0
    0.010787   -0.745776  0.000000  1.0
    0.010787   -0.743776  0.000000  1.0
    0.010787   -0.741776  0.000000  1.0
    0.010787   -0.739776  0.000000  1.0
    0.010787   -0.737776  0.000000  1.0
    0.010787   -0.735776  0.000000  1.0
    0.010787   -0.733776  0.000000  1.0
    0.010787   -0.731776  0.000000  1.0
    0.010787   -0.729776  0.000000  1.0
    0.010787   -0.727776  0.000000  1.0
    0.010787   -0.725776  0.000000  1.0
    0.010787   -0.723776  0.000000  1.0
    0.010787   -0.721776  0.000000  1.0
    0.010787   -0.719776  0.000000  1.0
    0.010787   -0.717776  0.000000  1.0
    0.010787   -0.715776  0.000000  1.0
    0.010787   -0.713776  0.000000  1.0
    0.010787   -0.711776  0.000000  1.0
    0.010787   -0.709776  0.000000  1.0
    0.012787   -0.789776  0.000000  1.0
    0.012787   -0.787776  0.000000  1.0
    0.012787   -0.785776  0.000000  1.0
    0.012787   -0.783776  0.000000  1.0
    0.012787   -0.781776  0.000000  1.0
    0.012787   -0.779776  0.000000  1.0
    0.012787   -0.777776  0.000000  1.0
    0.012787   -0.775776  0.000000  1.0
    0.012787   -0.773776  0.000000  1.0
    0.012787   -0.771776  0.000000  1.0
    0.012787   -0.769776  0.000000  1.0
    0.012787   -0.767776  0.000000  1.0
    0.012787   -0.765776  0.000000  1.0
    0.012787   -0.763776  0.000000  1.0
    0.012787   -0.761776  0.000000  1.0
    0.012787   -0.759776  0.000000  1.0
    0.012787   -0.757776  0.000000  1.0
    0.012787   -0.755776  0.000000  1.0
    0.012787   -0.753776  0.000000  1.0
    0.012787   -0.751776  0.000000  1.0
    0.012787   -0.749776  0.000000  1.0
    0.012787   -0.747776  0.000000  1.0
    0.012787   -0.745776  0.000000  1.0
    0.012787   -0.743776  0.000000  1.0
    0.012787   -0.741776  0.000000  1.0
    0.012787   -0.739776  0.000000  1.0
    0.012787   -0.737776  0.000000  1.0
    0.012787   -0.735776  0.000000  1.0
    0.012787   -0.733776  0.000000  1.0
    0.012787   -0.731776  0.000000  1.0
    0.012787   -0.729776  0.000000  1.0
    0.012787   -0.727776  0.000000  1.0
    0.012787   -0.725776  0.000000  1.0
    0.012787   -0.723776  0.000000  1.0
    0.012787   -0.721776  0.000000  1.0
    0.012787   -0.719776  0.000000  1.0
    0.012787   -0.717776  0.000000  1.0
    0.012787   -0.715776  0.000000  1.0
    0.012787   -0.713776  0.000000  1.0
    0.012787   -0.711776  0.000000  1.0
    0.012787   -0.709776  0.000000  1.0
    0.014787   -0.789776  0.000000  1.0
    0.014787   -0.787776  0.000000  1.0
    0.014787   -0.785776  0.000000  1.0
    0.014787   -0.783776  0.000000  1.0
    0.014787   -0.781776  0.000000  1.0
    0.014787   -0.779776  0.000000  1.0
    0.014787   -0.777776  0.000000  1.0
    0.014787   -0.775776  0.000000  1.0
    0.014787   -0.773776  0.000000  1.0
    0.014787   -0.771776  0.000000  1.0
    0.014787   -0.769776  0.000000  1.0
    0.014787   -0.767776  0.000000  1.0
    0.014787   -0.765776  0.000000  1.0
    0.014787   -0.763776  0.000000  1.0
    0.014787   -0.761776  0.000000  1.0
    0.014787   -0.759776  0.000000  1.0
    0.014787   -0.757776  0.000000  1.0
    0.014787   -0.755776  0.000000  1.0
    0.014787   -0.753776  0.000000  1.0
    0.014787   -0.751776  0.000000  1.0
    0.014787   -0.749776  0.000000  1.0
    0.014787   -0.747776  0.000000  1.0
    0.014787   -0.745776  0.000000  1.0
    0.014787   -0.743776  0.000000  1.0
    0.014787   -0.741776  0.000000  1.0
    0.014787   -0.739776  0.000000  1.0
    0.014787   -0.737776  0.000000  1.0
    0.014787   -0.735776  0.000000  1.0
    0.014787   -0.733776  0.000000  1.0
    0.014787   -0.731776  0.000000  1.0
    0.014787   -0.729776  0.000000  1.0
    0.014787   -0.727776  0.000000  1.0
    0.014787   -0.725776  0.000000  1.0
    0.014787   -0.723776  0.000000  1.0
    0.014787   -0.721776  0.000000  1.0
    0.014787   -0.719776  0.000000  1.0
    0.014787   -0.717776  0.000000  1.0
    0.014787   -0.715776  0.000000  1.0
    0.014787   -0.713776  0.000000  1.0
    0.014787   -0.711776  0.000000  1.0
    0.014787   -0.709776  0.000000  1.0
    0.016787   -0.789776  0.000000  1.0
    0.016787   -0.787776  0.000000  1.0
    0.016787   -0.785776  0.000000  1.0
    0.016787   -0.783776  0.000000  1.0
    0.016787   -0.781776  0.000000  1.0
    0.016787   -0.779776  0.000000  1.0
    0.016787   -0.777776  0.000000  1.0
    0.016787   -0.775776  0.000000  1.0
    0.016787   -0.773776  0.000000  1.0
    0.016787   -0.771776  0.000000  1.0
    0.016787   -0.769776  0.000000  1.0
    0.016787   -0.767776  0.000000  1.0
    0.016787   -0.765776  0.000000  1.0
    0.016787   -0.763776  0.000000  1.0
    0.016787   -0.761776  0.000000  1.0
    0.016787   -0.759776  0.000000  1.0
    0.016787   -0.757776  0.000000  1.0
    0.016787   -0.755776  0.000000  1.0
    0.016787   -0.753776  0.000000  1.0
    0.016787   -0.751776  0.000000  1.0
    0.016787   -0.749776  0.000000  1.0
    0.016787   -0.747776  0.000000  1.0
    0.016787   -0.745776  0.000000  1.0
    0.016787   -0.743776  0.000000  1.0
    0.016787   -0.741776  0.000000  1.0
    0.016787   -0.739776  0.000000  1.0
    0.016787   -0.737776  0.000000  1.0
    0.016787   -0.735776  0.000000  1.0
    0.016787   -0.733776  0.000000  1.0
    0.016787   -0.731776  0.000000  1.0
    0.016787   -0.729776  0.000000  1.0
    0.016787   -0.727776  0.000000  1.0
    0.016787   -0.725776  0.000000  1.0
    0.016787   -0.723776  0.000000  1.0
    0.016787   -0.721776  0.000000  1.0
    0.016787   -0.719776  0.000000  1.0
    0.016787   -0.717776  0.000000  1.0
    0.016787   -0.715776  0.000000  1.0
    0.016787   -0.713776  0.000000  1.0
    0.016787   -0.711776  0.000000  1.0
    0.016787   -0.709776  0.000000  1.0
    0.018787   -0.789776  0.000000  1.0
    0.018787   -0.787776  0.000000  1.0
    0.018787   -0.785776  0.000000  1.0
    0.018787   -0.783776  0.000000  1.0
    0.018787   -0.781776  0.000000  1.0
    0.018787   -0.779776  0.000000  1.0
    0.018787   -0.777776  0.000000  1.0
    0.018787   -0.775776  0.000000  1.0
    0.018787   -0.773776  0.000000  1.0
    0.018787   -0.771776  0.000000  1.0
    0.018787   -0.769776  0.000000  1.0
    0.018787   -0.767776  0.000000  1.0
    0.018787   -0.765776  0.000000  1.0
    0.018787   -0.763776  0.000000  1.0
    0.018787   -0.761776  0.000000  1.0
    0.018787   -0.759776  0.000000  1.0
    0.018787   -0.757776  0.000000  1.0
    0.018787   -0.755776  0.000000  1.0
    0.018787   -0.753776  0.000000  1.0
    0.018787   -0.751776  0.000000  1.0
    0.018787   -0.749776  0.000000  1.0
    0.018787   -0.747776  0.000000  1.0
    0.018787   -0.745776  0.000000  1.0
    0.018787   -0.743776  0.000000  1.0
    0.018787   -0.741776  0.000000  1.0
    0.018787   -0.739776  0.000000  1.0
    0.018787   -0.737776  0.000000  1.0
    0.018787   -0.735776  0.000000  1.0
    0.018787   -0.733776  0.000000  1.0
    0.018787   -0.731776  0.000000  1.0
    0.018787   -0.729776  0.000000  1.0
    0.018787   -0.727776  0.000000  1.0
    0.018787   -0.725776  0.000000  1.0
    0.018787   -0.723776  0.000000  1.0
    0.018787   -0.721776  0.000000  1.0
    0.018787   -0.719776  0.000000  1.0
    0.018787   -0.717776  0.000000  1.0
    0.018787   -0.715776  0.000000  1.0
    0.018787   -0.713776  0.000000  1.0
    0.018787   -0.711776  0.000000  1.0
    0.018787   -0.709776  0.000000  1.0
    0.020787   -0.789776  0.000000  1.0
    0.020787   -0.787776  0.000000  1.0
    0.020787   -0.785776  0.000000  1.0
    0.020787   -0.783776  0.000000  1.0
    0.020787   -0.781776  0.000000  1.0
    0.020787   -0.779776  0.000000  1.0
    0.020787   -0.777776  0.000000  1.0
    0.020787   -0.775776  0.000000  1.0
    0.020787   -0.773776  0.000000  1.0
    0.020787   -0.771776  0.000000  1.0
    0.020787   -0.769776  0.000000  1.0
    0.020787   -0.767776  0.000000  1.0
    0.020787   -0.765776  0.000000  1.0
    0.020787   -0.763776  0.000000  1.0
    0.020787   -0.761776  0.000000  1.0
    0.020787   -0.759776  0.000000  1.0
    0.020787   -0.757776  0.000000  1.0
    0.020787   -0.755776  0.000000  1.0
    0.020787   -0.753776  0.000000  1.0
    0.020787   -0.751776  0.000000  1.0
    0.020787   -0.749776  0.000000  1.0
    0.020787   -0.747776  0.000000  1.0
    0.020787   -0.745776  0.000000  1.0
    0.020787   -0.743776  0.000000  1.0
    0.020787   -0.741776  0.000000  1.0
    0.020787   -0.739776  0.000000  1.0
    0.020787   -0.737776  0.000000  1.0
    0.020787   -0.735776  0.000000  1.0
    0.020787   -0.733776  0.000000  1.0
    0.020787   -0.731776  0.000000  1.0
    0.020787   -0.729776  0.000000  1.0
    0.020787   -0.727776  0.000000  1.0
    0.020787   -0.725776  0.000000  1.0
    0.020787   -0.723776  0.000000  1.0
    0.020787   -0.721776  0.000000  1.0
    0.020787   -0.719776  0.000000  1.0
    0.020787   -0.717776  0.000000  1.0
    0.020787   -0.715776  0.000000  1.0
    0.020787   -0.713776  0.000000  1.0
    0.020787   -0.711776  0.000000  1.0
    0.020787   -0.709776  0.000000  1.0
    0.022787   -0.789776  0.000000  1.0
    0.022787   -0.787776  0.000000  1.0
    0.022787   -0.785776  0.000000  1.0
    0.022787   -0.783776  0.000000  1.0
    0.022787   -0.781776  0.000000  1.0
    0.022787   -0.779776  0.000000  1.0
    0.022787   -0.777776  0.000000  1.0
    0.022787   -0.775776  0.000000  1.0
    0.022787   -0.773776  0.000000  1.0
    0.022787   -0.771776  0.000000  1.0
    0.022787   -0.769776  0.000000  1.0
    0.022787   -0.767776  0.000000  1.0
    0.022787   -0.765776  0.000000  1.0
    0.022787   -0.763776  0.000000  1.0
    0.022787   -0.761776  0.000000  1.0
    0.022787   -0.759776  0.000000  1.0
    0.022787   -0.757776  0.000000  1.0
    0.022787   -0.755776  0.000000  1.0
    0.022787   -0.753776  0.000000  1.0
    0.022787   -0.751776  0.000000  1.0
    0.022787   -0.749776  0.000000  1.0
    0.022787   -0.747776  0.000000  1.0
    0.022787   -0.745776  0.000000  1.0
    0.022787   -0.743776  0.000000  1.0
    0.022787   -0.741776  0.000000  1.0
    0.022787   -0.739776  0.000000  1.0
    0.022787   -0.737776  0.000000  1.0
    0.022787   -0.735776  0.000000  1.0
    0.022787   -0.733776  0.000000  1.0
    0.022787   -0.731776  0.000000  1.0
    0.022787   -0.729776  0.000000  1.0
    0.022787   -0.727776  0.000000  1.0
    0.022787   -0.725776  0.000000  1.0
    0.022787   -0.723776  0.000000  1.0
    0.022787   -0.721776  0.000000  1.0
    0.022787   -0.719776  0.000000  1.0
    0.022787   -0.717776  0.000000  1.0
    0.022787   -0.715776  0.000000  1.0
    0.022787   -0.713776  0.000000  1.0
    0.022787   -0.711776  0.000000  1.0
    0.022787   -0.709776  0.000000  1.0
    0.024787   -0.789776  0.000000  1.0
    0.024787   -0.787776  0.000000  1.0
    0.024787   -0.785776  0.000000  1.0
    0.024787   -0.783776  0.000000  1.0
    0.024787   -0.781776  0.000000  1.0
    0.024787   -0.779776  0.000000  1.0
    0.024787   -0.777776  0.000000  1.0
    0.024787   -0.775776  0.000000  1.0
    0.024787   -0.773776  0.000000  1.0
    0.024787   -0.771776  0.000000  1.0
    0.024787   -0.769776  0.000000  1.0
    0.024787   -0.767776  0.000000  1.0
    0.024787   -0.765776  0.000000  1.0
    0.024787   -0.763776  0.000000  1.0
    0.024787   -0.761776  0.000000  1.0
    0.024787   -0.759776  0.000000  1.0
    0.024787   -0.757776  0.000000  1.0
    0.024787   -0.755776  0.000000  1.0
    0.024787   -0.753776  0.000000  1.0
    0.024787   -0.751776  0.000000  1.0
    0.024787   -0.749776  0.000000  1.0
    0.024787   -0.747776  0.000000  1.0
    0.024787   -0.745776  0.000000  1.0
    0.024787   -0.743776  0.000000  1.0
    0.024787   -0.741776  0.000000  1.0
    0.024787   -0.739776  0.000000  1.0
    0.024787   -0.737776  0.000000  1.0
    0.024787   -0.735776  0.000000  1.0
    0.024787   -0.733776  0.000000  1.0
    0.024787   -0.731776  0.000000  1.0
    0.024787   -0.729776  0.000000  1.0
    0.024787   -0.727776  0.000000  1.0
    0.024787   -0.725776  0.000000  1.0
    0.024787   -0.723776  0.000000  1.0
    0.024787   -0.721776  0.000000  1.0
    0.024787   -0.719776  0.000000  1.0
    0.024787   -0.717776  0.000000  1.0
    0.024787   -0.715776  0.000000  1.0
    0.024787   -0.713776  0.000000  1.0
    0.024787   -0.711776  0.000000  1.0
    0.024787   -0.709776  0.000000  1.0
    0.026787   -0.789776  0.000000  1.0
    0.026787   -0.787776  0.000000  1.0
    0.026787   -0.785776  0.000000  1.0
    0.026787   -0.783776  0.000000  1.0
    0.026787   -0.781776  0.000000  1.0
    0.026787   -0.779776  0.000000  1.0
    0.026787   -0.777776  0.000000  1.0
    0.026787   -0.775776  0.000000  1.0
    0.026787   -0.773776  0.000000  1.0
    0.026787   -0.771776  0.000000  1.0
    0.026787   -0.769776  0.000000  1.0
    0.026787   -0.767776  0.000000  1.0
    0.026787   -0.765776  0.000000  1.0
    0.026787   -0.763776  0.000000  1.0
    0.026787   -0.761776  0.000000  1.0
    0.026787   -0.759776  0.000000  1.0
    0.026787   -0.757776  0.000000  1.0
    0.026787   -0.755776  0.000000  1.0
    0.026787   -0.753776  0.000000  1.0
    0.026787   -0.751776  0.000000  1.0
    0.026787   -0.749776  0.000000  1.0
    0.026787   -0.747776  0.000000  1.0
    0.026787   -0.745776  0.000000  1.0
    0.026787   -0.743776  0.000000  1.0
    0.026787   -0.741776  0.000000  1.0
    0.026787   -0.739776  0.000000  1.0
    0.026787   -0.737776  0.000000  1.0
    0.026787   -0.735776  0.000000  1.0
    0.026787   -0.733776  0.000000  1.0
    0.026787   -0.731776  0.000000  1.0
    0.026787   -0.729776  0.000000  1.0
    0.026787   -0.727776  0.000000  1.0
    0.026787   -0.725776  0.000000  1.0
    0.026787   -0.723776  0.000000  1.0
    0.026787   -0.721776  0.000000  1.0
    0.026787   -0.719776  0.000000  1.0
    0.026787   -0.717776  0.000000  1.0
    0.026787   -0.715776  0.000000  1.0
    0.026787   -0.713776  0.000000  1.0
    0.026787   -0.711776  0.000000  1.0
    0.026787   -0.709776  0.000000  1.0
    0.028787   -0.789776  0.000000  1.0
    0.028787   -0.787776  0.000000  1.0
    0.028787   -0.785776  0.000000  1.0
    0.028787   -0.783776  0.000000  1.0
    0.028787   -0.781776  0.000000  1.0
    0.028787   -0.779776  0.000000  1.0
    0.028787   -0.777776  0.000000  1.0
    0.028787   -0.775776  0.000000  1.0
    0.028787   -0.773776  0.000000  1.0
    0.028787   -0.771776  0.000000  1.0
    0.028787   -0.769776  0.000000  1.0
    0.028787   -0.767776  0.000000  1.0
    0.028787   -0.765776  0.000000  1.0
    0.028787   -0.763776  0.000000  1.0
    0.028787   -0.761776  0.000000  1.0
    0.028787   -0.759776  0.000000  1.0
    0.028787   -0.757776  0.000000  1.0
    0.028787   -0.755776  0.000000  1.0
    0.028787   -0.753776  0.000000  1.0
    0.028787   -0.751776  0.000000  1.0
    0.028787   -0.749776  0.000000  1.0
    0.028787   -0.747776  0.000000  1.0
    0.028787   -0.745776  0.000000  1.0
    0.028787   -0.743776  0.000000  1.0
    0.028787   -0.741776  0.000000  1.0
    0.028787   -0.739776  0.000000  1.0
    0.028787   -0.737776  0.000000  1.0
    0.028787   -0.735776  0.000000  1.0
    0.028787   -0.733776  0.000000  1.0
    0.028787   -0.731776  0.000000  1.0
    0.028787   -0.729776  0.000000  1.0
    0.028787   -0.727776  0.000000  1.0
    0.028787   -0.725776  0.000000  1.0
    0.028787   -0.723776  0.000000  1.0
    0.028787   -0.721776  0.000000  1.0
    0.028787   -0.719776  0.000000  1.0
    0.028787   -0.717776  0.000000  1.0
    0.028787   -0.715776  0.000000  1.0
    0.028787   -0.713776  0.000000  1.0
    0.028787   -0.711776  0.000000  1.0
    0.028787   -0.709776  0.000000  1.0
    0.030787   -0.789776  0.000000  1.0
    0.030787   -0.787776  0.000000  1.0
    0.030787   -0.785776  0.000000  1.0
    0.030787   -0.783776  0.000000  1.0
    0.030787   -0.781776  0.000000  1.0
    0.030787   -0.779776  0.000000  1.0
    0.030787   -0.777776  0.000000  1.0
    0.030787   -0.775776  0.000000  1.0
    0.030787   -0.773776  0.000000  1.0
    0.030787   -0.771776  0.000000  1.0
    0.030787   -0.769776  0.000000  1.0
    0.030787   -0.767776  0.000000  1.0
    0.030787   -0.765776  0.000000  1.0
    0.030787   -0.763776  0.000000  1.0
    0.030787   -0.761776  0.000000  1.0
    0.030787   -0.759776  0.000000  1.0
    0.030787   -0.757776  0.000000  1.0
    0.030787   -0.755776  0.000000  1.0
    0.030787   -0.753776  0.000000  1.0
    0.030787   -0.751776  0.000000  1.0
    0.030787   -0.749776  0.000000  1.0
    0.030787   -0.747776  0.000000  1.0
    0.030787   -0.745776  0.000000  1.0
    0.030787   -0.743776  0.000000  1.0
    0.030787   -0.741776  0.000000  1.0
    0.030787   -0.739776  0.000000  1.0
    0.030787   -0.737776  0.000000  1.0
    0.030787   -0.735776  0.000000  1.0
    0.030787   -0.733776  0.000000  1.0
    0.030787   -0.731776  0.000000  1.0
    0.030787   -0.729776  0.000000  1.0
    0.030787   -0.727776  0.000000  1.0
    0.030787   -0.725776  0.000000  1.0
    0.030787   -0.723776  0.000000  1.0
    0.030787   -0.721776  0.000000  1.0
    0.030787   -0.719776  0.000000  1.0
    0.030787   -0.717776  0.000000  1.0
    0.030787   -0.715776  0.000000  1.0
    0.030787   -0.713776  0.000000  1.0
    0.030787   -0.711776  0.000000  1.0
    0.030787   -0.709776  0.000000  1.0
    0.032787   -0.789776  0.000000  1.0
    0.032787   -0.787776  0.000000  1.0
    0.032787   -0.785776  0.000000  1.0
    0.032787   -0.783776  0.000000  1.0
    0.032787   -0.781776  0.000000  1.0
    0.032787   -0.779776  0.000000  1.0
    0.032787   -0.777776  0.000000  1.0
    0.032787   -0.775776  0.000000  1.0
    0.032787   -0.773776  0.000000  1.0
    0.032787   -0.771776  0.000000  1.0
    0.032787   -0.769776  0.000000  1.0
    0.032787   -0.767776  0.000000  1.0
    0.032787   -0.765776  0.000000  1.0
    0.032787   -0.763776  0.000000  1.0
    0.032787   -0.761776  0.000000  1.0
    0.032787   -0.759776  0.000000  1.0
    0.032787   -0.757776  0.000000  1.0
    0.032787   -0.755776  0.000000  1.0
    0.032787   -0.753776  0.000000  1.0
    0.032787   -0.751776  0.000000  1.0
    0.032787   -0.749776  0.000000  1.0
    0.032787   -0.747776  0.000000  1.0
    0.032787   -0.745776  0.000000  1.0
    0.032787   -0.743776  0.000000  1.0
    0.032787   -0.741776  0.000000  1.0
    0.032787   -0.739776  0.000000  1.0
    0.032787   -0.737776  0.000000  1.0
    0.032787   -0.735776  0.000000  1.0
    0.032787   -0.733776  0.000000  1.0
    0.032787   -0.731776  0.000000  1.0
    0.032787   -0.729776  0.000000  1.0
    0.032787   -0.727776  0.000000  1.0
    0.032787   -0.725776  0.000000  1.0
    0.032787   -0.723776  0.000000  1.0
    0.032787   -0.721776  0.000000  1.0
    0.032787   -0.719776  0.000000  1.0
    0.032787   -0.717776  0.000000  1.0
    0.032787   -0.715776  0.000000  1.0
    0.032787   -0.713776  0.000000  1.0
    0.032787   -0.711776  0.000000  1.0
    0.032787   -0.709776  0.000000  1.0
    0.034787   -0.789776  0.000000  1.0
    0.034787   -0.787776  0.000000  1.0
    0.034787   -0.785776  0.000000  1.0
    0.034787   -0.783776  0.000000  1.0
    0.034787   -0.781776  0.000000  1.0
    0.034787   -0.779776  0.000000  1.0
    0.034787   -0.777776  0.000000  1.0
    0.034787   -0.775776  0.000000  1.0
    0.034787   -0.773776  0.000000  1.0
    0.034787   -0.771776  0.000000  1.0
    0.034787   -0.769776  0.000000  1.0
    0.034787   -0.767776  0.000000  1.0
    0.034787   -0.765776  0.000000  1.0
    0.034787   -0.763776  0.000000  1.0
    0.034787   -0.761776  0.000000  1.0
    0.034787   -0.759776  0.000000  1.0
    0.034787   -0.757776  0.000000  1.0
    0.034787   -0.755776  0.000000  1.0
    0.034787   -0.753776  0.000000  1.0
    0.034787   -0.751776  0.000000  1.0
    0.034787   -0.749776  0.000000  1.0
    0.034787   -0.747776  0.000000  1.0
    0.034787   -0.745776  0.000000  1.0
    0.034787   -0.743776  0.000000  1.0
    0.034787   -0.741776  0.000000  1.0
    0.034787   -0.739776  0.000000  1.0
    0.034787   -0.737776  0.000000  1.0
    0.034787   -0.735776  0.000000  1.0
    0.034787   -0.733776  0.000000  1.0
    0.034787   -0.731776  0.000000  1.0
    0.034787   -0.729776  0.000000  1.0
    0.034787   -0.727776  0.000000  1.0
    0.034787   -0.725776  0.000000  1.0
    0.034787   -0.723776  0.000000  1.0
    0.034787   -0.721776  0.000000  1.0
    0.034787   -0.719776  0.000000  1.0
    0.034787   -0.717776  0.000000  1.0
    0.034787   -0.715776  0.000000  1.0
    0.034787   -0.713776  0.000000  1.0
    0.034787   -0.711776  0.000000  1.0
    0.034787   -0.709776  0.000000  1.0
    0.036787   -0.789776  0.000000  1.0
    0.036787   -0.787776  0.000000  1.0
    0.036787   -0.785776  0.000000  1.0
    0.036787   -0.783776  0.000000  1.0
    0.036787   -0.781776  0.000000  1.0
    0.036787   -0.779776  0.000000  1.0
    0.036787   -0.777776  0.000000  1.0
    0.036787   -0.775776  0.000000  1.0
    0.036787   -0.773776  0.000000  1.0
    0.036787   -0.771776  0.000000  1.0
    0.036787   -0.769776  0.000000  1.0
    0.036787   -0.767776  0.000000  1.0
    0.036787   -0.765776  0.000000  1.0
    0.036787   -0.763776  0.000000  1.0
    0.036787   -0.761776  0.000000  1.0
    0.036787   -0.759776  0.000000  1.0
    0.036787   -0.757776  0.000000  1.0
    0.036787   -0.755776  0.000000  1.0
    0.036787   -0.753776  0.000000  1.0
    0.036787   -0.751776  0.000000  1.0
    0.036787   -0.749776  0.000000  1.0
    0.036787   -0.747776  0.000000  1.0
    0.036787   -0.745776  0.000000  1.0
    0.036787   -0.743776  0.000000  1.0
    0.036787   -0.741776  0.000000  1.0
    0.036787   -0.739776  0.000000  1.0
    0.036787   -0.737776  0.000000  1.0
    0.036787   -0.735776  0.000000  1.0
    0.036787   -0.733776  0.000000  1.0
    0.036787   -0.731776  0.000000  1.0
    0.036787   -0.729776  0.000000  1.0
    0.036787   -0.727776  0.000000  1.0
    0.036787   -0.725776  0.000000  1.0
    0.036787   -0.723776  0.000000  1.0
    0.036787   -0.721776  0.000000  1.0
    0.036787   -0.719776  0.000000  1.0
    0.036787   -0.717776  0.000000  1.0
    0.036787   -0.715776  0.000000  1.0
    0.036787   -0.713776  0.000000  1.0
    0.036787   -0.711776  0.000000  1.0
    0.036787   -0.709776  0.000000  1.0
    0.038787   -0.789776  0.000000  1.0
    0.038787   -0.787776  0.000000  1.0
    0.038787   -0.785776  0.000000  1.0
    0.038787   -0.783776  0.000000  1.0
    0.038787   -0.781776  0.000000  1.0
    0.038787   -0.779776  0.000000  1.0
    0.038787   -0.777776  0.000000  1.0
    0.038787   -0.775776  0.000000  1.0
    0.038787   -0.773776  0.000000  1.0
    0.038787   -0.771776  0.000000  1.0
    0.038787   -0.769776  0.000000  1.0
    0.038787   -0.767776  0.000000  1.0
    0.038787   -0.765776  0.000000  1.0
    0.038787   -0.763776  0.000000  1.0
    0.038787   -0.761776  0.000000  1.0
    0.038787   -0.759776  0.000000  1.0
    0.038787   -0.757776  0.000000  1.0
    0.038787   -0.755776  0.000000  1.0
    0.038787   -0.753776  0.000000  1.0
    0.038787   -0.751776  0.000000  1.0
    0.038787   -0.749776  0.000000  1.0
    0.038787   -0.747776  0.000000  1.0
    0.038787   -0.745776  0.000000  1.0
    0.038787   -0.743776  0.000000  1.0
    0.038787   -0.741776  0.000000  1.0
    0.038787   -0.739776  0.000000  1.0
    0.038787   -0.737776  0.000000  1.0
    0.038787   -0.735776  0.000000  1.0
    0.038787   -0.733776  0.000000  1.0
    0.038787   -0.731776  0.000000  1.0
    0.038787   -0.729776  0.000000  1.0
    0.038787   -0.727776  0.000000  1.0
    0.038787   -0.725776  0.000000  1.0
    0.038787   -0.723776  0.000000  1.0
    0.038787   -0.721776  0.000000  1.0
    0.038787   -0.719776  0.000000  1.0
    0.038787   -0.717776  0.000000  1.0
    0.038787   -0.715776  0.000000  1.0
    0.038787   -0.713776  0.000000  1.0
    0.038787   -0.711776  0.000000  1.0
    0.038787   -0.709776  0.000000  1.0
    0.040787   -0.789776  0.000000  1.0
    0.040787   -0.787776  0.000000  1.0
    0.040787   -0.785776  0.000000  1.0
    0.040787   -0.783776  0.000000  1.0
    0.040787   -0.781776  0.000000  1.0
    0.040787   -0.779776  0.000000  1.0
    0.040787   -0.777776  0.000000  1.0
    0.040787   -0.775776  0.000000  1.0
    0.040787   -0.773776  0.000000  1.0
    0.040787   -0.771776  0.000000  1.0
    0.040787   -0.769776  0.000000  1.0
    0.040787   -0.767776  0.000000  1.0
    0.040787   -0.765776  0.000000  1.0
    0.040787   -0.763776  0.000000  1.0
    0.040787   -0.761776  0.000000  1.0
    0.040787   -0.759776  0.000000  1.0
    0.040787   -0.757776  0.000000  1.0
    0.040787   -0.755776  0.000000  1.0
    0.040787   -0.753776  0.000000  1.0
    0.040787   -0.751776  0.000000  1.0
    0.040787   -0.749776  0.000000  1.0
    0.040787   -0.747776  0.000000  1.0
    0.040787   -0.745776  0.000000  1.0
    0.040787   -0.743776  0.000000  1.0
    0.040787   -0.741776  0.000000  1.0
    0.040787   -0.739776  0.000000  1.0
    0.040787   -0.737776  0.000000  1.0
    0.040787   -0.735776  0.000000  1.0
    0.040787   -0.733776  0.000000  1.0
    0.040787   -0.731776  0.000000  1.0
    0.040787   -0.729776  0.000000  1.0
    0.040787   -0.727776  0.000000  1.0
    0.040787   -0.725776  0.000000  1.0
    0.040787   -0.723776  0.000000  1.0
    0.040787   -0.721776  0.000000  1.0
    0.040787   -0.719776  0.000000  1.0
    0.040787   -0.717776  0.000000  1.0
    0.040787   -0.715776  0.000000  1.0
    0.040787   -0.713776  0.000000  1.0
    0.040787   -0.711776  0.000000  1.0
    0.040787   -0.709776  0.000000  1.0
    0.042787   -0.789776  0.000000  1.0
    0.042787   -0.787776  0.000000  1.0
    0.042787   -0.785776  0.000000  1.0
    0.042787   -0.783776  0.000000  1.0
    0.042787   -0.781776  0.000000  1.0
    0.042787   -0.779776  0.000000  1.0
    0.042787   -0.777776  0.000000  1.0
    0.042787   -0.775776  0.000000  1.0
    0.042787   -0.773776  0.000000  1.0
    0.042787   -0.771776  0.000000  1.0
    0.042787   -0.769776  0.000000  1.0
    0.042787   -0.767776  0.000000  1.0
    0.042787   -0.765776  0.000000  1.0
    0.042787   -0.763776  0.000000  1.0
    0.042787   -0.761776  0.000000  1.0
    0.042787   -0.759776  0.000000  1.0
    0.042787   -0.757776  0.000000  1.0
    0.042787   -0.755776  0.000000  1.0
    0.042787   -0.753776  0.000000  1.0
    0.042787   -0.751776  0.000000  1.0
    0.042787   -0.749776  0.000000  1.0
    0.042787   -0.747776  0.000000  1.0
    0.042787   -0.745776  0.000000  1.0
    0.042787   -0.743776  0.000000  1.0
    0.042787   -0.741776  0.000000  1.0
    0.042787   -0.739776  0.000000  1.0
    0.042787   -0.737776  0.000000  1.0
    0.042787   -0.735776  0.000000  1.0
    0.042787   -0.733776  0.000000  1.0
    0.042787   -0.731776  0.000000  1.0
    0.042787   -0.729776  0.000000  1.0
    0.042787   -0.727776  0.000000  1.0
    0.042787   -0.725776  0.000000  1.0
    0.042787   -0.723776  0.000000  1.0
    0.042787   -0.721776  0.000000  1.0
    0.042787   -0.719776  0.000000  1.0
    0.042787   -0.717776  0.000000  1.0
    0.042787   -0.715776  0.000000  1.0
    0.042787   -0.713776  0.000000  1.0
    0.042787   -0.711776  0.000000  1.0
    0.042787   -0.709776  0.000000  1.0
    0.044787   -0.789776  0.000000  1.0
    0.044787   -0.787776  0.000000  1.0
    0.044787   -0.785776  0.000000  1.0
    0.044787   -0.783776  0.000000  1.0
    0.044787   -0.781776  0.000000  1.0
    0.044787   -0.779776  0.000000  1.0
    0.044787   -0.777776  0.000000  1.0
    0.044787   -0.775776  0.000000  1.0
    0.044787   -0.773776  0.000000  1.0
    0.044787   -0.771776  0.000000  1.0
    0.044787   -0.769776  0.000000  1.0
    0.044787   -0.767776  0.000000  1.0
    0.044787   -0.765776  0.000000  1.0
    0.044787   -0.763776  0.000000  1.0
    0.044787   -0.761776  0.000000  1.0
    0.044787   -0.759776  0.000000  1.0
    0.044787   -0.757776  0.000000  1.0
    0.044787   -0.755776  0.000000  1.0
    0.044787   -0.753776  0.000000  1.0
    0.044787   -0.751776  0.000000  1.0
    0.044787   -0.749776  0.000000  1.0
    0.044787   -0.747776  0.000000  1.0
    0.044787   -0.745776  0.000000  1.0
    0.044787   -0.743776  0.000000  1.0
    0.044787   -0.741776  0.000000  1.0
    0.044787   -0.739776  0.000000  1.0
    0.044787   -0.737776  0.000000  1.0
    0.044787   -0.735776  0.000000  1.0
    0.044787   -0.733776  0.000000  1.0
    0.044787   -0.731776  0.000000  1.0
    0.044787   -0.729776  0.000000  1.0
    0.044787   -0.727776  0.000000  1.0
    0.044787   -0.725776  0.000000  1.0
    0.044787   -0.723776  0.000000  1.0
    0.044787   -0.721776  0.000000  1.0
    0.044787   -0.719776  0.000000  1.0
    0.044787   -0.717776  0.000000  1.0
    0.044787   -0.715776  0.000000  1.0
    0.044787   -0.713776  0.000000  1.0
    0.044787   -0.711776  0.000000  1.0
    0.044787   -0.709776  0.000000  1.0
    0.046787   -0.789776  0.000000  1.0
    0.046787   -0.787776  0.000000  1.0
    0.046787   -0.785776  0.000000  1.0
    0.046787   -0.783776  0.000000  1.0
    0.046787   -0.781776  0.000000  1.0
    0.046787   -0.779776  0.000000  1.0
    0.046787   -0.777776  0.000000  1.0
    0.046787   -0.775776  0.000000  1.0
    0.046787   -0.773776  0.000000  1.0
    0.046787   -0.771776  0.000000  1.0
    0.046787   -0.769776  0.000000  1.0
    0.046787   -0.767776  0.000000  1.0
    0.046787   -0.765776  0.000000  1.0
    0.046787   -0.763776  0.000000  1.0
    0.046787   -0.761776  0.000000  1.0
    0.046787   -0.759776  0.000000  1.0
    0.046787   -0.757776  0.000000  1.0
    0.046787   -0.755776  0.000000  1.0
    0.046787   -0.753776  0.000000  1.0
    0.046787   -0.751776  0.000000  1.0
    0.046787   -0.749776  0.000000  1.0
    0.046787   -0.747776  0.000000  1.0
    0.046787   -0.745776  0.000000  1.0
    0.046787   -0.743776  0.000000  1.0
    0.046787   -0.741776  0.000000  1.0
    0.046787   -0.739776  0.000000  1.0
    0.046787   -0.737776  0.000000  1.0
    0.046787   -0.735776  0.000000  1.0
    0.046787   -0.733776  0.000000  1.0
    0.046787   -0.731776  0.000000  1.0
    0.046787   -0.729776  0.000000  1.0
    0.046787   -0.727776  0.000000  1.0
    0.046787   -0.725776  0.000000  1.0
    0.046787   -0.723776  0.000000  1.0
    0.046787   -0.721776  0.000000  1.0
    0.046787   -0.719776  0.000000  1.0
    0.046787   -0.717776  0.000000  1.0
    0.046787   -0.715776  0.000000  1.0
    0.046787   -0.713776  0.000000  1.0
    0.046787   -0.711776  0.000000  1.0
    0.046787   -0.709776  0.000000  1.0
    0.048787   -0.789776  0.000000  1.0
    0.048787   -0.787776  0.000000  1.0
    0.048787   -0.785776  0.000000  1.0
    0.048787   -0.783776  0.000000  1.0
    0.048787   -0.781776  0.000000  1.0
    0.048787   -0.779776  0.000000  1.0
    0.048787   -0.777776  0.000000  1.0
    0.048787   -0.775776  0.000000  1.0
    0.048787   -0.773776  0.000000  1.0
    0.048787   -0.771776  0.000000  1.0
    0.048787   -0.769776  0.000000  1.0
    0.048787   -0.767776  0.000000  1.0
    0.048787   -0.765776  0.000000  1.0
    0.048787   -0.763776  0.000000  1.0
    0.048787   -0.761776  0.000000  1.0
    0.048787   -0.759776  0.000000  1.0
    0.048787   -0.757776  0.000000  1.0
    0.048787   -0.755776  0.000000  1.0
    0.048787   -0.753776  0.000000  1.0
    0.048787   -0.751776  0.000000  1.0
    0.048787   -0.749776  0.000000  1.0
    0.048787   -0.747776  0.000000  1.0
    0.048787   -0.745776  0.000000  1.0
    0.048787   -0.743776  0.000000  1.0
    0.048787   -0.741776  0.000000  1.0
    0.048787   -0.739776  0.000000  1.0
    0.048787   -0.737776  0.000000  1.0
    0.048787   -0.735776  0.000000  1.0
    0.048787   -0.733776  0.000000  1.0
    0.048787   -0.731776  0.000000  1.0
    0.048787   -0.729776  0.000000  1.0
    0.048787   -0.727776  0.000000  1.0
    0.048787   -0.725776  0.000000  1.0
    0.048787   -0.723776  0.000000  1.0
    0.048787   -0.721776  0.000000  1.0
    0.048787   -0.719776  0.000000  1.0
    0.048787   -0.717776  0.000000  1.0
    0.048787   -0.715776  0.000000  1.0
    0.048787   -0.713776  0.000000  1.0
    0.048787   -0.711776  0.000000  1.0
    0.048787   -0.709776  0.000000  1.0
    0.050787   -0.789776  0.000000  1.0
    0.050787   -0.787776  0.000000  1.0
    0.050787   -0.785776  0.000000  1.0
    0.050787   -0.783776  0.000000  1.0
    0.050787   -0.781776  0.000000  1.0
    0.050787   -0.779776  0.000000  1.0
    0.050787   -0.777776  0.000000  1.0
    0.050787   -0.775776  0.000000  1.0
    0.050787   -0.773776  0.000000  1.0
    0.050787   -0.771776  0.000000  1.0
    0.050787   -0.769776  0.000000  1.0
    0.050787   -0.767776  0.000000  1.0
    0.050787   -0.765776  0.000000  1.0
    0.050787   -0.763776  0.000000  1.0
    0.050787   -0.761776  0.000000  1.0
    0.050787   -0.759776  0.000000  1.0
    0.050787   -0.757776  0.000000  1.0
    0.050787   -0.755776  0.000000  1.0
    0.050787   -0.753776  0.000000  1.0
    0.050787   -0.751776  0.000000  1.0
    0.050787   -0.749776  0.000000  1.0
    0.050787   -0.747776  0.000000  1.0
    0.050787   -0.745776  0.000000  1.0
    0.050787   -0.743776  0.000000  1.0
    0.050787   -0.741776  0.000000  1.0
    0.050787   -0.739776  0.000000  1.0
    0.050787   -0.737776  0.000000  1.0
    0.050787   -0.735776  0.000000  1.0
    0.050787   -0.733776  0.000000  1.0
    0.050787   -0.731776  0.000000  1.0
    0.050787   -0.729776  0.000000  1.0
    0.050787   -0.727776  0.000000  1.0
    0.050787   -0.725776  0.000000  1.0
    0.050787   -0.723776  0.000000  1.0
    0.050787   -0.721776  0.000000  1.0
    0.050787   -0.719776  0.000000  1.0
    0.050787   -0.717776  0.000000  1.0
    0.050787   -0.715776  0.000000  1.0
    0.050787   -0.713776  0.000000  1.0
    0.050787   -0.711776  0.000000  1.0
    0.050787   -0.709776  0.000000  1.0
    0.052787   -0.789776  0.000000  1.0
    0.052787   -0.787776  0.000000  1.0
    0.052787   -0.785776  0.000000  1.0
    0.052787   -0.783776  0.000000  1.0
    0.052787   -0.781776  0.000000  1.0
    0.052787   -0.779776  0.000000  1.0
    0.052787   -0.777776  0.000000  1.0
    0.052787   -0.775776  0.000000  1.0
    0.052787   -0.773776  0.000000  1.0
    0.052787   -0.771776  0.000000  1.0
    0.052787   -0.769776  0.000000  1.0
    0.052787   -0.767776  0.000000  1.0
    0.052787   -0.765776  0.000000  1.0
    0.052787   -0.763776  0.000000  1.0
    0.052787   -0.761776  0.000000  1.0
    0.052787   -0.759776  0.000000  1.0
    0.052787   -0.757776  0.000000  1.0
    0.052787   -0.755776  0.000000  1.0
    0.052787   -0.753776  0.000000  1.0
    0.052787   -0.751776  0.000000  1.0
    0.052787   -0.749776  0.000000  1.0
    0.052787   -0.747776  0.000000  1.0
    0.052787   -0.745776  0.000000  1.0
    0.052787   -0.743776  0.000000  1.0
    0.052787   -0.741776  0.000000  1.0
    0.052787   -0.739776  0.000000  1.0
    0.052787   -0.737776  0.000000  1.0
    0.052787   -0.735776  0.000000  1.0
    0.052787   -0.733776  0.000000  1.0
    0.052787   -0.731776  0.000000  1.0
    0.052787   -0.729776  0.000000  1.0
    0.052787   -0.727776  0.000000  1.0
    0.052787   -0.725776  0.000000  1.0
    0.052787   -0.723776  0.000000  1.0
    0.052787   -0.721776  0.000000  1.0
    0.052787   -0.719776  0.000000  1.0
    0.052787   -0.717776  0.000000  1.0
    0.052787   -0.715776  0.000000  1.0
    0.052787   -0.713776  0.000000  1.0
    0.052787   -0.711776  0.000000  1.0
    0.052787   -0.709776  0.000000  1.0
    0.054787   -0.789776  0.000000  1.0
    0.054787   -0.787776  0.000000  1.0
    0.054787   -0.785776  0.000000  1.0
    0.054787   -0.783776  0.000000  1.0
    0.054787   -0.781776  0.000000  1.0
    0.054787   -0.779776  0.000000  1.0
    0.054787   -0.777776  0.000000  1.0
    0.054787   -0.775776  0.000000  1.0
    0.054787   -0.773776  0.000000  1.0
    0.054787   -0.771776  0.000000  1.0
    0.054787   -0.769776  0.000000  1.0
    0.054787   -0.767776  0.000000  1.0
    0.054787   -0.765776  0.000000  1.0
    0.054787   -0.763776  0.000000  1.0
    0.054787   -0.761776  0.000000  1.0
    0.054787   -0.759776  0.000000  1.0
    0.054787   -0.757776  0.000000  1.0
    0.054787   -0.755776  0.000000  1.0
    0.054787   -0.753776  0.000000  1.0
    0.054787   -0.751776  0.000000  1.0
    0.054787   -0.749776  0.000000  1.0
    0.054787   -0.747776  0.000000  1.0
    0.054787   -0.745776  0.000000  1.0
    0.054787   -0.743776  0.000000  1.0
    0.054787   -0.741776  0.000000  1.0
    0.054787   -0.739776  0.000000  1.0
    0.054787   -0.737776  0.000000  1.0
    0.054787   -0.735776  0.000000  1.0
    0.054787   -0.733776  0.000000  1.0
    0.054787   -0.731776  0.000000  1.0
    0.054787   -0.729776  0.000000  1.0
    0.054787   -0.727776  0.000000  1.0
    0.054787   -0.725776  0.000000  1.0
    0.054787   -0.723776  0.000000  1.0
    0.054787   -0.721776  0.000000  1.0
    0.054787   -0.719776  0.000000  1.0
    0.054787   -0.717776  0.000000  1.0
    0.054787   -0.715776  0.000000  1.0
    0.054787   -0.713776  0.000000  1.0
    0.054787   -0.711776  0.000000  1.0
    0.054787   -0.709776  0.000000  1.0
    0.056787   -0.789776  0.000000  1.0
    0.056787   -0.787776  0.000000  1.0
    0.056787   -0.785776  0.000000  1.0
    0.056787   -0.783776  0.000000  1.0
    0.056787   -0.781776  0.000000  1.0
    0.056787   -0.779776  0.000000  1.0
    0.056787   -0.777776  0.000000  1.0
    0.056787   -0.775776  0.000000  1.0
    0.056787   -0.773776  0.000000  1.0
    0.056787   -0.771776  0.000000  1.0
    0.056787   -0.769776  0.000000  1.0
    0.056787   -0.767776  0.000000  1.0
    0.056787   -0.765776  0.000000  1.0
    0.056787   -0.763776  0.000000  1.0
    0.056787   -0.761776  0.000000  1.0
    0.056787   -0.759776  0.000000  1.0
    0.056787   -0.757776  0.000000  1.0
    0.056787   -0.755776  0.000000  1.0
    0.056787   -0.753776  0.000000  1.0
    0.056787   -0.751776  0.000000  1.0
    0.056787   -0.749776  0.000000  1.0
    0.056787   -0.747776  0.000000  1.0
    0.056787   -0.745776  0.000000  1.0
    0.056787   -0.743776  0.000000  1.0
    0.056787   -0.741776  0.000000  1.0
    0.056787   -0.739776  0.000000  1.0
    0.056787   -0.737776  0.000000  1.0
    0.056787   -0.735776  0.000000  1.0
    0.056787   -0.733776  0.000000  1.0
    0.056787   -0.731776  0.000000  1.0
    0.056787   -0.729776  0.000000  1.0
    0.056787   -0.727776  0.000000  1.0
    0.056787   -0.725776  0.000000  1.0
    0.056787   -0.723776  0.000000  1.0
    0.056787   -0.721776  0.000000  1.0
    0.056787   -0.719776  0.000000  1.0
    0.056787   -0.717776  0.000000  1.0
    0.056787   -0.715776  0.000000  1.0
    0.056787   -0.713776  0.000000  1.0
    0.056787   -0.711776  0.000000  1.0
    0.056787   -0.709776  0.000000  1.0
    0.058787   -0.789776  0.000000  1.0
    0.058787   -0.787776  0.000000  1.0
    0.058787   -0.785776  0.000000  1.0
    0.058787   -0.783776  0.000000  1.0
    0.058787   -0.781776  0.000000  1.0
    0.058787   -0.779776  0.000000  1.0
    0.058787   -0.777776  0.000000  1.0
    0.058787   -0.775776  0.000000  1.0
    0.058787   -0.773776  0.000000  1.0
    0.058787   -0.771776  0.000000  1.0
    0.058787   -0.769776  0.000000  1.0
    0.058787   -0.767776  0.000000  1.0
    0.058787   -0.765776  0.000000  1.0
    0.058787   -0.763776  0.000000  1.0
    0.058787   -0.761776  0.000000  1.0
    0.058787   -0.759776  0.000000  1.0
    0.058787   -0.757776  0.000000  1.0
    0.058787   -0.755776  0.000000  1.0
    0.058787   -0.753776  0.000000  1.0
    0.058787   -0.751776  0.000000  1.0
    0.058787   -0.749776  0.000000  1.0
    0.058787   -0.747776  0.000000  1.0
    0.058787   -0.745776  0.000000  1.0
    0.058787   -0.743776  0.000000  1.0
    0.058787   -0.741776  0.000000  1.0
    0.058787   -0.739776  0.000000  1.0
    0.058787   -0.737776  0.000000  1.0
    0.058787   -0.735776  0.000000  1.0
    0.058787   -0.733776  0.000000  1.0
    0.058787   -0.731776  0.000000  1.0
    0.058787   -0.729776  0.000000  1.0
    0.058787   -0.727776  0.000000  1.0
    0.058787   -0.725776  0.000000  1.0
    0.058787   -0.723776  0.000000  1.0
    0.058787   -0.721776  0.000000  1.0
    0.058787   -0.719776  0.000000  1.0
    0.058787   -0.717776  0.000000  1.0
    0.058787   -0.715776  0.000000  1.0
    0.058787   -0.713776  0.000000  1.0
    0.058787   -0.711776  0.000000  1.0
    0.058787   -0.709776  0.000000  1.0
    0.060787   -0.789776  0.000000  1.0
    0.060787   -0.787776  0.000000  1.0
    0.060787   -0.785776  0.000000  1.0
    0.060787   -0.783776  0.000000  1.0
    0.060787   -0.781776  0.000000  1.0
    0.060787   -0.779776  0.000000  1.0
    0.060787   -0.777776  0.000000  1.0
    0.060787   -0.775776  0.000000  1.0
    0.060787   -0.773776  0.000000  1.0
    0.060787   -0.771776  0.000000  1.0
    0.060787   -0.769776  0.000000  1.0
    0.060787   -0.767776  0.000000  1.0
    0.060787   -0.765776  0.000000  1.0
    0.060787   -0.763776  0.000000  1.0
    0.060787   -0.761776  0.000000  1.0
    0.060787   -0.759776  0.000000  1.0
    0.060787   -0.757776  0.000000  1.0
    0.060787   -0.755776  0.000000  1.0
    0.060787   -0.753776  0.000000  1.0
    0.060787   -0.751776  0.000000  1.0
    0.060787   -0.749776  0.000000  1.0
    0.060787   -0.747776  0.000000  1.0
    0.060787   -0.745776  0.000000  1.0
    0.060787   -0.743776  0.000000  1.0
    0.060787   -0.741776  0.000000  1.0
    0.060787   -0.739776  0.000000  1.0
    0.060787   -0.737776  0.000000  1.0
    0.060787   -0.735776  0.000000  1.0
    0.060787   -0.733776  0.000000  1.0
    0.060787   -0.731776  0.000000  1.0
    0.060787   -0.729776  0.000000  1.0
    0.060787   -0.727776  0.000000  1.0
    0.060787   -0.725776  0.000000  1.0
    0.060787   -0.723776  0.000000  1.0
    0.060787   -0.721776  0.000000  1.0
    0.060787   -0.719776  0.000000  1.0
    0.060787   -0.717776  0.000000  1.0
    0.060787   -0.715776  0.000000  1.0
    0.060787   -0.713776  0.000000  1.0
    0.060787   -0.711776  0.000000  1.0
    0.060787   -0.709776  0.000000  1.0
    0.062787   -0.789776  0.000000  1.0
    0.062787   -0.787776  0.000000  1.0
    0.062787   -0.785776  0.000000  1.0
    0.062787   -0.783776  0.000000  1.0
    0.062787   -0.781776  0.000000  1.0
    0.062787   -0.779776  0.000000  1.0
    0.062787   -0.777776  0.000000  1.0
    0.062787   -0.775776  0.000000  1.0
    0.062787   -0.773776  0.000000  1.0
    0.062787   -0.771776  0.000000  1.0
    0.062787   -0.769776  0.000000  1.0
    0.062787   -0.767776  0.000000  1.0
    0.062787   -0.765776  0.000000  1.0
    0.062787   -0.763776  0.000000  1.0
    0.062787   -0.761776  0.000000  1.0
    0.062787   -0.759776  0.000000  1.0
    0.062787   -0.757776  0.000000  1.0
    0.062787   -0.755776  0.000000  1.0
    0.062787   -0.753776  0.000000  1.0
    0.062787   -0.751776  0.000000  1.0
    0.062787   -0.749776  0.000000  1.0
    0.062787   -0.747776  0.000000  1.0
    0.062787   -0.745776  0.000000  1.0
    0.062787   -0.743776  0.000000  1.0
    0.062787   -0.741776  0.000000  1.0
    0.062787   -0.739776  0.000000  1.0
    0.062787   -0.737776  0.000000  1.0
    0.062787   -0.735776  0.000000  1.0
    0.062787   -0.733776  0.000000  1.0
    0.062787   -0.731776  0.000000  1.0
    0.062787   -0.729776  0.000000  1.0
    0.062787   -0.727776  0.000000  1.0
    0.062787   -0.725776  0.000000  1.0
    0.062787   -0.723776  0.000000  1.0
    0.062787   -0.721776  0.000000  1.0
    0.062787   -0.719776  0.000000  1.0
    0.062787   -0.717776  0.000000  1.0
    0.062787   -0.715776  0.000000  1.0
    0.062787   -0.713776  0.000000  1.0
    0.062787   -0.711776  0.000000  1.0
    0.062787   -0.709776  0.000000  1.0
    0.064787   -0.789776  0.000000  1.0
    0.064787   -0.787776  0.000000  1.0
    0.064787   -0.785776  0.000000  1.0
    0.064787   -0.783776  0.000000  1.0
    0.064787   -0.781776  0.000000  1.0
    0.064787   -0.779776  0.000000  1.0
    0.064787   -0.777776  0.000000  1.0
    0.064787   -0.775776  0.000000  1.0
    0.064787   -0.773776  0.000000  1.0
    0.064787   -0.771776  0.000000  1.0
    0.064787   -0.769776  0.000000  1.0
    0.064787   -0.767776  0.000000  1.0
    0.064787   -0.765776  0.000000  1.0
    0.064787   -0.763776  0.000000  1.0
    0.064787   -0.761776  0.000000  1.0
    0.064787   -0.759776  0.000000  1.0
    0.064787   -0.757776  0.000000  1.0
    0.064787   -0.755776  0.000000  1.0
    0.064787   -0.753776  0.000000  1.0
    0.064787   -0.751776  0.000000  1.0
    0.064787   -0.749776  0.000000  1.0
    0.064787   -0.747776  0.000000  1.0
    0.064787   -0.745776  0.000000  1.0
    0.064787   -0.743776  0.000000  1.0
    0.064787   -0.741776  0.000000  1.0
    0.064787   -0.739776  0.000000  1.0
    0.064787   -0.737776  0.000000  1.0
    0.064787   -0.735776  0.000000  1.0
    0.064787   -0.733776  0.000000  1.0
    0.064787   -0.731776  0.000000  1.0
    0.064787   -0.729776  0.000000  1.0
    0.064787   -0.727776  0.000000  1.0
    0.064787   -0.725776  0.000000  1.0
    0.064787   -0.723776  0.000000  1.0
    0.064787   -0.721776  0.000000  1.0
    0.064787   -0.719776  0.000000  1.0
    0.064787   -0.717776  0.000000  1.0
    0.064787   -0.715776  0.000000  1.0
    0.064787   -0.713776  0.000000  1.0
    0.064787   -0.711776  0.000000  1.0
    0.064787   -0.709776  0.000000  1.0
    0.066787   -0.789776  0.000000  1.0
    0.066787   -0.787776  0.000000  1.0
    0.066787   -0.785776  0.000000  1.0
    0.066787   -0.783776  0.000000  1.0
    0.066787   -0.781776  0.000000  1.0
    0.066787   -0.779776  0.000000  1.0
    0.066787   -0.777776  0.000000  1.0
    0.066787   -0.775776  0.000000  1.0
    0.066787   -0.773776  0.000000  1.0
    0.066787   -0.771776  0.000000  1.0
    0.066787   -0.769776  0.000000  1.0
    0.066787   -0.767776  0.000000  1.0
    0.066787   -0.765776  0.000000  1.0
    0.066787   -0.763776  0.000000  1.0
    0.066787   -0.761776  0.000000  1.0
    0.066787   -0.759776  0.000000  1.0
    0.066787   -0.757776  0.000000  1.0
    0.066787   -0.755776  0.000000  1.0
    0.066787   -0.753776  0.000000  1.0
    0.066787   -0.751776  0.000000  1.0
    0.066787   -0.749776  0.000000  1.0
    0.066787   -0.747776  0.000000  1.0
    0.066787   -0.745776  0.000000  1.0
    0.066787   -0.743776  0.000000  1.0
    0.066787   -0.741776  0.000000  1.0
    0.066787   -0.739776  0.000000  1.0
    0.066787   -0.737776  0.000000  1.0
    0.066787   -0.735776  0.000000  1.0
    0.066787   -0.733776  0.000000  1.0
    0.066787   -0.731776  0.000000  1.0
    0.066787   -0.729776  0.000000  1.0
    0.066787   -0.727776  0.000000  1.0
    0.066787   -0.725776  0.000000  1.0
    0.066787   -0.723776  0.000000  1.0
    0.066787   -0.721776  0.000000  1.0
    0.066787   -0.719776  0.000000  1.0
    0.066787   -0.717776  0.000000  1.0
    0.066787   -0.715776  0.000000  1.0
    0.066787   -0.713776  0.000000  1.0
    0.066787   -0.711776  0.000000  1.0
    0.066787   -0.709776  0.000000  1.0
    0.068787   -0.789776  0.000000  1.0
    0.068787   -0.787776  0.000000  1.0
    0.068787   -0.785776  0.000000  1.0
    0.068787   -0.783776  0.000000  1.0
    0.068787   -0.781776  0.000000  1.0
    0.068787   -0.779776  0.000000  1.0
    0.068787   -0.777776  0.000000  1.0
    0.068787   -0.775776  0.000000  1.0
    0.068787   -0.773776  0.000000  1.0
    0.068787   -0.771776  0.000000  1.0
    0.068787   -0.769776  0.000000  1.0
    0.068787   -0.767776  0.000000  1.0
    0.068787   -0.765776  0.000000  1.0
    0.068787   -0.763776  0.000000  1.0
    0.068787   -0.761776  0.000000  1.0
    0.068787   -0.759776  0.000000  1.0
    0.068787   -0.757776  0.000000  1.0
    0.068787   -0.755776  0.000000  1.0
    0.068787   -0.753776  0.000000  1.0
    0.068787   -0.751776  0.000000  1.0
    0.068787   -0.749776  0.000000  1.0
    0.068787   -0.747776  0.000000  1.0
    0.068787   -0.745776  0.000000  1.0
    0.068787   -0.743776  0.000000  1.0
    0.068787   -0.741776  0.000000  1.0
    0.068787   -0.739776  0.000000  1.0
    0.068787   -0.737776  0.000000  1.0
    0.068787   -0.735776  0.000000  1.0
    0.068787   -0.733776  0.000000  1.0
    0.068787   -0.731776  0.000000  1.0
    0.068787   -0.729776  0.000000  1.0
    0.068787   -0.727776  0.000000  1.0
    0.068787   -0.725776  0.000000  1.0
    0.068787   -0.723776  0.000000  1.0
    0.068787   -0.721776  0.000000  1.0
    0.068787   -0.719776  0.000000  1.0
    0.068787   -0.717776  0.000000  1.0
    0.068787   -0.715776  0.000000  1.0
    0.068787   -0.713776  0.000000  1.0
    0.068787   -0.711776  0.000000  1.0
    0.068787   -0.709776  0.000000  1.0
    0.070787   -0.789776  0.000000  1.0
    0.070787   -0.787776  0.000000  1.0
    0.070787   -0.785776  0.000000  1.0
    0.070787   -0.783776  0.000000  1.0
    0.070787   -0.781776  0.000000  1.0
    0.070787   -0.779776  0.000000  1.0
    0.070787   -0.777776  0.000000  1.0
    0.070787   -0.775776  0.000000  1.0
    0.070787   -0.773776  0.000000  1.0
    0.070787   -0.771776  0.000000  1.0
    0.070787   -0.769776  0.000000  1.0
    0.070787   -0.767776  0.000000  1.0
    0.070787   -0.765776  0.000000  1.0
    0.070787   -0.763776  0.000000  1.0
    0.070787   -0.761776  0.000000  1.0
    0.070787   -0.759776  0.000000  1.0
    0.070787   -0.757776  0.000000  1.0
    0.070787   -0.755776  0.000000  1.0
    0.070787   -0.753776  0.000000  1.0
    0.070787   -0.751776  0.000000  1.0
    0.070787   -0.749776  0.000000  1.0
    0.070787   -0.747776  0.000000  1.0
    0.070787   -0.745776  0.000000  1.0
    0.070787   -0.743776  0.000000  1.0
    0.070787   -0.741776  0.000000  1.0
    0.070787   -0.739776  0.000000  1.0
    0.070787   -0.737776  0.000000  1.0
    0.070787   -0.735776  0.000000  1.0
    0.070787   -0.733776  0.000000  1.0
    0.070787   -0.731776  0.000000  1.0
    0.070787   -0.729776  0.000000  1.0
    0.070787   -0.727776  0.000000  1.0
    0.070787   -0.725776  0.000000  1.0
    0.070787   -0.723776  0.000000  1.0
    0.070787   -0.721776  0.000000  1.0
    0.070787   -0.719776  0.000000  1.0
    0.070787   -0.717776  0.000000  1.0
    0.070787   -0.715776  0.000000  1.0
    0.070787   -0.713776  0.000000  1.0
    0.070787   -0.711776  0.000000  1.0
    0.070787   -0.709776  0.000000  1.0
    0.072787   -0.789776  0.000000  1.0
    0.072787   -0.787776  0.000000  1.0
    0.072787   -0.785776  0.000000  1.0
    0.072787   -0.783776  0.000000  1.0
    0.072787   -0.781776  0.000000  1.0
    0.072787   -0.779776  0.000000  1.0
    0.072787   -0.777776  0.000000  1.0
    0.072787   -0.775776  0.000000  1.0
    0.072787   -0.773776  0.000000  1.0
    0.072787   -0.771776  0.000000  1.0
    0.072787   -0.769776  0.000000  1.0
    0.072787   -0.767776  0.000000  1.0
    0.072787   -0.765776  0.000000  1.0
    0.072787   -0.763776  0.000000  1.0
    0.072787   -0.761776  0.000000  1.0
    0.072787   -0.759776  0.000000  1.0
    0.072787   -0.757776  0.000000  1.0
    0.072787   -0.755776  0.000000  1.0
    0.072787   -0.753776  0.000000  1.0
    0.072787   -0.751776  0.000000  1.0
    0.072787   -0.749776  0.000000  1.0
    0.072787   -0.747776  0.000000  1.0
    0.072787   -0.745776  0.000000  1.0
    0.072787   -0.743776  0.000000  1.0
    0.072787   -0.741776  0.000000  1.0
    0.072787   -0.739776  0.000000  1.0
    0.072787   -0.737776  0.000000  1.0
    0.072787   -0.735776  0.000000  1.0
    0.072787   -0.733776  0.000000  1.0
    0.072787   -0.731776  0.000000  1.0
    0.072787   -0.729776  0.000000  1.0
    0.072787   -0.727776  0.000000  1.0
    0.072787   -0.725776  0.000000  1.0
    0.072787   -0.723776  0.000000  1.0
    0.072787   -0.721776  0.000000  1.0
    0.072787   -0.719776  0.000000  1.0
    0.072787   -0.717776  0.000000  1.0
    0.072787   -0.715776  0.000000  1.0
    0.072787   -0.713776  0.000000  1.0
    0.072787   -0.711776  0.000000  1.0
    0.072787   -0.709776  0.000000  1.0
