&CONTROL
  calculation = 'bands'
  prefix = 'graphene25.7upper'
  outdir = './tmp'
  pseudo_dir = './'
  verbosity = 'high'
/
&SYSTEM
  ibrav = 0
  nat = 2
  ntyp = 1
  ecutwfc = 40.0
  nosym = .true.
  noinv = .true.
  nbnd = 8
/
&ELECTRONS
/
ATOMIC_SPECIES
  C  12.011 C.pbe-n-kjpaw_psl.1.0.0.UPF
CELL_PARAMETERS {bohr}
  5.814786  0.000000  0.000000
  2.907393  3.836286  0.000000
  0.000000  0.000000  28.346456
ATOMIC_POSITIONS {crystal}
  C  0.000086  -0.000093  0.000000
  C  0.333247  0.333426  0.000000
K_POINTS {tpiba}
1681
   -0.089180    0.717867  0.000000  1.0
   -0.089180    0.719867  0.000000  1.0
   -0.089180    0.721867  0.000000  1.0
   -0.089180    0.723867  0.000000  1.0
   -0.089180    0.725867  0.000000  1.0
   -0.089180    0.727867  0.000000  1.0
   -0.089180    0.729867  0.000000  1.0
   -0.089180    0.731867  0.000000  1.0
   -0.089180    0.733867  0.000000  1.0
   -0.089180    0.735867  0.000000  1.0
   -0.089180    0.737867  0.000000  1.0
   -0.089180    0.739867  0.000000  1.0
   -0.089180    0.741867  0.000000  1.0
   -0.089180    0.743867  0.000000  1.0
   -0.089180    0.745867  0.000000  1.0
   -0.089180    0.747867  0.000000  1.0
   -0.089180    0.749867  0.000000  1.0
   -0.089180    0.751867  0.000000  1.0
   -0.089180    0.753867  0.000000  1.0
   -0.089180    0.755867  0.000000  1.0
   -0.089180    0.757867  0.000000  1.0
   -0.089180    0.759867  0.000000  1.0
   -0.089180    0.761867  0.000000  1.0
   -0.089180    0.763867  0.000000  1.0
   -0.089180    0.765867  0.000000  1.0
   -0.089180    0.767867  0.000000  1.0
   -0.089180    0.769867  0.000000  1.0
   -0.089180    0.771867  0.000000  1.0
   -0.089180    0.773867  0.000000  1.0
   -0.089180    0.775867  0.000000  1.0
   -0.089180    0.777867  0.000000  1.0
   -0.089180    0.779867  0.000000  1.0
   -0.089180    0.781867  0.000000  1.0
   -0.089180    0.783867  0.000000  1.0
   -0.089180    0.785867  0.000000  1.0
   -0.089180    0.787867  0.000000  1.0
   -0.089180    0.789867  0.000000  1.0
   -0.089180    0.791867  0.000000  1.0
   -0.089180    0.793867  0.000000  1.0
   -0.089180    0.795867  0.000000  1.0
   -0.089180    0.797867  0.000000  1.0
   -0.087180    0.717867  0.000000  1.0
   -0.087180    0.719867  0.000000  1.0
   -0.087180    0.721867  0.000000  1.0
   -0.087180    0.723867  0.000000  1.0
   -0.087180    0.725867  0.000000  1.0
   -0.087180    0.727867  0.000000  1.0
   -0.087180    0.729867  0.000000  1.0
   -0.087180    0.731867  0.000000  1.0
   -0.087180    0.733867  0.000000  1.0
   -0.087180    0.735867  0.000000  1.0
   -0.087180    0.737867  0.000000  1.0
   -0.087180    0.739867  0.000000  1.0
   -0.087180    0.741867  0.000000  1.0
   -0.087180    0.743867  0.000000  1.0
   -0.087180    0.745867  0.000000  1.0
   -0.087180    0.747867  0.000000  1.0
   -0.087180    0.749867  0.000000  1.0
   -0.087180    0.751867  0.000000  1.0
   -0.087180    0.753867  0.000000  1.0
   -0.087180    0.755867  0.000000  1.0
   -0.087180    0.757867  0.000000  1.0
   -0.087180    0.759867  0.000000  1.0
   -0.087180    0.761867  0.000000  1.0
   -0.087180    0.763867  0.000000  1.0
   -0.087180    0.765867  0.000000  1.0
   -0.087180    0.767867  0.000000  1.0
   -0.087180    0.769867  0.000000  1.0
   -0.087180    0.771867  0.000000  1.0
   -0.087180    0.773867  0.000000  1.0
   -0.087180    0.775867  0.000000  1.0
   -0.087180    0.777867  0.000000  1.0
   -0.087180    0.779867  0.000000  1.0
   -0.087180    0.781867  0.000000  1.0
   -0.087180    0.783867  0.000000  1.0
   -0.087180    0.785867  0.000000  1.0
   -0.087180    0.787867  0.000000  1.0
   -0.087180    0.789867  0.000000  1.0
   -0.087180    0.791867  0.000000  1.0
   -0.087180    0.793867  0.000000  1.0
   -0.087180    0.795867  0.000000  1.0
   -0.087180    0.797867  0.000000  1.0
   -0.085180    0.717867  0.000000  1.0
   -0.085180    0.719867  0.000000  1.0
   -0.085180    0.721867  0.000000  1.0
   -0.085180    0.723867  0.000000  1.0
   -0.085180    0.725867  0.000000  1.0
   -0.085180    0.727867  0.000000  1.0
   -0.085180    0.729867  0.000000  1.0
   -0.085180    0.731867  0.000000  1.0
   -0.085180    0.733867  0.000000  1.0
   -0.085180    0.735867  0.000000  1.0
   -0.085180    0.737867  0.000000  1.0
   -0.085180    0.739867  0.000000  1.0
   -0.085180    0.741867  0.000000  1.0
   -0.085180    0.743867  0.000000  1.0
   -0.085180    0.745867  0.000000  1.0
   -0.085180    0.747867  0.000000  1.0
   -0.085180    0.749867  0.000000  1.0
   -0.085180    0.751867  0.000000  1.0
   -0.085180    0.753867  0.000000  1.0
   -0.085180    0.755867  0.000000  1.0
   -0.085180    0.757867  0.000000  1.0
   -0.085180    0.759867  0.000000  1.0
   -0.085180    0.761867  0.000000  1.0
   -0.085180    0.763867  0.000000  1.0
   -0.085180    0.765867  0.000000  1.0
   -0.085180    0.767867  0.000000  1.0
   -0.085180    0.769867  0.000000  1.0
   -0.085180    0.771867  0.000000  1.0
   -0.085180    0.773867  0.000000  1.0
   -0.085180    0.775867  0.000000  1.0
   -0.085180    0.777867  0.000000  1.0
   -0.085180    0.779867  0.000000  1.0
   -0.085180    0.781867  0.000000  1.0
   -0.085180    0.783867  0.000000  1.0
   -0.085180    0.785867  0.000000  1.0
   -0.085180    0.787867  0.000000  1.0
   -0.085180    0.789867  0.000000  1.0
   -0.085180    0.791867  0.000000  1.0
   -0.085180    0.793867  0.000000  1.0
   -0.085180    0.795867  0.000000  1.0
   -0.085180    0.797867  0.000000  1.0
   -0.083180    0.717867  0.000000  1.0
   -0.083180    0.719867  0.000000  1.0
   -0.083180    0.721867  0.000000  1.0
   -0.083180    0.723867  0.000000  1.0
   -0.083180    0.725867  0.000000  1.0
   -0.083180    0.727867  0.000000  1.0
   -0.083180    0.729867  0.000000  1.0
   -0.083180    0.731867  0.000000  1.0
   -0.083180    0.733867  0.000000  1.0
   -0.083180    0.735867  0.000000  1.0
   -0.083180    0.737867  0.000000  1.0
   -0.083180    0.739867  0.000000  1.0
   -0.083180    0.741867  0.000000  1.0
   -0.083180    0.743867  0.000000  1.0
   -0.083180    0.745867  0.000000  1.0
   -0.083180    0.747867  0.000000  1.0
   -0.083180    0.749867  0.000000  1.0
   -0.083180    0.751867  0.000000  1.0
   -0.083180    0.753867  0.000000  1.0
   -0.083180    0.755867  0.000000  1.0
   -0.083180    0.757867  0.000000  1.0
   -0.083180    0.759867  0.000000  1.0
   -0.083180    0.761867  0.000000  1.0
   -0.083180    0.763867  0.000000  1.0
   -0.083180    0.765867  0.000000  1.0
   -0.083180    0.767867  0.000000  1.0
   -0.083180    0.769867  0.000000  1.0
   -0.083180    0.771867  0.000000  1.0
   -0.083180    0.773867  0.000000  1.0
   -0.083180    0.775867  0.000000  1.0
   -0.083180    0.777867  0.000000  1.0
   -0.083180    0.779867  0.000000  1.0
   -0.083180    0.781867  0.000000  1.0
   -0.083180    0.783867  0.000000  1.0
   -0.083180    0.785867  0.000000  1.0
   -0.083180    0.787867  0.000000  1.0
   -0.083180    0.789867  0.000000  1.0
   -0.083180    0.791867  0.000000  1.0
   -0.083180    0.793867  0.000000  1.0
   -0.083180    0.795867  0.000000  1.0
   -0.083180    0.797867  0.000000  1.0
   -0.081180    0.717867  0.000000  1.0
   -0.081180    0.719867  0.000000  1.0
   -0.081180    0.721867  0.000000  1.0
   -0.081180    0.723867  0.000000  1.0
   -0.081180    0.725867  0.000000  1.0
   -0.081180    0.727867  0.000000  1.0
   -0.081180    0.729867  0.000000  1.0
   -0.081180    0.731867  0.000000  1.0
   -0.081180    0.733867  0.000000  1.0
   -0.081180    0.735867  0.000000  1.0
   -0.081180    0.737867  0.000000  1.0
   -0.081180    0.739867  0.000000  1.0
   -0.081180    0.741867  0.000000  1.0
   -0.081180    0.743867  0.000000  1.0
   -0.081180    0.745867  0.000000  1.0
   -0.081180    0.747867  0.000000  1.0
   -0.081180    0.749867  0.000000  1.0
   -0.081180    0.751867  0.000000  1.0
   -0.081180    0.753867  0.000000  1.0
   -0.081180    0.755867  0.000000  1.0
   -0.081180    0.757867  0.000000  1.0
   -0.081180    0.759867  0.000000  1.0
   -0.081180    0.761867  0.000000  1.0
   -0.081180    0.763867  0.000000  1.0
   -0.081180    0.765867  0.000000  1.0
   -0.081180    0.767867  0.000000  1.0
   -0.081180    0.769867  0.000000  1.0
   -0.081180    0.771867  0.000000  1.0
   -0.081180    0.773867  0.000000  1.0
   -0.081180    0.775867  0.000000  1.0
   -0.081180    0.777867  0.000000  1.0
   -0.081180    0.779867  0.000000  1.0
   -0.081180    0.781867  0.000000  1.0
   -0.081180    0.783867  0.000000  1.0
   -0.081180    0.785867  0.000000  1.0
   -0.081180    0.787867  0.000000  1.0
   -0.081180    0.789867  0.000000  1.0
   -0.081180    0.791867  0.000000  1.0
   -0.081180    0.793867  0.000000  1.0
   -0.081180    0.795867  0.000000  1.0
   -0.081180    0.797867  0.000000  1.0
   -0.079180    0.717867  0.000000  1.0
   -0.079180    0.719867  0.000000  1.0
   -0.079180    0.721867  0.000000  1.0
   -0.079180    0.723867  0.000000  1.0
   -0.079180    0.725867  0.000000  1.0
   -0.079180    0.727867  0.000000  1.0
   -0.079180    0.729867  0.000000  1.0
   -0.079180    0.731867  0.000000  1.0
   -0.079180    0.733867  0.000000  1.0
   -0.079180    0.735867  0.000000  1.0
   -0.079180    0.737867  0.000000  1.0
   -0.079180    0.739867  0.000000  1.0
   -0.079180    0.741867  0.000000  1.0
   -0.079180    0.743867  0.000000  1.0
   -0.079180    0.745867  0.000000  1.0
   -0.079180    0.747867  0.000000  1.0
   -0.079180    0.749867  0.000000  1.0
   -0.079180    0.751867  0.000000  1.0
   -0.079180    0.753867  0.000000  1.0
   -0.079180    0.755867  0.000000  1.0
   -0.079180    0.757867  0.000000  1.0
   -0.079180    0.759867  0.000000  1.0
   -0.079180    0.761867  0.000000  1.0
   -0.079180    0.763867  0.000000  1.0
   -0.079180    0.765867  0.000000  1.0
   -0.079180    0.767867  0.000000  1.0
   -0.079180    0.769867  0.000000  1.0
   -0.079180    0.771867  0.000000  1.0
   -0.079180    0.773867  0.000000  1.0
   -0.079180    0.775867  0.000000  1.0
   -0.079180    0.777867  0.000000  1.0
   -0.079180    0.779867  0.000000  1.0
   -0.079180    0.781867  0.000000  1.0
   -0.079180    0.783867  0.000000  1.0
   -0.079180    0.785867  0.000000  1.0
   -0.079180    0.787867  0.000000  1.0
   -0.079180    0.789867  0.000000  1.0
   -0.079180    0.791867  0.000000  1.0
   -0.079180    0.793867  0.000000  1.0
   -0.079180    0.795867  0.000000  1.0
   -0.079180    0.797867  0.000000  1.0
   -0.077180    0.717867  0.000000  1.0
   -0.077180    0.719867  0.000000  1.0
   -0.077180    0.721867  0.000000  1.0
   -0.077180    0.723867  0.000000  1.0
   -0.077180    0.725867  0.000000  1.0
   -0.077180    0.727867  0.000000  1.0
   -0.077180    0.729867  0.000000  1.0
   -0.077180    0.731867  0.000000  1.0
   -0.077180    0.733867  0.000000  1.0
   -0.077180    0.735867  0.000000  1.0
   -0.077180    0.737867  0.000000  1.0
   -0.077180    0.739867  0.000000  1.0
   -0.077180    0.741867  0.000000  1.0
   -0.077180    0.743867  0.000000  1.0
   -0.077180    0.745867  0.000000  1.0
   -0.077180    0.747867  0.000000  1.0
   -0.077180    0.749867  0.000000  1.0
   -0.077180    0.751867  0.000000  1.0
   -0.077180    0.753867  0.000000  1.0
   -0.077180    0.755867  0.000000  1.0
   -0.077180    0.757867  0.000000  1.0
   -0.077180    0.759867  0.000000  1.0
   -0.077180    0.761867  0.000000  1.0
   -0.077180    0.763867  0.000000  1.0
   -0.077180    0.765867  0.000000  1.0
   -0.077180    0.767867  0.000000  1.0
   -0.077180    0.769867  0.000000  1.0
   -0.077180    0.771867  0.000000  1.0
   -0.077180    0.773867  0.000000  1.0
   -0.077180    0.775867  0.000000  1.0
   -0.077180    0.777867  0.000000  1.0
   -0.077180    0.779867  0.000000  1.0
   -0.077180    0.781867  0.000000  1.0
   -0.077180    0.783867  0.000000  1.0
   -0.077180    0.785867  0.000000  1.0
   -0.077180    0.787867  0.000000  1.0
   -0.077180    0.789867  0.000000  1.0
   -0.077180    0.791867  0.000000  1.0
   -0.077180    0.793867  0.000000  1.0
   -0.077180    0.795867  0.000000  1.0
   -0.077180    0.797867  0.000000  1.0
   -0.075180    0.717867  0.000000  1.0
   -0.075180    0.719867  0.000000  1.0
   -0.075180    0.721867  0.000000  1.0
   -0.075180    0.723867  0.000000  1.0
   -0.075180    0.725867  0.000000  1.0
   -0.075180    0.727867  0.000000  1.0
   -0.075180    0.729867  0.000000  1.0
   -0.075180    0.731867  0.000000  1.0
   -0.075180    0.733867  0.000000  1.0
   -0.075180    0.735867  0.000000  1.0
   -0.075180    0.737867  0.000000  1.0
   -0.075180    0.739867  0.000000  1.0
   -0.075180    0.741867  0.000000  1.0
   -0.075180    0.743867  0.000000  1.0
   -0.075180    0.745867  0.000000  1.0
   -0.075180    0.747867  0.000000  1.0
   -0.075180    0.749867  0.000000  1.0
   -0.075180    0.751867  0.000000  1.0
   -0.075180    0.753867  0.000000  1.0
   -0.075180    0.755867  0.000000  1.0
   -0.075180    0.757867  0.000000  1.0
   -0.075180    0.759867  0.000000  1.0
   -0.075180    0.761867  0.000000  1.0
   -0.075180    0.763867  0.000000  1.0
   -0.075180    0.765867  0.000000  1.0
   -0.075180    0.767867  0.000000  1.0
   -0.075180    0.769867  0.000000  1.0
   -0.075180    0.771867  0.000000  1.0
   -0.075180    0.773867  0.000000  1.0
   -0.075180    0.775867  0.000000  1.0
   -0.075180    0.777867  0.000000  1.0
   -0.075180    0.779867  0.000000  1.0
   -0.075180    0.781867  0.000000  1.0
   -0.075180    0.783867  0.000000  1.0
   -0.075180    0.785867  0.000000  1.0
   -0.075180    0.787867  0.000000  1.0
   -0.075180    0.789867  0.000000  1.0
   -0.075180    0.791867  0.000000  1.0
   -0.075180    0.793867  0.000000  1.0
   -0.075180    0.795867  0.000000  1.0
   -0.075180    0.797867  0.000000  1.0
   -0.073180    0.717867  0.000000  1.0
   -0.073180    0.719867  0.000000  1.0
   -0.073180    0.721867  0.000000  1.0
   -0.073180    0.723867  0.000000  1.0
   -0.073180    0.725867  0.000000  1.0
   -0.073180    0.727867  0.000000  1.0
   -0.073180    0.729867  0.000000  1.0
   -0.073180    0.731867  0.000000  1.0
   -0.073180    0.733867  0.000000  1.0
   -0.073180    0.735867  0.000000  1.0
   -0.073180    0.737867  0.000000  1.0
   -0.073180    0.739867  0.000000  1.0
   -0.073180    0.741867  0.000000  1.0
   -0.073180    0.743867  0.000000  1.0
   -0.073180    0.745867  0.000000  1.0
   -0.073180    0.747867  0.000000  1.0
   -0.073180    0.749867  0.000000  1.0
   -0.073180    0.751867  0.000000  1.0
   -0.073180    0.753867  0.000000  1.0
   -0.073180    0.755867  0.000000  1.0
   -0.073180    0.757867  0.000000  1.0
   -0.073180    0.759867  0.000000  1.0
   -0.073180    0.761867  0.000000  1.0
   -0.073180    0.763867  0.000000  1.0
   -0.073180    0.765867  0.000000  1.0
   -0.073180    0.767867  0.000000  1.0
   -0.073180    0.769867  0.000000  1.0
   -0.073180    0.771867  0.000000  1.0
   -0.073180    0.773867  0.000000  1.0
   -0.073180    0.775867  0.000000  1.0
   -0.073180    0.777867  0.000000  1.0
   -0.073180    0.779867  0.000000  1.0
   -0.073180    0.781867  0.000000  1.0
   -0.073180    0.783867  0.000000  1.0
   -0.073180    0.785867  0.000000  1.0
   -0.073180    0.787867  0.000000  1.0
   -0.073180    0.789867  0.000000  1.0
   -0.073180    0.791867  0.000000  1.0
   -0.073180    0.793867  0.000000  1.0
   -0.073180    0.795867  0.000000  1.0
   -0.073180    0.797867  0.000000  1.0
   -0.071180    0.717867  0.000000  1.0
   -0.071180    0.719867  0.000000  1.0
   -0.071180    0.721867  0.000000  1.0
   -0.071180    0.723867  0.000000  1.0
   -0.071180    0.725867  0.000000  1.0
   -0.071180    0.727867  0.000000  1.0
   -0.071180    0.729867  0.000000  1.0
   -0.071180    0.731867  0.000000  1.0
   -0.071180    0.733867  0.000000  1.0
   -0.071180    0.735867  0.000000  1.0
   -0.071180    0.737867  0.000000  1.0
   -0.071180    0.739867  0.000000  1.0
   -0.071180    0.741867  0.000000  1.0
   -0.071180    0.743867  0.000000  1.0
   -0.071180    0.745867  0.000000  1.0
   -0.071180    0.747867  0.000000  1.0
   -0.071180    0.749867  0.000000  1.0
   -0.071180    0.751867  0.000000  1.0
   -0.071180    0.753867  0.000000  1.0
   -0.071180    0.755867  0.000000  1.0
   -0.071180    0.757867  0.000000  1.0
   -0.071180    0.759867  0.000000  1.0
   -0.071180    0.761867  0.000000  1.0
   -0.071180    0.763867  0.000000  1.0
   -0.071180    0.765867  0.000000  1.0
   -0.071180    0.767867  0.000000  1.0
   -0.071180    0.769867  0.000000  1.0
   -0.071180    0.771867  0.000000  1.0
   -0.071180    0.773867  0.000000  1.0
   -0.071180    0.775867  0.000000  1.0
   -0.071180    0.777867  0.000000  1.0
   -0.071180    0.779867  0.000000  1.0
   -0.071180    0.781867  0.000000  1.0
   -0.071180    0.783867  0.000000  1.0
   -0.071180    0.785867  0.000000  1.0
   -0.071180    0.787867  0.000000  1.0
   -0.071180    0.789867  0.000000  1.0
   -0.071180    0.791867  0.000000  1.0
   -0.071180    0.793867  0.000000  1.0
   -0.071180    0.795867  0.000000  1.0
   -0.071180    0.797867  0.000000  1.0
   -0.069180    0.717867  0.000000  1.0
   -0.069180    0.719867  0.000000  1.0
   -0.069180    0.721867  0.000000  1.0
   -0.069180    0.723867  0.000000  1.0
   -0.069180    0.725867  0.000000  1.0
   -0.069180    0.727867  0.000000  1.0
   -0.069180    0.729867  0.000000  1.0
   -0.069180    0.731867  0.000000  1.0
   -0.069180    0.733867  0.000000  1.0
   -0.069180    0.735867  0.000000  1.0
   -0.069180    0.737867  0.000000  1.0
   -0.069180    0.739867  0.000000  1.0
   -0.069180    0.741867  0.000000  1.0
   -0.069180    0.743867  0.000000  1.0
   -0.069180    0.745867  0.000000  1.0
   -0.069180    0.747867  0.000000  1.0
   -0.069180    0.749867  0.000000  1.0
   -0.069180    0.751867  0.000000  1.0
   -0.069180    0.753867  0.000000  1.0
   -0.069180    0.755867  0.000000  1.0
   -0.069180    0.757867  0.000000  1.0
   -0.069180    0.759867  0.000000  1.0
   -0.069180    0.761867  0.000000  1.0
   -0.069180    0.763867  0.000000  1.0
   -0.069180    0.765867  0.000000  1.0
   -0.069180    0.767867  0.000000  1.0
   -0.069180    0.769867  0.000000  1.0
   -0.069180    0.771867  0.000000  1.0
   -0.069180    0.773867  0.000000  1.0
   -0.069180    0.775867  0.000000  1.0
   -0.069180    0.777867  0.000000  1.0
   -0.069180    0.779867  0.000000  1.0
   -0.069180    0.781867  0.000000  1.0
   -0.069180    0.783867  0.000000  1.0
   -0.069180    0.785867  0.000000  1.0
   -0.069180    0.787867  0.000000  1.0
   -0.069180    0.789867  0.000000  1.0
   -0.069180    0.791867  0.000000  1.0
   -0.069180    0.793867  0.000000  1.0
   -0.069180    0.795867  0.000000  1.0
   -0.069180    0.797867  0.000000  1.0
   -0.067180    0.717867  0.000000  1.0
   -0.067180    0.719867  0.000000  1.0
   -0.067180    0.721867  0.000000  1.0
   -0.067180    0.723867  0.000000  1.0
   -0.067180    0.725867  0.000000  1.0
   -0.067180    0.727867  0.000000  1.0
   -0.067180    0.729867  0.000000  1.0
   -0.067180    0.731867  0.000000  1.0
   -0.067180    0.733867  0.000000  1.0
   -0.067180    0.735867  0.000000  1.0
   -0.067180    0.737867  0.000000  1.0
   -0.067180    0.739867  0.000000  1.0
   -0.067180    0.741867  0.000000  1.0
   -0.067180    0.743867  0.000000  1.0
   -0.067180    0.745867  0.000000  1.0
   -0.067180    0.747867  0.000000  1.0
   -0.067180    0.749867  0.000000  1.0
   -0.067180    0.751867  0.000000  1.0
   -0.067180    0.753867  0.000000  1.0
   -0.067180    0.755867  0.000000  1.0
   -0.067180    0.757867  0.000000  1.0
   -0.067180    0.759867  0.000000  1.0
   -0.067180    0.761867  0.000000  1.0
   -0.067180    0.763867  0.000000  1.0
   -0.067180    0.765867  0.000000  1.0
   -0.067180    0.767867  0.000000  1.0
   -0.067180    0.769867  0.000000  1.0
   -0.067180    0.771867  0.000000  1.0
   -0.067180    0.773867  0.000000  1.0
   -0.067180    0.775867  0.000000  1.0
   -0.067180    0.777867  0.000000  1.0
   -0.067180    0.779867  0.000000  1.0
   -0.067180    0.781867  0.000000  1.0
   -0.067180    0.783867  0.000000  1.0
   -0.067180    0.785867  0.000000  1.0
   -0.067180    0.787867  0.000000  1.0
   -0.067180    0.789867  0.000000  1.0
   -0.067180    0.791867  0.000000  1.0
   -0.067180    0.793867  0.000000  1.0
   -0.067180    0.795867  0.000000  1.0
   -0.067180    0.797867  0.000000  1.0
   -0.065180    0.717867  0.000000  1.0
   -0.065180    0.719867  0.000000  1.0
   -0.065180    0.721867  0.000000  1.0
   -0.065180    0.723867  0.000000  1.0
   -0.065180    0.725867  0.000000  1.0
   -0.065180    0.727867  0.000000  1.0
   -0.065180    0.729867  0.000000  1.0
   -0.065180    0.731867  0.000000  1.0
   -0.065180    0.733867  0.000000  1.0
   -0.065180    0.735867  0.000000  1.0
   -0.065180    0.737867  0.000000  1.0
   -0.065180    0.739867  0.000000  1.0
   -0.065180    0.741867  0.000000  1.0
   -0.065180    0.743867  0.000000  1.0
   -0.065180    0.745867  0.000000  1.0
   -0.065180    0.747867  0.000000  1.0
   -0.065180    0.749867  0.000000  1.0
   -0.065180    0.751867  0.000000  1.0
   -0.065180    0.753867  0.000000  1.0
   -0.065180    0.755867  0.000000  1.0
   -0.065180    0.757867  0.000000  1.0
   -0.065180    0.759867  0.000000  1.0
   -0.065180    0.761867  0.000000  1.0
   -0.065180    0.763867  0.000000  1.0
   -0.065180    0.765867  0.000000  1.0
   -0.065180    0.767867  0.000000  1.0
   -0.065180    0.769867  0.000000  1.0
   -0.065180    0.771867  0.000000  1.0
   -0.065180    0.773867  0.000000  1.0
   -0.065180    0.775867  0.000000  1.0
   -0.065180    0.777867  0.000000  1.0
   -0.065180    0.779867  0.000000  1.0
   -0.065180    0.781867  0.000000  1.0
   -0.065180    0.783867  0.000000  1.0
   -0.065180    0.785867  0.000000  1.0
   -0.065180    0.787867  0.000000  1.0
   -0.065180    0.789867  0.000000  1.0
   -0.065180    0.791867  0.000000  1.0
   -0.065180    0.793867  0.000000  1.0
   -0.065180    0.795867  0.000000  1.0
   -0.065180    0.797867  0.000000  1.0
   -0.063180    0.717867  0.000000  1.0
   -0.063180    0.719867  0.000000  1.0
   -0.063180    0.721867  0.000000  1.0
   -0.063180    0.723867  0.000000  1.0
   -0.063180    0.725867  0.000000  1.0
   -0.063180    0.727867  0.000000  1.0
   -0.063180    0.729867  0.000000  1.0
   -0.063180    0.731867  0.000000  1.0
   -0.063180    0.733867  0.000000  1.0
   -0.063180    0.735867  0.000000  1.0
   -0.063180    0.737867  0.000000  1.0
   -0.063180    0.739867  0.000000  1.0
   -0.063180    0.741867  0.000000  1.0
   -0.063180    0.743867  0.000000  1.0
   -0.063180    0.745867  0.000000  1.0
   -0.063180    0.747867  0.000000  1.0
   -0.063180    0.749867  0.000000  1.0
   -0.063180    0.751867  0.000000  1.0
   -0.063180    0.753867  0.000000  1.0
   -0.063180    0.755867  0.000000  1.0
   -0.063180    0.757867  0.000000  1.0
   -0.063180    0.759867  0.000000  1.0
   -0.063180    0.761867  0.000000  1.0
   -0.063180    0.763867  0.000000  1.0
   -0.063180    0.765867  0.000000  1.0
   -0.063180    0.767867  0.000000  1.0
   -0.063180    0.769867  0.000000  1.0
   -0.063180    0.771867  0.000000  1.0
   -0.063180    0.773867  0.000000  1.0
   -0.063180    0.775867  0.000000  1.0
   -0.063180    0.777867  0.000000  1.0
   -0.063180    0.779867  0.000000  1.0
   -0.063180    0.781867  0.000000  1.0
   -0.063180    0.783867  0.000000  1.0
   -0.063180    0.785867  0.000000  1.0
   -0.063180    0.787867  0.000000  1.0
   -0.063180    0.789867  0.000000  1.0
   -0.063180    0.791867  0.000000  1.0
   -0.063180    0.793867  0.000000  1.0
   -0.063180    0.795867  0.000000  1.0
   -0.063180    0.797867  0.000000  1.0
   -0.061180    0.717867  0.000000  1.0
   -0.061180    0.719867  0.000000  1.0
   -0.061180    0.721867  0.000000  1.0
   -0.061180    0.723867  0.000000  1.0
   -0.061180    0.725867  0.000000  1.0
   -0.061180    0.727867  0.000000  1.0
   -0.061180    0.729867  0.000000  1.0
   -0.061180    0.731867  0.000000  1.0
   -0.061180    0.733867  0.000000  1.0
   -0.061180    0.735867  0.000000  1.0
   -0.061180    0.737867  0.000000  1.0
   -0.061180    0.739867  0.000000  1.0
   -0.061180    0.741867  0.000000  1.0
   -0.061180    0.743867  0.000000  1.0
   -0.061180    0.745867  0.000000  1.0
   -0.061180    0.747867  0.000000  1.0
   -0.061180    0.749867  0.000000  1.0
   -0.061180    0.751867  0.000000  1.0
   -0.061180    0.753867  0.000000  1.0
   -0.061180    0.755867  0.000000  1.0
   -0.061180    0.757867  0.000000  1.0
   -0.061180    0.759867  0.000000  1.0
   -0.061180    0.761867  0.000000  1.0
   -0.061180    0.763867  0.000000  1.0
   -0.061180    0.765867  0.000000  1.0
   -0.061180    0.767867  0.000000  1.0
   -0.061180    0.769867  0.000000  1.0
   -0.061180    0.771867  0.000000  1.0
   -0.061180    0.773867  0.000000  1.0
   -0.061180    0.775867  0.000000  1.0
   -0.061180    0.777867  0.000000  1.0
   -0.061180    0.779867  0.000000  1.0
   -0.061180    0.781867  0.000000  1.0
   -0.061180    0.783867  0.000000  1.0
   -0.061180    0.785867  0.000000  1.0
   -0.061180    0.787867  0.000000  1.0
   -0.061180    0.789867  0.000000  1.0
   -0.061180    0.791867  0.000000  1.0
   -0.061180    0.793867  0.000000  1.0
   -0.061180    0.795867  0.000000  1.0
   -0.061180    0.797867  0.000000  1.0
   -0.059180    0.717867  0.000000  1.0
   -0.059180    0.719867  0.000000  1.0
   -0.059180    0.721867  0.000000  1.0
   -0.059180    0.723867  0.000000  1.0
   -0.059180    0.725867  0.000000  1.0
   -0.059180    0.727867  0.000000  1.0
   -0.059180    0.729867  0.000000  1.0
   -0.059180    0.731867  0.000000  1.0
   -0.059180    0.733867  0.000000  1.0
   -0.059180    0.735867  0.000000  1.0
   -0.059180    0.737867  0.000000  1.0
   -0.059180    0.739867  0.000000  1.0
   -0.059180    0.741867  0.000000  1.0
   -0.059180    0.743867  0.000000  1.0
   -0.059180    0.745867  0.000000  1.0
   -0.059180    0.747867  0.000000  1.0
   -0.059180    0.749867  0.000000  1.0
   -0.059180    0.751867  0.000000  1.0
   -0.059180    0.753867  0.000000  1.0
   -0.059180    0.755867  0.000000  1.0
   -0.059180    0.757867  0.000000  1.0
   -0.059180    0.759867  0.000000  1.0
   -0.059180    0.761867  0.000000  1.0
   -0.059180    0.763867  0.000000  1.0
   -0.059180    0.765867  0.000000  1.0
   -0.059180    0.767867  0.000000  1.0
   -0.059180    0.769867  0.000000  1.0
   -0.059180    0.771867  0.000000  1.0
   -0.059180    0.773867  0.000000  1.0
   -0.059180    0.775867  0.000000  1.0
   -0.059180    0.777867  0.000000  1.0
   -0.059180    0.779867  0.000000  1.0
   -0.059180    0.781867  0.000000  1.0
   -0.059180    0.783867  0.000000  1.0
   -0.059180    0.785867  0.000000  1.0
   -0.059180    0.787867  0.000000  1.0
   -0.059180    0.789867  0.000000  1.0
   -0.059180    0.791867  0.000000  1.0
   -0.059180    0.793867  0.000000  1.0
   -0.059180    0.795867  0.000000  1.0
   -0.059180    0.797867  0.000000  1.0
   -0.057180    0.717867  0.000000  1.0
   -0.057180    0.719867  0.000000  1.0
   -0.057180    0.721867  0.000000  1.0
   -0.057180    0.723867  0.000000  1.0
   -0.057180    0.725867  0.000000  1.0
   -0.057180    0.727867  0.000000  1.0
   -0.057180    0.729867  0.000000  1.0
   -0.057180    0.731867  0.000000  1.0
   -0.057180    0.733867  0.000000  1.0
   -0.057180    0.735867  0.000000  1.0
   -0.057180    0.737867  0.000000  1.0
   -0.057180    0.739867  0.000000  1.0
   -0.057180    0.741867  0.000000  1.0
   -0.057180    0.743867  0.000000  1.0
   -0.057180    0.745867  0.000000  1.0
   -0.057180    0.747867  0.000000  1.0
   -0.057180    0.749867  0.000000  1.0
   -0.057180    0.751867  0.000000  1.0
   -0.057180    0.753867  0.000000  1.0
   -0.057180    0.755867  0.000000  1.0
   -0.057180    0.757867  0.000000  1.0
   -0.057180    0.759867  0.000000  1.0
   -0.057180    0.761867  0.000000  1.0
   -0.057180    0.763867  0.000000  1.0
   -0.057180    0.765867  0.000000  1.0
   -0.057180    0.767867  0.000000  1.0
   -0.057180    0.769867  0.000000  1.0
   -0.057180    0.771867  0.000000  1.0
   -0.057180    0.773867  0.000000  1.0
   -0.057180    0.775867  0.000000  1.0
   -0.057180    0.777867  0.000000  1.0
   -0.057180    0.779867  0.000000  1.0
   -0.057180    0.781867  0.000000  1.0
   -0.057180    0.783867  0.000000  1.0
   -0.057180    0.785867  0.000000  1.0
   -0.057180    0.787867  0.000000  1.0
   -0.057180    0.789867  0.000000  1.0
   -0.057180    0.791867  0.000000  1.0
   -0.057180    0.793867  0.000000  1.0
   -0.057180    0.795867  0.000000  1.0
   -0.057180    0.797867  0.000000  1.0
   -0.055180    0.717867  0.000000  1.0
   -0.055180    0.719867  0.000000  1.0
   -0.055180    0.721867  0.000000  1.0
   -0.055180    0.723867  0.000000  1.0
   -0.055180    0.725867  0.000000  1.0
   -0.055180    0.727867  0.000000  1.0
   -0.055180    0.729867  0.000000  1.0
   -0.055180    0.731867  0.000000  1.0
   -0.055180    0.733867  0.000000  1.0
   -0.055180    0.735867  0.000000  1.0
   -0.055180    0.737867  0.000000  1.0
   -0.055180    0.739867  0.000000  1.0
   -0.055180    0.741867  0.000000  1.0
   -0.055180    0.743867  0.000000  1.0
   -0.055180    0.745867  0.000000  1.0
   -0.055180    0.747867  0.000000  1.0
   -0.055180    0.749867  0.000000  1.0
   -0.055180    0.751867  0.000000  1.0
   -0.055180    0.753867  0.000000  1.0
   -0.055180    0.755867  0.000000  1.0
   -0.055180    0.757867  0.000000  1.0
   -0.055180    0.759867  0.000000  1.0
   -0.055180    0.761867  0.000000  1.0
   -0.055180    0.763867  0.000000  1.0
   -0.055180    0.765867  0.000000  1.0
   -0.055180    0.767867  0.000000  1.0
   -0.055180    0.769867  0.000000  1.0
   -0.055180    0.771867  0.000000  1.0
   -0.055180    0.773867  0.000000  1.0
   -0.055180    0.775867  0.000000  1.0
   -0.055180    0.777867  0.000000  1.0
   -0.055180    0.779867  0.000000  1.0
   -0.055180    0.781867  0.000000  1.0
   -0.055180    0.783867  0.000000  1.0
   -0.055180    0.785867  0.000000  1.0
   -0.055180    0.787867  0.000000  1.0
   -0.055180    0.789867  0.000000  1.0
   -0.055180    0.791867  0.000000  1.0
   -0.055180    0.793867  0.000000  1.0
   -0.055180    0.795867  0.000000  1.0
   -0.055180    0.797867  0.000000  1.0
   -0.053180    0.717867  0.000000  1.0
   -0.053180    0.719867  0.000000  1.0
   -0.053180    0.721867  0.000000  1.0
   -0.053180    0.723867  0.000000  1.0
   -0.053180    0.725867  0.000000  1.0
   -0.053180    0.727867  0.000000  1.0
   -0.053180    0.729867  0.000000  1.0
   -0.053180    0.731867  0.000000  1.0
   -0.053180    0.733867  0.000000  1.0
   -0.053180    0.735867  0.000000  1.0
   -0.053180    0.737867  0.000000  1.0
   -0.053180    0.739867  0.000000  1.0
   -0.053180    0.741867  0.000000  1.0
   -0.053180    0.743867  0.000000  1.0
   -0.053180    0.745867  0.000000  1.0
   -0.053180    0.747867  0.000000  1.0
   -0.053180    0.749867  0.000000  1.0
   -0.053180    0.751867  0.000000  1.0
   -0.053180    0.753867  0.000000  1.0
   -0.053180    0.755867  0.000000  1.0
   -0.053180    0.757867  0.000000  1.0
   -0.053180    0.759867  0.000000  1.0
   -0.053180    0.761867  0.000000  1.0
   -0.053180    0.763867  0.000000  1.0
   -0.053180    0.765867  0.000000  1.0
   -0.053180    0.767867  0.000000  1.0
   -0.053180    0.769867  0.000000  1.0
   -0.053180    0.771867  0.000000  1.0
   -0.053180    0.773867  0.000000  1.0
   -0.053180    0.775867  0.000000  1.0
   -0.053180    0.777867  0.000000  1.0
   -0.053180    0.779867  0.000000  1.0
   -0.053180    0.781867  0.000000  1.0
   -0.053180    0.783867  0.000000  1.0
   -0.053180    0.785867  0.000000  1.0
   -0.053180    0.787867  0.000000  1.0
   -0.053180    0.789867  0.000000  1.0
   -0.053180    0.791867  0.000000  1.0
   -0.053180    0.793867  0.000000  1.0
   -0.053180    0.795867  0.000000  1.0
   -0.053180    0.797867  0.000000  1.0
   -0.051180    0.717867  0.000000  1.0
   -0.051180    0.719867  0.000000  1.0
   -0.051180    0.721867  0.000000  1.0
   -0.051180    0.723867  0.000000  1.0
   -0.051180    0.725867  0.000000  1.0
   -0.051180    0.727867  0.000000  1.0
   -0.051180    0.729867  0.000000  1.0
   -0.051180    0.731867  0.000000  1.0
   -0.051180    0.733867  0.000000  1.0
   -0.051180    0.735867  0.000000  1.0
   -0.051180    0.737867  0.000000  1.0
   -0.051180    0.739867  0.000000  1.0
   -0.051180    0.741867  0.000000  1.0
   -0.051180    0.743867  0.000000  1.0
   -0.051180    0.745867  0.000000  1.0
   -0.051180    0.747867  0.000000  1.0
   -0.051180    0.749867  0.000000  1.0
   -0.051180    0.751867  0.000000  1.0
   -0.051180    0.753867  0.000000  1.0
   -0.051180    0.755867  0.000000  1.0
   -0.051180    0.757867  0.000000  1.0
   -0.051180    0.759867  0.000000  1.0
   -0.051180    0.761867  0.000000  1.0
   -0.051180    0.763867  0.000000  1.0
   -0.051180    0.765867  0.000000  1.0
   -0.051180    0.767867  0.000000  1.0
   -0.051180    0.769867  0.000000  1.0
   -0.051180    0.771867  0.000000  1.0
   -0.051180    0.773867  0.000000  1.0
   -0.051180    0.775867  0.000000  1.0
   -0.051180    0.777867  0.000000  1.0
   -0.051180    0.779867  0.000000  1.0
   -0.051180    0.781867  0.000000  1.0
   -0.051180    0.783867  0.000000  1.0
   -0.051180    0.785867  0.000000  1.0
   -0.051180    0.787867  0.000000  1.0
   -0.051180    0.789867  0.000000  1.0
   -0.051180    0.791867  0.000000  1.0
   -0.051180    0.793867  0.000000  1.0
   -0.051180    0.795867  0.000000  1.0
   -0.051180    0.797867  0.000000  1.0
   -0.049180    0.717867  0.000000  1.0
   -0.049180    0.719867  0.000000  1.0
   -0.049180    0.721867  0.000000  1.0
   -0.049180    0.723867  0.000000  1.0
   -0.049180    0.725867  0.000000  1.0
   -0.049180    0.727867  0.000000  1.0
   -0.049180    0.729867  0.000000  1.0
   -0.049180    0.731867  0.000000  1.0
   -0.049180    0.733867  0.000000  1.0
   -0.049180    0.735867  0.000000  1.0
   -0.049180    0.737867  0.000000  1.0
   -0.049180    0.739867  0.000000  1.0
   -0.049180    0.741867  0.000000  1.0
   -0.049180    0.743867  0.000000  1.0
   -0.049180    0.745867  0.000000  1.0
   -0.049180    0.747867  0.000000  1.0
   -0.049180    0.749867  0.000000  1.0
   -0.049180    0.751867  0.000000  1.0
   -0.049180    0.753867  0.000000  1.0
   -0.049180    0.755867  0.000000  1.0
   -0.049180    0.757867  0.000000  1.0
   -0.049180    0.759867  0.000000  1.0
   -0.049180    0.761867  0.000000  1.0
   -0.049180    0.763867  0.000000  1.0
   -0.049180    0.765867  0.000000  1.0
   -0.049180    0.767867  0.000000  1.0
   -0.049180    0.769867  0.000000  1.0
   -0.049180    0.771867  0.000000  1.0
   -0.049180    0.773867  0.000000  1.0
   -0.049180    0.775867  0.000000  1.0
   -0.049180    0.777867  0.000000  1.0
   -0.049180    0.779867  0.000000  1.0
   -0.049180    0.781867  0.000000  1.0
   -0.049180    0.783867  0.000000  1.0
   -0.049180    0.785867  0.000000  1.0
   -0.049180    0.787867  0.000000  1.0
   -0.049180    0.789867  0.000000  1.0
   -0.049180    0.791867  0.000000  1.0
   -0.049180    0.793867  0.000000  1.0
   -0.049180    0.795867  0.000000  1.0
   -0.049180    0.797867  0.000000  1.0
   -0.047180    0.717867  0.000000  1.0
   -0.047180    0.719867  0.000000  1.0
   -0.047180    0.721867  0.000000  1.0
   -0.047180    0.723867  0.000000  1.0
   -0.047180    0.725867  0.000000  1.0
   -0.047180    0.727867  0.000000  1.0
   -0.047180    0.729867  0.000000  1.0
   -0.047180    0.731867  0.000000  1.0
   -0.047180    0.733867  0.000000  1.0
   -0.047180    0.735867  0.000000  1.0
   -0.047180    0.737867  0.000000  1.0
   -0.047180    0.739867  0.000000  1.0
   -0.047180    0.741867  0.000000  1.0
   -0.047180    0.743867  0.000000  1.0
   -0.047180    0.745867  0.000000  1.0
   -0.047180    0.747867  0.000000  1.0
   -0.047180    0.749867  0.000000  1.0
   -0.047180    0.751867  0.000000  1.0
   -0.047180    0.753867  0.000000  1.0
   -0.047180    0.755867  0.000000  1.0
   -0.047180    0.757867  0.000000  1.0
   -0.047180    0.759867  0.000000  1.0
   -0.047180    0.761867  0.000000  1.0
   -0.047180    0.763867  0.000000  1.0
   -0.047180    0.765867  0.000000  1.0
   -0.047180    0.767867  0.000000  1.0
   -0.047180    0.769867  0.000000  1.0
   -0.047180    0.771867  0.000000  1.0
   -0.047180    0.773867  0.000000  1.0
   -0.047180    0.775867  0.000000  1.0
   -0.047180    0.777867  0.000000  1.0
   -0.047180    0.779867  0.000000  1.0
   -0.047180    0.781867  0.000000  1.0
   -0.047180    0.783867  0.000000  1.0
   -0.047180    0.785867  0.000000  1.0
   -0.047180    0.787867  0.000000  1.0
   -0.047180    0.789867  0.000000  1.0
   -0.047180    0.791867  0.000000  1.0
   -0.047180    0.793867  0.000000  1.0
   -0.047180    0.795867  0.000000  1.0
   -0.047180    0.797867  0.000000  1.0
   -0.045180    0.717867  0.000000  1.0
   -0.045180    0.719867  0.000000  1.0
   -0.045180    0.721867  0.000000  1.0
   -0.045180    0.723867  0.000000  1.0
   -0.045180    0.725867  0.000000  1.0
   -0.045180    0.727867  0.000000  1.0
   -0.045180    0.729867  0.000000  1.0
   -0.045180    0.731867  0.000000  1.0
   -0.045180    0.733867  0.000000  1.0
   -0.045180    0.735867  0.000000  1.0
   -0.045180    0.737867  0.000000  1.0
   -0.045180    0.739867  0.000000  1.0
   -0.045180    0.741867  0.000000  1.0
   -0.045180    0.743867  0.000000  1.0
   -0.045180    0.745867  0.000000  1.0
   -0.045180    0.747867  0.000000  1.0
   -0.045180    0.749867  0.000000  1.0
   -0.045180    0.751867  0.000000  1.0
   -0.045180    0.753867  0.000000  1.0
   -0.045180    0.755867  0.000000  1.0
   -0.045180    0.757867  0.000000  1.0
   -0.045180    0.759867  0.000000  1.0
   -0.045180    0.761867  0.000000  1.0
   -0.045180    0.763867  0.000000  1.0
   -0.045180    0.765867  0.000000  1.0
   -0.045180    0.767867  0.000000  1.0
   -0.045180    0.769867  0.000000  1.0
   -0.045180    0.771867  0.000000  1.0
   -0.045180    0.773867  0.000000  1.0
   -0.045180    0.775867  0.000000  1.0
   -0.045180    0.777867  0.000000  1.0
   -0.045180    0.779867  0.000000  1.0
   -0.045180    0.781867  0.000000  1.0
   -0.045180    0.783867  0.000000  1.0
   -0.045180    0.785867  0.000000  1.0
   -0.045180    0.787867  0.000000  1.0
   -0.045180    0.789867  0.000000  1.0
   -0.045180    0.791867  0.000000  1.0
   -0.045180    0.793867  0.000000  1.0
   -0.045180    0.795867  0.000000  1.0
   -0.045180    0.797867  0.000000  1.0
   -0.043180    0.717867  0.000000  1.0
   -0.043180    0.719867  0.000000  1.0
   -0.043180    0.721867  0.000000  1.0
   -0.043180    0.723867  0.000000  1.0
   -0.043180    0.725867  0.000000  1.0
   -0.043180    0.727867  0.000000  1.0
   -0.043180    0.729867  0.000000  1.0
   -0.043180    0.731867  0.000000  1.0
   -0.043180    0.733867  0.000000  1.0
   -0.043180    0.735867  0.000000  1.0
   -0.043180    0.737867  0.000000  1.0
   -0.043180    0.739867  0.000000  1.0
   -0.043180    0.741867  0.000000  1.0
   -0.043180    0.743867  0.000000  1.0
   -0.043180    0.745867  0.000000  1.0
   -0.043180    0.747867  0.000000  1.0
   -0.043180    0.749867  0.000000  1.0
   -0.043180    0.751867  0.000000  1.0
   -0.043180    0.753867  0.000000  1.0
   -0.043180    0.755867  0.000000  1.0
   -0.043180    0.757867  0.000000  1.0
   -0.043180    0.759867  0.000000  1.0
   -0.043180    0.761867  0.000000  1.0
   -0.043180    0.763867  0.000000  1.0
   -0.043180    0.765867  0.000000  1.0
   -0.043180    0.767867  0.000000  1.0
   -0.043180    0.769867  0.000000  1.0
   -0.043180    0.771867  0.000000  1.0
   -0.043180    0.773867  0.000000  1.0
   -0.043180    0.775867  0.000000  1.0
   -0.043180    0.777867  0.000000  1.0
   -0.043180    0.779867  0.000000  1.0
   -0.043180    0.781867  0.000000  1.0
   -0.043180    0.783867  0.000000  1.0
   -0.043180    0.785867  0.000000  1.0
   -0.043180    0.787867  0.000000  1.0
   -0.043180    0.789867  0.000000  1.0
   -0.043180    0.791867  0.000000  1.0
   -0.043180    0.793867  0.000000  1.0
   -0.043180    0.795867  0.000000  1.0
   -0.043180    0.797867  0.000000  1.0
   -0.041180    0.717867  0.000000  1.0
   -0.041180    0.719867  0.000000  1.0
   -0.041180    0.721867  0.000000  1.0
   -0.041180    0.723867  0.000000  1.0
   -0.041180    0.725867  0.000000  1.0
   -0.041180    0.727867  0.000000  1.0
   -0.041180    0.729867  0.000000  1.0
   -0.041180    0.731867  0.000000  1.0
   -0.041180    0.733867  0.000000  1.0
   -0.041180    0.735867  0.000000  1.0
   -0.041180    0.737867  0.000000  1.0
   -0.041180    0.739867  0.000000  1.0
   -0.041180    0.741867  0.000000  1.0
   -0.041180    0.743867  0.000000  1.0
   -0.041180    0.745867  0.000000  1.0
   -0.041180    0.747867  0.000000  1.0
   -0.041180    0.749867  0.000000  1.0
   -0.041180    0.751867  0.000000  1.0
   -0.041180    0.753867  0.000000  1.0
   -0.041180    0.755867  0.000000  1.0
   -0.041180    0.757867  0.000000  1.0
   -0.041180    0.759867  0.000000  1.0
   -0.041180    0.761867  0.000000  1.0
   -0.041180    0.763867  0.000000  1.0
   -0.041180    0.765867  0.000000  1.0
   -0.041180    0.767867  0.000000  1.0
   -0.041180    0.769867  0.000000  1.0
   -0.041180    0.771867  0.000000  1.0
   -0.041180    0.773867  0.000000  1.0
   -0.041180    0.775867  0.000000  1.0
   -0.041180    0.777867  0.000000  1.0
   -0.041180    0.779867  0.000000  1.0
   -0.041180    0.781867  0.000000  1.0
   -0.041180    0.783867  0.000000  1.0
   -0.041180    0.785867  0.000000  1.0
   -0.041180    0.787867  0.000000  1.0
   -0.041180    0.789867  0.000000  1.0
   -0.041180    0.791867  0.000000  1.0
   -0.041180    0.793867  0.000000  1.0
   -0.041180    0.795867  0.000000  1.0
   -0.041180    0.797867  0.000000  1.0
   -0.039180    0.717867  0.000000  1.0
   -0.039180    0.719867  0.000000  1.0
   -0.039180    0.721867  0.000000  1.0
   -0.039180    0.723867  0.000000  1.0
   -0.039180    0.725867  0.000000  1.0
   -0.039180    0.727867  0.000000  1.0
   -0.039180    0.729867  0.000000  1.0
   -0.039180    0.731867  0.000000  1.0
   -0.039180    0.733867  0.000000  1.0
   -0.039180    0.735867  0.000000  1.0
   -0.039180    0.737867  0.000000  1.0
   -0.039180    0.739867  0.000000  1.0
   -0.039180    0.741867  0.000000  1.0
   -0.039180    0.743867  0.000000  1.0
   -0.039180    0.745867  0.000000  1.0
   -0.039180    0.747867  0.000000  1.0
   -0.039180    0.749867  0.000000  1.0
   -0.039180    0.751867  0.000000  1.0
   -0.039180    0.753867  0.000000  1.0
   -0.039180    0.755867  0.000000  1.0
   -0.039180    0.757867  0.000000  1.0
   -0.039180    0.759867  0.000000  1.0
   -0.039180    0.761867  0.000000  1.0
   -0.039180    0.763867  0.000000  1.0
   -0.039180    0.765867  0.000000  1.0
   -0.039180    0.767867  0.000000  1.0
   -0.039180    0.769867  0.000000  1.0
   -0.039180    0.771867  0.000000  1.0
   -0.039180    0.773867  0.000000  1.0
   -0.039180    0.775867  0.000000  1.0
   -0.039180    0.777867  0.000000  1.0
   -0.039180    0.779867  0.000000  1.0
   -0.039180    0.781867  0.000000  1.0
   -0.039180    0.783867  0.000000  1.0
   -0.039180    0.785867  0.000000  1.0
   -0.039180    0.787867  0.000000  1.0
   -0.039180    0.789867  0.000000  1.0
   -0.039180    0.791867  0.000000  1.0
   -0.039180    0.793867  0.000000  1.0
   -0.039180    0.795867  0.000000  1.0
   -0.039180    0.797867  0.000000  1.0
   -0.037180    0.717867  0.000000  1.0
   -0.037180    0.719867  0.000000  1.0
   -0.037180    0.721867  0.000000  1.0
   -0.037180    0.723867  0.000000  1.0
   -0.037180    0.725867  0.000000  1.0
   -0.037180    0.727867  0.000000  1.0
   -0.037180    0.729867  0.000000  1.0
   -0.037180    0.731867  0.000000  1.0
   -0.037180    0.733867  0.000000  1.0
   -0.037180    0.735867  0.000000  1.0
   -0.037180    0.737867  0.000000  1.0
   -0.037180    0.739867  0.000000  1.0
   -0.037180    0.741867  0.000000  1.0
   -0.037180    0.743867  0.000000  1.0
   -0.037180    0.745867  0.000000  1.0
   -0.037180    0.747867  0.000000  1.0
   -0.037180    0.749867  0.000000  1.0
   -0.037180    0.751867  0.000000  1.0
   -0.037180    0.753867  0.000000  1.0
   -0.037180    0.755867  0.000000  1.0
   -0.037180    0.757867  0.000000  1.0
   -0.037180    0.759867  0.000000  1.0
   -0.037180    0.761867  0.000000  1.0
   -0.037180    0.763867  0.000000  1.0
   -0.037180    0.765867  0.000000  1.0
   -0.037180    0.767867  0.000000  1.0
   -0.037180    0.769867  0.000000  1.0
   -0.037180    0.771867  0.000000  1.0
   -0.037180    0.773867  0.000000  1.0
   -0.037180    0.775867  0.000000  1.0
   -0.037180    0.777867  0.000000  1.0
   -0.037180    0.779867  0.000000  1.0
   -0.037180    0.781867  0.000000  1.0
   -0.037180    0.783867  0.000000  1.0
   -0.037180    0.785867  0.000000  1.0
   -0.037180    0.787867  0.000000  1.0
   -0.037180    0.789867  0.000000  1.0
   -0.037180    0.791867  0.000000  1.0
   -0.037180    0.793867  0.000000  1.0
   -0.037180    0.795867  0.000000  1.0
   -0.037180    0.797867  0.000000  1.0
   -0.035180    0.717867  0.000000  1.0
   -0.035180    0.719867  0.000000  1.0
   -0.035180    0.721867  0.000000  1.0
   -0.035180    0.723867  0.000000  1.0
   -0.035180    0.725867  0.000000  1.0
   -0.035180    0.727867  0.000000  1.0
   -0.035180    0.729867  0.000000  1.0
   -0.035180    0.731867  0.000000  1.0
   -0.035180    0.733867  0.000000  1.0
   -0.035180    0.735867  0.000000  1.0
   -0.035180    0.737867  0.000000  1.0
   -0.035180    0.739867  0.000000  1.0
   -0.035180    0.741867  0.000000  1.0
   -0.035180    0.743867  0.000000  1.0
   -0.035180    0.745867  0.000000  1.0
   -0.035180    0.747867  0.000000  1.0
   -0.035180    0.749867  0.000000  1.0
   -0.035180    0.751867  0.000000  1.0
   -0.035180    0.753867  0.000000  1.0
   -0.035180    0.755867  0.000000  1.0
   -0.035180    0.757867  0.000000  1.0
   -0.035180    0.759867  0.000000  1.0
   -0.035180    0.761867  0.000000  1.0
   -0.035180    0.763867  0.000000  1.0
   -0.035180    0.765867  0.000000  1.0
   -0.035180    0.767867  0.000000  1.0
   -0.035180    0.769867  0.000000  1.0
   -0.035180    0.771867  0.000000  1.0
   -0.035180    0.773867  0.000000  1.0
   -0.035180    0.775867  0.000000  1.0
   -0.035180    0.777867  0.000000  1.0
   -0.035180    0.779867  0.000000  1.0
   -0.035180    0.781867  0.000000  1.0
   -0.035180    0.783867  0.000000  1.0
   -0.035180    0.785867  0.000000  1.0
   -0.035180    0.787867  0.000000  1.0
   -0.035180    0.789867  0.000000  1.0
   -0.035180    0.791867  0.000000  1.0
   -0.035180    0.793867  0.000000  1.0
   -0.035180    0.795867  0.000000  1.0
   -0.035180    0.797867  0.000000  1.0
   -0.033180    0.717867  0.000000  1.0
   -0.033180    0.719867  0.000000  1.0
   -0.033180    0.721867  0.000000  1.0
   -0.033180    0.723867  0.000000  1.0
   -0.033180    0.725867  0.000000  1.0
   -0.033180    0.727867  0.000000  1.0
   -0.033180    0.729867  0.000000  1.0
   -0.033180    0.731867  0.000000  1.0
   -0.033180    0.733867  0.000000  1.0
   -0.033180    0.735867  0.000000  1.0
   -0.033180    0.737867  0.000000  1.0
   -0.033180    0.739867  0.000000  1.0
   -0.033180    0.741867  0.000000  1.0
   -0.033180    0.743867  0.000000  1.0
   -0.033180    0.745867  0.000000  1.0
   -0.033180    0.747867  0.000000  1.0
   -0.033180    0.749867  0.000000  1.0
   -0.033180    0.751867  0.000000  1.0
   -0.033180    0.753867  0.000000  1.0
   -0.033180    0.755867  0.000000  1.0
   -0.033180    0.757867  0.000000  1.0
   -0.033180    0.759867  0.000000  1.0
   -0.033180    0.761867  0.000000  1.0
   -0.033180    0.763867  0.000000  1.0
   -0.033180    0.765867  0.000000  1.0
   -0.033180    0.767867  0.000000  1.0
   -0.033180    0.769867  0.000000  1.0
   -0.033180    0.771867  0.000000  1.0
   -0.033180    0.773867  0.000000  1.0
   -0.033180    0.775867  0.000000  1.0
   -0.033180    0.777867  0.000000  1.0
   -0.033180    0.779867  0.000000  1.0
   -0.033180    0.781867  0.000000  1.0
   -0.033180    0.783867  0.000000  1.0
   -0.033180    0.785867  0.000000  1.0
   -0.033180    0.787867  0.000000  1.0
   -0.033180    0.789867  0.000000  1.0
   -0.033180    0.791867  0.000000  1.0
   -0.033180    0.793867  0.000000  1.0
   -0.033180    0.795867  0.000000  1.0
   -0.033180    0.797867  0.000000  1.0
   -0.031180    0.717867  0.000000  1.0
   -0.031180    0.719867  0.000000  1.0
   -0.031180    0.721867  0.000000  1.0
   -0.031180    0.723867  0.000000  1.0
   -0.031180    0.725867  0.000000  1.0
   -0.031180    0.727867  0.000000  1.0
   -0.031180    0.729867  0.000000  1.0
   -0.031180    0.731867  0.000000  1.0
   -0.031180    0.733867  0.000000  1.0
   -0.031180    0.735867  0.000000  1.0
   -0.031180    0.737867  0.000000  1.0
   -0.031180    0.739867  0.000000  1.0
   -0.031180    0.741867  0.000000  1.0
   -0.031180    0.743867  0.000000  1.0
   -0.031180    0.745867  0.000000  1.0
   -0.031180    0.747867  0.000000  1.0
   -0.031180    0.749867  0.000000  1.0
   -0.031180    0.751867  0.000000  1.0
   -0.031180    0.753867  0.000000  1.0
   -0.031180    0.755867  0.000000  1.0
   -0.031180    0.757867  0.000000  1.0
   -0.031180    0.759867  0.000000  1.0
   -0.031180    0.761867  0.000000  1.0
   -0.031180    0.763867  0.000000  1.0
   -0.031180    0.765867  0.000000  1.0
   -0.031180    0.767867  0.000000  1.0
   -0.031180    0.769867  0.000000  1.0
   -0.031180    0.771867  0.000000  1.0
   -0.031180    0.773867  0.000000  1.0
   -0.031180    0.775867  0.000000  1.0
   -0.031180    0.777867  0.000000  1.0
   -0.031180    0.779867  0.000000  1.0
   -0.031180    0.781867  0.000000  1.0
   -0.031180    0.783867  0.000000  1.0
   -0.031180    0.785867  0.000000  1.0
   -0.031180    0.787867  0.000000  1.0
   -0.031180    0.789867  0.000000  1.0
   -0.031180    0.791867  0.000000  1.0
   -0.031180    0.793867  0.000000  1.0
   -0.031180    0.795867  0.000000  1.0
   -0.031180    0.797867  0.000000  1.0
   -0.029180    0.717867  0.000000  1.0
   -0.029180    0.719867  0.000000  1.0
   -0.029180    0.721867  0.000000  1.0
   -0.029180    0.723867  0.000000  1.0
   -0.029180    0.725867  0.000000  1.0
   -0.029180    0.727867  0.000000  1.0
   -0.029180    0.729867  0.000000  1.0
   -0.029180    0.731867  0.000000  1.0
   -0.029180    0.733867  0.000000  1.0
   -0.029180    0.735867  0.000000  1.0
   -0.029180    0.737867  0.000000  1.0
   -0.029180    0.739867  0.000000  1.0
   -0.029180    0.741867  0.000000  1.0
   -0.029180    0.743867  0.000000  1.0
   -0.029180    0.745867  0.000000  1.0
   -0.029180    0.747867  0.000000  1.0
   -0.029180    0.749867  0.000000  1.0
   -0.029180    0.751867  0.000000  1.0
   -0.029180    0.753867  0.000000  1.0
   -0.029180    0.755867  0.000000  1.0
   -0.029180    0.757867  0.000000  1.0
   -0.029180    0.759867  0.000000  1.0
   -0.029180    0.761867  0.000000  1.0
   -0.029180    0.763867  0.000000  1.0
   -0.029180    0.765867  0.000000  1.0
   -0.029180    0.767867  0.000000  1.0
   -0.029180    0.769867  0.000000  1.0
   -0.029180    0.771867  0.000000  1.0
   -0.029180    0.773867  0.000000  1.0
   -0.029180    0.775867  0.000000  1.0
   -0.029180    0.777867  0.000000  1.0
   -0.029180    0.779867  0.000000  1.0
   -0.029180    0.781867  0.000000  1.0
   -0.029180    0.783867  0.000000  1.0
   -0.029180    0.785867  0.000000  1.0
   -0.029180    0.787867  0.000000  1.0
   -0.029180    0.789867  0.000000  1.0
   -0.029180    0.791867  0.000000  1.0
   -0.029180    0.793867  0.000000  1.0
   -0.029180    0.795867  0.000000  1.0
   -0.029180    0.797867  0.000000  1.0
   -0.027180    0.717867  0.000000  1.0
   -0.027180    0.719867  0.000000  1.0
   -0.027180    0.721867  0.000000  1.0
   -0.027180    0.723867  0.000000  1.0
   -0.027180    0.725867  0.000000  1.0
   -0.027180    0.727867  0.000000  1.0
   -0.027180    0.729867  0.000000  1.0
   -0.027180    0.731867  0.000000  1.0
   -0.027180    0.733867  0.000000  1.0
   -0.027180    0.735867  0.000000  1.0
   -0.027180    0.737867  0.000000  1.0
   -0.027180    0.739867  0.000000  1.0
   -0.027180    0.741867  0.000000  1.0
   -0.027180    0.743867  0.000000  1.0
   -0.027180    0.745867  0.000000  1.0
   -0.027180    0.747867  0.000000  1.0
   -0.027180    0.749867  0.000000  1.0
   -0.027180    0.751867  0.000000  1.0
   -0.027180    0.753867  0.000000  1.0
   -0.027180    0.755867  0.000000  1.0
   -0.027180    0.757867  0.000000  1.0
   -0.027180    0.759867  0.000000  1.0
   -0.027180    0.761867  0.000000  1.0
   -0.027180    0.763867  0.000000  1.0
   -0.027180    0.765867  0.000000  1.0
   -0.027180    0.767867  0.000000  1.0
   -0.027180    0.769867  0.000000  1.0
   -0.027180    0.771867  0.000000  1.0
   -0.027180    0.773867  0.000000  1.0
   -0.027180    0.775867  0.000000  1.0
   -0.027180    0.777867  0.000000  1.0
   -0.027180    0.779867  0.000000  1.0
   -0.027180    0.781867  0.000000  1.0
   -0.027180    0.783867  0.000000  1.0
   -0.027180    0.785867  0.000000  1.0
   -0.027180    0.787867  0.000000  1.0
   -0.027180    0.789867  0.000000  1.0
   -0.027180    0.791867  0.000000  1.0
   -0.027180    0.793867  0.000000  1.0
   -0.027180    0.795867  0.000000  1.0
   -0.027180    0.797867  0.000000  1.0
   -0.025180    0.717867  0.000000  1.0
   -0.025180    0.719867  0.000000  1.0
   -0.025180    0.721867  0.000000  1.0
   -0.025180    0.723867  0.000000  1.0
   -0.025180    0.725867  0.000000  1.0
   -0.025180    0.727867  0.000000  1.0
   -0.025180    0.729867  0.000000  1.0
   -0.025180    0.731867  0.000000  1.0
   -0.025180    0.733867  0.000000  1.0
   -0.025180    0.735867  0.000000  1.0
   -0.025180    0.737867  0.000000  1.0
   -0.025180    0.739867  0.000000  1.0
   -0.025180    0.741867  0.000000  1.0
   -0.025180    0.743867  0.000000  1.0
   -0.025180    0.745867  0.000000  1.0
   -0.025180    0.747867  0.000000  1.0
   -0.025180    0.749867  0.000000  1.0
   -0.025180    0.751867  0.000000  1.0
   -0.025180    0.753867  0.000000  1.0
   -0.025180    0.755867  0.000000  1.0
   -0.025180    0.757867  0.000000  1.0
   -0.025180    0.759867  0.000000  1.0
   -0.025180    0.761867  0.000000  1.0
   -0.025180    0.763867  0.000000  1.0
   -0.025180    0.765867  0.000000  1.0
   -0.025180    0.767867  0.000000  1.0
   -0.025180    0.769867  0.000000  1.0
   -0.025180    0.771867  0.000000  1.0
   -0.025180    0.773867  0.000000  1.0
   -0.025180    0.775867  0.000000  1.0
   -0.025180    0.777867  0.000000  1.0
   -0.025180    0.779867  0.000000  1.0
   -0.025180    0.781867  0.000000  1.0
   -0.025180    0.783867  0.000000  1.0
   -0.025180    0.785867  0.000000  1.0
   -0.025180    0.787867  0.000000  1.0
   -0.025180    0.789867  0.000000  1.0
   -0.025180    0.791867  0.000000  1.0
   -0.025180    0.793867  0.000000  1.0
   -0.025180    0.795867  0.000000  1.0
   -0.025180    0.797867  0.000000  1.0
   -0.023180    0.717867  0.000000  1.0
   -0.023180    0.719867  0.000000  1.0
   -0.023180    0.721867  0.000000  1.0
   -0.023180    0.723867  0.000000  1.0
   -0.023180    0.725867  0.000000  1.0
   -0.023180    0.727867  0.000000  1.0
   -0.023180    0.729867  0.000000  1.0
   -0.023180    0.731867  0.000000  1.0
   -0.023180    0.733867  0.000000  1.0
   -0.023180    0.735867  0.000000  1.0
   -0.023180    0.737867  0.000000  1.0
   -0.023180    0.739867  0.000000  1.0
   -0.023180    0.741867  0.000000  1.0
   -0.023180    0.743867  0.000000  1.0
   -0.023180    0.745867  0.000000  1.0
   -0.023180    0.747867  0.000000  1.0
   -0.023180    0.749867  0.000000  1.0
   -0.023180    0.751867  0.000000  1.0
   -0.023180    0.753867  0.000000  1.0
   -0.023180    0.755867  0.000000  1.0
   -0.023180    0.757867  0.000000  1.0
   -0.023180    0.759867  0.000000  1.0
   -0.023180    0.761867  0.000000  1.0
   -0.023180    0.763867  0.000000  1.0
   -0.023180    0.765867  0.000000  1.0
   -0.023180    0.767867  0.000000  1.0
   -0.023180    0.769867  0.000000  1.0
   -0.023180    0.771867  0.000000  1.0
   -0.023180    0.773867  0.000000  1.0
   -0.023180    0.775867  0.000000  1.0
   -0.023180    0.777867  0.000000  1.0
   -0.023180    0.779867  0.000000  1.0
   -0.023180    0.781867  0.000000  1.0
   -0.023180    0.783867  0.000000  1.0
   -0.023180    0.785867  0.000000  1.0
   -0.023180    0.787867  0.000000  1.0
   -0.023180    0.789867  0.000000  1.0
   -0.023180    0.791867  0.000000  1.0
   -0.023180    0.793867  0.000000  1.0
   -0.023180    0.795867  0.000000  1.0
   -0.023180    0.797867  0.000000  1.0
   -0.021180    0.717867  0.000000  1.0
   -0.021180    0.719867  0.000000  1.0
   -0.021180    0.721867  0.000000  1.0
   -0.021180    0.723867  0.000000  1.0
   -0.021180    0.725867  0.000000  1.0
   -0.021180    0.727867  0.000000  1.0
   -0.021180    0.729867  0.000000  1.0
   -0.021180    0.731867  0.000000  1.0
   -0.021180    0.733867  0.000000  1.0
   -0.021180    0.735867  0.000000  1.0
   -0.021180    0.737867  0.000000  1.0
   -0.021180    0.739867  0.000000  1.0
   -0.021180    0.741867  0.000000  1.0
   -0.021180    0.743867  0.000000  1.0
   -0.021180    0.745867  0.000000  1.0
   -0.021180    0.747867  0.000000  1.0
   -0.021180    0.749867  0.000000  1.0
   -0.021180    0.751867  0.000000  1.0
   -0.021180    0.753867  0.000000  1.0
   -0.021180    0.755867  0.000000  1.0
   -0.021180    0.757867  0.000000  1.0
   -0.021180    0.759867  0.000000  1.0
   -0.021180    0.761867  0.000000  1.0
   -0.021180    0.763867  0.000000  1.0
   -0.021180    0.765867  0.000000  1.0
   -0.021180    0.767867  0.000000  1.0
   -0.021180    0.769867  0.000000  1.0
   -0.021180    0.771867  0.000000  1.0
   -0.021180    0.773867  0.000000  1.0
   -0.021180    0.775867  0.000000  1.0
   -0.021180    0.777867  0.000000  1.0
   -0.021180    0.779867  0.000000  1.0
   -0.021180    0.781867  0.000000  1.0
   -0.021180    0.783867  0.000000  1.0
   -0.021180    0.785867  0.000000  1.0
   -0.021180    0.787867  0.000000  1.0
   -0.021180    0.789867  0.000000  1.0
   -0.021180    0.791867  0.000000  1.0
   -0.021180    0.793867  0.000000  1.0
   -0.021180    0.795867  0.000000  1.0
   -0.021180    0.797867  0.000000  1.0
   -0.019180    0.717867  0.000000  1.0
   -0.019180    0.719867  0.000000  1.0
   -0.019180    0.721867  0.000000  1.0
   -0.019180    0.723867  0.000000  1.0
   -0.019180    0.725867  0.000000  1.0
   -0.019180    0.727867  0.000000  1.0
   -0.019180    0.729867  0.000000  1.0
   -0.019180    0.731867  0.000000  1.0
   -0.019180    0.733867  0.000000  1.0
   -0.019180    0.735867  0.000000  1.0
   -0.019180    0.737867  0.000000  1.0
   -0.019180    0.739867  0.000000  1.0
   -0.019180    0.741867  0.000000  1.0
   -0.019180    0.743867  0.000000  1.0
   -0.019180    0.745867  0.000000  1.0
   -0.019180    0.747867  0.000000  1.0
   -0.019180    0.749867  0.000000  1.0
   -0.019180    0.751867  0.000000  1.0
   -0.019180    0.753867  0.000000  1.0
   -0.019180    0.755867  0.000000  1.0
   -0.019180    0.757867  0.000000  1.0
   -0.019180    0.759867  0.000000  1.0
   -0.019180    0.761867  0.000000  1.0
   -0.019180    0.763867  0.000000  1.0
   -0.019180    0.765867  0.000000  1.0
   -0.019180    0.767867  0.000000  1.0
   -0.019180    0.769867  0.000000  1.0
   -0.019180    0.771867  0.000000  1.0
   -0.019180    0.773867  0.000000  1.0
   -0.019180    0.775867  0.000000  1.0
   -0.019180    0.777867  0.000000  1.0
   -0.019180    0.779867  0.000000  1.0
   -0.019180    0.781867  0.000000  1.0
   -0.019180    0.783867  0.000000  1.0
   -0.019180    0.785867  0.000000  1.0
   -0.019180    0.787867  0.000000  1.0
   -0.019180    0.789867  0.000000  1.0
   -0.019180    0.791867  0.000000  1.0
   -0.019180    0.793867  0.000000  1.0
   -0.019180    0.795867  0.000000  1.0
   -0.019180    0.797867  0.000000  1.0
   -0.017180    0.717867  0.000000  1.0
   -0.017180    0.719867  0.000000  1.0
   -0.017180    0.721867  0.000000  1.0
   -0.017180    0.723867  0.000000  1.0
   -0.017180    0.725867  0.000000  1.0
   -0.017180    0.727867  0.000000  1.0
   -0.017180    0.729867  0.000000  1.0
   -0.017180    0.731867  0.000000  1.0
   -0.017180    0.733867  0.000000  1.0
   -0.017180    0.735867  0.000000  1.0
   -0.017180    0.737867  0.000000  1.0
   -0.017180    0.739867  0.000000  1.0
   -0.017180    0.741867  0.000000  1.0
   -0.017180    0.743867  0.000000  1.0
   -0.017180    0.745867  0.000000  1.0
   -0.017180    0.747867  0.000000  1.0
   -0.017180    0.749867  0.000000  1.0
   -0.017180    0.751867  0.000000  1.0
   -0.017180    0.753867  0.000000  1.0
   -0.017180    0.755867  0.000000  1.0
   -0.017180    0.757867  0.000000  1.0
   -0.017180    0.759867  0.000000  1.0
   -0.017180    0.761867  0.000000  1.0
   -0.017180    0.763867  0.000000  1.0
   -0.017180    0.765867  0.000000  1.0
   -0.017180    0.767867  0.000000  1.0
   -0.017180    0.769867  0.000000  1.0
   -0.017180    0.771867  0.000000  1.0
   -0.017180    0.773867  0.000000  1.0
   -0.017180    0.775867  0.000000  1.0
   -0.017180    0.777867  0.000000  1.0
   -0.017180    0.779867  0.000000  1.0
   -0.017180    0.781867  0.000000  1.0
   -0.017180    0.783867  0.000000  1.0
   -0.017180    0.785867  0.000000  1.0
   -0.017180    0.787867  0.000000  1.0
   -0.017180    0.789867  0.000000  1.0
   -0.017180    0.791867  0.000000  1.0
   -0.017180    0.793867  0.000000  1.0
   -0.017180    0.795867  0.000000  1.0
   -0.017180    0.797867  0.000000  1.0
   -0.015180    0.717867  0.000000  1.0
   -0.015180    0.719867  0.000000  1.0
   -0.015180    0.721867  0.000000  1.0
   -0.015180    0.723867  0.000000  1.0
   -0.015180    0.725867  0.000000  1.0
   -0.015180    0.727867  0.000000  1.0
   -0.015180    0.729867  0.000000  1.0
   -0.015180    0.731867  0.000000  1.0
   -0.015180    0.733867  0.000000  1.0
   -0.015180    0.735867  0.000000  1.0
   -0.015180    0.737867  0.000000  1.0
   -0.015180    0.739867  0.000000  1.0
   -0.015180    0.741867  0.000000  1.0
   -0.015180    0.743867  0.000000  1.0
   -0.015180    0.745867  0.000000  1.0
   -0.015180    0.747867  0.000000  1.0
   -0.015180    0.749867  0.000000  1.0
   -0.015180    0.751867  0.000000  1.0
   -0.015180    0.753867  0.000000  1.0
   -0.015180    0.755867  0.000000  1.0
   -0.015180    0.757867  0.000000  1.0
   -0.015180    0.759867  0.000000  1.0
   -0.015180    0.761867  0.000000  1.0
   -0.015180    0.763867  0.000000  1.0
   -0.015180    0.765867  0.000000  1.0
   -0.015180    0.767867  0.000000  1.0
   -0.015180    0.769867  0.000000  1.0
   -0.015180    0.771867  0.000000  1.0
   -0.015180    0.773867  0.000000  1.0
   -0.015180    0.775867  0.000000  1.0
   -0.015180    0.777867  0.000000  1.0
   -0.015180    0.779867  0.000000  1.0
   -0.015180    0.781867  0.000000  1.0
   -0.015180    0.783867  0.000000  1.0
   -0.015180    0.785867  0.000000  1.0
   -0.015180    0.787867  0.000000  1.0
   -0.015180    0.789867  0.000000  1.0
   -0.015180    0.791867  0.000000  1.0
   -0.015180    0.793867  0.000000  1.0
   -0.015180    0.795867  0.000000  1.0
   -0.015180    0.797867  0.000000  1.0
   -0.013180    0.717867  0.000000  1.0
   -0.013180    0.719867  0.000000  1.0
   -0.013180    0.721867  0.000000  1.0
   -0.013180    0.723867  0.000000  1.0
   -0.013180    0.725867  0.000000  1.0
   -0.013180    0.727867  0.000000  1.0
   -0.013180    0.729867  0.000000  1.0
   -0.013180    0.731867  0.000000  1.0
   -0.013180    0.733867  0.000000  1.0
   -0.013180    0.735867  0.000000  1.0
   -0.013180    0.737867  0.000000  1.0
   -0.013180    0.739867  0.000000  1.0
   -0.013180    0.741867  0.000000  1.0
   -0.013180    0.743867  0.000000  1.0
   -0.013180    0.745867  0.000000  1.0
   -0.013180    0.747867  0.000000  1.0
   -0.013180    0.749867  0.000000  1.0
   -0.013180    0.751867  0.000000  1.0
   -0.013180    0.753867  0.000000  1.0
   -0.013180    0.755867  0.000000  1.0
   -0.013180    0.757867  0.000000  1.0
   -0.013180    0.759867  0.000000  1.0
   -0.013180    0.761867  0.000000  1.0
   -0.013180    0.763867  0.000000  1.0
   -0.013180    0.765867  0.000000  1.0
   -0.013180    0.767867  0.000000  1.0
   -0.013180    0.769867  0.000000  1.0
   -0.013180    0.771867  0.000000  1.0
   -0.013180    0.773867  0.000000  1.0
   -0.013180    0.775867  0.000000  1.0
   -0.013180    0.777867  0.000000  1.0
   -0.013180    0.779867  0.000000  1.0
   -0.013180    0.781867  0.000000  1.0
   -0.013180    0.783867  0.000000  1.0
   -0.013180    0.785867  0.000000  1.0
   -0.013180    0.787867  0.000000  1.0
   -0.013180    0.789867  0.000000  1.0
   -0.013180    0.791867  0.000000  1.0
   -0.013180    0.793867  0.000000  1.0
   -0.013180    0.795867  0.000000  1.0
   -0.013180    0.797867  0.000000  1.0
   -0.011180    0.717867  0.000000  1.0
   -0.011180    0.719867  0.000000  1.0
   -0.011180    0.721867  0.000000  1.0
   -0.011180    0.723867  0.000000  1.0
   -0.011180    0.725867  0.000000  1.0
   -0.011180    0.727867  0.000000  1.0
   -0.011180    0.729867  0.000000  1.0
   -0.011180    0.731867  0.000000  1.0
   -0.011180    0.733867  0.000000  1.0
   -0.011180    0.735867  0.000000  1.0
   -0.011180    0.737867  0.000000  1.0
   -0.011180    0.739867  0.000000  1.0
   -0.011180    0.741867  0.000000  1.0
   -0.011180    0.743867  0.000000  1.0
   -0.011180    0.745867  0.000000  1.0
   -0.011180    0.747867  0.000000  1.0
   -0.011180    0.749867  0.000000  1.0
   -0.011180    0.751867  0.000000  1.0
   -0.011180    0.753867  0.000000  1.0
   -0.011180    0.755867  0.000000  1.0
   -0.011180    0.757867  0.000000  1.0
   -0.011180    0.759867  0.000000  1.0
   -0.011180    0.761867  0.000000  1.0
   -0.011180    0.763867  0.000000  1.0
   -0.011180    0.765867  0.000000  1.0
   -0.011180    0.767867  0.000000  1.0
   -0.011180    0.769867  0.000000  1.0
   -0.011180    0.771867  0.000000  1.0
   -0.011180    0.773867  0.000000  1.0
   -0.011180    0.775867  0.000000  1.0
   -0.011180    0.777867  0.000000  1.0
   -0.011180    0.779867  0.000000  1.0
   -0.011180    0.781867  0.000000  1.0
   -0.011180    0.783867  0.000000  1.0
   -0.011180    0.785867  0.000000  1.0
   -0.011180    0.787867  0.000000  1.0
   -0.011180    0.789867  0.000000  1.0
   -0.011180    0.791867  0.000000  1.0
   -0.011180    0.793867  0.000000  1.0
   -0.011180    0.795867  0.000000  1.0
   -0.011180    0.797867  0.000000  1.0
   -0.009180    0.717867  0.000000  1.0
   -0.009180    0.719867  0.000000  1.0
   -0.009180    0.721867  0.000000  1.0
   -0.009180    0.723867  0.000000  1.0
   -0.009180    0.725867  0.000000  1.0
   -0.009180    0.727867  0.000000  1.0
   -0.009180    0.729867  0.000000  1.0
   -0.009180    0.731867  0.000000  1.0
   -0.009180    0.733867  0.000000  1.0
   -0.009180    0.735867  0.000000  1.0
   -0.009180    0.737867  0.000000  1.0
   -0.009180    0.739867  0.000000  1.0
   -0.009180    0.741867  0.000000  1.0
   -0.009180    0.743867  0.000000  1.0
   -0.009180    0.745867  0.000000  1.0
   -0.009180    0.747867  0.000000  1.0
   -0.009180    0.749867  0.000000  1.0
   -0.009180    0.751867  0.000000  1.0
   -0.009180    0.753867  0.000000  1.0
   -0.009180    0.755867  0.000000  1.0
   -0.009180    0.757867  0.000000  1.0
   -0.009180    0.759867  0.000000  1.0
   -0.009180    0.761867  0.000000  1.0
   -0.009180    0.763867  0.000000  1.0
   -0.009180    0.765867  0.000000  1.0
   -0.009180    0.767867  0.000000  1.0
   -0.009180    0.769867  0.000000  1.0
   -0.009180    0.771867  0.000000  1.0
   -0.009180    0.773867  0.000000  1.0
   -0.009180    0.775867  0.000000  1.0
   -0.009180    0.777867  0.000000  1.0
   -0.009180    0.779867  0.000000  1.0
   -0.009180    0.781867  0.000000  1.0
   -0.009180    0.783867  0.000000  1.0
   -0.009180    0.785867  0.000000  1.0
   -0.009180    0.787867  0.000000  1.0
   -0.009180    0.789867  0.000000  1.0
   -0.009180    0.791867  0.000000  1.0
   -0.009180    0.793867  0.000000  1.0
   -0.009180    0.795867  0.000000  1.0
   -0.009180    0.797867  0.000000  1.0
