&CONTROL
  calculation = 'bands'
  prefix = 'graphene22.0lower'
  outdir = './tmp'
  pseudo_dir = './'
  verbosity = 'high'
/
&SYSTEM
  ibrav = 0
  nat = 2
  ntyp = 1
  ecutwfc = 40.0
  nosym = .true.
  noinv = .true.
  nbnd = 8
/
&ELECTRONS
/
ATOMIC_SPECIES
  C  12.011 C.pbe-n-kjpaw_psl.1.0.0.UPF
CELL_PARAMETERS {bohr}
  5.643627  0.000000  0.000000
  2.821813  3.860743  0.000000
  0.000000  0.000000  28.346456
ATOMIC_POSITIONS {crystal}
  C  -0.000638  0.001382  0.000000
  C  0.333971  0.331951  0.000000
K_POINTS {tpiba}
1681
    0.107541   -0.770899  0.000000  1.0
    0.107541   -0.768899  0.000000  1.0
    0.107541   -0.766899  0.000000  1.0
    0.107541   -0.764899  0.000000  1.0
    0.107541   -0.762899  0.000000  1.0
    0.107541   -0.760899  0.000000  1.0
    0.107541   -0.758899  0.000000  1.0
    0.107541   -0.756899  0.000000  1.0
    0.107541   -0.754899  0.000000  1.0
    0.107541   -0.752899  0.000000  1.0
    0.107541   -0.750899  0.000000  1.0
    0.107541   -0.748899  0.000000  1.0
    0.107541   -0.746899  0.000000  1.0
    0.107541   -0.744899  0.000000  1.0
    0.107541   -0.742899  0.000000  1.0
    0.107541   -0.740899  0.000000  1.0
    0.107541   -0.738899  0.000000  1.0
    0.107541   -0.736899  0.000000  1.0
    0.107541   -0.734899  0.000000  1.0
    0.107541   -0.732899  0.000000  1.0
    0.107541   -0.730899  0.000000  1.0
    0.107541   -0.728899  0.000000  1.0
    0.107541   -0.726899  0.000000  1.0
    0.107541   -0.724899  0.000000  1.0
    0.107541   -0.722899  0.000000  1.0
    0.107541   -0.720899  0.000000  1.0
    0.107541   -0.718899  0.000000  1.0
    0.107541   -0.716899  0.000000  1.0
    0.107541   -0.714899  0.000000  1.0
    0.107541   -0.712899  0.000000  1.0
    0.107541   -0.710899  0.000000  1.0
    0.107541   -0.708899  0.000000  1.0
    0.107541   -0.706899  0.000000  1.0
    0.107541   -0.704899  0.000000  1.0
    0.107541   -0.702899  0.000000  1.0
    0.107541   -0.700899  0.000000  1.0
    0.107541   -0.698899  0.000000  1.0
    0.107541   -0.696899  0.000000  1.0
    0.107541   -0.694899  0.000000  1.0
    0.107541   -0.692899  0.000000  1.0
    0.107541   -0.690899  0.000000  1.0
    0.109541   -0.770899  0.000000  1.0
    0.109541   -0.768899  0.000000  1.0
    0.109541   -0.766899  0.000000  1.0
    0.109541   -0.764899  0.000000  1.0
    0.109541   -0.762899  0.000000  1.0
    0.109541   -0.760899  0.000000  1.0
    0.109541   -0.758899  0.000000  1.0
    0.109541   -0.756899  0.000000  1.0
    0.109541   -0.754899  0.000000  1.0
    0.109541   -0.752899  0.000000  1.0
    0.109541   -0.750899  0.000000  1.0
    0.109541   -0.748899  0.000000  1.0
    0.109541   -0.746899  0.000000  1.0
    0.109541   -0.744899  0.000000  1.0
    0.109541   -0.742899  0.000000  1.0
    0.109541   -0.740899  0.000000  1.0
    0.109541   -0.738899  0.000000  1.0
    0.109541   -0.736899  0.000000  1.0
    0.109541   -0.734899  0.000000  1.0
    0.109541   -0.732899  0.000000  1.0
    0.109541   -0.730899  0.000000  1.0
    0.109541   -0.728899  0.000000  1.0
    0.109541   -0.726899  0.000000  1.0
    0.109541   -0.724899  0.000000  1.0
    0.109541   -0.722899  0.000000  1.0
    0.109541   -0.720899  0.000000  1.0
    0.109541   -0.718899  0.000000  1.0
    0.109541   -0.716899  0.000000  1.0
    0.109541   -0.714899  0.000000  1.0
    0.109541   -0.712899  0.000000  1.0
    0.109541   -0.710899  0.000000  1.0
    0.109541   -0.708899  0.000000  1.0
    0.109541   -0.706899  0.000000  1.0
    0.109541   -0.704899  0.000000  1.0
    0.109541   -0.702899  0.000000  1.0
    0.109541   -0.700899  0.000000  1.0
    0.109541   -0.698899  0.000000  1.0
    0.109541   -0.696899  0.000000  1.0
    0.109541   -0.694899  0.000000  1.0
    0.109541   -0.692899  0.000000  1.0
    0.109541   -0.690899  0.000000  1.0
    0.111541   -0.770899  0.000000  1.0
    0.111541   -0.768899  0.000000  1.0
    0.111541   -0.766899  0.000000  1.0
    0.111541   -0.764899  0.000000  1.0
    0.111541   -0.762899  0.000000  1.0
    0.111541   -0.760899  0.000000  1.0
    0.111541   -0.758899  0.000000  1.0
    0.111541   -0.756899  0.000000  1.0
    0.111541   -0.754899  0.000000  1.0
    0.111541   -0.752899  0.000000  1.0
    0.111541   -0.750899  0.000000  1.0
    0.111541   -0.748899  0.000000  1.0
    0.111541   -0.746899  0.000000  1.0
    0.111541   -0.744899  0.000000  1.0
    0.111541   -0.742899  0.000000  1.0
    0.111541   -0.740899  0.000000  1.0
    0.111541   -0.738899  0.000000  1.0
    0.111541   -0.736899  0.000000  1.0
    0.111541   -0.734899  0.000000  1.0
    0.111541   -0.732899  0.000000  1.0
    0.111541   -0.730899  0.000000  1.0
    0.111541   -0.728899  0.000000  1.0
    0.111541   -0.726899  0.000000  1.0
    0.111541   -0.724899  0.000000  1.0
    0.111541   -0.722899  0.000000  1.0
    0.111541   -0.720899  0.000000  1.0
    0.111541   -0.718899  0.000000  1.0
    0.111541   -0.716899  0.000000  1.0
    0.111541   -0.714899  0.000000  1.0
    0.111541   -0.712899  0.000000  1.0
    0.111541   -0.710899  0.000000  1.0
    0.111541   -0.708899  0.000000  1.0
    0.111541   -0.706899  0.000000  1.0
    0.111541   -0.704899  0.000000  1.0
    0.111541   -0.702899  0.000000  1.0
    0.111541   -0.700899  0.000000  1.0
    0.111541   -0.698899  0.000000  1.0
    0.111541   -0.696899  0.000000  1.0
    0.111541   -0.694899  0.000000  1.0
    0.111541   -0.692899  0.000000  1.0
    0.111541   -0.690899  0.000000  1.0
    0.113541   -0.770899  0.000000  1.0
    0.113541   -0.768899  0.000000  1.0
    0.113541   -0.766899  0.000000  1.0
    0.113541   -0.764899  0.000000  1.0
    0.113541   -0.762899  0.000000  1.0
    0.113541   -0.760899  0.000000  1.0
    0.113541   -0.758899  0.000000  1.0
    0.113541   -0.756899  0.000000  1.0
    0.113541   -0.754899  0.000000  1.0
    0.113541   -0.752899  0.000000  1.0
    0.113541   -0.750899  0.000000  1.0
    0.113541   -0.748899  0.000000  1.0
    0.113541   -0.746899  0.000000  1.0
    0.113541   -0.744899  0.000000  1.0
    0.113541   -0.742899  0.000000  1.0
    0.113541   -0.740899  0.000000  1.0
    0.113541   -0.738899  0.000000  1.0
    0.113541   -0.736899  0.000000  1.0
    0.113541   -0.734899  0.000000  1.0
    0.113541   -0.732899  0.000000  1.0
    0.113541   -0.730899  0.000000  1.0
    0.113541   -0.728899  0.000000  1.0
    0.113541   -0.726899  0.000000  1.0
    0.113541   -0.724899  0.000000  1.0
    0.113541   -0.722899  0.000000  1.0
    0.113541   -0.720899  0.000000  1.0
    0.113541   -0.718899  0.000000  1.0
    0.113541   -0.716899  0.000000  1.0
    0.113541   -0.714899  0.000000  1.0
    0.113541   -0.712899  0.000000  1.0
    0.113541   -0.710899  0.000000  1.0
    0.113541   -0.708899  0.000000  1.0
    0.113541   -0.706899  0.000000  1.0
    0.113541   -0.704899  0.000000  1.0
    0.113541   -0.702899  0.000000  1.0
    0.113541   -0.700899  0.000000  1.0
    0.113541   -0.698899  0.000000  1.0
    0.113541   -0.696899  0.000000  1.0
    0.113541   -0.694899  0.000000  1.0
    0.113541   -0.692899  0.000000  1.0
    0.113541   -0.690899  0.000000  1.0
    0.115541   -0.770899  0.000000  1.0
    0.115541   -0.768899  0.000000  1.0
    0.115541   -0.766899  0.000000  1.0
    0.115541   -0.764899  0.000000  1.0
    0.115541   -0.762899  0.000000  1.0
    0.115541   -0.760899  0.000000  1.0
    0.115541   -0.758899  0.000000  1.0
    0.115541   -0.756899  0.000000  1.0
    0.115541   -0.754899  0.000000  1.0
    0.115541   -0.752899  0.000000  1.0
    0.115541   -0.750899  0.000000  1.0
    0.115541   -0.748899  0.000000  1.0
    0.115541   -0.746899  0.000000  1.0
    0.115541   -0.744899  0.000000  1.0
    0.115541   -0.742899  0.000000  1.0
    0.115541   -0.740899  0.000000  1.0
    0.115541   -0.738899  0.000000  1.0
    0.115541   -0.736899  0.000000  1.0
    0.115541   -0.734899  0.000000  1.0
    0.115541   -0.732899  0.000000  1.0
    0.115541   -0.730899  0.000000  1.0
    0.115541   -0.728899  0.000000  1.0
    0.115541   -0.726899  0.000000  1.0
    0.115541   -0.724899  0.000000  1.0
    0.115541   -0.722899  0.000000  1.0
    0.115541   -0.720899  0.000000  1.0
    0.115541   -0.718899  0.000000  1.0
    0.115541   -0.716899  0.000000  1.0
    0.115541   -0.714899  0.000000  1.0
    0.115541   -0.712899  0.000000  1.0
    0.115541   -0.710899  0.000000  1.0
    0.115541   -0.708899  0.000000  1.0
    0.115541   -0.706899  0.000000  1.0
    0.115541   -0.704899  0.000000  1.0
    0.115541   -0.702899  0.000000  1.0
    0.115541   -0.700899  0.000000  1.0
    0.115541   -0.698899  0.000000  1.0
    0.115541   -0.696899  0.000000  1.0
    0.115541   -0.694899  0.000000  1.0
    0.115541   -0.692899  0.000000  1.0
    0.115541   -0.690899  0.000000  1.0
    0.117541   -0.770899  0.000000  1.0
    0.117541   -0.768899  0.000000  1.0
    0.117541   -0.766899  0.000000  1.0
    0.117541   -0.764899  0.000000  1.0
    0.117541   -0.762899  0.000000  1.0
    0.117541   -0.760899  0.000000  1.0
    0.117541   -0.758899  0.000000  1.0
    0.117541   -0.756899  0.000000  1.0
    0.117541   -0.754899  0.000000  1.0
    0.117541   -0.752899  0.000000  1.0
    0.117541   -0.750899  0.000000  1.0
    0.117541   -0.748899  0.000000  1.0
    0.117541   -0.746899  0.000000  1.0
    0.117541   -0.744899  0.000000  1.0
    0.117541   -0.742899  0.000000  1.0
    0.117541   -0.740899  0.000000  1.0
    0.117541   -0.738899  0.000000  1.0
    0.117541   -0.736899  0.000000  1.0
    0.117541   -0.734899  0.000000  1.0
    0.117541   -0.732899  0.000000  1.0
    0.117541   -0.730899  0.000000  1.0
    0.117541   -0.728899  0.000000  1.0
    0.117541   -0.726899  0.000000  1.0
    0.117541   -0.724899  0.000000  1.0
    0.117541   -0.722899  0.000000  1.0
    0.117541   -0.720899  0.000000  1.0
    0.117541   -0.718899  0.000000  1.0
    0.117541   -0.716899  0.000000  1.0
    0.117541   -0.714899  0.000000  1.0
    0.117541   -0.712899  0.000000  1.0
    0.117541   -0.710899  0.000000  1.0
    0.117541   -0.708899  0.000000  1.0
    0.117541   -0.706899  0.000000  1.0
    0.117541   -0.704899  0.000000  1.0
    0.117541   -0.702899  0.000000  1.0
    0.117541   -0.700899  0.000000  1.0
    0.117541   -0.698899  0.000000  1.0
    0.117541   -0.696899  0.000000  1.0
    0.117541   -0.694899  0.000000  1.0
    0.117541   -0.692899  0.000000  1.0
    0.117541   -0.690899  0.000000  1.0
    0.119541   -0.770899  0.000000  1.0
    0.119541   -0.768899  0.000000  1.0
    0.119541   -0.766899  0.000000  1.0
    0.119541   -0.764899  0.000000  1.0
    0.119541   -0.762899  0.000000  1.0
    0.119541   -0.760899  0.000000  1.0
    0.119541   -0.758899  0.000000  1.0
    0.119541   -0.756899  0.000000  1.0
    0.119541   -0.754899  0.000000  1.0
    0.119541   -0.752899  0.000000  1.0
    0.119541   -0.750899  0.000000  1.0
    0.119541   -0.748899  0.000000  1.0
    0.119541   -0.746899  0.000000  1.0
    0.119541   -0.744899  0.000000  1.0
    0.119541   -0.742899  0.000000  1.0
    0.119541   -0.740899  0.000000  1.0
    0.119541   -0.738899  0.000000  1.0
    0.119541   -0.736899  0.000000  1.0
    0.119541   -0.734899  0.000000  1.0
    0.119541   -0.732899  0.000000  1.0
    0.119541   -0.730899  0.000000  1.0
    0.119541   -0.728899  0.000000  1.0
    0.119541   -0.726899  0.000000  1.0
    0.119541   -0.724899  0.000000  1.0
    0.119541   -0.722899  0.000000  1.0
    0.119541   -0.720899  0.000000  1.0
    0.119541   -0.718899  0.000000  1.0
    0.119541   -0.716899  0.000000  1.0
    0.119541   -0.714899  0.000000  1.0
    0.119541   -0.712899  0.000000  1.0
    0.119541   -0.710899  0.000000  1.0
    0.119541   -0.708899  0.000000  1.0
    0.119541   -0.706899  0.000000  1.0
    0.119541   -0.704899  0.000000  1.0
    0.119541   -0.702899  0.000000  1.0
    0.119541   -0.700899  0.000000  1.0
    0.119541   -0.698899  0.000000  1.0
    0.119541   -0.696899  0.000000  1.0
    0.119541   -0.694899  0.000000  1.0
    0.119541   -0.692899  0.000000  1.0
    0.119541   -0.690899  0.000000  1.0
    0.121541   -0.770899  0.000000  1.0
    0.121541   -0.768899  0.000000  1.0
    0.121541   -0.766899  0.000000  1.0
    0.121541   -0.764899  0.000000  1.0
    0.121541   -0.762899  0.000000  1.0
    0.121541   -0.760899  0.000000  1.0
    0.121541   -0.758899  0.000000  1.0
    0.121541   -0.756899  0.000000  1.0
    0.121541   -0.754899  0.000000  1.0
    0.121541   -0.752899  0.000000  1.0
    0.121541   -0.750899  0.000000  1.0
    0.121541   -0.748899  0.000000  1.0
    0.121541   -0.746899  0.000000  1.0
    0.121541   -0.744899  0.000000  1.0
    0.121541   -0.742899  0.000000  1.0
    0.121541   -0.740899  0.000000  1.0
    0.121541   -0.738899  0.000000  1.0
    0.121541   -0.736899  0.000000  1.0
    0.121541   -0.734899  0.000000  1.0
    0.121541   -0.732899  0.000000  1.0
    0.121541   -0.730899  0.000000  1.0
    0.121541   -0.728899  0.000000  1.0
    0.121541   -0.726899  0.000000  1.0
    0.121541   -0.724899  0.000000  1.0
    0.121541   -0.722899  0.000000  1.0
    0.121541   -0.720899  0.000000  1.0
    0.121541   -0.718899  0.000000  1.0
    0.121541   -0.716899  0.000000  1.0
    0.121541   -0.714899  0.000000  1.0
    0.121541   -0.712899  0.000000  1.0
    0.121541   -0.710899  0.000000  1.0
    0.121541   -0.708899  0.000000  1.0
    0.121541   -0.706899  0.000000  1.0
    0.121541   -0.704899  0.000000  1.0
    0.121541   -0.702899  0.000000  1.0
    0.121541   -0.700899  0.000000  1.0
    0.121541   -0.698899  0.000000  1.0
    0.121541   -0.696899  0.000000  1.0
    0.121541   -0.694899  0.000000  1.0
    0.121541   -0.692899  0.000000  1.0
    0.121541   -0.690899  0.000000  1.0
    0.123541   -0.770899  0.000000  1.0
    0.123541   -0.768899  0.000000  1.0
    0.123541   -0.766899  0.000000  1.0
    0.123541   -0.764899  0.000000  1.0
    0.123541   -0.762899  0.000000  1.0
    0.123541   -0.760899  0.000000  1.0
    0.123541   -0.758899  0.000000  1.0
    0.123541   -0.756899  0.000000  1.0
    0.123541   -0.754899  0.000000  1.0
    0.123541   -0.752899  0.000000  1.0
    0.123541   -0.750899  0.000000  1.0
    0.123541   -0.748899  0.000000  1.0
    0.123541   -0.746899  0.000000  1.0
    0.123541   -0.744899  0.000000  1.0
    0.123541   -0.742899  0.000000  1.0
    0.123541   -0.740899  0.000000  1.0
    0.123541   -0.738899  0.000000  1.0
    0.123541   -0.736899  0.000000  1.0
    0.123541   -0.734899  0.000000  1.0
    0.123541   -0.732899  0.000000  1.0
    0.123541   -0.730899  0.000000  1.0
    0.123541   -0.728899  0.000000  1.0
    0.123541   -0.726899  0.000000  1.0
    0.123541   -0.724899  0.000000  1.0
    0.123541   -0.722899  0.000000  1.0
    0.123541   -0.720899  0.000000  1.0
    0.123541   -0.718899  0.000000  1.0
    0.123541   -0.716899  0.000000  1.0
    0.123541   -0.714899  0.000000  1.0
    0.123541   -0.712899  0.000000  1.0
    0.123541   -0.710899  0.000000  1.0
    0.123541   -0.708899  0.000000  1.0
    0.123541   -0.706899  0.000000  1.0
    0.123541   -0.704899  0.000000  1.0
    0.123541   -0.702899  0.000000  1.0
    0.123541   -0.700899  0.000000  1.0
    0.123541   -0.698899  0.000000  1.0
    0.123541   -0.696899  0.000000  1.0
    0.123541   -0.694899  0.000000  1.0
    0.123541   -0.692899  0.000000  1.0
    0.123541   -0.690899  0.000000  1.0
    0.125541   -0.770899  0.000000  1.0
    0.125541   -0.768899  0.000000  1.0
    0.125541   -0.766899  0.000000  1.0
    0.125541   -0.764899  0.000000  1.0
    0.125541   -0.762899  0.000000  1.0
    0.125541   -0.760899  0.000000  1.0
    0.125541   -0.758899  0.000000  1.0
    0.125541   -0.756899  0.000000  1.0
    0.125541   -0.754899  0.000000  1.0
    0.125541   -0.752899  0.000000  1.0
    0.125541   -0.750899  0.000000  1.0
    0.125541   -0.748899  0.000000  1.0
    0.125541   -0.746899  0.000000  1.0
    0.125541   -0.744899  0.000000  1.0
    0.125541   -0.742899  0.000000  1.0
    0.125541   -0.740899  0.000000  1.0
    0.125541   -0.738899  0.000000  1.0
    0.125541   -0.736899  0.000000  1.0
    0.125541   -0.734899  0.000000  1.0
    0.125541   -0.732899  0.000000  1.0
    0.125541   -0.730899  0.000000  1.0
    0.125541   -0.728899  0.000000  1.0
    0.125541   -0.726899  0.000000  1.0
    0.125541   -0.724899  0.000000  1.0
    0.125541   -0.722899  0.000000  1.0
    0.125541   -0.720899  0.000000  1.0
    0.125541   -0.718899  0.000000  1.0
    0.125541   -0.716899  0.000000  1.0
    0.125541   -0.714899  0.000000  1.0
    0.125541   -0.712899  0.000000  1.0
    0.125541   -0.710899  0.000000  1.0
    0.125541   -0.708899  0.000000  1.0
    0.125541   -0.706899  0.000000  1.0
    0.125541   -0.704899  0.000000  1.0
    0.125541   -0.702899  0.000000  1.0
    0.125541   -0.700899  0.000000  1.0
    0.125541   -0.698899  0.000000  1.0
    0.125541   -0.696899  0.000000  1.0
    0.125541   -0.694899  0.000000  1.0
    0.125541   -0.692899  0.000000  1.0
    0.125541   -0.690899  0.000000  1.0
    0.127541   -0.770899  0.000000  1.0
    0.127541   -0.768899  0.000000  1.0
    0.127541   -0.766899  0.000000  1.0
    0.127541   -0.764899  0.000000  1.0
    0.127541   -0.762899  0.000000  1.0
    0.127541   -0.760899  0.000000  1.0
    0.127541   -0.758899  0.000000  1.0
    0.127541   -0.756899  0.000000  1.0
    0.127541   -0.754899  0.000000  1.0
    0.127541   -0.752899  0.000000  1.0
    0.127541   -0.750899  0.000000  1.0
    0.127541   -0.748899  0.000000  1.0
    0.127541   -0.746899  0.000000  1.0
    0.127541   -0.744899  0.000000  1.0
    0.127541   -0.742899  0.000000  1.0
    0.127541   -0.740899  0.000000  1.0
    0.127541   -0.738899  0.000000  1.0
    0.127541   -0.736899  0.000000  1.0
    0.127541   -0.734899  0.000000  1.0
    0.127541   -0.732899  0.000000  1.0
    0.127541   -0.730899  0.000000  1.0
    0.127541   -0.728899  0.000000  1.0
    0.127541   -0.726899  0.000000  1.0
    0.127541   -0.724899  0.000000  1.0
    0.127541   -0.722899  0.000000  1.0
    0.127541   -0.720899  0.000000  1.0
    0.127541   -0.718899  0.000000  1.0
    0.127541   -0.716899  0.000000  1.0
    0.127541   -0.714899  0.000000  1.0
    0.127541   -0.712899  0.000000  1.0
    0.127541   -0.710899  0.000000  1.0
    0.127541   -0.708899  0.000000  1.0
    0.127541   -0.706899  0.000000  1.0
    0.127541   -0.704899  0.000000  1.0
    0.127541   -0.702899  0.000000  1.0
    0.127541   -0.700899  0.000000  1.0
    0.127541   -0.698899  0.000000  1.0
    0.127541   -0.696899  0.000000  1.0
    0.127541   -0.694899  0.000000  1.0
    0.127541   -0.692899  0.000000  1.0
    0.127541   -0.690899  0.000000  1.0
    0.129541   -0.770899  0.000000  1.0
    0.129541   -0.768899  0.000000  1.0
    0.129541   -0.766899  0.000000  1.0
    0.129541   -0.764899  0.000000  1.0
    0.129541   -0.762899  0.000000  1.0
    0.129541   -0.760899  0.000000  1.0
    0.129541   -0.758899  0.000000  1.0
    0.129541   -0.756899  0.000000  1.0
    0.129541   -0.754899  0.000000  1.0
    0.129541   -0.752899  0.000000  1.0
    0.129541   -0.750899  0.000000  1.0
    0.129541   -0.748899  0.000000  1.0
    0.129541   -0.746899  0.000000  1.0
    0.129541   -0.744899  0.000000  1.0
    0.129541   -0.742899  0.000000  1.0
    0.129541   -0.740899  0.000000  1.0
    0.129541   -0.738899  0.000000  1.0
    0.129541   -0.736899  0.000000  1.0
    0.129541   -0.734899  0.000000  1.0
    0.129541   -0.732899  0.000000  1.0
    0.129541   -0.730899  0.000000  1.0
    0.129541   -0.728899  0.000000  1.0
    0.129541   -0.726899  0.000000  1.0
    0.129541   -0.724899  0.000000  1.0
    0.129541   -0.722899  0.000000  1.0
    0.129541   -0.720899  0.000000  1.0
    0.129541   -0.718899  0.000000  1.0
    0.129541   -0.716899  0.000000  1.0
    0.129541   -0.714899  0.000000  1.0
    0.129541   -0.712899  0.000000  1.0
    0.129541   -0.710899  0.000000  1.0
    0.129541   -0.708899  0.000000  1.0
    0.129541   -0.706899  0.000000  1.0
    0.129541   -0.704899  0.000000  1.0
    0.129541   -0.702899  0.000000  1.0
    0.129541   -0.700899  0.000000  1.0
    0.129541   -0.698899  0.000000  1.0
    0.129541   -0.696899  0.000000  1.0
    0.129541   -0.694899  0.000000  1.0
    0.129541   -0.692899  0.000000  1.0
    0.129541   -0.690899  0.000000  1.0
    0.131541   -0.770899  0.000000  1.0
    0.131541   -0.768899  0.000000  1.0
    0.131541   -0.766899  0.000000  1.0
    0.131541   -0.764899  0.000000  1.0
    0.131541   -0.762899  0.000000  1.0
    0.131541   -0.760899  0.000000  1.0
    0.131541   -0.758899  0.000000  1.0
    0.131541   -0.756899  0.000000  1.0
    0.131541   -0.754899  0.000000  1.0
    0.131541   -0.752899  0.000000  1.0
    0.131541   -0.750899  0.000000  1.0
    0.131541   -0.748899  0.000000  1.0
    0.131541   -0.746899  0.000000  1.0
    0.131541   -0.744899  0.000000  1.0
    0.131541   -0.742899  0.000000  1.0
    0.131541   -0.740899  0.000000  1.0
    0.131541   -0.738899  0.000000  1.0
    0.131541   -0.736899  0.000000  1.0
    0.131541   -0.734899  0.000000  1.0
    0.131541   -0.732899  0.000000  1.0
    0.131541   -0.730899  0.000000  1.0
    0.131541   -0.728899  0.000000  1.0
    0.131541   -0.726899  0.000000  1.0
    0.131541   -0.724899  0.000000  1.0
    0.131541   -0.722899  0.000000  1.0
    0.131541   -0.720899  0.000000  1.0
    0.131541   -0.718899  0.000000  1.0
    0.131541   -0.716899  0.000000  1.0
    0.131541   -0.714899  0.000000  1.0
    0.131541   -0.712899  0.000000  1.0
    0.131541   -0.710899  0.000000  1.0
    0.131541   -0.708899  0.000000  1.0
    0.131541   -0.706899  0.000000  1.0
    0.131541   -0.704899  0.000000  1.0
    0.131541   -0.702899  0.000000  1.0
    0.131541   -0.700899  0.000000  1.0
    0.131541   -0.698899  0.000000  1.0
    0.131541   -0.696899  0.000000  1.0
    0.131541   -0.694899  0.000000  1.0
    0.131541   -0.692899  0.000000  1.0
    0.131541   -0.690899  0.000000  1.0
    0.133541   -0.770899  0.000000  1.0
    0.133541   -0.768899  0.000000  1.0
    0.133541   -0.766899  0.000000  1.0
    0.133541   -0.764899  0.000000  1.0
    0.133541   -0.762899  0.000000  1.0
    0.133541   -0.760899  0.000000  1.0
    0.133541   -0.758899  0.000000  1.0
    0.133541   -0.756899  0.000000  1.0
    0.133541   -0.754899  0.000000  1.0
    0.133541   -0.752899  0.000000  1.0
    0.133541   -0.750899  0.000000  1.0
    0.133541   -0.748899  0.000000  1.0
    0.133541   -0.746899  0.000000  1.0
    0.133541   -0.744899  0.000000  1.0
    0.133541   -0.742899  0.000000  1.0
    0.133541   -0.740899  0.000000  1.0
    0.133541   -0.738899  0.000000  1.0
    0.133541   -0.736899  0.000000  1.0
    0.133541   -0.734899  0.000000  1.0
    0.133541   -0.732899  0.000000  1.0
    0.133541   -0.730899  0.000000  1.0
    0.133541   -0.728899  0.000000  1.0
    0.133541   -0.726899  0.000000  1.0
    0.133541   -0.724899  0.000000  1.0
    0.133541   -0.722899  0.000000  1.0
    0.133541   -0.720899  0.000000  1.0
    0.133541   -0.718899  0.000000  1.0
    0.133541   -0.716899  0.000000  1.0
    0.133541   -0.714899  0.000000  1.0
    0.133541   -0.712899  0.000000  1.0
    0.133541   -0.710899  0.000000  1.0
    0.133541   -0.708899  0.000000  1.0
    0.133541   -0.706899  0.000000  1.0
    0.133541   -0.704899  0.000000  1.0
    0.133541   -0.702899  0.000000  1.0
    0.133541   -0.700899  0.000000  1.0
    0.133541   -0.698899  0.000000  1.0
    0.133541   -0.696899  0.000000  1.0
    0.133541   -0.694899  0.000000  1.0
    0.133541   -0.692899  0.000000  1.0
    0.133541   -0.690899  0.000000  1.0
    0.135541   -0.770899  0.000000  1.0
    0.135541   -0.768899  0.000000  1.0
    0.135541   -0.766899  0.000000  1.0
    0.135541   -0.764899  0.000000  1.0
    0.135541   -0.762899  0.000000  1.0
    0.135541   -0.760899  0.000000  1.0
    0.135541   -0.758899  0.000000  1.0
    0.135541   -0.756899  0.000000  1.0
    0.135541   -0.754899  0.000000  1.0
    0.135541   -0.752899  0.000000  1.0
    0.135541   -0.750899  0.000000  1.0
    0.135541   -0.748899  0.000000  1.0
    0.135541   -0.746899  0.000000  1.0
    0.135541   -0.744899  0.000000  1.0
    0.135541   -0.742899  0.000000  1.0
    0.135541   -0.740899  0.000000  1.0
    0.135541   -0.738899  0.000000  1.0
    0.135541   -0.736899  0.000000  1.0
    0.135541   -0.734899  0.000000  1.0
    0.135541   -0.732899  0.000000  1.0
    0.135541   -0.730899  0.000000  1.0
    0.135541   -0.728899  0.000000  1.0
    0.135541   -0.726899  0.000000  1.0
    0.135541   -0.724899  0.000000  1.0
    0.135541   -0.722899  0.000000  1.0
    0.135541   -0.720899  0.000000  1.0
    0.135541   -0.718899  0.000000  1.0
    0.135541   -0.716899  0.000000  1.0
    0.135541   -0.714899  0.000000  1.0
    0.135541   -0.712899  0.000000  1.0
    0.135541   -0.710899  0.000000  1.0
    0.135541   -0.708899  0.000000  1.0
    0.135541   -0.706899  0.000000  1.0
    0.135541   -0.704899  0.000000  1.0
    0.135541   -0.702899  0.000000  1.0
    0.135541   -0.700899  0.000000  1.0
    0.135541   -0.698899  0.000000  1.0
    0.135541   -0.696899  0.000000  1.0
    0.135541   -0.694899  0.000000  1.0
    0.135541   -0.692899  0.000000  1.0
    0.135541   -0.690899  0.000000  1.0
    0.137541   -0.770899  0.000000  1.0
    0.137541   -0.768899  0.000000  1.0
    0.137541   -0.766899  0.000000  1.0
    0.137541   -0.764899  0.000000  1.0
    0.137541   -0.762899  0.000000  1.0
    0.137541   -0.760899  0.000000  1.0
    0.137541   -0.758899  0.000000  1.0
    0.137541   -0.756899  0.000000  1.0
    0.137541   -0.754899  0.000000  1.0
    0.137541   -0.752899  0.000000  1.0
    0.137541   -0.750899  0.000000  1.0
    0.137541   -0.748899  0.000000  1.0
    0.137541   -0.746899  0.000000  1.0
    0.137541   -0.744899  0.000000  1.0
    0.137541   -0.742899  0.000000  1.0
    0.137541   -0.740899  0.000000  1.0
    0.137541   -0.738899  0.000000  1.0
    0.137541   -0.736899  0.000000  1.0
    0.137541   -0.734899  0.000000  1.0
    0.137541   -0.732899  0.000000  1.0
    0.137541   -0.730899  0.000000  1.0
    0.137541   -0.728899  0.000000  1.0
    0.137541   -0.726899  0.000000  1.0
    0.137541   -0.724899  0.000000  1.0
    0.137541   -0.722899  0.000000  1.0
    0.137541   -0.720899  0.000000  1.0
    0.137541   -0.718899  0.000000  1.0
    0.137541   -0.716899  0.000000  1.0
    0.137541   -0.714899  0.000000  1.0
    0.137541   -0.712899  0.000000  1.0
    0.137541   -0.710899  0.000000  1.0
    0.137541   -0.708899  0.000000  1.0
    0.137541   -0.706899  0.000000  1.0
    0.137541   -0.704899  0.000000  1.0
    0.137541   -0.702899  0.000000  1.0
    0.137541   -0.700899  0.000000  1.0
    0.137541   -0.698899  0.000000  1.0
    0.137541   -0.696899  0.000000  1.0
    0.137541   -0.694899  0.000000  1.0
    0.137541   -0.692899  0.000000  1.0
    0.137541   -0.690899  0.000000  1.0
    0.139541   -0.770899  0.000000  1.0
    0.139541   -0.768899  0.000000  1.0
    0.139541   -0.766899  0.000000  1.0
    0.139541   -0.764899  0.000000  1.0
    0.139541   -0.762899  0.000000  1.0
    0.139541   -0.760899  0.000000  1.0
    0.139541   -0.758899  0.000000  1.0
    0.139541   -0.756899  0.000000  1.0
    0.139541   -0.754899  0.000000  1.0
    0.139541   -0.752899  0.000000  1.0
    0.139541   -0.750899  0.000000  1.0
    0.139541   -0.748899  0.000000  1.0
    0.139541   -0.746899  0.000000  1.0
    0.139541   -0.744899  0.000000  1.0
    0.139541   -0.742899  0.000000  1.0
    0.139541   -0.740899  0.000000  1.0
    0.139541   -0.738899  0.000000  1.0
    0.139541   -0.736899  0.000000  1.0
    0.139541   -0.734899  0.000000  1.0
    0.139541   -0.732899  0.000000  1.0
    0.139541   -0.730899  0.000000  1.0
    0.139541   -0.728899  0.000000  1.0
    0.139541   -0.726899  0.000000  1.0
    0.139541   -0.724899  0.000000  1.0
    0.139541   -0.722899  0.000000  1.0
    0.139541   -0.720899  0.000000  1.0
    0.139541   -0.718899  0.000000  1.0
    0.139541   -0.716899  0.000000  1.0
    0.139541   -0.714899  0.000000  1.0
    0.139541   -0.712899  0.000000  1.0
    0.139541   -0.710899  0.000000  1.0
    0.139541   -0.708899  0.000000  1.0
    0.139541   -0.706899  0.000000  1.0
    0.139541   -0.704899  0.000000  1.0
    0.139541   -0.702899  0.000000  1.0
    0.139541   -0.700899  0.000000  1.0
    0.139541   -0.698899  0.000000  1.0
    0.139541   -0.696899  0.000000  1.0
    0.139541   -0.694899  0.000000  1.0
    0.139541   -0.692899  0.000000  1.0
    0.139541   -0.690899  0.000000  1.0
    0.141541   -0.770899  0.000000  1.0
    0.141541   -0.768899  0.000000  1.0
    0.141541   -0.766899  0.000000  1.0
    0.141541   -0.764899  0.000000  1.0
    0.141541   -0.762899  0.000000  1.0
    0.141541   -0.760899  0.000000  1.0
    0.141541   -0.758899  0.000000  1.0
    0.141541   -0.756899  0.000000  1.0
    0.141541   -0.754899  0.000000  1.0
    0.141541   -0.752899  0.000000  1.0
    0.141541   -0.750899  0.000000  1.0
    0.141541   -0.748899  0.000000  1.0
    0.141541   -0.746899  0.000000  1.0
    0.141541   -0.744899  0.000000  1.0
    0.141541   -0.742899  0.000000  1.0
    0.141541   -0.740899  0.000000  1.0
    0.141541   -0.738899  0.000000  1.0
    0.141541   -0.736899  0.000000  1.0
    0.141541   -0.734899  0.000000  1.0
    0.141541   -0.732899  0.000000  1.0
    0.141541   -0.730899  0.000000  1.0
    0.141541   -0.728899  0.000000  1.0
    0.141541   -0.726899  0.000000  1.0
    0.141541   -0.724899  0.000000  1.0
    0.141541   -0.722899  0.000000  1.0
    0.141541   -0.720899  0.000000  1.0
    0.141541   -0.718899  0.000000  1.0
    0.141541   -0.716899  0.000000  1.0
    0.141541   -0.714899  0.000000  1.0
    0.141541   -0.712899  0.000000  1.0
    0.141541   -0.710899  0.000000  1.0
    0.141541   -0.708899  0.000000  1.0
    0.141541   -0.706899  0.000000  1.0
    0.141541   -0.704899  0.000000  1.0
    0.141541   -0.702899  0.000000  1.0
    0.141541   -0.700899  0.000000  1.0
    0.141541   -0.698899  0.000000  1.0
    0.141541   -0.696899  0.000000  1.0
    0.141541   -0.694899  0.000000  1.0
    0.141541   -0.692899  0.000000  1.0
    0.141541   -0.690899  0.000000  1.0
    0.143541   -0.770899  0.000000  1.0
    0.143541   -0.768899  0.000000  1.0
    0.143541   -0.766899  0.000000  1.0
    0.143541   -0.764899  0.000000  1.0
    0.143541   -0.762899  0.000000  1.0
    0.143541   -0.760899  0.000000  1.0
    0.143541   -0.758899  0.000000  1.0
    0.143541   -0.756899  0.000000  1.0
    0.143541   -0.754899  0.000000  1.0
    0.143541   -0.752899  0.000000  1.0
    0.143541   -0.750899  0.000000  1.0
    0.143541   -0.748899  0.000000  1.0
    0.143541   -0.746899  0.000000  1.0
    0.143541   -0.744899  0.000000  1.0
    0.143541   -0.742899  0.000000  1.0
    0.143541   -0.740899  0.000000  1.0
    0.143541   -0.738899  0.000000  1.0
    0.143541   -0.736899  0.000000  1.0
    0.143541   -0.734899  0.000000  1.0
    0.143541   -0.732899  0.000000  1.0
    0.143541   -0.730899  0.000000  1.0
    0.143541   -0.728899  0.000000  1.0
    0.143541   -0.726899  0.000000  1.0
    0.143541   -0.724899  0.000000  1.0
    0.143541   -0.722899  0.000000  1.0
    0.143541   -0.720899  0.000000  1.0
    0.143541   -0.718899  0.000000  1.0
    0.143541   -0.716899  0.000000  1.0
    0.143541   -0.714899  0.000000  1.0
    0.143541   -0.712899  0.000000  1.0
    0.143541   -0.710899  0.000000  1.0
    0.143541   -0.708899  0.000000  1.0
    0.143541   -0.706899  0.000000  1.0
    0.143541   -0.704899  0.000000  1.0
    0.143541   -0.702899  0.000000  1.0
    0.143541   -0.700899  0.000000  1.0
    0.143541   -0.698899  0.000000  1.0
    0.143541   -0.696899  0.000000  1.0
    0.143541   -0.694899  0.000000  1.0
    0.143541   -0.692899  0.000000  1.0
    0.143541   -0.690899  0.000000  1.0
    0.145541   -0.770899  0.000000  1.0
    0.145541   -0.768899  0.000000  1.0
    0.145541   -0.766899  0.000000  1.0
    0.145541   -0.764899  0.000000  1.0
    0.145541   -0.762899  0.000000  1.0
    0.145541   -0.760899  0.000000  1.0
    0.145541   -0.758899  0.000000  1.0
    0.145541   -0.756899  0.000000  1.0
    0.145541   -0.754899  0.000000  1.0
    0.145541   -0.752899  0.000000  1.0
    0.145541   -0.750899  0.000000  1.0
    0.145541   -0.748899  0.000000  1.0
    0.145541   -0.746899  0.000000  1.0
    0.145541   -0.744899  0.000000  1.0
    0.145541   -0.742899  0.000000  1.0
    0.145541   -0.740899  0.000000  1.0
    0.145541   -0.738899  0.000000  1.0
    0.145541   -0.736899  0.000000  1.0
    0.145541   -0.734899  0.000000  1.0
    0.145541   -0.732899  0.000000  1.0
    0.145541   -0.730899  0.000000  1.0
    0.145541   -0.728899  0.000000  1.0
    0.145541   -0.726899  0.000000  1.0
    0.145541   -0.724899  0.000000  1.0
    0.145541   -0.722899  0.000000  1.0
    0.145541   -0.720899  0.000000  1.0
    0.145541   -0.718899  0.000000  1.0
    0.145541   -0.716899  0.000000  1.0
    0.145541   -0.714899  0.000000  1.0
    0.145541   -0.712899  0.000000  1.0
    0.145541   -0.710899  0.000000  1.0
    0.145541   -0.708899  0.000000  1.0
    0.145541   -0.706899  0.000000  1.0
    0.145541   -0.704899  0.000000  1.0
    0.145541   -0.702899  0.000000  1.0
    0.145541   -0.700899  0.000000  1.0
    0.145541   -0.698899  0.000000  1.0
    0.145541   -0.696899  0.000000  1.0
    0.145541   -0.694899  0.000000  1.0
    0.145541   -0.692899  0.000000  1.0
    0.145541   -0.690899  0.000000  1.0
    0.147541   -0.770899  0.000000  1.0
    0.147541   -0.768899  0.000000  1.0
    0.147541   -0.766899  0.000000  1.0
    0.147541   -0.764899  0.000000  1.0
    0.147541   -0.762899  0.000000  1.0
    0.147541   -0.760899  0.000000  1.0
    0.147541   -0.758899  0.000000  1.0
    0.147541   -0.756899  0.000000  1.0
    0.147541   -0.754899  0.000000  1.0
    0.147541   -0.752899  0.000000  1.0
    0.147541   -0.750899  0.000000  1.0
    0.147541   -0.748899  0.000000  1.0
    0.147541   -0.746899  0.000000  1.0
    0.147541   -0.744899  0.000000  1.0
    0.147541   -0.742899  0.000000  1.0
    0.147541   -0.740899  0.000000  1.0
    0.147541   -0.738899  0.000000  1.0
    0.147541   -0.736899  0.000000  1.0
    0.147541   -0.734899  0.000000  1.0
    0.147541   -0.732899  0.000000  1.0
    0.147541   -0.730899  0.000000  1.0
    0.147541   -0.728899  0.000000  1.0
    0.147541   -0.726899  0.000000  1.0
    0.147541   -0.724899  0.000000  1.0
    0.147541   -0.722899  0.000000  1.0
    0.147541   -0.720899  0.000000  1.0
    0.147541   -0.718899  0.000000  1.0
    0.147541   -0.716899  0.000000  1.0
    0.147541   -0.714899  0.000000  1.0
    0.147541   -0.712899  0.000000  1.0
    0.147541   -0.710899  0.000000  1.0
    0.147541   -0.708899  0.000000  1.0
    0.147541   -0.706899  0.000000  1.0
    0.147541   -0.704899  0.000000  1.0
    0.147541   -0.702899  0.000000  1.0
    0.147541   -0.700899  0.000000  1.0
    0.147541   -0.698899  0.000000  1.0
    0.147541   -0.696899  0.000000  1.0
    0.147541   -0.694899  0.000000  1.0
    0.147541   -0.692899  0.000000  1.0
    0.147541   -0.690899  0.000000  1.0
    0.149541   -0.770899  0.000000  1.0
    0.149541   -0.768899  0.000000  1.0
    0.149541   -0.766899  0.000000  1.0
    0.149541   -0.764899  0.000000  1.0
    0.149541   -0.762899  0.000000  1.0
    0.149541   -0.760899  0.000000  1.0
    0.149541   -0.758899  0.000000  1.0
    0.149541   -0.756899  0.000000  1.0
    0.149541   -0.754899  0.000000  1.0
    0.149541   -0.752899  0.000000  1.0
    0.149541   -0.750899  0.000000  1.0
    0.149541   -0.748899  0.000000  1.0
    0.149541   -0.746899  0.000000  1.0
    0.149541   -0.744899  0.000000  1.0
    0.149541   -0.742899  0.000000  1.0
    0.149541   -0.740899  0.000000  1.0
    0.149541   -0.738899  0.000000  1.0
    0.149541   -0.736899  0.000000  1.0
    0.149541   -0.734899  0.000000  1.0
    0.149541   -0.732899  0.000000  1.0
    0.149541   -0.730899  0.000000  1.0
    0.149541   -0.728899  0.000000  1.0
    0.149541   -0.726899  0.000000  1.0
    0.149541   -0.724899  0.000000  1.0
    0.149541   -0.722899  0.000000  1.0
    0.149541   -0.720899  0.000000  1.0
    0.149541   -0.718899  0.000000  1.0
    0.149541   -0.716899  0.000000  1.0
    0.149541   -0.714899  0.000000  1.0
    0.149541   -0.712899  0.000000  1.0
    0.149541   -0.710899  0.000000  1.0
    0.149541   -0.708899  0.000000  1.0
    0.149541   -0.706899  0.000000  1.0
    0.149541   -0.704899  0.000000  1.0
    0.149541   -0.702899  0.000000  1.0
    0.149541   -0.700899  0.000000  1.0
    0.149541   -0.698899  0.000000  1.0
    0.149541   -0.696899  0.000000  1.0
    0.149541   -0.694899  0.000000  1.0
    0.149541   -0.692899  0.000000  1.0
    0.149541   -0.690899  0.000000  1.0
    0.151541   -0.770899  0.000000  1.0
    0.151541   -0.768899  0.000000  1.0
    0.151541   -0.766899  0.000000  1.0
    0.151541   -0.764899  0.000000  1.0
    0.151541   -0.762899  0.000000  1.0
    0.151541   -0.760899  0.000000  1.0
    0.151541   -0.758899  0.000000  1.0
    0.151541   -0.756899  0.000000  1.0
    0.151541   -0.754899  0.000000  1.0
    0.151541   -0.752899  0.000000  1.0
    0.151541   -0.750899  0.000000  1.0
    0.151541   -0.748899  0.000000  1.0
    0.151541   -0.746899  0.000000  1.0
    0.151541   -0.744899  0.000000  1.0
    0.151541   -0.742899  0.000000  1.0
    0.151541   -0.740899  0.000000  1.0
    0.151541   -0.738899  0.000000  1.0
    0.151541   -0.736899  0.000000  1.0
    0.151541   -0.734899  0.000000  1.0
    0.151541   -0.732899  0.000000  1.0
    0.151541   -0.730899  0.000000  1.0
    0.151541   -0.728899  0.000000  1.0
    0.151541   -0.726899  0.000000  1.0
    0.151541   -0.724899  0.000000  1.0
    0.151541   -0.722899  0.000000  1.0
    0.151541   -0.720899  0.000000  1.0
    0.151541   -0.718899  0.000000  1.0
    0.151541   -0.716899  0.000000  1.0
    0.151541   -0.714899  0.000000  1.0
    0.151541   -0.712899  0.000000  1.0
    0.151541   -0.710899  0.000000  1.0
    0.151541   -0.708899  0.000000  1.0
    0.151541   -0.706899  0.000000  1.0
    0.151541   -0.704899  0.000000  1.0
    0.151541   -0.702899  0.000000  1.0
    0.151541   -0.700899  0.000000  1.0
    0.151541   -0.698899  0.000000  1.0
    0.151541   -0.696899  0.000000  1.0
    0.151541   -0.694899  0.000000  1.0
    0.151541   -0.692899  0.000000  1.0
    0.151541   -0.690899  0.000000  1.0
    0.153541   -0.770899  0.000000  1.0
    0.153541   -0.768899  0.000000  1.0
    0.153541   -0.766899  0.000000  1.0
    0.153541   -0.764899  0.000000  1.0
    0.153541   -0.762899  0.000000  1.0
    0.153541   -0.760899  0.000000  1.0
    0.153541   -0.758899  0.000000  1.0
    0.153541   -0.756899  0.000000  1.0
    0.153541   -0.754899  0.000000  1.0
    0.153541   -0.752899  0.000000  1.0
    0.153541   -0.750899  0.000000  1.0
    0.153541   -0.748899  0.000000  1.0
    0.153541   -0.746899  0.000000  1.0
    0.153541   -0.744899  0.000000  1.0
    0.153541   -0.742899  0.000000  1.0
    0.153541   -0.740899  0.000000  1.0
    0.153541   -0.738899  0.000000  1.0
    0.153541   -0.736899  0.000000  1.0
    0.153541   -0.734899  0.000000  1.0
    0.153541   -0.732899  0.000000  1.0
    0.153541   -0.730899  0.000000  1.0
    0.153541   -0.728899  0.000000  1.0
    0.153541   -0.726899  0.000000  1.0
    0.153541   -0.724899  0.000000  1.0
    0.153541   -0.722899  0.000000  1.0
    0.153541   -0.720899  0.000000  1.0
    0.153541   -0.718899  0.000000  1.0
    0.153541   -0.716899  0.000000  1.0
    0.153541   -0.714899  0.000000  1.0
    0.153541   -0.712899  0.000000  1.0
    0.153541   -0.710899  0.000000  1.0
    0.153541   -0.708899  0.000000  1.0
    0.153541   -0.706899  0.000000  1.0
    0.153541   -0.704899  0.000000  1.0
    0.153541   -0.702899  0.000000  1.0
    0.153541   -0.700899  0.000000  1.0
    0.153541   -0.698899  0.000000  1.0
    0.153541   -0.696899  0.000000  1.0
    0.153541   -0.694899  0.000000  1.0
    0.153541   -0.692899  0.000000  1.0
    0.153541   -0.690899  0.000000  1.0
    0.155541   -0.770899  0.000000  1.0
    0.155541   -0.768899  0.000000  1.0
    0.155541   -0.766899  0.000000  1.0
    0.155541   -0.764899  0.000000  1.0
    0.155541   -0.762899  0.000000  1.0
    0.155541   -0.760899  0.000000  1.0
    0.155541   -0.758899  0.000000  1.0
    0.155541   -0.756899  0.000000  1.0
    0.155541   -0.754899  0.000000  1.0
    0.155541   -0.752899  0.000000  1.0
    0.155541   -0.750899  0.000000  1.0
    0.155541   -0.748899  0.000000  1.0
    0.155541   -0.746899  0.000000  1.0
    0.155541   -0.744899  0.000000  1.0
    0.155541   -0.742899  0.000000  1.0
    0.155541   -0.740899  0.000000  1.0
    0.155541   -0.738899  0.000000  1.0
    0.155541   -0.736899  0.000000  1.0
    0.155541   -0.734899  0.000000  1.0
    0.155541   -0.732899  0.000000  1.0
    0.155541   -0.730899  0.000000  1.0
    0.155541   -0.728899  0.000000  1.0
    0.155541   -0.726899  0.000000  1.0
    0.155541   -0.724899  0.000000  1.0
    0.155541   -0.722899  0.000000  1.0
    0.155541   -0.720899  0.000000  1.0
    0.155541   -0.718899  0.000000  1.0
    0.155541   -0.716899  0.000000  1.0
    0.155541   -0.714899  0.000000  1.0
    0.155541   -0.712899  0.000000  1.0
    0.155541   -0.710899  0.000000  1.0
    0.155541   -0.708899  0.000000  1.0
    0.155541   -0.706899  0.000000  1.0
    0.155541   -0.704899  0.000000  1.0
    0.155541   -0.702899  0.000000  1.0
    0.155541   -0.700899  0.000000  1.0
    0.155541   -0.698899  0.000000  1.0
    0.155541   -0.696899  0.000000  1.0
    0.155541   -0.694899  0.000000  1.0
    0.155541   -0.692899  0.000000  1.0
    0.155541   -0.690899  0.000000  1.0
    0.157541   -0.770899  0.000000  1.0
    0.157541   -0.768899  0.000000  1.0
    0.157541   -0.766899  0.000000  1.0
    0.157541   -0.764899  0.000000  1.0
    0.157541   -0.762899  0.000000  1.0
    0.157541   -0.760899  0.000000  1.0
    0.157541   -0.758899  0.000000  1.0
    0.157541   -0.756899  0.000000  1.0
    0.157541   -0.754899  0.000000  1.0
    0.157541   -0.752899  0.000000  1.0
    0.157541   -0.750899  0.000000  1.0
    0.157541   -0.748899  0.000000  1.0
    0.157541   -0.746899  0.000000  1.0
    0.157541   -0.744899  0.000000  1.0
    0.157541   -0.742899  0.000000  1.0
    0.157541   -0.740899  0.000000  1.0
    0.157541   -0.738899  0.000000  1.0
    0.157541   -0.736899  0.000000  1.0
    0.157541   -0.734899  0.000000  1.0
    0.157541   -0.732899  0.000000  1.0
    0.157541   -0.730899  0.000000  1.0
    0.157541   -0.728899  0.000000  1.0
    0.157541   -0.726899  0.000000  1.0
    0.157541   -0.724899  0.000000  1.0
    0.157541   -0.722899  0.000000  1.0
    0.157541   -0.720899  0.000000  1.0
    0.157541   -0.718899  0.000000  1.0
    0.157541   -0.716899  0.000000  1.0
    0.157541   -0.714899  0.000000  1.0
    0.157541   -0.712899  0.000000  1.0
    0.157541   -0.710899  0.000000  1.0
    0.157541   -0.708899  0.000000  1.0
    0.157541   -0.706899  0.000000  1.0
    0.157541   -0.704899  0.000000  1.0
    0.157541   -0.702899  0.000000  1.0
    0.157541   -0.700899  0.000000  1.0
    0.157541   -0.698899  0.000000  1.0
    0.157541   -0.696899  0.000000  1.0
    0.157541   -0.694899  0.000000  1.0
    0.157541   -0.692899  0.000000  1.0
    0.157541   -0.690899  0.000000  1.0
    0.159541   -0.770899  0.000000  1.0
    0.159541   -0.768899  0.000000  1.0
    0.159541   -0.766899  0.000000  1.0
    0.159541   -0.764899  0.000000  1.0
    0.159541   -0.762899  0.000000  1.0
    0.159541   -0.760899  0.000000  1.0
    0.159541   -0.758899  0.000000  1.0
    0.159541   -0.756899  0.000000  1.0
    0.159541   -0.754899  0.000000  1.0
    0.159541   -0.752899  0.000000  1.0
    0.159541   -0.750899  0.000000  1.0
    0.159541   -0.748899  0.000000  1.0
    0.159541   -0.746899  0.000000  1.0
    0.159541   -0.744899  0.000000  1.0
    0.159541   -0.742899  0.000000  1.0
    0.159541   -0.740899  0.000000  1.0
    0.159541   -0.738899  0.000000  1.0
    0.159541   -0.736899  0.000000  1.0
    0.159541   -0.734899  0.000000  1.0
    0.159541   -0.732899  0.000000  1.0
    0.159541   -0.730899  0.000000  1.0
    0.159541   -0.728899  0.000000  1.0
    0.159541   -0.726899  0.000000  1.0
    0.159541   -0.724899  0.000000  1.0
    0.159541   -0.722899  0.000000  1.0
    0.159541   -0.720899  0.000000  1.0
    0.159541   -0.718899  0.000000  1.0
    0.159541   -0.716899  0.000000  1.0
    0.159541   -0.714899  0.000000  1.0
    0.159541   -0.712899  0.000000  1.0
    0.159541   -0.710899  0.000000  1.0
    0.159541   -0.708899  0.000000  1.0
    0.159541   -0.706899  0.000000  1.0
    0.159541   -0.704899  0.000000  1.0
    0.159541   -0.702899  0.000000  1.0
    0.159541   -0.700899  0.000000  1.0
    0.159541   -0.698899  0.000000  1.0
    0.159541   -0.696899  0.000000  1.0
    0.159541   -0.694899  0.000000  1.0
    0.159541   -0.692899  0.000000  1.0
    0.159541   -0.690899  0.000000  1.0
    0.161541   -0.770899  0.000000  1.0
    0.161541   -0.768899  0.000000  1.0
    0.161541   -0.766899  0.000000  1.0
    0.161541   -0.764899  0.000000  1.0
    0.161541   -0.762899  0.000000  1.0
    0.161541   -0.760899  0.000000  1.0
    0.161541   -0.758899  0.000000  1.0
    0.161541   -0.756899  0.000000  1.0
    0.161541   -0.754899  0.000000  1.0
    0.161541   -0.752899  0.000000  1.0
    0.161541   -0.750899  0.000000  1.0
    0.161541   -0.748899  0.000000  1.0
    0.161541   -0.746899  0.000000  1.0
    0.161541   -0.744899  0.000000  1.0
    0.161541   -0.742899  0.000000  1.0
    0.161541   -0.740899  0.000000  1.0
    0.161541   -0.738899  0.000000  1.0
    0.161541   -0.736899  0.000000  1.0
    0.161541   -0.734899  0.000000  1.0
    0.161541   -0.732899  0.000000  1.0
    0.161541   -0.730899  0.000000  1.0
    0.161541   -0.728899  0.000000  1.0
    0.161541   -0.726899  0.000000  1.0
    0.161541   -0.724899  0.000000  1.0
    0.161541   -0.722899  0.000000  1.0
    0.161541   -0.720899  0.000000  1.0
    0.161541   -0.718899  0.000000  1.0
    0.161541   -0.716899  0.000000  1.0
    0.161541   -0.714899  0.000000  1.0
    0.161541   -0.712899  0.000000  1.0
    0.161541   -0.710899  0.000000  1.0
    0.161541   -0.708899  0.000000  1.0
    0.161541   -0.706899  0.000000  1.0
    0.161541   -0.704899  0.000000  1.0
    0.161541   -0.702899  0.000000  1.0
    0.161541   -0.700899  0.000000  1.0
    0.161541   -0.698899  0.000000  1.0
    0.161541   -0.696899  0.000000  1.0
    0.161541   -0.694899  0.000000  1.0
    0.161541   -0.692899  0.000000  1.0
    0.161541   -0.690899  0.000000  1.0
    0.163541   -0.770899  0.000000  1.0
    0.163541   -0.768899  0.000000  1.0
    0.163541   -0.766899  0.000000  1.0
    0.163541   -0.764899  0.000000  1.0
    0.163541   -0.762899  0.000000  1.0
    0.163541   -0.760899  0.000000  1.0
    0.163541   -0.758899  0.000000  1.0
    0.163541   -0.756899  0.000000  1.0
    0.163541   -0.754899  0.000000  1.0
    0.163541   -0.752899  0.000000  1.0
    0.163541   -0.750899  0.000000  1.0
    0.163541   -0.748899  0.000000  1.0
    0.163541   -0.746899  0.000000  1.0
    0.163541   -0.744899  0.000000  1.0
    0.163541   -0.742899  0.000000  1.0
    0.163541   -0.740899  0.000000  1.0
    0.163541   -0.738899  0.000000  1.0
    0.163541   -0.736899  0.000000  1.0
    0.163541   -0.734899  0.000000  1.0
    0.163541   -0.732899  0.000000  1.0
    0.163541   -0.730899  0.000000  1.0
    0.163541   -0.728899  0.000000  1.0
    0.163541   -0.726899  0.000000  1.0
    0.163541   -0.724899  0.000000  1.0
    0.163541   -0.722899  0.000000  1.0
    0.163541   -0.720899  0.000000  1.0
    0.163541   -0.718899  0.000000  1.0
    0.163541   -0.716899  0.000000  1.0
    0.163541   -0.714899  0.000000  1.0
    0.163541   -0.712899  0.000000  1.0
    0.163541   -0.710899  0.000000  1.0
    0.163541   -0.708899  0.000000  1.0
    0.163541   -0.706899  0.000000  1.0
    0.163541   -0.704899  0.000000  1.0
    0.163541   -0.702899  0.000000  1.0
    0.163541   -0.700899  0.000000  1.0
    0.163541   -0.698899  0.000000  1.0
    0.163541   -0.696899  0.000000  1.0
    0.163541   -0.694899  0.000000  1.0
    0.163541   -0.692899  0.000000  1.0
    0.163541   -0.690899  0.000000  1.0
    0.165541   -0.770899  0.000000  1.0
    0.165541   -0.768899  0.000000  1.0
    0.165541   -0.766899  0.000000  1.0
    0.165541   -0.764899  0.000000  1.0
    0.165541   -0.762899  0.000000  1.0
    0.165541   -0.760899  0.000000  1.0
    0.165541   -0.758899  0.000000  1.0
    0.165541   -0.756899  0.000000  1.0
    0.165541   -0.754899  0.000000  1.0
    0.165541   -0.752899  0.000000  1.0
    0.165541   -0.750899  0.000000  1.0
    0.165541   -0.748899  0.000000  1.0
    0.165541   -0.746899  0.000000  1.0
    0.165541   -0.744899  0.000000  1.0
    0.165541   -0.742899  0.000000  1.0
    0.165541   -0.740899  0.000000  1.0
    0.165541   -0.738899  0.000000  1.0
    0.165541   -0.736899  0.000000  1.0
    0.165541   -0.734899  0.000000  1.0
    0.165541   -0.732899  0.000000  1.0
    0.165541   -0.730899  0.000000  1.0
    0.165541   -0.728899  0.000000  1.0
    0.165541   -0.726899  0.000000  1.0
    0.165541   -0.724899  0.000000  1.0
    0.165541   -0.722899  0.000000  1.0
    0.165541   -0.720899  0.000000  1.0
    0.165541   -0.718899  0.000000  1.0
    0.165541   -0.716899  0.000000  1.0
    0.165541   -0.714899  0.000000  1.0
    0.165541   -0.712899  0.000000  1.0
    0.165541   -0.710899  0.000000  1.0
    0.165541   -0.708899  0.000000  1.0
    0.165541   -0.706899  0.000000  1.0
    0.165541   -0.704899  0.000000  1.0
    0.165541   -0.702899  0.000000  1.0
    0.165541   -0.700899  0.000000  1.0
    0.165541   -0.698899  0.000000  1.0
    0.165541   -0.696899  0.000000  1.0
    0.165541   -0.694899  0.000000  1.0
    0.165541   -0.692899  0.000000  1.0
    0.165541   -0.690899  0.000000  1.0
    0.167541   -0.770899  0.000000  1.0
    0.167541   -0.768899  0.000000  1.0
    0.167541   -0.766899  0.000000  1.0
    0.167541   -0.764899  0.000000  1.0
    0.167541   -0.762899  0.000000  1.0
    0.167541   -0.760899  0.000000  1.0
    0.167541   -0.758899  0.000000  1.0
    0.167541   -0.756899  0.000000  1.0
    0.167541   -0.754899  0.000000  1.0
    0.167541   -0.752899  0.000000  1.0
    0.167541   -0.750899  0.000000  1.0
    0.167541   -0.748899  0.000000  1.0
    0.167541   -0.746899  0.000000  1.0
    0.167541   -0.744899  0.000000  1.0
    0.167541   -0.742899  0.000000  1.0
    0.167541   -0.740899  0.000000  1.0
    0.167541   -0.738899  0.000000  1.0
    0.167541   -0.736899  0.000000  1.0
    0.167541   -0.734899  0.000000  1.0
    0.167541   -0.732899  0.000000  1.0
    0.167541   -0.730899  0.000000  1.0
    0.167541   -0.728899  0.000000  1.0
    0.167541   -0.726899  0.000000  1.0
    0.167541   -0.724899  0.000000  1.0
    0.167541   -0.722899  0.000000  1.0
    0.167541   -0.720899  0.000000  1.0
    0.167541   -0.718899  0.000000  1.0
    0.167541   -0.716899  0.000000  1.0
    0.167541   -0.714899  0.000000  1.0
    0.167541   -0.712899  0.000000  1.0
    0.167541   -0.710899  0.000000  1.0
    0.167541   -0.708899  0.000000  1.0
    0.167541   -0.706899  0.000000  1.0
    0.167541   -0.704899  0.000000  1.0
    0.167541   -0.702899  0.000000  1.0
    0.167541   -0.700899  0.000000  1.0
    0.167541   -0.698899  0.000000  1.0
    0.167541   -0.696899  0.000000  1.0
    0.167541   -0.694899  0.000000  1.0
    0.167541   -0.692899  0.000000  1.0
    0.167541   -0.690899  0.000000  1.0
    0.169541   -0.770899  0.000000  1.0
    0.169541   -0.768899  0.000000  1.0
    0.169541   -0.766899  0.000000  1.0
    0.169541   -0.764899  0.000000  1.0
    0.169541   -0.762899  0.000000  1.0
    0.169541   -0.760899  0.000000  1.0
    0.169541   -0.758899  0.000000  1.0
    0.169541   -0.756899  0.000000  1.0
    0.169541   -0.754899  0.000000  1.0
    0.169541   -0.752899  0.000000  1.0
    0.169541   -0.750899  0.000000  1.0
    0.169541   -0.748899  0.000000  1.0
    0.169541   -0.746899  0.000000  1.0
    0.169541   -0.744899  0.000000  1.0
    0.169541   -0.742899  0.000000  1.0
    0.169541   -0.740899  0.000000  1.0
    0.169541   -0.738899  0.000000  1.0
    0.169541   -0.736899  0.000000  1.0
    0.169541   -0.734899  0.000000  1.0
    0.169541   -0.732899  0.000000  1.0
    0.169541   -0.730899  0.000000  1.0
    0.169541   -0.728899  0.000000  1.0
    0.169541   -0.726899  0.000000  1.0
    0.169541   -0.724899  0.000000  1.0
    0.169541   -0.722899  0.000000  1.0
    0.169541   -0.720899  0.000000  1.0
    0.169541   -0.718899  0.000000  1.0
    0.169541   -0.716899  0.000000  1.0
    0.169541   -0.714899  0.000000  1.0
    0.169541   -0.712899  0.000000  1.0
    0.169541   -0.710899  0.000000  1.0
    0.169541   -0.708899  0.000000  1.0
    0.169541   -0.706899  0.000000  1.0
    0.169541   -0.704899  0.000000  1.0
    0.169541   -0.702899  0.000000  1.0
    0.169541   -0.700899  0.000000  1.0
    0.169541   -0.698899  0.000000  1.0
    0.169541   -0.696899  0.000000  1.0
    0.169541   -0.694899  0.000000  1.0
    0.169541   -0.692899  0.000000  1.0
    0.169541   -0.690899  0.000000  1.0
    0.171541   -0.770899  0.000000  1.0
    0.171541   -0.768899  0.000000  1.0
    0.171541   -0.766899  0.000000  1.0
    0.171541   -0.764899  0.000000  1.0
    0.171541   -0.762899  0.000000  1.0
    0.171541   -0.760899  0.000000  1.0
    0.171541   -0.758899  0.000000  1.0
    0.171541   -0.756899  0.000000  1.0
    0.171541   -0.754899  0.000000  1.0
    0.171541   -0.752899  0.000000  1.0
    0.171541   -0.750899  0.000000  1.0
    0.171541   -0.748899  0.000000  1.0
    0.171541   -0.746899  0.000000  1.0
    0.171541   -0.744899  0.000000  1.0
    0.171541   -0.742899  0.000000  1.0
    0.171541   -0.740899  0.000000  1.0
    0.171541   -0.738899  0.000000  1.0
    0.171541   -0.736899  0.000000  1.0
    0.171541   -0.734899  0.000000  1.0
    0.171541   -0.732899  0.000000  1.0
    0.171541   -0.730899  0.000000  1.0
    0.171541   -0.728899  0.000000  1.0
    0.171541   -0.726899  0.000000  1.0
    0.171541   -0.724899  0.000000  1.0
    0.171541   -0.722899  0.000000  1.0
    0.171541   -0.720899  0.000000  1.0
    0.171541   -0.718899  0.000000  1.0
    0.171541   -0.716899  0.000000  1.0
    0.171541   -0.714899  0.000000  1.0
    0.171541   -0.712899  0.000000  1.0
    0.171541   -0.710899  0.000000  1.0
    0.171541   -0.708899  0.000000  1.0
    0.171541   -0.706899  0.000000  1.0
    0.171541   -0.704899  0.000000  1.0
    0.171541   -0.702899  0.000000  1.0
    0.171541   -0.700899  0.000000  1.0
    0.171541   -0.698899  0.000000  1.0
    0.171541   -0.696899  0.000000  1.0
    0.171541   -0.694899  0.000000  1.0
    0.171541   -0.692899  0.000000  1.0
    0.171541   -0.690899  0.000000  1.0
    0.173541   -0.770899  0.000000  1.0
    0.173541   -0.768899  0.000000  1.0
    0.173541   -0.766899  0.000000  1.0
    0.173541   -0.764899  0.000000  1.0
    0.173541   -0.762899  0.000000  1.0
    0.173541   -0.760899  0.000000  1.0
    0.173541   -0.758899  0.000000  1.0
    0.173541   -0.756899  0.000000  1.0
    0.173541   -0.754899  0.000000  1.0
    0.173541   -0.752899  0.000000  1.0
    0.173541   -0.750899  0.000000  1.0
    0.173541   -0.748899  0.000000  1.0
    0.173541   -0.746899  0.000000  1.0
    0.173541   -0.744899  0.000000  1.0
    0.173541   -0.742899  0.000000  1.0
    0.173541   -0.740899  0.000000  1.0
    0.173541   -0.738899  0.000000  1.0
    0.173541   -0.736899  0.000000  1.0
    0.173541   -0.734899  0.000000  1.0
    0.173541   -0.732899  0.000000  1.0
    0.173541   -0.730899  0.000000  1.0
    0.173541   -0.728899  0.000000  1.0
    0.173541   -0.726899  0.000000  1.0
    0.173541   -0.724899  0.000000  1.0
    0.173541   -0.722899  0.000000  1.0
    0.173541   -0.720899  0.000000  1.0
    0.173541   -0.718899  0.000000  1.0
    0.173541   -0.716899  0.000000  1.0
    0.173541   -0.714899  0.000000  1.0
    0.173541   -0.712899  0.000000  1.0
    0.173541   -0.710899  0.000000  1.0
    0.173541   -0.708899  0.000000  1.0
    0.173541   -0.706899  0.000000  1.0
    0.173541   -0.704899  0.000000  1.0
    0.173541   -0.702899  0.000000  1.0
    0.173541   -0.700899  0.000000  1.0
    0.173541   -0.698899  0.000000  1.0
    0.173541   -0.696899  0.000000  1.0
    0.173541   -0.694899  0.000000  1.0
    0.173541   -0.692899  0.000000  1.0
    0.173541   -0.690899  0.000000  1.0
    0.175541   -0.770899  0.000000  1.0
    0.175541   -0.768899  0.000000  1.0
    0.175541   -0.766899  0.000000  1.0
    0.175541   -0.764899  0.000000  1.0
    0.175541   -0.762899  0.000000  1.0
    0.175541   -0.760899  0.000000  1.0
    0.175541   -0.758899  0.000000  1.0
    0.175541   -0.756899  0.000000  1.0
    0.175541   -0.754899  0.000000  1.0
    0.175541   -0.752899  0.000000  1.0
    0.175541   -0.750899  0.000000  1.0
    0.175541   -0.748899  0.000000  1.0
    0.175541   -0.746899  0.000000  1.0
    0.175541   -0.744899  0.000000  1.0
    0.175541   -0.742899  0.000000  1.0
    0.175541   -0.740899  0.000000  1.0
    0.175541   -0.738899  0.000000  1.0
    0.175541   -0.736899  0.000000  1.0
    0.175541   -0.734899  0.000000  1.0
    0.175541   -0.732899  0.000000  1.0
    0.175541   -0.730899  0.000000  1.0
    0.175541   -0.728899  0.000000  1.0
    0.175541   -0.726899  0.000000  1.0
    0.175541   -0.724899  0.000000  1.0
    0.175541   -0.722899  0.000000  1.0
    0.175541   -0.720899  0.000000  1.0
    0.175541   -0.718899  0.000000  1.0
    0.175541   -0.716899  0.000000  1.0
    0.175541   -0.714899  0.000000  1.0
    0.175541   -0.712899  0.000000  1.0
    0.175541   -0.710899  0.000000  1.0
    0.175541   -0.708899  0.000000  1.0
    0.175541   -0.706899  0.000000  1.0
    0.175541   -0.704899  0.000000  1.0
    0.175541   -0.702899  0.000000  1.0
    0.175541   -0.700899  0.000000  1.0
    0.175541   -0.698899  0.000000  1.0
    0.175541   -0.696899  0.000000  1.0
    0.175541   -0.694899  0.000000  1.0
    0.175541   -0.692899  0.000000  1.0
    0.175541   -0.690899  0.000000  1.0
    0.177541   -0.770899  0.000000  1.0
    0.177541   -0.768899  0.000000  1.0
    0.177541   -0.766899  0.000000  1.0
    0.177541   -0.764899  0.000000  1.0
    0.177541   -0.762899  0.000000  1.0
    0.177541   -0.760899  0.000000  1.0
    0.177541   -0.758899  0.000000  1.0
    0.177541   -0.756899  0.000000  1.0
    0.177541   -0.754899  0.000000  1.0
    0.177541   -0.752899  0.000000  1.0
    0.177541   -0.750899  0.000000  1.0
    0.177541   -0.748899  0.000000  1.0
    0.177541   -0.746899  0.000000  1.0
    0.177541   -0.744899  0.000000  1.0
    0.177541   -0.742899  0.000000  1.0
    0.177541   -0.740899  0.000000  1.0
    0.177541   -0.738899  0.000000  1.0
    0.177541   -0.736899  0.000000  1.0
    0.177541   -0.734899  0.000000  1.0
    0.177541   -0.732899  0.000000  1.0
    0.177541   -0.730899  0.000000  1.0
    0.177541   -0.728899  0.000000  1.0
    0.177541   -0.726899  0.000000  1.0
    0.177541   -0.724899  0.000000  1.0
    0.177541   -0.722899  0.000000  1.0
    0.177541   -0.720899  0.000000  1.0
    0.177541   -0.718899  0.000000  1.0
    0.177541   -0.716899  0.000000  1.0
    0.177541   -0.714899  0.000000  1.0
    0.177541   -0.712899  0.000000  1.0
    0.177541   -0.710899  0.000000  1.0
    0.177541   -0.708899  0.000000  1.0
    0.177541   -0.706899  0.000000  1.0
    0.177541   -0.704899  0.000000  1.0
    0.177541   -0.702899  0.000000  1.0
    0.177541   -0.700899  0.000000  1.0
    0.177541   -0.698899  0.000000  1.0
    0.177541   -0.696899  0.000000  1.0
    0.177541   -0.694899  0.000000  1.0
    0.177541   -0.692899  0.000000  1.0
    0.177541   -0.690899  0.000000  1.0
    0.179541   -0.770899  0.000000  1.0
    0.179541   -0.768899  0.000000  1.0
    0.179541   -0.766899  0.000000  1.0
    0.179541   -0.764899  0.000000  1.0
    0.179541   -0.762899  0.000000  1.0
    0.179541   -0.760899  0.000000  1.0
    0.179541   -0.758899  0.000000  1.0
    0.179541   -0.756899  0.000000  1.0
    0.179541   -0.754899  0.000000  1.0
    0.179541   -0.752899  0.000000  1.0
    0.179541   -0.750899  0.000000  1.0
    0.179541   -0.748899  0.000000  1.0
    0.179541   -0.746899  0.000000  1.0
    0.179541   -0.744899  0.000000  1.0
    0.179541   -0.742899  0.000000  1.0
    0.179541   -0.740899  0.000000  1.0
    0.179541   -0.738899  0.000000  1.0
    0.179541   -0.736899  0.000000  1.0
    0.179541   -0.734899  0.000000  1.0
    0.179541   -0.732899  0.000000  1.0
    0.179541   -0.730899  0.000000  1.0
    0.179541   -0.728899  0.000000  1.0
    0.179541   -0.726899  0.000000  1.0
    0.179541   -0.724899  0.000000  1.0
    0.179541   -0.722899  0.000000  1.0
    0.179541   -0.720899  0.000000  1.0
    0.179541   -0.718899  0.000000  1.0
    0.179541   -0.716899  0.000000  1.0
    0.179541   -0.714899  0.000000  1.0
    0.179541   -0.712899  0.000000  1.0
    0.179541   -0.710899  0.000000  1.0
    0.179541   -0.708899  0.000000  1.0
    0.179541   -0.706899  0.000000  1.0
    0.179541   -0.704899  0.000000  1.0
    0.179541   -0.702899  0.000000  1.0
    0.179541   -0.700899  0.000000  1.0
    0.179541   -0.698899  0.000000  1.0
    0.179541   -0.696899  0.000000  1.0
    0.179541   -0.694899  0.000000  1.0
    0.179541   -0.692899  0.000000  1.0
    0.179541   -0.690899  0.000000  1.0
    0.181541   -0.770899  0.000000  1.0
    0.181541   -0.768899  0.000000  1.0
    0.181541   -0.766899  0.000000  1.0
    0.181541   -0.764899  0.000000  1.0
    0.181541   -0.762899  0.000000  1.0
    0.181541   -0.760899  0.000000  1.0
    0.181541   -0.758899  0.000000  1.0
    0.181541   -0.756899  0.000000  1.0
    0.181541   -0.754899  0.000000  1.0
    0.181541   -0.752899  0.000000  1.0
    0.181541   -0.750899  0.000000  1.0
    0.181541   -0.748899  0.000000  1.0
    0.181541   -0.746899  0.000000  1.0
    0.181541   -0.744899  0.000000  1.0
    0.181541   -0.742899  0.000000  1.0
    0.181541   -0.740899  0.000000  1.0
    0.181541   -0.738899  0.000000  1.0
    0.181541   -0.736899  0.000000  1.0
    0.181541   -0.734899  0.000000  1.0
    0.181541   -0.732899  0.000000  1.0
    0.181541   -0.730899  0.000000  1.0
    0.181541   -0.728899  0.000000  1.0
    0.181541   -0.726899  0.000000  1.0
    0.181541   -0.724899  0.000000  1.0
    0.181541   -0.722899  0.000000  1.0
    0.181541   -0.720899  0.000000  1.0
    0.181541   -0.718899  0.000000  1.0
    0.181541   -0.716899  0.000000  1.0
    0.181541   -0.714899  0.000000  1.0
    0.181541   -0.712899  0.000000  1.0
    0.181541   -0.710899  0.000000  1.0
    0.181541   -0.708899  0.000000  1.0
    0.181541   -0.706899  0.000000  1.0
    0.181541   -0.704899  0.000000  1.0
    0.181541   -0.702899  0.000000  1.0
    0.181541   -0.700899  0.000000  1.0
    0.181541   -0.698899  0.000000  1.0
    0.181541   -0.696899  0.000000  1.0
    0.181541   -0.694899  0.000000  1.0
    0.181541   -0.692899  0.000000  1.0
    0.181541   -0.690899  0.000000  1.0
    0.183541   -0.770899  0.000000  1.0
    0.183541   -0.768899  0.000000  1.0
    0.183541   -0.766899  0.000000  1.0
    0.183541   -0.764899  0.000000  1.0
    0.183541   -0.762899  0.000000  1.0
    0.183541   -0.760899  0.000000  1.0
    0.183541   -0.758899  0.000000  1.0
    0.183541   -0.756899  0.000000  1.0
    0.183541   -0.754899  0.000000  1.0
    0.183541   -0.752899  0.000000  1.0
    0.183541   -0.750899  0.000000  1.0
    0.183541   -0.748899  0.000000  1.0
    0.183541   -0.746899  0.000000  1.0
    0.183541   -0.744899  0.000000  1.0
    0.183541   -0.742899  0.000000  1.0
    0.183541   -0.740899  0.000000  1.0
    0.183541   -0.738899  0.000000  1.0
    0.183541   -0.736899  0.000000  1.0
    0.183541   -0.734899  0.000000  1.0
    0.183541   -0.732899  0.000000  1.0
    0.183541   -0.730899  0.000000  1.0
    0.183541   -0.728899  0.000000  1.0
    0.183541   -0.726899  0.000000  1.0
    0.183541   -0.724899  0.000000  1.0
    0.183541   -0.722899  0.000000  1.0
    0.183541   -0.720899  0.000000  1.0
    0.183541   -0.718899  0.000000  1.0
    0.183541   -0.716899  0.000000  1.0
    0.183541   -0.714899  0.000000  1.0
    0.183541   -0.712899  0.000000  1.0
    0.183541   -0.710899  0.000000  1.0
    0.183541   -0.708899  0.000000  1.0
    0.183541   -0.706899  0.000000  1.0
    0.183541   -0.704899  0.000000  1.0
    0.183541   -0.702899  0.000000  1.0
    0.183541   -0.700899  0.000000  1.0
    0.183541   -0.698899  0.000000  1.0
    0.183541   -0.696899  0.000000  1.0
    0.183541   -0.694899  0.000000  1.0
    0.183541   -0.692899  0.000000  1.0
    0.183541   -0.690899  0.000000  1.0
    0.185541   -0.770899  0.000000  1.0
    0.185541   -0.768899  0.000000  1.0
    0.185541   -0.766899  0.000000  1.0
    0.185541   -0.764899  0.000000  1.0
    0.185541   -0.762899  0.000000  1.0
    0.185541   -0.760899  0.000000  1.0
    0.185541   -0.758899  0.000000  1.0
    0.185541   -0.756899  0.000000  1.0
    0.185541   -0.754899  0.000000  1.0
    0.185541   -0.752899  0.000000  1.0
    0.185541   -0.750899  0.000000  1.0
    0.185541   -0.748899  0.000000  1.0
    0.185541   -0.746899  0.000000  1.0
    0.185541   -0.744899  0.000000  1.0
    0.185541   -0.742899  0.000000  1.0
    0.185541   -0.740899  0.000000  1.0
    0.185541   -0.738899  0.000000  1.0
    0.185541   -0.736899  0.000000  1.0
    0.185541   -0.734899  0.000000  1.0
    0.185541   -0.732899  0.000000  1.0
    0.185541   -0.730899  0.000000  1.0
    0.185541   -0.728899  0.000000  1.0
    0.185541   -0.726899  0.000000  1.0
    0.185541   -0.724899  0.000000  1.0
    0.185541   -0.722899  0.000000  1.0
    0.185541   -0.720899  0.000000  1.0
    0.185541   -0.718899  0.000000  1.0
    0.185541   -0.716899  0.000000  1.0
    0.185541   -0.714899  0.000000  1.0
    0.185541   -0.712899  0.000000  1.0
    0.185541   -0.710899  0.000000  1.0
    0.185541   -0.708899  0.000000  1.0
    0.185541   -0.706899  0.000000  1.0
    0.185541   -0.704899  0.000000  1.0
    0.185541   -0.702899  0.000000  1.0
    0.185541   -0.700899  0.000000  1.0
    0.185541   -0.698899  0.000000  1.0
    0.185541   -0.696899  0.000000  1.0
    0.185541   -0.694899  0.000000  1.0
    0.185541   -0.692899  0.000000  1.0
    0.185541   -0.690899  0.000000  1.0
    0.187541   -0.770899  0.000000  1.0
    0.187541   -0.768899  0.000000  1.0
    0.187541   -0.766899  0.000000  1.0
    0.187541   -0.764899  0.000000  1.0
    0.187541   -0.762899  0.000000  1.0
    0.187541   -0.760899  0.000000  1.0
    0.187541   -0.758899  0.000000  1.0
    0.187541   -0.756899  0.000000  1.0
    0.187541   -0.754899  0.000000  1.0
    0.187541   -0.752899  0.000000  1.0
    0.187541   -0.750899  0.000000  1.0
    0.187541   -0.748899  0.000000  1.0
    0.187541   -0.746899  0.000000  1.0
    0.187541   -0.744899  0.000000  1.0
    0.187541   -0.742899  0.000000  1.0
    0.187541   -0.740899  0.000000  1.0
    0.187541   -0.738899  0.000000  1.0
    0.187541   -0.736899  0.000000  1.0
    0.187541   -0.734899  0.000000  1.0
    0.187541   -0.732899  0.000000  1.0
    0.187541   -0.730899  0.000000  1.0
    0.187541   -0.728899  0.000000  1.0
    0.187541   -0.726899  0.000000  1.0
    0.187541   -0.724899  0.000000  1.0
    0.187541   -0.722899  0.000000  1.0
    0.187541   -0.720899  0.000000  1.0
    0.187541   -0.718899  0.000000  1.0
    0.187541   -0.716899  0.000000  1.0
    0.187541   -0.714899  0.000000  1.0
    0.187541   -0.712899  0.000000  1.0
    0.187541   -0.710899  0.000000  1.0
    0.187541   -0.708899  0.000000  1.0
    0.187541   -0.706899  0.000000  1.0
    0.187541   -0.704899  0.000000  1.0
    0.187541   -0.702899  0.000000  1.0
    0.187541   -0.700899  0.000000  1.0
    0.187541   -0.698899  0.000000  1.0
    0.187541   -0.696899  0.000000  1.0
    0.187541   -0.694899  0.000000  1.0
    0.187541   -0.692899  0.000000  1.0
    0.187541   -0.690899  0.000000  1.0
