&CONTROL
  calculation = 'bands'
  prefix = 'graphene25.6upper'
  outdir = './tmp'
  pseudo_dir = './'
  verbosity = 'high'
/
&SYSTEM
  ibrav = 0
  nat = 2
  ntyp = 1
  ecutwfc = 40.0
  nosym = .true.
  noinv = .true.
  nbnd = 8
/
&ELECTRONS
/
ATOMIC_SPECIES
  C  12.011 C.pbe-n-kjpaw_psl.1.0.0.UPF
CELL_PARAMETERS {bohr}
  5.810160  0.000000  0.000000
  2.905080  3.836947  0.000000
  0.000000  0.000000  28.346456
ATOMIC_POSITIONS {crystal}
  C  0.000086  -0.000093  0.000000
  C  0.333247  0.333426  0.000000
K_POINTS {tpiba}
1681
   -0.089180    0.717133  0.000000  1.0
   -0.089180    0.719133  0.000000  1.0
   -0.089180    0.721133  0.000000  1.0
   -0.089180    0.723133  0.000000  1.0
   -0.089180    0.725133  0.000000  1.0
   -0.089180    0.727133  0.000000  1.0
   -0.089180    0.729133  0.000000  1.0
   -0.089180    0.731133  0.000000  1.0
   -0.089180    0.733133  0.000000  1.0
   -0.089180    0.735133  0.000000  1.0
   -0.089180    0.737133  0.000000  1.0
   -0.089180    0.739133  0.000000  1.0
   -0.089180    0.741133  0.000000  1.0
   -0.089180    0.743133  0.000000  1.0
   -0.089180    0.745133  0.000000  1.0
   -0.089180    0.747133  0.000000  1.0
   -0.089180    0.749133  0.000000  1.0
   -0.089180    0.751133  0.000000  1.0
   -0.089180    0.753133  0.000000  1.0
   -0.089180    0.755133  0.000000  1.0
   -0.089180    0.757133  0.000000  1.0
   -0.089180    0.759133  0.000000  1.0
   -0.089180    0.761133  0.000000  1.0
   -0.089180    0.763133  0.000000  1.0
   -0.089180    0.765133  0.000000  1.0
   -0.089180    0.767133  0.000000  1.0
   -0.089180    0.769133  0.000000  1.0
   -0.089180    0.771133  0.000000  1.0
   -0.089180    0.773133  0.000000  1.0
   -0.089180    0.775133  0.000000  1.0
   -0.089180    0.777133  0.000000  1.0
   -0.089180    0.779133  0.000000  1.0
   -0.089180    0.781133  0.000000  1.0
   -0.089180    0.783133  0.000000  1.0
   -0.089180    0.785133  0.000000  1.0
   -0.089180    0.787133  0.000000  1.0
   -0.089180    0.789133  0.000000  1.0
   -0.089180    0.791133  0.000000  1.0
   -0.089180    0.793133  0.000000  1.0
   -0.089180    0.795133  0.000000  1.0
   -0.089180    0.797133  0.000000  1.0
   -0.087180    0.717133  0.000000  1.0
   -0.087180    0.719133  0.000000  1.0
   -0.087180    0.721133  0.000000  1.0
   -0.087180    0.723133  0.000000  1.0
   -0.087180    0.725133  0.000000  1.0
   -0.087180    0.727133  0.000000  1.0
   -0.087180    0.729133  0.000000  1.0
   -0.087180    0.731133  0.000000  1.0
   -0.087180    0.733133  0.000000  1.0
   -0.087180    0.735133  0.000000  1.0
   -0.087180    0.737133  0.000000  1.0
   -0.087180    0.739133  0.000000  1.0
   -0.087180    0.741133  0.000000  1.0
   -0.087180    0.743133  0.000000  1.0
   -0.087180    0.745133  0.000000  1.0
   -0.087180    0.747133  0.000000  1.0
   -0.087180    0.749133  0.000000  1.0
   -0.087180    0.751133  0.000000  1.0
   -0.087180    0.753133  0.000000  1.0
   -0.087180    0.755133  0.000000  1.0
   -0.087180    0.757133  0.000000  1.0
   -0.087180    0.759133  0.000000  1.0
   -0.087180    0.761133  0.000000  1.0
   -0.087180    0.763133  0.000000  1.0
   -0.087180    0.765133  0.000000  1.0
   -0.087180    0.767133  0.000000  1.0
   -0.087180    0.769133  0.000000  1.0
   -0.087180    0.771133  0.000000  1.0
   -0.087180    0.773133  0.000000  1.0
   -0.087180    0.775133  0.000000  1.0
   -0.087180    0.777133  0.000000  1.0
   -0.087180    0.779133  0.000000  1.0
   -0.087180    0.781133  0.000000  1.0
   -0.087180    0.783133  0.000000  1.0
   -0.087180    0.785133  0.000000  1.0
   -0.087180    0.787133  0.000000  1.0
   -0.087180    0.789133  0.000000  1.0
   -0.087180    0.791133  0.000000  1.0
   -0.087180    0.793133  0.000000  1.0
   -0.087180    0.795133  0.000000  1.0
   -0.087180    0.797133  0.000000  1.0
   -0.085180    0.717133  0.000000  1.0
   -0.085180    0.719133  0.000000  1.0
   -0.085180    0.721133  0.000000  1.0
   -0.085180    0.723133  0.000000  1.0
   -0.085180    0.725133  0.000000  1.0
   -0.085180    0.727133  0.000000  1.0
   -0.085180    0.729133  0.000000  1.0
   -0.085180    0.731133  0.000000  1.0
   -0.085180    0.733133  0.000000  1.0
   -0.085180    0.735133  0.000000  1.0
   -0.085180    0.737133  0.000000  1.0
   -0.085180    0.739133  0.000000  1.0
   -0.085180    0.741133  0.000000  1.0
   -0.085180    0.743133  0.000000  1.0
   -0.085180    0.745133  0.000000  1.0
   -0.085180    0.747133  0.000000  1.0
   -0.085180    0.749133  0.000000  1.0
   -0.085180    0.751133  0.000000  1.0
   -0.085180    0.753133  0.000000  1.0
   -0.085180    0.755133  0.000000  1.0
   -0.085180    0.757133  0.000000  1.0
   -0.085180    0.759133  0.000000  1.0
   -0.085180    0.761133  0.000000  1.0
   -0.085180    0.763133  0.000000  1.0
   -0.085180    0.765133  0.000000  1.0
   -0.085180    0.767133  0.000000  1.0
   -0.085180    0.769133  0.000000  1.0
   -0.085180    0.771133  0.000000  1.0
   -0.085180    0.773133  0.000000  1.0
   -0.085180    0.775133  0.000000  1.0
   -0.085180    0.777133  0.000000  1.0
   -0.085180    0.779133  0.000000  1.0
   -0.085180    0.781133  0.000000  1.0
   -0.085180    0.783133  0.000000  1.0
   -0.085180    0.785133  0.000000  1.0
   -0.085180    0.787133  0.000000  1.0
   -0.085180    0.789133  0.000000  1.0
   -0.085180    0.791133  0.000000  1.0
   -0.085180    0.793133  0.000000  1.0
   -0.085180    0.795133  0.000000  1.0
   -0.085180    0.797133  0.000000  1.0
   -0.083180    0.717133  0.000000  1.0
   -0.083180    0.719133  0.000000  1.0
   -0.083180    0.721133  0.000000  1.0
   -0.083180    0.723133  0.000000  1.0
   -0.083180    0.725133  0.000000  1.0
   -0.083180    0.727133  0.000000  1.0
   -0.083180    0.729133  0.000000  1.0
   -0.083180    0.731133  0.000000  1.0
   -0.083180    0.733133  0.000000  1.0
   -0.083180    0.735133  0.000000  1.0
   -0.083180    0.737133  0.000000  1.0
   -0.083180    0.739133  0.000000  1.0
   -0.083180    0.741133  0.000000  1.0
   -0.083180    0.743133  0.000000  1.0
   -0.083180    0.745133  0.000000  1.0
   -0.083180    0.747133  0.000000  1.0
   -0.083180    0.749133  0.000000  1.0
   -0.083180    0.751133  0.000000  1.0
   -0.083180    0.753133  0.000000  1.0
   -0.083180    0.755133  0.000000  1.0
   -0.083180    0.757133  0.000000  1.0
   -0.083180    0.759133  0.000000  1.0
   -0.083180    0.761133  0.000000  1.0
   -0.083180    0.763133  0.000000  1.0
   -0.083180    0.765133  0.000000  1.0
   -0.083180    0.767133  0.000000  1.0
   -0.083180    0.769133  0.000000  1.0
   -0.083180    0.771133  0.000000  1.0
   -0.083180    0.773133  0.000000  1.0
   -0.083180    0.775133  0.000000  1.0
   -0.083180    0.777133  0.000000  1.0
   -0.083180    0.779133  0.000000  1.0
   -0.083180    0.781133  0.000000  1.0
   -0.083180    0.783133  0.000000  1.0
   -0.083180    0.785133  0.000000  1.0
   -0.083180    0.787133  0.000000  1.0
   -0.083180    0.789133  0.000000  1.0
   -0.083180    0.791133  0.000000  1.0
   -0.083180    0.793133  0.000000  1.0
   -0.083180    0.795133  0.000000  1.0
   -0.083180    0.797133  0.000000  1.0
   -0.081180    0.717133  0.000000  1.0
   -0.081180    0.719133  0.000000  1.0
   -0.081180    0.721133  0.000000  1.0
   -0.081180    0.723133  0.000000  1.0
   -0.081180    0.725133  0.000000  1.0
   -0.081180    0.727133  0.000000  1.0
   -0.081180    0.729133  0.000000  1.0
   -0.081180    0.731133  0.000000  1.0
   -0.081180    0.733133  0.000000  1.0
   -0.081180    0.735133  0.000000  1.0
   -0.081180    0.737133  0.000000  1.0
   -0.081180    0.739133  0.000000  1.0
   -0.081180    0.741133  0.000000  1.0
   -0.081180    0.743133  0.000000  1.0
   -0.081180    0.745133  0.000000  1.0
   -0.081180    0.747133  0.000000  1.0
   -0.081180    0.749133  0.000000  1.0
   -0.081180    0.751133  0.000000  1.0
   -0.081180    0.753133  0.000000  1.0
   -0.081180    0.755133  0.000000  1.0
   -0.081180    0.757133  0.000000  1.0
   -0.081180    0.759133  0.000000  1.0
   -0.081180    0.761133  0.000000  1.0
   -0.081180    0.763133  0.000000  1.0
   -0.081180    0.765133  0.000000  1.0
   -0.081180    0.767133  0.000000  1.0
   -0.081180    0.769133  0.000000  1.0
   -0.081180    0.771133  0.000000  1.0
   -0.081180    0.773133  0.000000  1.0
   -0.081180    0.775133  0.000000  1.0
   -0.081180    0.777133  0.000000  1.0
   -0.081180    0.779133  0.000000  1.0
   -0.081180    0.781133  0.000000  1.0
   -0.081180    0.783133  0.000000  1.0
   -0.081180    0.785133  0.000000  1.0
   -0.081180    0.787133  0.000000  1.0
   -0.081180    0.789133  0.000000  1.0
   -0.081180    0.791133  0.000000  1.0
   -0.081180    0.793133  0.000000  1.0
   -0.081180    0.795133  0.000000  1.0
   -0.081180    0.797133  0.000000  1.0
   -0.079180    0.717133  0.000000  1.0
   -0.079180    0.719133  0.000000  1.0
   -0.079180    0.721133  0.000000  1.0
   -0.079180    0.723133  0.000000  1.0
   -0.079180    0.725133  0.000000  1.0
   -0.079180    0.727133  0.000000  1.0
   -0.079180    0.729133  0.000000  1.0
   -0.079180    0.731133  0.000000  1.0
   -0.079180    0.733133  0.000000  1.0
   -0.079180    0.735133  0.000000  1.0
   -0.079180    0.737133  0.000000  1.0
   -0.079180    0.739133  0.000000  1.0
   -0.079180    0.741133  0.000000  1.0
   -0.079180    0.743133  0.000000  1.0
   -0.079180    0.745133  0.000000  1.0
   -0.079180    0.747133  0.000000  1.0
   -0.079180    0.749133  0.000000  1.0
   -0.079180    0.751133  0.000000  1.0
   -0.079180    0.753133  0.000000  1.0
   -0.079180    0.755133  0.000000  1.0
   -0.079180    0.757133  0.000000  1.0
   -0.079180    0.759133  0.000000  1.0
   -0.079180    0.761133  0.000000  1.0
   -0.079180    0.763133  0.000000  1.0
   -0.079180    0.765133  0.000000  1.0
   -0.079180    0.767133  0.000000  1.0
   -0.079180    0.769133  0.000000  1.0
   -0.079180    0.771133  0.000000  1.0
   -0.079180    0.773133  0.000000  1.0
   -0.079180    0.775133  0.000000  1.0
   -0.079180    0.777133  0.000000  1.0
   -0.079180    0.779133  0.000000  1.0
   -0.079180    0.781133  0.000000  1.0
   -0.079180    0.783133  0.000000  1.0
   -0.079180    0.785133  0.000000  1.0
   -0.079180    0.787133  0.000000  1.0
   -0.079180    0.789133  0.000000  1.0
   -0.079180    0.791133  0.000000  1.0
   -0.079180    0.793133  0.000000  1.0
   -0.079180    0.795133  0.000000  1.0
   -0.079180    0.797133  0.000000  1.0
   -0.077180    0.717133  0.000000  1.0
   -0.077180    0.719133  0.000000  1.0
   -0.077180    0.721133  0.000000  1.0
   -0.077180    0.723133  0.000000  1.0
   -0.077180    0.725133  0.000000  1.0
   -0.077180    0.727133  0.000000  1.0
   -0.077180    0.729133  0.000000  1.0
   -0.077180    0.731133  0.000000  1.0
   -0.077180    0.733133  0.000000  1.0
   -0.077180    0.735133  0.000000  1.0
   -0.077180    0.737133  0.000000  1.0
   -0.077180    0.739133  0.000000  1.0
   -0.077180    0.741133  0.000000  1.0
   -0.077180    0.743133  0.000000  1.0
   -0.077180    0.745133  0.000000  1.0
   -0.077180    0.747133  0.000000  1.0
   -0.077180    0.749133  0.000000  1.0
   -0.077180    0.751133  0.000000  1.0
   -0.077180    0.753133  0.000000  1.0
   -0.077180    0.755133  0.000000  1.0
   -0.077180    0.757133  0.000000  1.0
   -0.077180    0.759133  0.000000  1.0
   -0.077180    0.761133  0.000000  1.0
   -0.077180    0.763133  0.000000  1.0
   -0.077180    0.765133  0.000000  1.0
   -0.077180    0.767133  0.000000  1.0
   -0.077180    0.769133  0.000000  1.0
   -0.077180    0.771133  0.000000  1.0
   -0.077180    0.773133  0.000000  1.0
   -0.077180    0.775133  0.000000  1.0
   -0.077180    0.777133  0.000000  1.0
   -0.077180    0.779133  0.000000  1.0
   -0.077180    0.781133  0.000000  1.0
   -0.077180    0.783133  0.000000  1.0
   -0.077180    0.785133  0.000000  1.0
   -0.077180    0.787133  0.000000  1.0
   -0.077180    0.789133  0.000000  1.0
   -0.077180    0.791133  0.000000  1.0
   -0.077180    0.793133  0.000000  1.0
   -0.077180    0.795133  0.000000  1.0
   -0.077180    0.797133  0.000000  1.0
   -0.075180    0.717133  0.000000  1.0
   -0.075180    0.719133  0.000000  1.0
   -0.075180    0.721133  0.000000  1.0
   -0.075180    0.723133  0.000000  1.0
   -0.075180    0.725133  0.000000  1.0
   -0.075180    0.727133  0.000000  1.0
   -0.075180    0.729133  0.000000  1.0
   -0.075180    0.731133  0.000000  1.0
   -0.075180    0.733133  0.000000  1.0
   -0.075180    0.735133  0.000000  1.0
   -0.075180    0.737133  0.000000  1.0
   -0.075180    0.739133  0.000000  1.0
   -0.075180    0.741133  0.000000  1.0
   -0.075180    0.743133  0.000000  1.0
   -0.075180    0.745133  0.000000  1.0
   -0.075180    0.747133  0.000000  1.0
   -0.075180    0.749133  0.000000  1.0
   -0.075180    0.751133  0.000000  1.0
   -0.075180    0.753133  0.000000  1.0
   -0.075180    0.755133  0.000000  1.0
   -0.075180    0.757133  0.000000  1.0
   -0.075180    0.759133  0.000000  1.0
   -0.075180    0.761133  0.000000  1.0
   -0.075180    0.763133  0.000000  1.0
   -0.075180    0.765133  0.000000  1.0
   -0.075180    0.767133  0.000000  1.0
   -0.075180    0.769133  0.000000  1.0
   -0.075180    0.771133  0.000000  1.0
   -0.075180    0.773133  0.000000  1.0
   -0.075180    0.775133  0.000000  1.0
   -0.075180    0.777133  0.000000  1.0
   -0.075180    0.779133  0.000000  1.0
   -0.075180    0.781133  0.000000  1.0
   -0.075180    0.783133  0.000000  1.0
   -0.075180    0.785133  0.000000  1.0
   -0.075180    0.787133  0.000000  1.0
   -0.075180    0.789133  0.000000  1.0
   -0.075180    0.791133  0.000000  1.0
   -0.075180    0.793133  0.000000  1.0
   -0.075180    0.795133  0.000000  1.0
   -0.075180    0.797133  0.000000  1.0
   -0.073180    0.717133  0.000000  1.0
   -0.073180    0.719133  0.000000  1.0
   -0.073180    0.721133  0.000000  1.0
   -0.073180    0.723133  0.000000  1.0
   -0.073180    0.725133  0.000000  1.0
   -0.073180    0.727133  0.000000  1.0
   -0.073180    0.729133  0.000000  1.0
   -0.073180    0.731133  0.000000  1.0
   -0.073180    0.733133  0.000000  1.0
   -0.073180    0.735133  0.000000  1.0
   -0.073180    0.737133  0.000000  1.0
   -0.073180    0.739133  0.000000  1.0
   -0.073180    0.741133  0.000000  1.0
   -0.073180    0.743133  0.000000  1.0
   -0.073180    0.745133  0.000000  1.0
   -0.073180    0.747133  0.000000  1.0
   -0.073180    0.749133  0.000000  1.0
   -0.073180    0.751133  0.000000  1.0
   -0.073180    0.753133  0.000000  1.0
   -0.073180    0.755133  0.000000  1.0
   -0.073180    0.757133  0.000000  1.0
   -0.073180    0.759133  0.000000  1.0
   -0.073180    0.761133  0.000000  1.0
   -0.073180    0.763133  0.000000  1.0
   -0.073180    0.765133  0.000000  1.0
   -0.073180    0.767133  0.000000  1.0
   -0.073180    0.769133  0.000000  1.0
   -0.073180    0.771133  0.000000  1.0
   -0.073180    0.773133  0.000000  1.0
   -0.073180    0.775133  0.000000  1.0
   -0.073180    0.777133  0.000000  1.0
   -0.073180    0.779133  0.000000  1.0
   -0.073180    0.781133  0.000000  1.0
   -0.073180    0.783133  0.000000  1.0
   -0.073180    0.785133  0.000000  1.0
   -0.073180    0.787133  0.000000  1.0
   -0.073180    0.789133  0.000000  1.0
   -0.073180    0.791133  0.000000  1.0
   -0.073180    0.793133  0.000000  1.0
   -0.073180    0.795133  0.000000  1.0
   -0.073180    0.797133  0.000000  1.0
   -0.071180    0.717133  0.000000  1.0
   -0.071180    0.719133  0.000000  1.0
   -0.071180    0.721133  0.000000  1.0
   -0.071180    0.723133  0.000000  1.0
   -0.071180    0.725133  0.000000  1.0
   -0.071180    0.727133  0.000000  1.0
   -0.071180    0.729133  0.000000  1.0
   -0.071180    0.731133  0.000000  1.0
   -0.071180    0.733133  0.000000  1.0
   -0.071180    0.735133  0.000000  1.0
   -0.071180    0.737133  0.000000  1.0
   -0.071180    0.739133  0.000000  1.0
   -0.071180    0.741133  0.000000  1.0
   -0.071180    0.743133  0.000000  1.0
   -0.071180    0.745133  0.000000  1.0
   -0.071180    0.747133  0.000000  1.0
   -0.071180    0.749133  0.000000  1.0
   -0.071180    0.751133  0.000000  1.0
   -0.071180    0.753133  0.000000  1.0
   -0.071180    0.755133  0.000000  1.0
   -0.071180    0.757133  0.000000  1.0
   -0.071180    0.759133  0.000000  1.0
   -0.071180    0.761133  0.000000  1.0
   -0.071180    0.763133  0.000000  1.0
   -0.071180    0.765133  0.000000  1.0
   -0.071180    0.767133  0.000000  1.0
   -0.071180    0.769133  0.000000  1.0
   -0.071180    0.771133  0.000000  1.0
   -0.071180    0.773133  0.000000  1.0
   -0.071180    0.775133  0.000000  1.0
   -0.071180    0.777133  0.000000  1.0
   -0.071180    0.779133  0.000000  1.0
   -0.071180    0.781133  0.000000  1.0
   -0.071180    0.783133  0.000000  1.0
   -0.071180    0.785133  0.000000  1.0
   -0.071180    0.787133  0.000000  1.0
   -0.071180    0.789133  0.000000  1.0
   -0.071180    0.791133  0.000000  1.0
   -0.071180    0.793133  0.000000  1.0
   -0.071180    0.795133  0.000000  1.0
   -0.071180    0.797133  0.000000  1.0
   -0.069180    0.717133  0.000000  1.0
   -0.069180    0.719133  0.000000  1.0
   -0.069180    0.721133  0.000000  1.0
   -0.069180    0.723133  0.000000  1.0
   -0.069180    0.725133  0.000000  1.0
   -0.069180    0.727133  0.000000  1.0
   -0.069180    0.729133  0.000000  1.0
   -0.069180    0.731133  0.000000  1.0
   -0.069180    0.733133  0.000000  1.0
   -0.069180    0.735133  0.000000  1.0
   -0.069180    0.737133  0.000000  1.0
   -0.069180    0.739133  0.000000  1.0
   -0.069180    0.741133  0.000000  1.0
   -0.069180    0.743133  0.000000  1.0
   -0.069180    0.745133  0.000000  1.0
   -0.069180    0.747133  0.000000  1.0
   -0.069180    0.749133  0.000000  1.0
   -0.069180    0.751133  0.000000  1.0
   -0.069180    0.753133  0.000000  1.0
   -0.069180    0.755133  0.000000  1.0
   -0.069180    0.757133  0.000000  1.0
   -0.069180    0.759133  0.000000  1.0
   -0.069180    0.761133  0.000000  1.0
   -0.069180    0.763133  0.000000  1.0
   -0.069180    0.765133  0.000000  1.0
   -0.069180    0.767133  0.000000  1.0
   -0.069180    0.769133  0.000000  1.0
   -0.069180    0.771133  0.000000  1.0
   -0.069180    0.773133  0.000000  1.0
   -0.069180    0.775133  0.000000  1.0
   -0.069180    0.777133  0.000000  1.0
   -0.069180    0.779133  0.000000  1.0
   -0.069180    0.781133  0.000000  1.0
   -0.069180    0.783133  0.000000  1.0
   -0.069180    0.785133  0.000000  1.0
   -0.069180    0.787133  0.000000  1.0
   -0.069180    0.789133  0.000000  1.0
   -0.069180    0.791133  0.000000  1.0
   -0.069180    0.793133  0.000000  1.0
   -0.069180    0.795133  0.000000  1.0
   -0.069180    0.797133  0.000000  1.0
   -0.067180    0.717133  0.000000  1.0
   -0.067180    0.719133  0.000000  1.0
   -0.067180    0.721133  0.000000  1.0
   -0.067180    0.723133  0.000000  1.0
   -0.067180    0.725133  0.000000  1.0
   -0.067180    0.727133  0.000000  1.0
   -0.067180    0.729133  0.000000  1.0
   -0.067180    0.731133  0.000000  1.0
   -0.067180    0.733133  0.000000  1.0
   -0.067180    0.735133  0.000000  1.0
   -0.067180    0.737133  0.000000  1.0
   -0.067180    0.739133  0.000000  1.0
   -0.067180    0.741133  0.000000  1.0
   -0.067180    0.743133  0.000000  1.0
   -0.067180    0.745133  0.000000  1.0
   -0.067180    0.747133  0.000000  1.0
   -0.067180    0.749133  0.000000  1.0
   -0.067180    0.751133  0.000000  1.0
   -0.067180    0.753133  0.000000  1.0
   -0.067180    0.755133  0.000000  1.0
   -0.067180    0.757133  0.000000  1.0
   -0.067180    0.759133  0.000000  1.0
   -0.067180    0.761133  0.000000  1.0
   -0.067180    0.763133  0.000000  1.0
   -0.067180    0.765133  0.000000  1.0
   -0.067180    0.767133  0.000000  1.0
   -0.067180    0.769133  0.000000  1.0
   -0.067180    0.771133  0.000000  1.0
   -0.067180    0.773133  0.000000  1.0
   -0.067180    0.775133  0.000000  1.0
   -0.067180    0.777133  0.000000  1.0
   -0.067180    0.779133  0.000000  1.0
   -0.067180    0.781133  0.000000  1.0
   -0.067180    0.783133  0.000000  1.0
   -0.067180    0.785133  0.000000  1.0
   -0.067180    0.787133  0.000000  1.0
   -0.067180    0.789133  0.000000  1.0
   -0.067180    0.791133  0.000000  1.0
   -0.067180    0.793133  0.000000  1.0
   -0.067180    0.795133  0.000000  1.0
   -0.067180    0.797133  0.000000  1.0
   -0.065180    0.717133  0.000000  1.0
   -0.065180    0.719133  0.000000  1.0
   -0.065180    0.721133  0.000000  1.0
   -0.065180    0.723133  0.000000  1.0
   -0.065180    0.725133  0.000000  1.0
   -0.065180    0.727133  0.000000  1.0
   -0.065180    0.729133  0.000000  1.0
   -0.065180    0.731133  0.000000  1.0
   -0.065180    0.733133  0.000000  1.0
   -0.065180    0.735133  0.000000  1.0
   -0.065180    0.737133  0.000000  1.0
   -0.065180    0.739133  0.000000  1.0
   -0.065180    0.741133  0.000000  1.0
   -0.065180    0.743133  0.000000  1.0
   -0.065180    0.745133  0.000000  1.0
   -0.065180    0.747133  0.000000  1.0
   -0.065180    0.749133  0.000000  1.0
   -0.065180    0.751133  0.000000  1.0
   -0.065180    0.753133  0.000000  1.0
   -0.065180    0.755133  0.000000  1.0
   -0.065180    0.757133  0.000000  1.0
   -0.065180    0.759133  0.000000  1.0
   -0.065180    0.761133  0.000000  1.0
   -0.065180    0.763133  0.000000  1.0
   -0.065180    0.765133  0.000000  1.0
   -0.065180    0.767133  0.000000  1.0
   -0.065180    0.769133  0.000000  1.0
   -0.065180    0.771133  0.000000  1.0
   -0.065180    0.773133  0.000000  1.0
   -0.065180    0.775133  0.000000  1.0
   -0.065180    0.777133  0.000000  1.0
   -0.065180    0.779133  0.000000  1.0
   -0.065180    0.781133  0.000000  1.0
   -0.065180    0.783133  0.000000  1.0
   -0.065180    0.785133  0.000000  1.0
   -0.065180    0.787133  0.000000  1.0
   -0.065180    0.789133  0.000000  1.0
   -0.065180    0.791133  0.000000  1.0
   -0.065180    0.793133  0.000000  1.0
   -0.065180    0.795133  0.000000  1.0
   -0.065180    0.797133  0.000000  1.0
   -0.063180    0.717133  0.000000  1.0
   -0.063180    0.719133  0.000000  1.0
   -0.063180    0.721133  0.000000  1.0
   -0.063180    0.723133  0.000000  1.0
   -0.063180    0.725133  0.000000  1.0
   -0.063180    0.727133  0.000000  1.0
   -0.063180    0.729133  0.000000  1.0
   -0.063180    0.731133  0.000000  1.0
   -0.063180    0.733133  0.000000  1.0
   -0.063180    0.735133  0.000000  1.0
   -0.063180    0.737133  0.000000  1.0
   -0.063180    0.739133  0.000000  1.0
   -0.063180    0.741133  0.000000  1.0
   -0.063180    0.743133  0.000000  1.0
   -0.063180    0.745133  0.000000  1.0
   -0.063180    0.747133  0.000000  1.0
   -0.063180    0.749133  0.000000  1.0
   -0.063180    0.751133  0.000000  1.0
   -0.063180    0.753133  0.000000  1.0
   -0.063180    0.755133  0.000000  1.0
   -0.063180    0.757133  0.000000  1.0
   -0.063180    0.759133  0.000000  1.0
   -0.063180    0.761133  0.000000  1.0
   -0.063180    0.763133  0.000000  1.0
   -0.063180    0.765133  0.000000  1.0
   -0.063180    0.767133  0.000000  1.0
   -0.063180    0.769133  0.000000  1.0
   -0.063180    0.771133  0.000000  1.0
   -0.063180    0.773133  0.000000  1.0
   -0.063180    0.775133  0.000000  1.0
   -0.063180    0.777133  0.000000  1.0
   -0.063180    0.779133  0.000000  1.0
   -0.063180    0.781133  0.000000  1.0
   -0.063180    0.783133  0.000000  1.0
   -0.063180    0.785133  0.000000  1.0
   -0.063180    0.787133  0.000000  1.0
   -0.063180    0.789133  0.000000  1.0
   -0.063180    0.791133  0.000000  1.0
   -0.063180    0.793133  0.000000  1.0
   -0.063180    0.795133  0.000000  1.0
   -0.063180    0.797133  0.000000  1.0
   -0.061180    0.717133  0.000000  1.0
   -0.061180    0.719133  0.000000  1.0
   -0.061180    0.721133  0.000000  1.0
   -0.061180    0.723133  0.000000  1.0
   -0.061180    0.725133  0.000000  1.0
   -0.061180    0.727133  0.000000  1.0
   -0.061180    0.729133  0.000000  1.0
   -0.061180    0.731133  0.000000  1.0
   -0.061180    0.733133  0.000000  1.0
   -0.061180    0.735133  0.000000  1.0
   -0.061180    0.737133  0.000000  1.0
   -0.061180    0.739133  0.000000  1.0
   -0.061180    0.741133  0.000000  1.0
   -0.061180    0.743133  0.000000  1.0
   -0.061180    0.745133  0.000000  1.0
   -0.061180    0.747133  0.000000  1.0
   -0.061180    0.749133  0.000000  1.0
   -0.061180    0.751133  0.000000  1.0
   -0.061180    0.753133  0.000000  1.0
   -0.061180    0.755133  0.000000  1.0
   -0.061180    0.757133  0.000000  1.0
   -0.061180    0.759133  0.000000  1.0
   -0.061180    0.761133  0.000000  1.0
   -0.061180    0.763133  0.000000  1.0
   -0.061180    0.765133  0.000000  1.0
   -0.061180    0.767133  0.000000  1.0
   -0.061180    0.769133  0.000000  1.0
   -0.061180    0.771133  0.000000  1.0
   -0.061180    0.773133  0.000000  1.0
   -0.061180    0.775133  0.000000  1.0
   -0.061180    0.777133  0.000000  1.0
   -0.061180    0.779133  0.000000  1.0
   -0.061180    0.781133  0.000000  1.0
   -0.061180    0.783133  0.000000  1.0
   -0.061180    0.785133  0.000000  1.0
   -0.061180    0.787133  0.000000  1.0
   -0.061180    0.789133  0.000000  1.0
   -0.061180    0.791133  0.000000  1.0
   -0.061180    0.793133  0.000000  1.0
   -0.061180    0.795133  0.000000  1.0
   -0.061180    0.797133  0.000000  1.0
   -0.059180    0.717133  0.000000  1.0
   -0.059180    0.719133  0.000000  1.0
   -0.059180    0.721133  0.000000  1.0
   -0.059180    0.723133  0.000000  1.0
   -0.059180    0.725133  0.000000  1.0
   -0.059180    0.727133  0.000000  1.0
   -0.059180    0.729133  0.000000  1.0
   -0.059180    0.731133  0.000000  1.0
   -0.059180    0.733133  0.000000  1.0
   -0.059180    0.735133  0.000000  1.0
   -0.059180    0.737133  0.000000  1.0
   -0.059180    0.739133  0.000000  1.0
   -0.059180    0.741133  0.000000  1.0
   -0.059180    0.743133  0.000000  1.0
   -0.059180    0.745133  0.000000  1.0
   -0.059180    0.747133  0.000000  1.0
   -0.059180    0.749133  0.000000  1.0
   -0.059180    0.751133  0.000000  1.0
   -0.059180    0.753133  0.000000  1.0
   -0.059180    0.755133  0.000000  1.0
   -0.059180    0.757133  0.000000  1.0
   -0.059180    0.759133  0.000000  1.0
   -0.059180    0.761133  0.000000  1.0
   -0.059180    0.763133  0.000000  1.0
   -0.059180    0.765133  0.000000  1.0
   -0.059180    0.767133  0.000000  1.0
   -0.059180    0.769133  0.000000  1.0
   -0.059180    0.771133  0.000000  1.0
   -0.059180    0.773133  0.000000  1.0
   -0.059180    0.775133  0.000000  1.0
   -0.059180    0.777133  0.000000  1.0
   -0.059180    0.779133  0.000000  1.0
   -0.059180    0.781133  0.000000  1.0
   -0.059180    0.783133  0.000000  1.0
   -0.059180    0.785133  0.000000  1.0
   -0.059180    0.787133  0.000000  1.0
   -0.059180    0.789133  0.000000  1.0
   -0.059180    0.791133  0.000000  1.0
   -0.059180    0.793133  0.000000  1.0
   -0.059180    0.795133  0.000000  1.0
   -0.059180    0.797133  0.000000  1.0
   -0.057180    0.717133  0.000000  1.0
   -0.057180    0.719133  0.000000  1.0
   -0.057180    0.721133  0.000000  1.0
   -0.057180    0.723133  0.000000  1.0
   -0.057180    0.725133  0.000000  1.0
   -0.057180    0.727133  0.000000  1.0
   -0.057180    0.729133  0.000000  1.0
   -0.057180    0.731133  0.000000  1.0
   -0.057180    0.733133  0.000000  1.0
   -0.057180    0.735133  0.000000  1.0
   -0.057180    0.737133  0.000000  1.0
   -0.057180    0.739133  0.000000  1.0
   -0.057180    0.741133  0.000000  1.0
   -0.057180    0.743133  0.000000  1.0
   -0.057180    0.745133  0.000000  1.0
   -0.057180    0.747133  0.000000  1.0
   -0.057180    0.749133  0.000000  1.0
   -0.057180    0.751133  0.000000  1.0
   -0.057180    0.753133  0.000000  1.0
   -0.057180    0.755133  0.000000  1.0
   -0.057180    0.757133  0.000000  1.0
   -0.057180    0.759133  0.000000  1.0
   -0.057180    0.761133  0.000000  1.0
   -0.057180    0.763133  0.000000  1.0
   -0.057180    0.765133  0.000000  1.0
   -0.057180    0.767133  0.000000  1.0
   -0.057180    0.769133  0.000000  1.0
   -0.057180    0.771133  0.000000  1.0
   -0.057180    0.773133  0.000000  1.0
   -0.057180    0.775133  0.000000  1.0
   -0.057180    0.777133  0.000000  1.0
   -0.057180    0.779133  0.000000  1.0
   -0.057180    0.781133  0.000000  1.0
   -0.057180    0.783133  0.000000  1.0
   -0.057180    0.785133  0.000000  1.0
   -0.057180    0.787133  0.000000  1.0
   -0.057180    0.789133  0.000000  1.0
   -0.057180    0.791133  0.000000  1.0
   -0.057180    0.793133  0.000000  1.0
   -0.057180    0.795133  0.000000  1.0
   -0.057180    0.797133  0.000000  1.0
   -0.055180    0.717133  0.000000  1.0
   -0.055180    0.719133  0.000000  1.0
   -0.055180    0.721133  0.000000  1.0
   -0.055180    0.723133  0.000000  1.0
   -0.055180    0.725133  0.000000  1.0
   -0.055180    0.727133  0.000000  1.0
   -0.055180    0.729133  0.000000  1.0
   -0.055180    0.731133  0.000000  1.0
   -0.055180    0.733133  0.000000  1.0
   -0.055180    0.735133  0.000000  1.0
   -0.055180    0.737133  0.000000  1.0
   -0.055180    0.739133  0.000000  1.0
   -0.055180    0.741133  0.000000  1.0
   -0.055180    0.743133  0.000000  1.0
   -0.055180    0.745133  0.000000  1.0
   -0.055180    0.747133  0.000000  1.0
   -0.055180    0.749133  0.000000  1.0
   -0.055180    0.751133  0.000000  1.0
   -0.055180    0.753133  0.000000  1.0
   -0.055180    0.755133  0.000000  1.0
   -0.055180    0.757133  0.000000  1.0
   -0.055180    0.759133  0.000000  1.0
   -0.055180    0.761133  0.000000  1.0
   -0.055180    0.763133  0.000000  1.0
   -0.055180    0.765133  0.000000  1.0
   -0.055180    0.767133  0.000000  1.0
   -0.055180    0.769133  0.000000  1.0
   -0.055180    0.771133  0.000000  1.0
   -0.055180    0.773133  0.000000  1.0
   -0.055180    0.775133  0.000000  1.0
   -0.055180    0.777133  0.000000  1.0
   -0.055180    0.779133  0.000000  1.0
   -0.055180    0.781133  0.000000  1.0
   -0.055180    0.783133  0.000000  1.0
   -0.055180    0.785133  0.000000  1.0
   -0.055180    0.787133  0.000000  1.0
   -0.055180    0.789133  0.000000  1.0
   -0.055180    0.791133  0.000000  1.0
   -0.055180    0.793133  0.000000  1.0
   -0.055180    0.795133  0.000000  1.0
   -0.055180    0.797133  0.000000  1.0
   -0.053180    0.717133  0.000000  1.0
   -0.053180    0.719133  0.000000  1.0
   -0.053180    0.721133  0.000000  1.0
   -0.053180    0.723133  0.000000  1.0
   -0.053180    0.725133  0.000000  1.0
   -0.053180    0.727133  0.000000  1.0
   -0.053180    0.729133  0.000000  1.0
   -0.053180    0.731133  0.000000  1.0
   -0.053180    0.733133  0.000000  1.0
   -0.053180    0.735133  0.000000  1.0
   -0.053180    0.737133  0.000000  1.0
   -0.053180    0.739133  0.000000  1.0
   -0.053180    0.741133  0.000000  1.0
   -0.053180    0.743133  0.000000  1.0
   -0.053180    0.745133  0.000000  1.0
   -0.053180    0.747133  0.000000  1.0
   -0.053180    0.749133  0.000000  1.0
   -0.053180    0.751133  0.000000  1.0
   -0.053180    0.753133  0.000000  1.0
   -0.053180    0.755133  0.000000  1.0
   -0.053180    0.757133  0.000000  1.0
   -0.053180    0.759133  0.000000  1.0
   -0.053180    0.761133  0.000000  1.0
   -0.053180    0.763133  0.000000  1.0
   -0.053180    0.765133  0.000000  1.0
   -0.053180    0.767133  0.000000  1.0
   -0.053180    0.769133  0.000000  1.0
   -0.053180    0.771133  0.000000  1.0
   -0.053180    0.773133  0.000000  1.0
   -0.053180    0.775133  0.000000  1.0
   -0.053180    0.777133  0.000000  1.0
   -0.053180    0.779133  0.000000  1.0
   -0.053180    0.781133  0.000000  1.0
   -0.053180    0.783133  0.000000  1.0
   -0.053180    0.785133  0.000000  1.0
   -0.053180    0.787133  0.000000  1.0
   -0.053180    0.789133  0.000000  1.0
   -0.053180    0.791133  0.000000  1.0
   -0.053180    0.793133  0.000000  1.0
   -0.053180    0.795133  0.000000  1.0
   -0.053180    0.797133  0.000000  1.0
   -0.051180    0.717133  0.000000  1.0
   -0.051180    0.719133  0.000000  1.0
   -0.051180    0.721133  0.000000  1.0
   -0.051180    0.723133  0.000000  1.0
   -0.051180    0.725133  0.000000  1.0
   -0.051180    0.727133  0.000000  1.0
   -0.051180    0.729133  0.000000  1.0
   -0.051180    0.731133  0.000000  1.0
   -0.051180    0.733133  0.000000  1.0
   -0.051180    0.735133  0.000000  1.0
   -0.051180    0.737133  0.000000  1.0
   -0.051180    0.739133  0.000000  1.0
   -0.051180    0.741133  0.000000  1.0
   -0.051180    0.743133  0.000000  1.0
   -0.051180    0.745133  0.000000  1.0
   -0.051180    0.747133  0.000000  1.0
   -0.051180    0.749133  0.000000  1.0
   -0.051180    0.751133  0.000000  1.0
   -0.051180    0.753133  0.000000  1.0
   -0.051180    0.755133  0.000000  1.0
   -0.051180    0.757133  0.000000  1.0
   -0.051180    0.759133  0.000000  1.0
   -0.051180    0.761133  0.000000  1.0
   -0.051180    0.763133  0.000000  1.0
   -0.051180    0.765133  0.000000  1.0
   -0.051180    0.767133  0.000000  1.0
   -0.051180    0.769133  0.000000  1.0
   -0.051180    0.771133  0.000000  1.0
   -0.051180    0.773133  0.000000  1.0
   -0.051180    0.775133  0.000000  1.0
   -0.051180    0.777133  0.000000  1.0
   -0.051180    0.779133  0.000000  1.0
   -0.051180    0.781133  0.000000  1.0
   -0.051180    0.783133  0.000000  1.0
   -0.051180    0.785133  0.000000  1.0
   -0.051180    0.787133  0.000000  1.0
   -0.051180    0.789133  0.000000  1.0
   -0.051180    0.791133  0.000000  1.0
   -0.051180    0.793133  0.000000  1.0
   -0.051180    0.795133  0.000000  1.0
   -0.051180    0.797133  0.000000  1.0
   -0.049180    0.717133  0.000000  1.0
   -0.049180    0.719133  0.000000  1.0
   -0.049180    0.721133  0.000000  1.0
   -0.049180    0.723133  0.000000  1.0
   -0.049180    0.725133  0.000000  1.0
   -0.049180    0.727133  0.000000  1.0
   -0.049180    0.729133  0.000000  1.0
   -0.049180    0.731133  0.000000  1.0
   -0.049180    0.733133  0.000000  1.0
   -0.049180    0.735133  0.000000  1.0
   -0.049180    0.737133  0.000000  1.0
   -0.049180    0.739133  0.000000  1.0
   -0.049180    0.741133  0.000000  1.0
   -0.049180    0.743133  0.000000  1.0
   -0.049180    0.745133  0.000000  1.0
   -0.049180    0.747133  0.000000  1.0
   -0.049180    0.749133  0.000000  1.0
   -0.049180    0.751133  0.000000  1.0
   -0.049180    0.753133  0.000000  1.0
   -0.049180    0.755133  0.000000  1.0
   -0.049180    0.757133  0.000000  1.0
   -0.049180    0.759133  0.000000  1.0
   -0.049180    0.761133  0.000000  1.0
   -0.049180    0.763133  0.000000  1.0
   -0.049180    0.765133  0.000000  1.0
   -0.049180    0.767133  0.000000  1.0
   -0.049180    0.769133  0.000000  1.0
   -0.049180    0.771133  0.000000  1.0
   -0.049180    0.773133  0.000000  1.0
   -0.049180    0.775133  0.000000  1.0
   -0.049180    0.777133  0.000000  1.0
   -0.049180    0.779133  0.000000  1.0
   -0.049180    0.781133  0.000000  1.0
   -0.049180    0.783133  0.000000  1.0
   -0.049180    0.785133  0.000000  1.0
   -0.049180    0.787133  0.000000  1.0
   -0.049180    0.789133  0.000000  1.0
   -0.049180    0.791133  0.000000  1.0
   -0.049180    0.793133  0.000000  1.0
   -0.049180    0.795133  0.000000  1.0
   -0.049180    0.797133  0.000000  1.0
   -0.047180    0.717133  0.000000  1.0
   -0.047180    0.719133  0.000000  1.0
   -0.047180    0.721133  0.000000  1.0
   -0.047180    0.723133  0.000000  1.0
   -0.047180    0.725133  0.000000  1.0
   -0.047180    0.727133  0.000000  1.0
   -0.047180    0.729133  0.000000  1.0
   -0.047180    0.731133  0.000000  1.0
   -0.047180    0.733133  0.000000  1.0
   -0.047180    0.735133  0.000000  1.0
   -0.047180    0.737133  0.000000  1.0
   -0.047180    0.739133  0.000000  1.0
   -0.047180    0.741133  0.000000  1.0
   -0.047180    0.743133  0.000000  1.0
   -0.047180    0.745133  0.000000  1.0
   -0.047180    0.747133  0.000000  1.0
   -0.047180    0.749133  0.000000  1.0
   -0.047180    0.751133  0.000000  1.0
   -0.047180    0.753133  0.000000  1.0
   -0.047180    0.755133  0.000000  1.0
   -0.047180    0.757133  0.000000  1.0
   -0.047180    0.759133  0.000000  1.0
   -0.047180    0.761133  0.000000  1.0
   -0.047180    0.763133  0.000000  1.0
   -0.047180    0.765133  0.000000  1.0
   -0.047180    0.767133  0.000000  1.0
   -0.047180    0.769133  0.000000  1.0
   -0.047180    0.771133  0.000000  1.0
   -0.047180    0.773133  0.000000  1.0
   -0.047180    0.775133  0.000000  1.0
   -0.047180    0.777133  0.000000  1.0
   -0.047180    0.779133  0.000000  1.0
   -0.047180    0.781133  0.000000  1.0
   -0.047180    0.783133  0.000000  1.0
   -0.047180    0.785133  0.000000  1.0
   -0.047180    0.787133  0.000000  1.0
   -0.047180    0.789133  0.000000  1.0
   -0.047180    0.791133  0.000000  1.0
   -0.047180    0.793133  0.000000  1.0
   -0.047180    0.795133  0.000000  1.0
   -0.047180    0.797133  0.000000  1.0
   -0.045180    0.717133  0.000000  1.0
   -0.045180    0.719133  0.000000  1.0
   -0.045180    0.721133  0.000000  1.0
   -0.045180    0.723133  0.000000  1.0
   -0.045180    0.725133  0.000000  1.0
   -0.045180    0.727133  0.000000  1.0
   -0.045180    0.729133  0.000000  1.0
   -0.045180    0.731133  0.000000  1.0
   -0.045180    0.733133  0.000000  1.0
   -0.045180    0.735133  0.000000  1.0
   -0.045180    0.737133  0.000000  1.0
   -0.045180    0.739133  0.000000  1.0
   -0.045180    0.741133  0.000000  1.0
   -0.045180    0.743133  0.000000  1.0
   -0.045180    0.745133  0.000000  1.0
   -0.045180    0.747133  0.000000  1.0
   -0.045180    0.749133  0.000000  1.0
   -0.045180    0.751133  0.000000  1.0
   -0.045180    0.753133  0.000000  1.0
   -0.045180    0.755133  0.000000  1.0
   -0.045180    0.757133  0.000000  1.0
   -0.045180    0.759133  0.000000  1.0
   -0.045180    0.761133  0.000000  1.0
   -0.045180    0.763133  0.000000  1.0
   -0.045180    0.765133  0.000000  1.0
   -0.045180    0.767133  0.000000  1.0
   -0.045180    0.769133  0.000000  1.0
   -0.045180    0.771133  0.000000  1.0
   -0.045180    0.773133  0.000000  1.0
   -0.045180    0.775133  0.000000  1.0
   -0.045180    0.777133  0.000000  1.0
   -0.045180    0.779133  0.000000  1.0
   -0.045180    0.781133  0.000000  1.0
   -0.045180    0.783133  0.000000  1.0
   -0.045180    0.785133  0.000000  1.0
   -0.045180    0.787133  0.000000  1.0
   -0.045180    0.789133  0.000000  1.0
   -0.045180    0.791133  0.000000  1.0
   -0.045180    0.793133  0.000000  1.0
   -0.045180    0.795133  0.000000  1.0
   -0.045180    0.797133  0.000000  1.0
   -0.043180    0.717133  0.000000  1.0
   -0.043180    0.719133  0.000000  1.0
   -0.043180    0.721133  0.000000  1.0
   -0.043180    0.723133  0.000000  1.0
   -0.043180    0.725133  0.000000  1.0
   -0.043180    0.727133  0.000000  1.0
   -0.043180    0.729133  0.000000  1.0
   -0.043180    0.731133  0.000000  1.0
   -0.043180    0.733133  0.000000  1.0
   -0.043180    0.735133  0.000000  1.0
   -0.043180    0.737133  0.000000  1.0
   -0.043180    0.739133  0.000000  1.0
   -0.043180    0.741133  0.000000  1.0
   -0.043180    0.743133  0.000000  1.0
   -0.043180    0.745133  0.000000  1.0
   -0.043180    0.747133  0.000000  1.0
   -0.043180    0.749133  0.000000  1.0
   -0.043180    0.751133  0.000000  1.0
   -0.043180    0.753133  0.000000  1.0
   -0.043180    0.755133  0.000000  1.0
   -0.043180    0.757133  0.000000  1.0
   -0.043180    0.759133  0.000000  1.0
   -0.043180    0.761133  0.000000  1.0
   -0.043180    0.763133  0.000000  1.0
   -0.043180    0.765133  0.000000  1.0
   -0.043180    0.767133  0.000000  1.0
   -0.043180    0.769133  0.000000  1.0
   -0.043180    0.771133  0.000000  1.0
   -0.043180    0.773133  0.000000  1.0
   -0.043180    0.775133  0.000000  1.0
   -0.043180    0.777133  0.000000  1.0
   -0.043180    0.779133  0.000000  1.0
   -0.043180    0.781133  0.000000  1.0
   -0.043180    0.783133  0.000000  1.0
   -0.043180    0.785133  0.000000  1.0
   -0.043180    0.787133  0.000000  1.0
   -0.043180    0.789133  0.000000  1.0
   -0.043180    0.791133  0.000000  1.0
   -0.043180    0.793133  0.000000  1.0
   -0.043180    0.795133  0.000000  1.0
   -0.043180    0.797133  0.000000  1.0
   -0.041180    0.717133  0.000000  1.0
   -0.041180    0.719133  0.000000  1.0
   -0.041180    0.721133  0.000000  1.0
   -0.041180    0.723133  0.000000  1.0
   -0.041180    0.725133  0.000000  1.0
   -0.041180    0.727133  0.000000  1.0
   -0.041180    0.729133  0.000000  1.0
   -0.041180    0.731133  0.000000  1.0
   -0.041180    0.733133  0.000000  1.0
   -0.041180    0.735133  0.000000  1.0
   -0.041180    0.737133  0.000000  1.0
   -0.041180    0.739133  0.000000  1.0
   -0.041180    0.741133  0.000000  1.0
   -0.041180    0.743133  0.000000  1.0
   -0.041180    0.745133  0.000000  1.0
   -0.041180    0.747133  0.000000  1.0
   -0.041180    0.749133  0.000000  1.0
   -0.041180    0.751133  0.000000  1.0
   -0.041180    0.753133  0.000000  1.0
   -0.041180    0.755133  0.000000  1.0
   -0.041180    0.757133  0.000000  1.0
   -0.041180    0.759133  0.000000  1.0
   -0.041180    0.761133  0.000000  1.0
   -0.041180    0.763133  0.000000  1.0
   -0.041180    0.765133  0.000000  1.0
   -0.041180    0.767133  0.000000  1.0
   -0.041180    0.769133  0.000000  1.0
   -0.041180    0.771133  0.000000  1.0
   -0.041180    0.773133  0.000000  1.0
   -0.041180    0.775133  0.000000  1.0
   -0.041180    0.777133  0.000000  1.0
   -0.041180    0.779133  0.000000  1.0
   -0.041180    0.781133  0.000000  1.0
   -0.041180    0.783133  0.000000  1.0
   -0.041180    0.785133  0.000000  1.0
   -0.041180    0.787133  0.000000  1.0
   -0.041180    0.789133  0.000000  1.0
   -0.041180    0.791133  0.000000  1.0
   -0.041180    0.793133  0.000000  1.0
   -0.041180    0.795133  0.000000  1.0
   -0.041180    0.797133  0.000000  1.0
   -0.039180    0.717133  0.000000  1.0
   -0.039180    0.719133  0.000000  1.0
   -0.039180    0.721133  0.000000  1.0
   -0.039180    0.723133  0.000000  1.0
   -0.039180    0.725133  0.000000  1.0
   -0.039180    0.727133  0.000000  1.0
   -0.039180    0.729133  0.000000  1.0
   -0.039180    0.731133  0.000000  1.0
   -0.039180    0.733133  0.000000  1.0
   -0.039180    0.735133  0.000000  1.0
   -0.039180    0.737133  0.000000  1.0
   -0.039180    0.739133  0.000000  1.0
   -0.039180    0.741133  0.000000  1.0
   -0.039180    0.743133  0.000000  1.0
   -0.039180    0.745133  0.000000  1.0
   -0.039180    0.747133  0.000000  1.0
   -0.039180    0.749133  0.000000  1.0
   -0.039180    0.751133  0.000000  1.0
   -0.039180    0.753133  0.000000  1.0
   -0.039180    0.755133  0.000000  1.0
   -0.039180    0.757133  0.000000  1.0
   -0.039180    0.759133  0.000000  1.0
   -0.039180    0.761133  0.000000  1.0
   -0.039180    0.763133  0.000000  1.0
   -0.039180    0.765133  0.000000  1.0
   -0.039180    0.767133  0.000000  1.0
   -0.039180    0.769133  0.000000  1.0
   -0.039180    0.771133  0.000000  1.0
   -0.039180    0.773133  0.000000  1.0
   -0.039180    0.775133  0.000000  1.0
   -0.039180    0.777133  0.000000  1.0
   -0.039180    0.779133  0.000000  1.0
   -0.039180    0.781133  0.000000  1.0
   -0.039180    0.783133  0.000000  1.0
   -0.039180    0.785133  0.000000  1.0
   -0.039180    0.787133  0.000000  1.0
   -0.039180    0.789133  0.000000  1.0
   -0.039180    0.791133  0.000000  1.0
   -0.039180    0.793133  0.000000  1.0
   -0.039180    0.795133  0.000000  1.0
   -0.039180    0.797133  0.000000  1.0
   -0.037180    0.717133  0.000000  1.0
   -0.037180    0.719133  0.000000  1.0
   -0.037180    0.721133  0.000000  1.0
   -0.037180    0.723133  0.000000  1.0
   -0.037180    0.725133  0.000000  1.0
   -0.037180    0.727133  0.000000  1.0
   -0.037180    0.729133  0.000000  1.0
   -0.037180    0.731133  0.000000  1.0
   -0.037180    0.733133  0.000000  1.0
   -0.037180    0.735133  0.000000  1.0
   -0.037180    0.737133  0.000000  1.0
   -0.037180    0.739133  0.000000  1.0
   -0.037180    0.741133  0.000000  1.0
   -0.037180    0.743133  0.000000  1.0
   -0.037180    0.745133  0.000000  1.0
   -0.037180    0.747133  0.000000  1.0
   -0.037180    0.749133  0.000000  1.0
   -0.037180    0.751133  0.000000  1.0
   -0.037180    0.753133  0.000000  1.0
   -0.037180    0.755133  0.000000  1.0
   -0.037180    0.757133  0.000000  1.0
   -0.037180    0.759133  0.000000  1.0
   -0.037180    0.761133  0.000000  1.0
   -0.037180    0.763133  0.000000  1.0
   -0.037180    0.765133  0.000000  1.0
   -0.037180    0.767133  0.000000  1.0
   -0.037180    0.769133  0.000000  1.0
   -0.037180    0.771133  0.000000  1.0
   -0.037180    0.773133  0.000000  1.0
   -0.037180    0.775133  0.000000  1.0
   -0.037180    0.777133  0.000000  1.0
   -0.037180    0.779133  0.000000  1.0
   -0.037180    0.781133  0.000000  1.0
   -0.037180    0.783133  0.000000  1.0
   -0.037180    0.785133  0.000000  1.0
   -0.037180    0.787133  0.000000  1.0
   -0.037180    0.789133  0.000000  1.0
   -0.037180    0.791133  0.000000  1.0
   -0.037180    0.793133  0.000000  1.0
   -0.037180    0.795133  0.000000  1.0
   -0.037180    0.797133  0.000000  1.0
   -0.035180    0.717133  0.000000  1.0
   -0.035180    0.719133  0.000000  1.0
   -0.035180    0.721133  0.000000  1.0
   -0.035180    0.723133  0.000000  1.0
   -0.035180    0.725133  0.000000  1.0
   -0.035180    0.727133  0.000000  1.0
   -0.035180    0.729133  0.000000  1.0
   -0.035180    0.731133  0.000000  1.0
   -0.035180    0.733133  0.000000  1.0
   -0.035180    0.735133  0.000000  1.0
   -0.035180    0.737133  0.000000  1.0
   -0.035180    0.739133  0.000000  1.0
   -0.035180    0.741133  0.000000  1.0
   -0.035180    0.743133  0.000000  1.0
   -0.035180    0.745133  0.000000  1.0
   -0.035180    0.747133  0.000000  1.0
   -0.035180    0.749133  0.000000  1.0
   -0.035180    0.751133  0.000000  1.0
   -0.035180    0.753133  0.000000  1.0
   -0.035180    0.755133  0.000000  1.0
   -0.035180    0.757133  0.000000  1.0
   -0.035180    0.759133  0.000000  1.0
   -0.035180    0.761133  0.000000  1.0
   -0.035180    0.763133  0.000000  1.0
   -0.035180    0.765133  0.000000  1.0
   -0.035180    0.767133  0.000000  1.0
   -0.035180    0.769133  0.000000  1.0
   -0.035180    0.771133  0.000000  1.0
   -0.035180    0.773133  0.000000  1.0
   -0.035180    0.775133  0.000000  1.0
   -0.035180    0.777133  0.000000  1.0
   -0.035180    0.779133  0.000000  1.0
   -0.035180    0.781133  0.000000  1.0
   -0.035180    0.783133  0.000000  1.0
   -0.035180    0.785133  0.000000  1.0
   -0.035180    0.787133  0.000000  1.0
   -0.035180    0.789133  0.000000  1.0
   -0.035180    0.791133  0.000000  1.0
   -0.035180    0.793133  0.000000  1.0
   -0.035180    0.795133  0.000000  1.0
   -0.035180    0.797133  0.000000  1.0
   -0.033180    0.717133  0.000000  1.0
   -0.033180    0.719133  0.000000  1.0
   -0.033180    0.721133  0.000000  1.0
   -0.033180    0.723133  0.000000  1.0
   -0.033180    0.725133  0.000000  1.0
   -0.033180    0.727133  0.000000  1.0
   -0.033180    0.729133  0.000000  1.0
   -0.033180    0.731133  0.000000  1.0
   -0.033180    0.733133  0.000000  1.0
   -0.033180    0.735133  0.000000  1.0
   -0.033180    0.737133  0.000000  1.0
   -0.033180    0.739133  0.000000  1.0
   -0.033180    0.741133  0.000000  1.0
   -0.033180    0.743133  0.000000  1.0
   -0.033180    0.745133  0.000000  1.0
   -0.033180    0.747133  0.000000  1.0
   -0.033180    0.749133  0.000000  1.0
   -0.033180    0.751133  0.000000  1.0
   -0.033180    0.753133  0.000000  1.0
   -0.033180    0.755133  0.000000  1.0
   -0.033180    0.757133  0.000000  1.0
   -0.033180    0.759133  0.000000  1.0
   -0.033180    0.761133  0.000000  1.0
   -0.033180    0.763133  0.000000  1.0
   -0.033180    0.765133  0.000000  1.0
   -0.033180    0.767133  0.000000  1.0
   -0.033180    0.769133  0.000000  1.0
   -0.033180    0.771133  0.000000  1.0
   -0.033180    0.773133  0.000000  1.0
   -0.033180    0.775133  0.000000  1.0
   -0.033180    0.777133  0.000000  1.0
   -0.033180    0.779133  0.000000  1.0
   -0.033180    0.781133  0.000000  1.0
   -0.033180    0.783133  0.000000  1.0
   -0.033180    0.785133  0.000000  1.0
   -0.033180    0.787133  0.000000  1.0
   -0.033180    0.789133  0.000000  1.0
   -0.033180    0.791133  0.000000  1.0
   -0.033180    0.793133  0.000000  1.0
   -0.033180    0.795133  0.000000  1.0
   -0.033180    0.797133  0.000000  1.0
   -0.031180    0.717133  0.000000  1.0
   -0.031180    0.719133  0.000000  1.0
   -0.031180    0.721133  0.000000  1.0
   -0.031180    0.723133  0.000000  1.0
   -0.031180    0.725133  0.000000  1.0
   -0.031180    0.727133  0.000000  1.0
   -0.031180    0.729133  0.000000  1.0
   -0.031180    0.731133  0.000000  1.0
   -0.031180    0.733133  0.000000  1.0
   -0.031180    0.735133  0.000000  1.0
   -0.031180    0.737133  0.000000  1.0
   -0.031180    0.739133  0.000000  1.0
   -0.031180    0.741133  0.000000  1.0
   -0.031180    0.743133  0.000000  1.0
   -0.031180    0.745133  0.000000  1.0
   -0.031180    0.747133  0.000000  1.0
   -0.031180    0.749133  0.000000  1.0
   -0.031180    0.751133  0.000000  1.0
   -0.031180    0.753133  0.000000  1.0
   -0.031180    0.755133  0.000000  1.0
   -0.031180    0.757133  0.000000  1.0
   -0.031180    0.759133  0.000000  1.0
   -0.031180    0.761133  0.000000  1.0
   -0.031180    0.763133  0.000000  1.0
   -0.031180    0.765133  0.000000  1.0
   -0.031180    0.767133  0.000000  1.0
   -0.031180    0.769133  0.000000  1.0
   -0.031180    0.771133  0.000000  1.0
   -0.031180    0.773133  0.000000  1.0
   -0.031180    0.775133  0.000000  1.0
   -0.031180    0.777133  0.000000  1.0
   -0.031180    0.779133  0.000000  1.0
   -0.031180    0.781133  0.000000  1.0
   -0.031180    0.783133  0.000000  1.0
   -0.031180    0.785133  0.000000  1.0
   -0.031180    0.787133  0.000000  1.0
   -0.031180    0.789133  0.000000  1.0
   -0.031180    0.791133  0.000000  1.0
   -0.031180    0.793133  0.000000  1.0
   -0.031180    0.795133  0.000000  1.0
   -0.031180    0.797133  0.000000  1.0
   -0.029180    0.717133  0.000000  1.0
   -0.029180    0.719133  0.000000  1.0
   -0.029180    0.721133  0.000000  1.0
   -0.029180    0.723133  0.000000  1.0
   -0.029180    0.725133  0.000000  1.0
   -0.029180    0.727133  0.000000  1.0
   -0.029180    0.729133  0.000000  1.0
   -0.029180    0.731133  0.000000  1.0
   -0.029180    0.733133  0.000000  1.0
   -0.029180    0.735133  0.000000  1.0
   -0.029180    0.737133  0.000000  1.0
   -0.029180    0.739133  0.000000  1.0
   -0.029180    0.741133  0.000000  1.0
   -0.029180    0.743133  0.000000  1.0
   -0.029180    0.745133  0.000000  1.0
   -0.029180    0.747133  0.000000  1.0
   -0.029180    0.749133  0.000000  1.0
   -0.029180    0.751133  0.000000  1.0
   -0.029180    0.753133  0.000000  1.0
   -0.029180    0.755133  0.000000  1.0
   -0.029180    0.757133  0.000000  1.0
   -0.029180    0.759133  0.000000  1.0
   -0.029180    0.761133  0.000000  1.0
   -0.029180    0.763133  0.000000  1.0
   -0.029180    0.765133  0.000000  1.0
   -0.029180    0.767133  0.000000  1.0
   -0.029180    0.769133  0.000000  1.0
   -0.029180    0.771133  0.000000  1.0
   -0.029180    0.773133  0.000000  1.0
   -0.029180    0.775133  0.000000  1.0
   -0.029180    0.777133  0.000000  1.0
   -0.029180    0.779133  0.000000  1.0
   -0.029180    0.781133  0.000000  1.0
   -0.029180    0.783133  0.000000  1.0
   -0.029180    0.785133  0.000000  1.0
   -0.029180    0.787133  0.000000  1.0
   -0.029180    0.789133  0.000000  1.0
   -0.029180    0.791133  0.000000  1.0
   -0.029180    0.793133  0.000000  1.0
   -0.029180    0.795133  0.000000  1.0
   -0.029180    0.797133  0.000000  1.0
   -0.027180    0.717133  0.000000  1.0
   -0.027180    0.719133  0.000000  1.0
   -0.027180    0.721133  0.000000  1.0
   -0.027180    0.723133  0.000000  1.0
   -0.027180    0.725133  0.000000  1.0
   -0.027180    0.727133  0.000000  1.0
   -0.027180    0.729133  0.000000  1.0
   -0.027180    0.731133  0.000000  1.0
   -0.027180    0.733133  0.000000  1.0
   -0.027180    0.735133  0.000000  1.0
   -0.027180    0.737133  0.000000  1.0
   -0.027180    0.739133  0.000000  1.0
   -0.027180    0.741133  0.000000  1.0
   -0.027180    0.743133  0.000000  1.0
   -0.027180    0.745133  0.000000  1.0
   -0.027180    0.747133  0.000000  1.0
   -0.027180    0.749133  0.000000  1.0
   -0.027180    0.751133  0.000000  1.0
   -0.027180    0.753133  0.000000  1.0
   -0.027180    0.755133  0.000000  1.0
   -0.027180    0.757133  0.000000  1.0
   -0.027180    0.759133  0.000000  1.0
   -0.027180    0.761133  0.000000  1.0
   -0.027180    0.763133  0.000000  1.0
   -0.027180    0.765133  0.000000  1.0
   -0.027180    0.767133  0.000000  1.0
   -0.027180    0.769133  0.000000  1.0
   -0.027180    0.771133  0.000000  1.0
   -0.027180    0.773133  0.000000  1.0
   -0.027180    0.775133  0.000000  1.0
   -0.027180    0.777133  0.000000  1.0
   -0.027180    0.779133  0.000000  1.0
   -0.027180    0.781133  0.000000  1.0
   -0.027180    0.783133  0.000000  1.0
   -0.027180    0.785133  0.000000  1.0
   -0.027180    0.787133  0.000000  1.0
   -0.027180    0.789133  0.000000  1.0
   -0.027180    0.791133  0.000000  1.0
   -0.027180    0.793133  0.000000  1.0
   -0.027180    0.795133  0.000000  1.0
   -0.027180    0.797133  0.000000  1.0
   -0.025180    0.717133  0.000000  1.0
   -0.025180    0.719133  0.000000  1.0
   -0.025180    0.721133  0.000000  1.0
   -0.025180    0.723133  0.000000  1.0
   -0.025180    0.725133  0.000000  1.0
   -0.025180    0.727133  0.000000  1.0
   -0.025180    0.729133  0.000000  1.0
   -0.025180    0.731133  0.000000  1.0
   -0.025180    0.733133  0.000000  1.0
   -0.025180    0.735133  0.000000  1.0
   -0.025180    0.737133  0.000000  1.0
   -0.025180    0.739133  0.000000  1.0
   -0.025180    0.741133  0.000000  1.0
   -0.025180    0.743133  0.000000  1.0
   -0.025180    0.745133  0.000000  1.0
   -0.025180    0.747133  0.000000  1.0
   -0.025180    0.749133  0.000000  1.0
   -0.025180    0.751133  0.000000  1.0
   -0.025180    0.753133  0.000000  1.0
   -0.025180    0.755133  0.000000  1.0
   -0.025180    0.757133  0.000000  1.0
   -0.025180    0.759133  0.000000  1.0
   -0.025180    0.761133  0.000000  1.0
   -0.025180    0.763133  0.000000  1.0
   -0.025180    0.765133  0.000000  1.0
   -0.025180    0.767133  0.000000  1.0
   -0.025180    0.769133  0.000000  1.0
   -0.025180    0.771133  0.000000  1.0
   -0.025180    0.773133  0.000000  1.0
   -0.025180    0.775133  0.000000  1.0
   -0.025180    0.777133  0.000000  1.0
   -0.025180    0.779133  0.000000  1.0
   -0.025180    0.781133  0.000000  1.0
   -0.025180    0.783133  0.000000  1.0
   -0.025180    0.785133  0.000000  1.0
   -0.025180    0.787133  0.000000  1.0
   -0.025180    0.789133  0.000000  1.0
   -0.025180    0.791133  0.000000  1.0
   -0.025180    0.793133  0.000000  1.0
   -0.025180    0.795133  0.000000  1.0
   -0.025180    0.797133  0.000000  1.0
   -0.023180    0.717133  0.000000  1.0
   -0.023180    0.719133  0.000000  1.0
   -0.023180    0.721133  0.000000  1.0
   -0.023180    0.723133  0.000000  1.0
   -0.023180    0.725133  0.000000  1.0
   -0.023180    0.727133  0.000000  1.0
   -0.023180    0.729133  0.000000  1.0
   -0.023180    0.731133  0.000000  1.0
   -0.023180    0.733133  0.000000  1.0
   -0.023180    0.735133  0.000000  1.0
   -0.023180    0.737133  0.000000  1.0
   -0.023180    0.739133  0.000000  1.0
   -0.023180    0.741133  0.000000  1.0
   -0.023180    0.743133  0.000000  1.0
   -0.023180    0.745133  0.000000  1.0
   -0.023180    0.747133  0.000000  1.0
   -0.023180    0.749133  0.000000  1.0
   -0.023180    0.751133  0.000000  1.0
   -0.023180    0.753133  0.000000  1.0
   -0.023180    0.755133  0.000000  1.0
   -0.023180    0.757133  0.000000  1.0
   -0.023180    0.759133  0.000000  1.0
   -0.023180    0.761133  0.000000  1.0
   -0.023180    0.763133  0.000000  1.0
   -0.023180    0.765133  0.000000  1.0
   -0.023180    0.767133  0.000000  1.0
   -0.023180    0.769133  0.000000  1.0
   -0.023180    0.771133  0.000000  1.0
   -0.023180    0.773133  0.000000  1.0
   -0.023180    0.775133  0.000000  1.0
   -0.023180    0.777133  0.000000  1.0
   -0.023180    0.779133  0.000000  1.0
   -0.023180    0.781133  0.000000  1.0
   -0.023180    0.783133  0.000000  1.0
   -0.023180    0.785133  0.000000  1.0
   -0.023180    0.787133  0.000000  1.0
   -0.023180    0.789133  0.000000  1.0
   -0.023180    0.791133  0.000000  1.0
   -0.023180    0.793133  0.000000  1.0
   -0.023180    0.795133  0.000000  1.0
   -0.023180    0.797133  0.000000  1.0
   -0.021180    0.717133  0.000000  1.0
   -0.021180    0.719133  0.000000  1.0
   -0.021180    0.721133  0.000000  1.0
   -0.021180    0.723133  0.000000  1.0
   -0.021180    0.725133  0.000000  1.0
   -0.021180    0.727133  0.000000  1.0
   -0.021180    0.729133  0.000000  1.0
   -0.021180    0.731133  0.000000  1.0
   -0.021180    0.733133  0.000000  1.0
   -0.021180    0.735133  0.000000  1.0
   -0.021180    0.737133  0.000000  1.0
   -0.021180    0.739133  0.000000  1.0
   -0.021180    0.741133  0.000000  1.0
   -0.021180    0.743133  0.000000  1.0
   -0.021180    0.745133  0.000000  1.0
   -0.021180    0.747133  0.000000  1.0
   -0.021180    0.749133  0.000000  1.0
   -0.021180    0.751133  0.000000  1.0
   -0.021180    0.753133  0.000000  1.0
   -0.021180    0.755133  0.000000  1.0
   -0.021180    0.757133  0.000000  1.0
   -0.021180    0.759133  0.000000  1.0
   -0.021180    0.761133  0.000000  1.0
   -0.021180    0.763133  0.000000  1.0
   -0.021180    0.765133  0.000000  1.0
   -0.021180    0.767133  0.000000  1.0
   -0.021180    0.769133  0.000000  1.0
   -0.021180    0.771133  0.000000  1.0
   -0.021180    0.773133  0.000000  1.0
   -0.021180    0.775133  0.000000  1.0
   -0.021180    0.777133  0.000000  1.0
   -0.021180    0.779133  0.000000  1.0
   -0.021180    0.781133  0.000000  1.0
   -0.021180    0.783133  0.000000  1.0
   -0.021180    0.785133  0.000000  1.0
   -0.021180    0.787133  0.000000  1.0
   -0.021180    0.789133  0.000000  1.0
   -0.021180    0.791133  0.000000  1.0
   -0.021180    0.793133  0.000000  1.0
   -0.021180    0.795133  0.000000  1.0
   -0.021180    0.797133  0.000000  1.0
   -0.019180    0.717133  0.000000  1.0
   -0.019180    0.719133  0.000000  1.0
   -0.019180    0.721133  0.000000  1.0
   -0.019180    0.723133  0.000000  1.0
   -0.019180    0.725133  0.000000  1.0
   -0.019180    0.727133  0.000000  1.0
   -0.019180    0.729133  0.000000  1.0
   -0.019180    0.731133  0.000000  1.0
   -0.019180    0.733133  0.000000  1.0
   -0.019180    0.735133  0.000000  1.0
   -0.019180    0.737133  0.000000  1.0
   -0.019180    0.739133  0.000000  1.0
   -0.019180    0.741133  0.000000  1.0
   -0.019180    0.743133  0.000000  1.0
   -0.019180    0.745133  0.000000  1.0
   -0.019180    0.747133  0.000000  1.0
   -0.019180    0.749133  0.000000  1.0
   -0.019180    0.751133  0.000000  1.0
   -0.019180    0.753133  0.000000  1.0
   -0.019180    0.755133  0.000000  1.0
   -0.019180    0.757133  0.000000  1.0
   -0.019180    0.759133  0.000000  1.0
   -0.019180    0.761133  0.000000  1.0
   -0.019180    0.763133  0.000000  1.0
   -0.019180    0.765133  0.000000  1.0
   -0.019180    0.767133  0.000000  1.0
   -0.019180    0.769133  0.000000  1.0
   -0.019180    0.771133  0.000000  1.0
   -0.019180    0.773133  0.000000  1.0
   -0.019180    0.775133  0.000000  1.0
   -0.019180    0.777133  0.000000  1.0
   -0.019180    0.779133  0.000000  1.0
   -0.019180    0.781133  0.000000  1.0
   -0.019180    0.783133  0.000000  1.0
   -0.019180    0.785133  0.000000  1.0
   -0.019180    0.787133  0.000000  1.0
   -0.019180    0.789133  0.000000  1.0
   -0.019180    0.791133  0.000000  1.0
   -0.019180    0.793133  0.000000  1.0
   -0.019180    0.795133  0.000000  1.0
   -0.019180    0.797133  0.000000  1.0
   -0.017180    0.717133  0.000000  1.0
   -0.017180    0.719133  0.000000  1.0
   -0.017180    0.721133  0.000000  1.0
   -0.017180    0.723133  0.000000  1.0
   -0.017180    0.725133  0.000000  1.0
   -0.017180    0.727133  0.000000  1.0
   -0.017180    0.729133  0.000000  1.0
   -0.017180    0.731133  0.000000  1.0
   -0.017180    0.733133  0.000000  1.0
   -0.017180    0.735133  0.000000  1.0
   -0.017180    0.737133  0.000000  1.0
   -0.017180    0.739133  0.000000  1.0
   -0.017180    0.741133  0.000000  1.0
   -0.017180    0.743133  0.000000  1.0
   -0.017180    0.745133  0.000000  1.0
   -0.017180    0.747133  0.000000  1.0
   -0.017180    0.749133  0.000000  1.0
   -0.017180    0.751133  0.000000  1.0
   -0.017180    0.753133  0.000000  1.0
   -0.017180    0.755133  0.000000  1.0
   -0.017180    0.757133  0.000000  1.0
   -0.017180    0.759133  0.000000  1.0
   -0.017180    0.761133  0.000000  1.0
   -0.017180    0.763133  0.000000  1.0
   -0.017180    0.765133  0.000000  1.0
   -0.017180    0.767133  0.000000  1.0
   -0.017180    0.769133  0.000000  1.0
   -0.017180    0.771133  0.000000  1.0
   -0.017180    0.773133  0.000000  1.0
   -0.017180    0.775133  0.000000  1.0
   -0.017180    0.777133  0.000000  1.0
   -0.017180    0.779133  0.000000  1.0
   -0.017180    0.781133  0.000000  1.0
   -0.017180    0.783133  0.000000  1.0
   -0.017180    0.785133  0.000000  1.0
   -0.017180    0.787133  0.000000  1.0
   -0.017180    0.789133  0.000000  1.0
   -0.017180    0.791133  0.000000  1.0
   -0.017180    0.793133  0.000000  1.0
   -0.017180    0.795133  0.000000  1.0
   -0.017180    0.797133  0.000000  1.0
   -0.015180    0.717133  0.000000  1.0
   -0.015180    0.719133  0.000000  1.0
   -0.015180    0.721133  0.000000  1.0
   -0.015180    0.723133  0.000000  1.0
   -0.015180    0.725133  0.000000  1.0
   -0.015180    0.727133  0.000000  1.0
   -0.015180    0.729133  0.000000  1.0
   -0.015180    0.731133  0.000000  1.0
   -0.015180    0.733133  0.000000  1.0
   -0.015180    0.735133  0.000000  1.0
   -0.015180    0.737133  0.000000  1.0
   -0.015180    0.739133  0.000000  1.0
   -0.015180    0.741133  0.000000  1.0
   -0.015180    0.743133  0.000000  1.0
   -0.015180    0.745133  0.000000  1.0
   -0.015180    0.747133  0.000000  1.0
   -0.015180    0.749133  0.000000  1.0
   -0.015180    0.751133  0.000000  1.0
   -0.015180    0.753133  0.000000  1.0
   -0.015180    0.755133  0.000000  1.0
   -0.015180    0.757133  0.000000  1.0
   -0.015180    0.759133  0.000000  1.0
   -0.015180    0.761133  0.000000  1.0
   -0.015180    0.763133  0.000000  1.0
   -0.015180    0.765133  0.000000  1.0
   -0.015180    0.767133  0.000000  1.0
   -0.015180    0.769133  0.000000  1.0
   -0.015180    0.771133  0.000000  1.0
   -0.015180    0.773133  0.000000  1.0
   -0.015180    0.775133  0.000000  1.0
   -0.015180    0.777133  0.000000  1.0
   -0.015180    0.779133  0.000000  1.0
   -0.015180    0.781133  0.000000  1.0
   -0.015180    0.783133  0.000000  1.0
   -0.015180    0.785133  0.000000  1.0
   -0.015180    0.787133  0.000000  1.0
   -0.015180    0.789133  0.000000  1.0
   -0.015180    0.791133  0.000000  1.0
   -0.015180    0.793133  0.000000  1.0
   -0.015180    0.795133  0.000000  1.0
   -0.015180    0.797133  0.000000  1.0
   -0.013180    0.717133  0.000000  1.0
   -0.013180    0.719133  0.000000  1.0
   -0.013180    0.721133  0.000000  1.0
   -0.013180    0.723133  0.000000  1.0
   -0.013180    0.725133  0.000000  1.0
   -0.013180    0.727133  0.000000  1.0
   -0.013180    0.729133  0.000000  1.0
   -0.013180    0.731133  0.000000  1.0
   -0.013180    0.733133  0.000000  1.0
   -0.013180    0.735133  0.000000  1.0
   -0.013180    0.737133  0.000000  1.0
   -0.013180    0.739133  0.000000  1.0
   -0.013180    0.741133  0.000000  1.0
   -0.013180    0.743133  0.000000  1.0
   -0.013180    0.745133  0.000000  1.0
   -0.013180    0.747133  0.000000  1.0
   -0.013180    0.749133  0.000000  1.0
   -0.013180    0.751133  0.000000  1.0
   -0.013180    0.753133  0.000000  1.0
   -0.013180    0.755133  0.000000  1.0
   -0.013180    0.757133  0.000000  1.0
   -0.013180    0.759133  0.000000  1.0
   -0.013180    0.761133  0.000000  1.0
   -0.013180    0.763133  0.000000  1.0
   -0.013180    0.765133  0.000000  1.0
   -0.013180    0.767133  0.000000  1.0
   -0.013180    0.769133  0.000000  1.0
   -0.013180    0.771133  0.000000  1.0
   -0.013180    0.773133  0.000000  1.0
   -0.013180    0.775133  0.000000  1.0
   -0.013180    0.777133  0.000000  1.0
   -0.013180    0.779133  0.000000  1.0
   -0.013180    0.781133  0.000000  1.0
   -0.013180    0.783133  0.000000  1.0
   -0.013180    0.785133  0.000000  1.0
   -0.013180    0.787133  0.000000  1.0
   -0.013180    0.789133  0.000000  1.0
   -0.013180    0.791133  0.000000  1.0
   -0.013180    0.793133  0.000000  1.0
   -0.013180    0.795133  0.000000  1.0
   -0.013180    0.797133  0.000000  1.0
   -0.011180    0.717133  0.000000  1.0
   -0.011180    0.719133  0.000000  1.0
   -0.011180    0.721133  0.000000  1.0
   -0.011180    0.723133  0.000000  1.0
   -0.011180    0.725133  0.000000  1.0
   -0.011180    0.727133  0.000000  1.0
   -0.011180    0.729133  0.000000  1.0
   -0.011180    0.731133  0.000000  1.0
   -0.011180    0.733133  0.000000  1.0
   -0.011180    0.735133  0.000000  1.0
   -0.011180    0.737133  0.000000  1.0
   -0.011180    0.739133  0.000000  1.0
   -0.011180    0.741133  0.000000  1.0
   -0.011180    0.743133  0.000000  1.0
   -0.011180    0.745133  0.000000  1.0
   -0.011180    0.747133  0.000000  1.0
   -0.011180    0.749133  0.000000  1.0
   -0.011180    0.751133  0.000000  1.0
   -0.011180    0.753133  0.000000  1.0
   -0.011180    0.755133  0.000000  1.0
   -0.011180    0.757133  0.000000  1.0
   -0.011180    0.759133  0.000000  1.0
   -0.011180    0.761133  0.000000  1.0
   -0.011180    0.763133  0.000000  1.0
   -0.011180    0.765133  0.000000  1.0
   -0.011180    0.767133  0.000000  1.0
   -0.011180    0.769133  0.000000  1.0
   -0.011180    0.771133  0.000000  1.0
   -0.011180    0.773133  0.000000  1.0
   -0.011180    0.775133  0.000000  1.0
   -0.011180    0.777133  0.000000  1.0
   -0.011180    0.779133  0.000000  1.0
   -0.011180    0.781133  0.000000  1.0
   -0.011180    0.783133  0.000000  1.0
   -0.011180    0.785133  0.000000  1.0
   -0.011180    0.787133  0.000000  1.0
   -0.011180    0.789133  0.000000  1.0
   -0.011180    0.791133  0.000000  1.0
   -0.011180    0.793133  0.000000  1.0
   -0.011180    0.795133  0.000000  1.0
   -0.011180    0.797133  0.000000  1.0
   -0.009180    0.717133  0.000000  1.0
   -0.009180    0.719133  0.000000  1.0
   -0.009180    0.721133  0.000000  1.0
   -0.009180    0.723133  0.000000  1.0
   -0.009180    0.725133  0.000000  1.0
   -0.009180    0.727133  0.000000  1.0
   -0.009180    0.729133  0.000000  1.0
   -0.009180    0.731133  0.000000  1.0
   -0.009180    0.733133  0.000000  1.0
   -0.009180    0.735133  0.000000  1.0
   -0.009180    0.737133  0.000000  1.0
   -0.009180    0.739133  0.000000  1.0
   -0.009180    0.741133  0.000000  1.0
   -0.009180    0.743133  0.000000  1.0
   -0.009180    0.745133  0.000000  1.0
   -0.009180    0.747133  0.000000  1.0
   -0.009180    0.749133  0.000000  1.0
   -0.009180    0.751133  0.000000  1.0
   -0.009180    0.753133  0.000000  1.0
   -0.009180    0.755133  0.000000  1.0
   -0.009180    0.757133  0.000000  1.0
   -0.009180    0.759133  0.000000  1.0
   -0.009180    0.761133  0.000000  1.0
   -0.009180    0.763133  0.000000  1.0
   -0.009180    0.765133  0.000000  1.0
   -0.009180    0.767133  0.000000  1.0
   -0.009180    0.769133  0.000000  1.0
   -0.009180    0.771133  0.000000  1.0
   -0.009180    0.773133  0.000000  1.0
   -0.009180    0.775133  0.000000  1.0
   -0.009180    0.777133  0.000000  1.0
   -0.009180    0.779133  0.000000  1.0
   -0.009180    0.781133  0.000000  1.0
   -0.009180    0.783133  0.000000  1.0
   -0.009180    0.785133  0.000000  1.0
   -0.009180    0.787133  0.000000  1.0
   -0.009180    0.789133  0.000000  1.0
   -0.009180    0.791133  0.000000  1.0
   -0.009180    0.793133  0.000000  1.0
   -0.009180    0.795133  0.000000  1.0
   -0.009180    0.797133  0.000000  1.0
