&CONTROL
  calculation = 'bands'
  prefix = 'graphene25.9upper'
  outdir = './tmp'
  pseudo_dir = './'
  verbosity = 'high'
/
&SYSTEM
  ibrav = 0
  nat = 2
  ntyp = 1
  ecutwfc = 40.0
  nosym = .true.
  noinv = .true.
  nbnd = 8
/
&ELECTRONS
/
ATOMIC_SPECIES
  C  12.011 C.pbe-n-kjpaw_psl.1.0.0.UPF
CELL_PARAMETERS {bohr}
  5.824038  0.000000  0.000000
  2.912019  3.834964  0.000000
  0.000000  0.000000  28.346456
ATOMIC_POSITIONS {crystal}
  C  0.000112  -0.000141  0.000000
  C  0.333221  0.333474  0.000000
K_POINTS {tpiba}
1681
   -0.040000    0.706886  0.000000  1.0
   -0.040000    0.708886  0.000000  1.0
   -0.040000    0.710886  0.000000  1.0
   -0.040000    0.712886  0.000000  1.0
   -0.040000    0.714886  0.000000  1.0
   -0.040000    0.716886  0.000000  1.0
   -0.040000    0.718886  0.000000  1.0
   -0.040000    0.720886  0.000000  1.0
   -0.040000    0.722886  0.000000  1.0
   -0.040000    0.724886  0.000000  1.0
   -0.040000    0.726886  0.000000  1.0
   -0.040000    0.728886  0.000000  1.0
   -0.040000    0.730886  0.000000  1.0
   -0.040000    0.732886  0.000000  1.0
   -0.040000    0.734886  0.000000  1.0
   -0.040000    0.736886  0.000000  1.0
   -0.040000    0.738886  0.000000  1.0
   -0.040000    0.740886  0.000000  1.0
   -0.040000    0.742886  0.000000  1.0
   -0.040000    0.744886  0.000000  1.0
   -0.040000    0.746886  0.000000  1.0
   -0.040000    0.748886  0.000000  1.0
   -0.040000    0.750886  0.000000  1.0
   -0.040000    0.752886  0.000000  1.0
   -0.040000    0.754886  0.000000  1.0
   -0.040000    0.756886  0.000000  1.0
   -0.040000    0.758886  0.000000  1.0
   -0.040000    0.760886  0.000000  1.0
   -0.040000    0.762886  0.000000  1.0
   -0.040000    0.764886  0.000000  1.0
   -0.040000    0.766886  0.000000  1.0
   -0.040000    0.768886  0.000000  1.0
   -0.040000    0.770886  0.000000  1.0
   -0.040000    0.772886  0.000000  1.0
   -0.040000    0.774886  0.000000  1.0
   -0.040000    0.776886  0.000000  1.0
   -0.040000    0.778886  0.000000  1.0
   -0.040000    0.780886  0.000000  1.0
   -0.040000    0.782886  0.000000  1.0
   -0.040000    0.784886  0.000000  1.0
   -0.040000    0.786886  0.000000  1.0
   -0.038000    0.706886  0.000000  1.0
   -0.038000    0.708886  0.000000  1.0
   -0.038000    0.710886  0.000000  1.0
   -0.038000    0.712886  0.000000  1.0
   -0.038000    0.714886  0.000000  1.0
   -0.038000    0.716886  0.000000  1.0
   -0.038000    0.718886  0.000000  1.0
   -0.038000    0.720886  0.000000  1.0
   -0.038000    0.722886  0.000000  1.0
   -0.038000    0.724886  0.000000  1.0
   -0.038000    0.726886  0.000000  1.0
   -0.038000    0.728886  0.000000  1.0
   -0.038000    0.730886  0.000000  1.0
   -0.038000    0.732886  0.000000  1.0
   -0.038000    0.734886  0.000000  1.0
   -0.038000    0.736886  0.000000  1.0
   -0.038000    0.738886  0.000000  1.0
   -0.038000    0.740886  0.000000  1.0
   -0.038000    0.742886  0.000000  1.0
   -0.038000    0.744886  0.000000  1.0
   -0.038000    0.746886  0.000000  1.0
   -0.038000    0.748886  0.000000  1.0
   -0.038000    0.750886  0.000000  1.0
   -0.038000    0.752886  0.000000  1.0
   -0.038000    0.754886  0.000000  1.0
   -0.038000    0.756886  0.000000  1.0
   -0.038000    0.758886  0.000000  1.0
   -0.038000    0.760886  0.000000  1.0
   -0.038000    0.762886  0.000000  1.0
   -0.038000    0.764886  0.000000  1.0
   -0.038000    0.766886  0.000000  1.0
   -0.038000    0.768886  0.000000  1.0
   -0.038000    0.770886  0.000000  1.0
   -0.038000    0.772886  0.000000  1.0
   -0.038000    0.774886  0.000000  1.0
   -0.038000    0.776886  0.000000  1.0
   -0.038000    0.778886  0.000000  1.0
   -0.038000    0.780886  0.000000  1.0
   -0.038000    0.782886  0.000000  1.0
   -0.038000    0.784886  0.000000  1.0
   -0.038000    0.786886  0.000000  1.0
   -0.036000    0.706886  0.000000  1.0
   -0.036000    0.708886  0.000000  1.0
   -0.036000    0.710886  0.000000  1.0
   -0.036000    0.712886  0.000000  1.0
   -0.036000    0.714886  0.000000  1.0
   -0.036000    0.716886  0.000000  1.0
   -0.036000    0.718886  0.000000  1.0
   -0.036000    0.720886  0.000000  1.0
   -0.036000    0.722886  0.000000  1.0
   -0.036000    0.724886  0.000000  1.0
   -0.036000    0.726886  0.000000  1.0
   -0.036000    0.728886  0.000000  1.0
   -0.036000    0.730886  0.000000  1.0
   -0.036000    0.732886  0.000000  1.0
   -0.036000    0.734886  0.000000  1.0
   -0.036000    0.736886  0.000000  1.0
   -0.036000    0.738886  0.000000  1.0
   -0.036000    0.740886  0.000000  1.0
   -0.036000    0.742886  0.000000  1.0
   -0.036000    0.744886  0.000000  1.0
   -0.036000    0.746886  0.000000  1.0
   -0.036000    0.748886  0.000000  1.0
   -0.036000    0.750886  0.000000  1.0
   -0.036000    0.752886  0.000000  1.0
   -0.036000    0.754886  0.000000  1.0
   -0.036000    0.756886  0.000000  1.0
   -0.036000    0.758886  0.000000  1.0
   -0.036000    0.760886  0.000000  1.0
   -0.036000    0.762886  0.000000  1.0
   -0.036000    0.764886  0.000000  1.0
   -0.036000    0.766886  0.000000  1.0
   -0.036000    0.768886  0.000000  1.0
   -0.036000    0.770886  0.000000  1.0
   -0.036000    0.772886  0.000000  1.0
   -0.036000    0.774886  0.000000  1.0
   -0.036000    0.776886  0.000000  1.0
   -0.036000    0.778886  0.000000  1.0
   -0.036000    0.780886  0.000000  1.0
   -0.036000    0.782886  0.000000  1.0
   -0.036000    0.784886  0.000000  1.0
   -0.036000    0.786886  0.000000  1.0
   -0.034000    0.706886  0.000000  1.0
   -0.034000    0.708886  0.000000  1.0
   -0.034000    0.710886  0.000000  1.0
   -0.034000    0.712886  0.000000  1.0
   -0.034000    0.714886  0.000000  1.0
   -0.034000    0.716886  0.000000  1.0
   -0.034000    0.718886  0.000000  1.0
   -0.034000    0.720886  0.000000  1.0
   -0.034000    0.722886  0.000000  1.0
   -0.034000    0.724886  0.000000  1.0
   -0.034000    0.726886  0.000000  1.0
   -0.034000    0.728886  0.000000  1.0
   -0.034000    0.730886  0.000000  1.0
   -0.034000    0.732886  0.000000  1.0
   -0.034000    0.734886  0.000000  1.0
   -0.034000    0.736886  0.000000  1.0
   -0.034000    0.738886  0.000000  1.0
   -0.034000    0.740886  0.000000  1.0
   -0.034000    0.742886  0.000000  1.0
   -0.034000    0.744886  0.000000  1.0
   -0.034000    0.746886  0.000000  1.0
   -0.034000    0.748886  0.000000  1.0
   -0.034000    0.750886  0.000000  1.0
   -0.034000    0.752886  0.000000  1.0
   -0.034000    0.754886  0.000000  1.0
   -0.034000    0.756886  0.000000  1.0
   -0.034000    0.758886  0.000000  1.0
   -0.034000    0.760886  0.000000  1.0
   -0.034000    0.762886  0.000000  1.0
   -0.034000    0.764886  0.000000  1.0
   -0.034000    0.766886  0.000000  1.0
   -0.034000    0.768886  0.000000  1.0
   -0.034000    0.770886  0.000000  1.0
   -0.034000    0.772886  0.000000  1.0
   -0.034000    0.774886  0.000000  1.0
   -0.034000    0.776886  0.000000  1.0
   -0.034000    0.778886  0.000000  1.0
   -0.034000    0.780886  0.000000  1.0
   -0.034000    0.782886  0.000000  1.0
   -0.034000    0.784886  0.000000  1.0
   -0.034000    0.786886  0.000000  1.0
   -0.032000    0.706886  0.000000  1.0
   -0.032000    0.708886  0.000000  1.0
   -0.032000    0.710886  0.000000  1.0
   -0.032000    0.712886  0.000000  1.0
   -0.032000    0.714886  0.000000  1.0
   -0.032000    0.716886  0.000000  1.0
   -0.032000    0.718886  0.000000  1.0
   -0.032000    0.720886  0.000000  1.0
   -0.032000    0.722886  0.000000  1.0
   -0.032000    0.724886  0.000000  1.0
   -0.032000    0.726886  0.000000  1.0
   -0.032000    0.728886  0.000000  1.0
   -0.032000    0.730886  0.000000  1.0
   -0.032000    0.732886  0.000000  1.0
   -0.032000    0.734886  0.000000  1.0
   -0.032000    0.736886  0.000000  1.0
   -0.032000    0.738886  0.000000  1.0
   -0.032000    0.740886  0.000000  1.0
   -0.032000    0.742886  0.000000  1.0
   -0.032000    0.744886  0.000000  1.0
   -0.032000    0.746886  0.000000  1.0
   -0.032000    0.748886  0.000000  1.0
   -0.032000    0.750886  0.000000  1.0
   -0.032000    0.752886  0.000000  1.0
   -0.032000    0.754886  0.000000  1.0
   -0.032000    0.756886  0.000000  1.0
   -0.032000    0.758886  0.000000  1.0
   -0.032000    0.760886  0.000000  1.0
   -0.032000    0.762886  0.000000  1.0
   -0.032000    0.764886  0.000000  1.0
   -0.032000    0.766886  0.000000  1.0
   -0.032000    0.768886  0.000000  1.0
   -0.032000    0.770886  0.000000  1.0
   -0.032000    0.772886  0.000000  1.0
   -0.032000    0.774886  0.000000  1.0
   -0.032000    0.776886  0.000000  1.0
   -0.032000    0.778886  0.000000  1.0
   -0.032000    0.780886  0.000000  1.0
   -0.032000    0.782886  0.000000  1.0
   -0.032000    0.784886  0.000000  1.0
   -0.032000    0.786886  0.000000  1.0
   -0.030000    0.706886  0.000000  1.0
   -0.030000    0.708886  0.000000  1.0
   -0.030000    0.710886  0.000000  1.0
   -0.030000    0.712886  0.000000  1.0
   -0.030000    0.714886  0.000000  1.0
   -0.030000    0.716886  0.000000  1.0
   -0.030000    0.718886  0.000000  1.0
   -0.030000    0.720886  0.000000  1.0
   -0.030000    0.722886  0.000000  1.0
   -0.030000    0.724886  0.000000  1.0
   -0.030000    0.726886  0.000000  1.0
   -0.030000    0.728886  0.000000  1.0
   -0.030000    0.730886  0.000000  1.0
   -0.030000    0.732886  0.000000  1.0
   -0.030000    0.734886  0.000000  1.0
   -0.030000    0.736886  0.000000  1.0
   -0.030000    0.738886  0.000000  1.0
   -0.030000    0.740886  0.000000  1.0
   -0.030000    0.742886  0.000000  1.0
   -0.030000    0.744886  0.000000  1.0
   -0.030000    0.746886  0.000000  1.0
   -0.030000    0.748886  0.000000  1.0
   -0.030000    0.750886  0.000000  1.0
   -0.030000    0.752886  0.000000  1.0
   -0.030000    0.754886  0.000000  1.0
   -0.030000    0.756886  0.000000  1.0
   -0.030000    0.758886  0.000000  1.0
   -0.030000    0.760886  0.000000  1.0
   -0.030000    0.762886  0.000000  1.0
   -0.030000    0.764886  0.000000  1.0
   -0.030000    0.766886  0.000000  1.0
   -0.030000    0.768886  0.000000  1.0
   -0.030000    0.770886  0.000000  1.0
   -0.030000    0.772886  0.000000  1.0
   -0.030000    0.774886  0.000000  1.0
   -0.030000    0.776886  0.000000  1.0
   -0.030000    0.778886  0.000000  1.0
   -0.030000    0.780886  0.000000  1.0
   -0.030000    0.782886  0.000000  1.0
   -0.030000    0.784886  0.000000  1.0
   -0.030000    0.786886  0.000000  1.0
   -0.028000    0.706886  0.000000  1.0
   -0.028000    0.708886  0.000000  1.0
   -0.028000    0.710886  0.000000  1.0
   -0.028000    0.712886  0.000000  1.0
   -0.028000    0.714886  0.000000  1.0
   -0.028000    0.716886  0.000000  1.0
   -0.028000    0.718886  0.000000  1.0
   -0.028000    0.720886  0.000000  1.0
   -0.028000    0.722886  0.000000  1.0
   -0.028000    0.724886  0.000000  1.0
   -0.028000    0.726886  0.000000  1.0
   -0.028000    0.728886  0.000000  1.0
   -0.028000    0.730886  0.000000  1.0
   -0.028000    0.732886  0.000000  1.0
   -0.028000    0.734886  0.000000  1.0
   -0.028000    0.736886  0.000000  1.0
   -0.028000    0.738886  0.000000  1.0
   -0.028000    0.740886  0.000000  1.0
   -0.028000    0.742886  0.000000  1.0
   -0.028000    0.744886  0.000000  1.0
   -0.028000    0.746886  0.000000  1.0
   -0.028000    0.748886  0.000000  1.0
   -0.028000    0.750886  0.000000  1.0
   -0.028000    0.752886  0.000000  1.0
   -0.028000    0.754886  0.000000  1.0
   -0.028000    0.756886  0.000000  1.0
   -0.028000    0.758886  0.000000  1.0
   -0.028000    0.760886  0.000000  1.0
   -0.028000    0.762886  0.000000  1.0
   -0.028000    0.764886  0.000000  1.0
   -0.028000    0.766886  0.000000  1.0
   -0.028000    0.768886  0.000000  1.0
   -0.028000    0.770886  0.000000  1.0
   -0.028000    0.772886  0.000000  1.0
   -0.028000    0.774886  0.000000  1.0
   -0.028000    0.776886  0.000000  1.0
   -0.028000    0.778886  0.000000  1.0
   -0.028000    0.780886  0.000000  1.0
   -0.028000    0.782886  0.000000  1.0
   -0.028000    0.784886  0.000000  1.0
   -0.028000    0.786886  0.000000  1.0
   -0.026000    0.706886  0.000000  1.0
   -0.026000    0.708886  0.000000  1.0
   -0.026000    0.710886  0.000000  1.0
   -0.026000    0.712886  0.000000  1.0
   -0.026000    0.714886  0.000000  1.0
   -0.026000    0.716886  0.000000  1.0
   -0.026000    0.718886  0.000000  1.0
   -0.026000    0.720886  0.000000  1.0
   -0.026000    0.722886  0.000000  1.0
   -0.026000    0.724886  0.000000  1.0
   -0.026000    0.726886  0.000000  1.0
   -0.026000    0.728886  0.000000  1.0
   -0.026000    0.730886  0.000000  1.0
   -0.026000    0.732886  0.000000  1.0
   -0.026000    0.734886  0.000000  1.0
   -0.026000    0.736886  0.000000  1.0
   -0.026000    0.738886  0.000000  1.0
   -0.026000    0.740886  0.000000  1.0
   -0.026000    0.742886  0.000000  1.0
   -0.026000    0.744886  0.000000  1.0
   -0.026000    0.746886  0.000000  1.0
   -0.026000    0.748886  0.000000  1.0
   -0.026000    0.750886  0.000000  1.0
   -0.026000    0.752886  0.000000  1.0
   -0.026000    0.754886  0.000000  1.0
   -0.026000    0.756886  0.000000  1.0
   -0.026000    0.758886  0.000000  1.0
   -0.026000    0.760886  0.000000  1.0
   -0.026000    0.762886  0.000000  1.0
   -0.026000    0.764886  0.000000  1.0
   -0.026000    0.766886  0.000000  1.0
   -0.026000    0.768886  0.000000  1.0
   -0.026000    0.770886  0.000000  1.0
   -0.026000    0.772886  0.000000  1.0
   -0.026000    0.774886  0.000000  1.0
   -0.026000    0.776886  0.000000  1.0
   -0.026000    0.778886  0.000000  1.0
   -0.026000    0.780886  0.000000  1.0
   -0.026000    0.782886  0.000000  1.0
   -0.026000    0.784886  0.000000  1.0
   -0.026000    0.786886  0.000000  1.0
   -0.024000    0.706886  0.000000  1.0
   -0.024000    0.708886  0.000000  1.0
   -0.024000    0.710886  0.000000  1.0
   -0.024000    0.712886  0.000000  1.0
   -0.024000    0.714886  0.000000  1.0
   -0.024000    0.716886  0.000000  1.0
   -0.024000    0.718886  0.000000  1.0
   -0.024000    0.720886  0.000000  1.0
   -0.024000    0.722886  0.000000  1.0
   -0.024000    0.724886  0.000000  1.0
   -0.024000    0.726886  0.000000  1.0
   -0.024000    0.728886  0.000000  1.0
   -0.024000    0.730886  0.000000  1.0
   -0.024000    0.732886  0.000000  1.0
   -0.024000    0.734886  0.000000  1.0
   -0.024000    0.736886  0.000000  1.0
   -0.024000    0.738886  0.000000  1.0
   -0.024000    0.740886  0.000000  1.0
   -0.024000    0.742886  0.000000  1.0
   -0.024000    0.744886  0.000000  1.0
   -0.024000    0.746886  0.000000  1.0
   -0.024000    0.748886  0.000000  1.0
   -0.024000    0.750886  0.000000  1.0
   -0.024000    0.752886  0.000000  1.0
   -0.024000    0.754886  0.000000  1.0
   -0.024000    0.756886  0.000000  1.0
   -0.024000    0.758886  0.000000  1.0
   -0.024000    0.760886  0.000000  1.0
   -0.024000    0.762886  0.000000  1.0
   -0.024000    0.764886  0.000000  1.0
   -0.024000    0.766886  0.000000  1.0
   -0.024000    0.768886  0.000000  1.0
   -0.024000    0.770886  0.000000  1.0
   -0.024000    0.772886  0.000000  1.0
   -0.024000    0.774886  0.000000  1.0
   -0.024000    0.776886  0.000000  1.0
   -0.024000    0.778886  0.000000  1.0
   -0.024000    0.780886  0.000000  1.0
   -0.024000    0.782886  0.000000  1.0
   -0.024000    0.784886  0.000000  1.0
   -0.024000    0.786886  0.000000  1.0
   -0.022000    0.706886  0.000000  1.0
   -0.022000    0.708886  0.000000  1.0
   -0.022000    0.710886  0.000000  1.0
   -0.022000    0.712886  0.000000  1.0
   -0.022000    0.714886  0.000000  1.0
   -0.022000    0.716886  0.000000  1.0
   -0.022000    0.718886  0.000000  1.0
   -0.022000    0.720886  0.000000  1.0
   -0.022000    0.722886  0.000000  1.0
   -0.022000    0.724886  0.000000  1.0
   -0.022000    0.726886  0.000000  1.0
   -0.022000    0.728886  0.000000  1.0
   -0.022000    0.730886  0.000000  1.0
   -0.022000    0.732886  0.000000  1.0
   -0.022000    0.734886  0.000000  1.0
   -0.022000    0.736886  0.000000  1.0
   -0.022000    0.738886  0.000000  1.0
   -0.022000    0.740886  0.000000  1.0
   -0.022000    0.742886  0.000000  1.0
   -0.022000    0.744886  0.000000  1.0
   -0.022000    0.746886  0.000000  1.0
   -0.022000    0.748886  0.000000  1.0
   -0.022000    0.750886  0.000000  1.0
   -0.022000    0.752886  0.000000  1.0
   -0.022000    0.754886  0.000000  1.0
   -0.022000    0.756886  0.000000  1.0
   -0.022000    0.758886  0.000000  1.0
   -0.022000    0.760886  0.000000  1.0
   -0.022000    0.762886  0.000000  1.0
   -0.022000    0.764886  0.000000  1.0
   -0.022000    0.766886  0.000000  1.0
   -0.022000    0.768886  0.000000  1.0
   -0.022000    0.770886  0.000000  1.0
   -0.022000    0.772886  0.000000  1.0
   -0.022000    0.774886  0.000000  1.0
   -0.022000    0.776886  0.000000  1.0
   -0.022000    0.778886  0.000000  1.0
   -0.022000    0.780886  0.000000  1.0
   -0.022000    0.782886  0.000000  1.0
   -0.022000    0.784886  0.000000  1.0
   -0.022000    0.786886  0.000000  1.0
   -0.020000    0.706886  0.000000  1.0
   -0.020000    0.708886  0.000000  1.0
   -0.020000    0.710886  0.000000  1.0
   -0.020000    0.712886  0.000000  1.0
   -0.020000    0.714886  0.000000  1.0
   -0.020000    0.716886  0.000000  1.0
   -0.020000    0.718886  0.000000  1.0
   -0.020000    0.720886  0.000000  1.0
   -0.020000    0.722886  0.000000  1.0
   -0.020000    0.724886  0.000000  1.0
   -0.020000    0.726886  0.000000  1.0
   -0.020000    0.728886  0.000000  1.0
   -0.020000    0.730886  0.000000  1.0
   -0.020000    0.732886  0.000000  1.0
   -0.020000    0.734886  0.000000  1.0
   -0.020000    0.736886  0.000000  1.0
   -0.020000    0.738886  0.000000  1.0
   -0.020000    0.740886  0.000000  1.0
   -0.020000    0.742886  0.000000  1.0
   -0.020000    0.744886  0.000000  1.0
   -0.020000    0.746886  0.000000  1.0
   -0.020000    0.748886  0.000000  1.0
   -0.020000    0.750886  0.000000  1.0
   -0.020000    0.752886  0.000000  1.0
   -0.020000    0.754886  0.000000  1.0
   -0.020000    0.756886  0.000000  1.0
   -0.020000    0.758886  0.000000  1.0
   -0.020000    0.760886  0.000000  1.0
   -0.020000    0.762886  0.000000  1.0
   -0.020000    0.764886  0.000000  1.0
   -0.020000    0.766886  0.000000  1.0
   -0.020000    0.768886  0.000000  1.0
   -0.020000    0.770886  0.000000  1.0
   -0.020000    0.772886  0.000000  1.0
   -0.020000    0.774886  0.000000  1.0
   -0.020000    0.776886  0.000000  1.0
   -0.020000    0.778886  0.000000  1.0
   -0.020000    0.780886  0.000000  1.0
   -0.020000    0.782886  0.000000  1.0
   -0.020000    0.784886  0.000000  1.0
   -0.020000    0.786886  0.000000  1.0
   -0.018000    0.706886  0.000000  1.0
   -0.018000    0.708886  0.000000  1.0
   -0.018000    0.710886  0.000000  1.0
   -0.018000    0.712886  0.000000  1.0
   -0.018000    0.714886  0.000000  1.0
   -0.018000    0.716886  0.000000  1.0
   -0.018000    0.718886  0.000000  1.0
   -0.018000    0.720886  0.000000  1.0
   -0.018000    0.722886  0.000000  1.0
   -0.018000    0.724886  0.000000  1.0
   -0.018000    0.726886  0.000000  1.0
   -0.018000    0.728886  0.000000  1.0
   -0.018000    0.730886  0.000000  1.0
   -0.018000    0.732886  0.000000  1.0
   -0.018000    0.734886  0.000000  1.0
   -0.018000    0.736886  0.000000  1.0
   -0.018000    0.738886  0.000000  1.0
   -0.018000    0.740886  0.000000  1.0
   -0.018000    0.742886  0.000000  1.0
   -0.018000    0.744886  0.000000  1.0
   -0.018000    0.746886  0.000000  1.0
   -0.018000    0.748886  0.000000  1.0
   -0.018000    0.750886  0.000000  1.0
   -0.018000    0.752886  0.000000  1.0
   -0.018000    0.754886  0.000000  1.0
   -0.018000    0.756886  0.000000  1.0
   -0.018000    0.758886  0.000000  1.0
   -0.018000    0.760886  0.000000  1.0
   -0.018000    0.762886  0.000000  1.0
   -0.018000    0.764886  0.000000  1.0
   -0.018000    0.766886  0.000000  1.0
   -0.018000    0.768886  0.000000  1.0
   -0.018000    0.770886  0.000000  1.0
   -0.018000    0.772886  0.000000  1.0
   -0.018000    0.774886  0.000000  1.0
   -0.018000    0.776886  0.000000  1.0
   -0.018000    0.778886  0.000000  1.0
   -0.018000    0.780886  0.000000  1.0
   -0.018000    0.782886  0.000000  1.0
   -0.018000    0.784886  0.000000  1.0
   -0.018000    0.786886  0.000000  1.0
   -0.016000    0.706886  0.000000  1.0
   -0.016000    0.708886  0.000000  1.0
   -0.016000    0.710886  0.000000  1.0
   -0.016000    0.712886  0.000000  1.0
   -0.016000    0.714886  0.000000  1.0
   -0.016000    0.716886  0.000000  1.0
   -0.016000    0.718886  0.000000  1.0
   -0.016000    0.720886  0.000000  1.0
   -0.016000    0.722886  0.000000  1.0
   -0.016000    0.724886  0.000000  1.0
   -0.016000    0.726886  0.000000  1.0
   -0.016000    0.728886  0.000000  1.0
   -0.016000    0.730886  0.000000  1.0
   -0.016000    0.732886  0.000000  1.0
   -0.016000    0.734886  0.000000  1.0
   -0.016000    0.736886  0.000000  1.0
   -0.016000    0.738886  0.000000  1.0
   -0.016000    0.740886  0.000000  1.0
   -0.016000    0.742886  0.000000  1.0
   -0.016000    0.744886  0.000000  1.0
   -0.016000    0.746886  0.000000  1.0
   -0.016000    0.748886  0.000000  1.0
   -0.016000    0.750886  0.000000  1.0
   -0.016000    0.752886  0.000000  1.0
   -0.016000    0.754886  0.000000  1.0
   -0.016000    0.756886  0.000000  1.0
   -0.016000    0.758886  0.000000  1.0
   -0.016000    0.760886  0.000000  1.0
   -0.016000    0.762886  0.000000  1.0
   -0.016000    0.764886  0.000000  1.0
   -0.016000    0.766886  0.000000  1.0
   -0.016000    0.768886  0.000000  1.0
   -0.016000    0.770886  0.000000  1.0
   -0.016000    0.772886  0.000000  1.0
   -0.016000    0.774886  0.000000  1.0
   -0.016000    0.776886  0.000000  1.0
   -0.016000    0.778886  0.000000  1.0
   -0.016000    0.780886  0.000000  1.0
   -0.016000    0.782886  0.000000  1.0
   -0.016000    0.784886  0.000000  1.0
   -0.016000    0.786886  0.000000  1.0
   -0.014000    0.706886  0.000000  1.0
   -0.014000    0.708886  0.000000  1.0
   -0.014000    0.710886  0.000000  1.0
   -0.014000    0.712886  0.000000  1.0
   -0.014000    0.714886  0.000000  1.0
   -0.014000    0.716886  0.000000  1.0
   -0.014000    0.718886  0.000000  1.0
   -0.014000    0.720886  0.000000  1.0
   -0.014000    0.722886  0.000000  1.0
   -0.014000    0.724886  0.000000  1.0
   -0.014000    0.726886  0.000000  1.0
   -0.014000    0.728886  0.000000  1.0
   -0.014000    0.730886  0.000000  1.0
   -0.014000    0.732886  0.000000  1.0
   -0.014000    0.734886  0.000000  1.0
   -0.014000    0.736886  0.000000  1.0
   -0.014000    0.738886  0.000000  1.0
   -0.014000    0.740886  0.000000  1.0
   -0.014000    0.742886  0.000000  1.0
   -0.014000    0.744886  0.000000  1.0
   -0.014000    0.746886  0.000000  1.0
   -0.014000    0.748886  0.000000  1.0
   -0.014000    0.750886  0.000000  1.0
   -0.014000    0.752886  0.000000  1.0
   -0.014000    0.754886  0.000000  1.0
   -0.014000    0.756886  0.000000  1.0
   -0.014000    0.758886  0.000000  1.0
   -0.014000    0.760886  0.000000  1.0
   -0.014000    0.762886  0.000000  1.0
   -0.014000    0.764886  0.000000  1.0
   -0.014000    0.766886  0.000000  1.0
   -0.014000    0.768886  0.000000  1.0
   -0.014000    0.770886  0.000000  1.0
   -0.014000    0.772886  0.000000  1.0
   -0.014000    0.774886  0.000000  1.0
   -0.014000    0.776886  0.000000  1.0
   -0.014000    0.778886  0.000000  1.0
   -0.014000    0.780886  0.000000  1.0
   -0.014000    0.782886  0.000000  1.0
   -0.014000    0.784886  0.000000  1.0
   -0.014000    0.786886  0.000000  1.0
   -0.012000    0.706886  0.000000  1.0
   -0.012000    0.708886  0.000000  1.0
   -0.012000    0.710886  0.000000  1.0
   -0.012000    0.712886  0.000000  1.0
   -0.012000    0.714886  0.000000  1.0
   -0.012000    0.716886  0.000000  1.0
   -0.012000    0.718886  0.000000  1.0
   -0.012000    0.720886  0.000000  1.0
   -0.012000    0.722886  0.000000  1.0
   -0.012000    0.724886  0.000000  1.0
   -0.012000    0.726886  0.000000  1.0
   -0.012000    0.728886  0.000000  1.0
   -0.012000    0.730886  0.000000  1.0
   -0.012000    0.732886  0.000000  1.0
   -0.012000    0.734886  0.000000  1.0
   -0.012000    0.736886  0.000000  1.0
   -0.012000    0.738886  0.000000  1.0
   -0.012000    0.740886  0.000000  1.0
   -0.012000    0.742886  0.000000  1.0
   -0.012000    0.744886  0.000000  1.0
   -0.012000    0.746886  0.000000  1.0
   -0.012000    0.748886  0.000000  1.0
   -0.012000    0.750886  0.000000  1.0
   -0.012000    0.752886  0.000000  1.0
   -0.012000    0.754886  0.000000  1.0
   -0.012000    0.756886  0.000000  1.0
   -0.012000    0.758886  0.000000  1.0
   -0.012000    0.760886  0.000000  1.0
   -0.012000    0.762886  0.000000  1.0
   -0.012000    0.764886  0.000000  1.0
   -0.012000    0.766886  0.000000  1.0
   -0.012000    0.768886  0.000000  1.0
   -0.012000    0.770886  0.000000  1.0
   -0.012000    0.772886  0.000000  1.0
   -0.012000    0.774886  0.000000  1.0
   -0.012000    0.776886  0.000000  1.0
   -0.012000    0.778886  0.000000  1.0
   -0.012000    0.780886  0.000000  1.0
   -0.012000    0.782886  0.000000  1.0
   -0.012000    0.784886  0.000000  1.0
   -0.012000    0.786886  0.000000  1.0
   -0.010000    0.706886  0.000000  1.0
   -0.010000    0.708886  0.000000  1.0
   -0.010000    0.710886  0.000000  1.0
   -0.010000    0.712886  0.000000  1.0
   -0.010000    0.714886  0.000000  1.0
   -0.010000    0.716886  0.000000  1.0
   -0.010000    0.718886  0.000000  1.0
   -0.010000    0.720886  0.000000  1.0
   -0.010000    0.722886  0.000000  1.0
   -0.010000    0.724886  0.000000  1.0
   -0.010000    0.726886  0.000000  1.0
   -0.010000    0.728886  0.000000  1.0
   -0.010000    0.730886  0.000000  1.0
   -0.010000    0.732886  0.000000  1.0
   -0.010000    0.734886  0.000000  1.0
   -0.010000    0.736886  0.000000  1.0
   -0.010000    0.738886  0.000000  1.0
   -0.010000    0.740886  0.000000  1.0
   -0.010000    0.742886  0.000000  1.0
   -0.010000    0.744886  0.000000  1.0
   -0.010000    0.746886  0.000000  1.0
   -0.010000    0.748886  0.000000  1.0
   -0.010000    0.750886  0.000000  1.0
   -0.010000    0.752886  0.000000  1.0
   -0.010000    0.754886  0.000000  1.0
   -0.010000    0.756886  0.000000  1.0
   -0.010000    0.758886  0.000000  1.0
   -0.010000    0.760886  0.000000  1.0
   -0.010000    0.762886  0.000000  1.0
   -0.010000    0.764886  0.000000  1.0
   -0.010000    0.766886  0.000000  1.0
   -0.010000    0.768886  0.000000  1.0
   -0.010000    0.770886  0.000000  1.0
   -0.010000    0.772886  0.000000  1.0
   -0.010000    0.774886  0.000000  1.0
   -0.010000    0.776886  0.000000  1.0
   -0.010000    0.778886  0.000000  1.0
   -0.010000    0.780886  0.000000  1.0
   -0.010000    0.782886  0.000000  1.0
   -0.010000    0.784886  0.000000  1.0
   -0.010000    0.786886  0.000000  1.0
   -0.008000    0.706886  0.000000  1.0
   -0.008000    0.708886  0.000000  1.0
   -0.008000    0.710886  0.000000  1.0
   -0.008000    0.712886  0.000000  1.0
   -0.008000    0.714886  0.000000  1.0
   -0.008000    0.716886  0.000000  1.0
   -0.008000    0.718886  0.000000  1.0
   -0.008000    0.720886  0.000000  1.0
   -0.008000    0.722886  0.000000  1.0
   -0.008000    0.724886  0.000000  1.0
   -0.008000    0.726886  0.000000  1.0
   -0.008000    0.728886  0.000000  1.0
   -0.008000    0.730886  0.000000  1.0
   -0.008000    0.732886  0.000000  1.0
   -0.008000    0.734886  0.000000  1.0
   -0.008000    0.736886  0.000000  1.0
   -0.008000    0.738886  0.000000  1.0
   -0.008000    0.740886  0.000000  1.0
   -0.008000    0.742886  0.000000  1.0
   -0.008000    0.744886  0.000000  1.0
   -0.008000    0.746886  0.000000  1.0
   -0.008000    0.748886  0.000000  1.0
   -0.008000    0.750886  0.000000  1.0
   -0.008000    0.752886  0.000000  1.0
   -0.008000    0.754886  0.000000  1.0
   -0.008000    0.756886  0.000000  1.0
   -0.008000    0.758886  0.000000  1.0
   -0.008000    0.760886  0.000000  1.0
   -0.008000    0.762886  0.000000  1.0
   -0.008000    0.764886  0.000000  1.0
   -0.008000    0.766886  0.000000  1.0
   -0.008000    0.768886  0.000000  1.0
   -0.008000    0.770886  0.000000  1.0
   -0.008000    0.772886  0.000000  1.0
   -0.008000    0.774886  0.000000  1.0
   -0.008000    0.776886  0.000000  1.0
   -0.008000    0.778886  0.000000  1.0
   -0.008000    0.780886  0.000000  1.0
   -0.008000    0.782886  0.000000  1.0
   -0.008000    0.784886  0.000000  1.0
   -0.008000    0.786886  0.000000  1.0
   -0.006000    0.706886  0.000000  1.0
   -0.006000    0.708886  0.000000  1.0
   -0.006000    0.710886  0.000000  1.0
   -0.006000    0.712886  0.000000  1.0
   -0.006000    0.714886  0.000000  1.0
   -0.006000    0.716886  0.000000  1.0
   -0.006000    0.718886  0.000000  1.0
   -0.006000    0.720886  0.000000  1.0
   -0.006000    0.722886  0.000000  1.0
   -0.006000    0.724886  0.000000  1.0
   -0.006000    0.726886  0.000000  1.0
   -0.006000    0.728886  0.000000  1.0
   -0.006000    0.730886  0.000000  1.0
   -0.006000    0.732886  0.000000  1.0
   -0.006000    0.734886  0.000000  1.0
   -0.006000    0.736886  0.000000  1.0
   -0.006000    0.738886  0.000000  1.0
   -0.006000    0.740886  0.000000  1.0
   -0.006000    0.742886  0.000000  1.0
   -0.006000    0.744886  0.000000  1.0
   -0.006000    0.746886  0.000000  1.0
   -0.006000    0.748886  0.000000  1.0
   -0.006000    0.750886  0.000000  1.0
   -0.006000    0.752886  0.000000  1.0
   -0.006000    0.754886  0.000000  1.0
   -0.006000    0.756886  0.000000  1.0
   -0.006000    0.758886  0.000000  1.0
   -0.006000    0.760886  0.000000  1.0
   -0.006000    0.762886  0.000000  1.0
   -0.006000    0.764886  0.000000  1.0
   -0.006000    0.766886  0.000000  1.0
   -0.006000    0.768886  0.000000  1.0
   -0.006000    0.770886  0.000000  1.0
   -0.006000    0.772886  0.000000  1.0
   -0.006000    0.774886  0.000000  1.0
   -0.006000    0.776886  0.000000  1.0
   -0.006000    0.778886  0.000000  1.0
   -0.006000    0.780886  0.000000  1.0
   -0.006000    0.782886  0.000000  1.0
   -0.006000    0.784886  0.000000  1.0
   -0.006000    0.786886  0.000000  1.0
   -0.004000    0.706886  0.000000  1.0
   -0.004000    0.708886  0.000000  1.0
   -0.004000    0.710886  0.000000  1.0
   -0.004000    0.712886  0.000000  1.0
   -0.004000    0.714886  0.000000  1.0
   -0.004000    0.716886  0.000000  1.0
   -0.004000    0.718886  0.000000  1.0
   -0.004000    0.720886  0.000000  1.0
   -0.004000    0.722886  0.000000  1.0
   -0.004000    0.724886  0.000000  1.0
   -0.004000    0.726886  0.000000  1.0
   -0.004000    0.728886  0.000000  1.0
   -0.004000    0.730886  0.000000  1.0
   -0.004000    0.732886  0.000000  1.0
   -0.004000    0.734886  0.000000  1.0
   -0.004000    0.736886  0.000000  1.0
   -0.004000    0.738886  0.000000  1.0
   -0.004000    0.740886  0.000000  1.0
   -0.004000    0.742886  0.000000  1.0
   -0.004000    0.744886  0.000000  1.0
   -0.004000    0.746886  0.000000  1.0
   -0.004000    0.748886  0.000000  1.0
   -0.004000    0.750886  0.000000  1.0
   -0.004000    0.752886  0.000000  1.0
   -0.004000    0.754886  0.000000  1.0
   -0.004000    0.756886  0.000000  1.0
   -0.004000    0.758886  0.000000  1.0
   -0.004000    0.760886  0.000000  1.0
   -0.004000    0.762886  0.000000  1.0
   -0.004000    0.764886  0.000000  1.0
   -0.004000    0.766886  0.000000  1.0
   -0.004000    0.768886  0.000000  1.0
   -0.004000    0.770886  0.000000  1.0
   -0.004000    0.772886  0.000000  1.0
   -0.004000    0.774886  0.000000  1.0
   -0.004000    0.776886  0.000000  1.0
   -0.004000    0.778886  0.000000  1.0
   -0.004000    0.780886  0.000000  1.0
   -0.004000    0.782886  0.000000  1.0
   -0.004000    0.784886  0.000000  1.0
   -0.004000    0.786886  0.000000  1.0
   -0.002000    0.706886  0.000000  1.0
   -0.002000    0.708886  0.000000  1.0
   -0.002000    0.710886  0.000000  1.0
   -0.002000    0.712886  0.000000  1.0
   -0.002000    0.714886  0.000000  1.0
   -0.002000    0.716886  0.000000  1.0
   -0.002000    0.718886  0.000000  1.0
   -0.002000    0.720886  0.000000  1.0
   -0.002000    0.722886  0.000000  1.0
   -0.002000    0.724886  0.000000  1.0
   -0.002000    0.726886  0.000000  1.0
   -0.002000    0.728886  0.000000  1.0
   -0.002000    0.730886  0.000000  1.0
   -0.002000    0.732886  0.000000  1.0
   -0.002000    0.734886  0.000000  1.0
   -0.002000    0.736886  0.000000  1.0
   -0.002000    0.738886  0.000000  1.0
   -0.002000    0.740886  0.000000  1.0
   -0.002000    0.742886  0.000000  1.0
   -0.002000    0.744886  0.000000  1.0
   -0.002000    0.746886  0.000000  1.0
   -0.002000    0.748886  0.000000  1.0
   -0.002000    0.750886  0.000000  1.0
   -0.002000    0.752886  0.000000  1.0
   -0.002000    0.754886  0.000000  1.0
   -0.002000    0.756886  0.000000  1.0
   -0.002000    0.758886  0.000000  1.0
   -0.002000    0.760886  0.000000  1.0
   -0.002000    0.762886  0.000000  1.0
   -0.002000    0.764886  0.000000  1.0
   -0.002000    0.766886  0.000000  1.0
   -0.002000    0.768886  0.000000  1.0
   -0.002000    0.770886  0.000000  1.0
   -0.002000    0.772886  0.000000  1.0
   -0.002000    0.774886  0.000000  1.0
   -0.002000    0.776886  0.000000  1.0
   -0.002000    0.778886  0.000000  1.0
   -0.002000    0.780886  0.000000  1.0
   -0.002000    0.782886  0.000000  1.0
   -0.002000    0.784886  0.000000  1.0
   -0.002000    0.786886  0.000000  1.0
    0.000000    0.706886  0.000000  1.0
    0.000000    0.708886  0.000000  1.0
    0.000000    0.710886  0.000000  1.0
    0.000000    0.712886  0.000000  1.0
    0.000000    0.714886  0.000000  1.0
    0.000000    0.716886  0.000000  1.0
    0.000000    0.718886  0.000000  1.0
    0.000000    0.720886  0.000000  1.0
    0.000000    0.722886  0.000000  1.0
    0.000000    0.724886  0.000000  1.0
    0.000000    0.726886  0.000000  1.0
    0.000000    0.728886  0.000000  1.0
    0.000000    0.730886  0.000000  1.0
    0.000000    0.732886  0.000000  1.0
    0.000000    0.734886  0.000000  1.0
    0.000000    0.736886  0.000000  1.0
    0.000000    0.738886  0.000000  1.0
    0.000000    0.740886  0.000000  1.0
    0.000000    0.742886  0.000000  1.0
    0.000000    0.744886  0.000000  1.0
    0.000000    0.746886  0.000000  1.0
    0.000000    0.748886  0.000000  1.0
    0.000000    0.750886  0.000000  1.0
    0.000000    0.752886  0.000000  1.0
    0.000000    0.754886  0.000000  1.0
    0.000000    0.756886  0.000000  1.0
    0.000000    0.758886  0.000000  1.0
    0.000000    0.760886  0.000000  1.0
    0.000000    0.762886  0.000000  1.0
    0.000000    0.764886  0.000000  1.0
    0.000000    0.766886  0.000000  1.0
    0.000000    0.768886  0.000000  1.0
    0.000000    0.770886  0.000000  1.0
    0.000000    0.772886  0.000000  1.0
    0.000000    0.774886  0.000000  1.0
    0.000000    0.776886  0.000000  1.0
    0.000000    0.778886  0.000000  1.0
    0.000000    0.780886  0.000000  1.0
    0.000000    0.782886  0.000000  1.0
    0.000000    0.784886  0.000000  1.0
    0.000000    0.786886  0.000000  1.0
    0.002000    0.706886  0.000000  1.0
    0.002000    0.708886  0.000000  1.0
    0.002000    0.710886  0.000000  1.0
    0.002000    0.712886  0.000000  1.0
    0.002000    0.714886  0.000000  1.0
    0.002000    0.716886  0.000000  1.0
    0.002000    0.718886  0.000000  1.0
    0.002000    0.720886  0.000000  1.0
    0.002000    0.722886  0.000000  1.0
    0.002000    0.724886  0.000000  1.0
    0.002000    0.726886  0.000000  1.0
    0.002000    0.728886  0.000000  1.0
    0.002000    0.730886  0.000000  1.0
    0.002000    0.732886  0.000000  1.0
    0.002000    0.734886  0.000000  1.0
    0.002000    0.736886  0.000000  1.0
    0.002000    0.738886  0.000000  1.0
    0.002000    0.740886  0.000000  1.0
    0.002000    0.742886  0.000000  1.0
    0.002000    0.744886  0.000000  1.0
    0.002000    0.746886  0.000000  1.0
    0.002000    0.748886  0.000000  1.0
    0.002000    0.750886  0.000000  1.0
    0.002000    0.752886  0.000000  1.0
    0.002000    0.754886  0.000000  1.0
    0.002000    0.756886  0.000000  1.0
    0.002000    0.758886  0.000000  1.0
    0.002000    0.760886  0.000000  1.0
    0.002000    0.762886  0.000000  1.0
    0.002000    0.764886  0.000000  1.0
    0.002000    0.766886  0.000000  1.0
    0.002000    0.768886  0.000000  1.0
    0.002000    0.770886  0.000000  1.0
    0.002000    0.772886  0.000000  1.0
    0.002000    0.774886  0.000000  1.0
    0.002000    0.776886  0.000000  1.0
    0.002000    0.778886  0.000000  1.0
    0.002000    0.780886  0.000000  1.0
    0.002000    0.782886  0.000000  1.0
    0.002000    0.784886  0.000000  1.0
    0.002000    0.786886  0.000000  1.0
    0.004000    0.706886  0.000000  1.0
    0.004000    0.708886  0.000000  1.0
    0.004000    0.710886  0.000000  1.0
    0.004000    0.712886  0.000000  1.0
    0.004000    0.714886  0.000000  1.0
    0.004000    0.716886  0.000000  1.0
    0.004000    0.718886  0.000000  1.0
    0.004000    0.720886  0.000000  1.0
    0.004000    0.722886  0.000000  1.0
    0.004000    0.724886  0.000000  1.0
    0.004000    0.726886  0.000000  1.0
    0.004000    0.728886  0.000000  1.0
    0.004000    0.730886  0.000000  1.0
    0.004000    0.732886  0.000000  1.0
    0.004000    0.734886  0.000000  1.0
    0.004000    0.736886  0.000000  1.0
    0.004000    0.738886  0.000000  1.0
    0.004000    0.740886  0.000000  1.0
    0.004000    0.742886  0.000000  1.0
    0.004000    0.744886  0.000000  1.0
    0.004000    0.746886  0.000000  1.0
    0.004000    0.748886  0.000000  1.0
    0.004000    0.750886  0.000000  1.0
    0.004000    0.752886  0.000000  1.0
    0.004000    0.754886  0.000000  1.0
    0.004000    0.756886  0.000000  1.0
    0.004000    0.758886  0.000000  1.0
    0.004000    0.760886  0.000000  1.0
    0.004000    0.762886  0.000000  1.0
    0.004000    0.764886  0.000000  1.0
    0.004000    0.766886  0.000000  1.0
    0.004000    0.768886  0.000000  1.0
    0.004000    0.770886  0.000000  1.0
    0.004000    0.772886  0.000000  1.0
    0.004000    0.774886  0.000000  1.0
    0.004000    0.776886  0.000000  1.0
    0.004000    0.778886  0.000000  1.0
    0.004000    0.780886  0.000000  1.0
    0.004000    0.782886  0.000000  1.0
    0.004000    0.784886  0.000000  1.0
    0.004000    0.786886  0.000000  1.0
    0.006000    0.706886  0.000000  1.0
    0.006000    0.708886  0.000000  1.0
    0.006000    0.710886  0.000000  1.0
    0.006000    0.712886  0.000000  1.0
    0.006000    0.714886  0.000000  1.0
    0.006000    0.716886  0.000000  1.0
    0.006000    0.718886  0.000000  1.0
    0.006000    0.720886  0.000000  1.0
    0.006000    0.722886  0.000000  1.0
    0.006000    0.724886  0.000000  1.0
    0.006000    0.726886  0.000000  1.0
    0.006000    0.728886  0.000000  1.0
    0.006000    0.730886  0.000000  1.0
    0.006000    0.732886  0.000000  1.0
    0.006000    0.734886  0.000000  1.0
    0.006000    0.736886  0.000000  1.0
    0.006000    0.738886  0.000000  1.0
    0.006000    0.740886  0.000000  1.0
    0.006000    0.742886  0.000000  1.0
    0.006000    0.744886  0.000000  1.0
    0.006000    0.746886  0.000000  1.0
    0.006000    0.748886  0.000000  1.0
    0.006000    0.750886  0.000000  1.0
    0.006000    0.752886  0.000000  1.0
    0.006000    0.754886  0.000000  1.0
    0.006000    0.756886  0.000000  1.0
    0.006000    0.758886  0.000000  1.0
    0.006000    0.760886  0.000000  1.0
    0.006000    0.762886  0.000000  1.0
    0.006000    0.764886  0.000000  1.0
    0.006000    0.766886  0.000000  1.0
    0.006000    0.768886  0.000000  1.0
    0.006000    0.770886  0.000000  1.0
    0.006000    0.772886  0.000000  1.0
    0.006000    0.774886  0.000000  1.0
    0.006000    0.776886  0.000000  1.0
    0.006000    0.778886  0.000000  1.0
    0.006000    0.780886  0.000000  1.0
    0.006000    0.782886  0.000000  1.0
    0.006000    0.784886  0.000000  1.0
    0.006000    0.786886  0.000000  1.0
    0.008000    0.706886  0.000000  1.0
    0.008000    0.708886  0.000000  1.0
    0.008000    0.710886  0.000000  1.0
    0.008000    0.712886  0.000000  1.0
    0.008000    0.714886  0.000000  1.0
    0.008000    0.716886  0.000000  1.0
    0.008000    0.718886  0.000000  1.0
    0.008000    0.720886  0.000000  1.0
    0.008000    0.722886  0.000000  1.0
    0.008000    0.724886  0.000000  1.0
    0.008000    0.726886  0.000000  1.0
    0.008000    0.728886  0.000000  1.0
    0.008000    0.730886  0.000000  1.0
    0.008000    0.732886  0.000000  1.0
    0.008000    0.734886  0.000000  1.0
    0.008000    0.736886  0.000000  1.0
    0.008000    0.738886  0.000000  1.0
    0.008000    0.740886  0.000000  1.0
    0.008000    0.742886  0.000000  1.0
    0.008000    0.744886  0.000000  1.0
    0.008000    0.746886  0.000000  1.0
    0.008000    0.748886  0.000000  1.0
    0.008000    0.750886  0.000000  1.0
    0.008000    0.752886  0.000000  1.0
    0.008000    0.754886  0.000000  1.0
    0.008000    0.756886  0.000000  1.0
    0.008000    0.758886  0.000000  1.0
    0.008000    0.760886  0.000000  1.0
    0.008000    0.762886  0.000000  1.0
    0.008000    0.764886  0.000000  1.0
    0.008000    0.766886  0.000000  1.0
    0.008000    0.768886  0.000000  1.0
    0.008000    0.770886  0.000000  1.0
    0.008000    0.772886  0.000000  1.0
    0.008000    0.774886  0.000000  1.0
    0.008000    0.776886  0.000000  1.0
    0.008000    0.778886  0.000000  1.0
    0.008000    0.780886  0.000000  1.0
    0.008000    0.782886  0.000000  1.0
    0.008000    0.784886  0.000000  1.0
    0.008000    0.786886  0.000000  1.0
    0.010000    0.706886  0.000000  1.0
    0.010000    0.708886  0.000000  1.0
    0.010000    0.710886  0.000000  1.0
    0.010000    0.712886  0.000000  1.0
    0.010000    0.714886  0.000000  1.0
    0.010000    0.716886  0.000000  1.0
    0.010000    0.718886  0.000000  1.0
    0.010000    0.720886  0.000000  1.0
    0.010000    0.722886  0.000000  1.0
    0.010000    0.724886  0.000000  1.0
    0.010000    0.726886  0.000000  1.0
    0.010000    0.728886  0.000000  1.0
    0.010000    0.730886  0.000000  1.0
    0.010000    0.732886  0.000000  1.0
    0.010000    0.734886  0.000000  1.0
    0.010000    0.736886  0.000000  1.0
    0.010000    0.738886  0.000000  1.0
    0.010000    0.740886  0.000000  1.0
    0.010000    0.742886  0.000000  1.0
    0.010000    0.744886  0.000000  1.0
    0.010000    0.746886  0.000000  1.0
    0.010000    0.748886  0.000000  1.0
    0.010000    0.750886  0.000000  1.0
    0.010000    0.752886  0.000000  1.0
    0.010000    0.754886  0.000000  1.0
    0.010000    0.756886  0.000000  1.0
    0.010000    0.758886  0.000000  1.0
    0.010000    0.760886  0.000000  1.0
    0.010000    0.762886  0.000000  1.0
    0.010000    0.764886  0.000000  1.0
    0.010000    0.766886  0.000000  1.0
    0.010000    0.768886  0.000000  1.0
    0.010000    0.770886  0.000000  1.0
    0.010000    0.772886  0.000000  1.0
    0.010000    0.774886  0.000000  1.0
    0.010000    0.776886  0.000000  1.0
    0.010000    0.778886  0.000000  1.0
    0.010000    0.780886  0.000000  1.0
    0.010000    0.782886  0.000000  1.0
    0.010000    0.784886  0.000000  1.0
    0.010000    0.786886  0.000000  1.0
    0.012000    0.706886  0.000000  1.0
    0.012000    0.708886  0.000000  1.0
    0.012000    0.710886  0.000000  1.0
    0.012000    0.712886  0.000000  1.0
    0.012000    0.714886  0.000000  1.0
    0.012000    0.716886  0.000000  1.0
    0.012000    0.718886  0.000000  1.0
    0.012000    0.720886  0.000000  1.0
    0.012000    0.722886  0.000000  1.0
    0.012000    0.724886  0.000000  1.0
    0.012000    0.726886  0.000000  1.0
    0.012000    0.728886  0.000000  1.0
    0.012000    0.730886  0.000000  1.0
    0.012000    0.732886  0.000000  1.0
    0.012000    0.734886  0.000000  1.0
    0.012000    0.736886  0.000000  1.0
    0.012000    0.738886  0.000000  1.0
    0.012000    0.740886  0.000000  1.0
    0.012000    0.742886  0.000000  1.0
    0.012000    0.744886  0.000000  1.0
    0.012000    0.746886  0.000000  1.0
    0.012000    0.748886  0.000000  1.0
    0.012000    0.750886  0.000000  1.0
    0.012000    0.752886  0.000000  1.0
    0.012000    0.754886  0.000000  1.0
    0.012000    0.756886  0.000000  1.0
    0.012000    0.758886  0.000000  1.0
    0.012000    0.760886  0.000000  1.0
    0.012000    0.762886  0.000000  1.0
    0.012000    0.764886  0.000000  1.0
    0.012000    0.766886  0.000000  1.0
    0.012000    0.768886  0.000000  1.0
    0.012000    0.770886  0.000000  1.0
    0.012000    0.772886  0.000000  1.0
    0.012000    0.774886  0.000000  1.0
    0.012000    0.776886  0.000000  1.0
    0.012000    0.778886  0.000000  1.0
    0.012000    0.780886  0.000000  1.0
    0.012000    0.782886  0.000000  1.0
    0.012000    0.784886  0.000000  1.0
    0.012000    0.786886  0.000000  1.0
    0.014000    0.706886  0.000000  1.0
    0.014000    0.708886  0.000000  1.0
    0.014000    0.710886  0.000000  1.0
    0.014000    0.712886  0.000000  1.0
    0.014000    0.714886  0.000000  1.0
    0.014000    0.716886  0.000000  1.0
    0.014000    0.718886  0.000000  1.0
    0.014000    0.720886  0.000000  1.0
    0.014000    0.722886  0.000000  1.0
    0.014000    0.724886  0.000000  1.0
    0.014000    0.726886  0.000000  1.0
    0.014000    0.728886  0.000000  1.0
    0.014000    0.730886  0.000000  1.0
    0.014000    0.732886  0.000000  1.0
    0.014000    0.734886  0.000000  1.0
    0.014000    0.736886  0.000000  1.0
    0.014000    0.738886  0.000000  1.0
    0.014000    0.740886  0.000000  1.0
    0.014000    0.742886  0.000000  1.0
    0.014000    0.744886  0.000000  1.0
    0.014000    0.746886  0.000000  1.0
    0.014000    0.748886  0.000000  1.0
    0.014000    0.750886  0.000000  1.0
    0.014000    0.752886  0.000000  1.0
    0.014000    0.754886  0.000000  1.0
    0.014000    0.756886  0.000000  1.0
    0.014000    0.758886  0.000000  1.0
    0.014000    0.760886  0.000000  1.0
    0.014000    0.762886  0.000000  1.0
    0.014000    0.764886  0.000000  1.0
    0.014000    0.766886  0.000000  1.0
    0.014000    0.768886  0.000000  1.0
    0.014000    0.770886  0.000000  1.0
    0.014000    0.772886  0.000000  1.0
    0.014000    0.774886  0.000000  1.0
    0.014000    0.776886  0.000000  1.0
    0.014000    0.778886  0.000000  1.0
    0.014000    0.780886  0.000000  1.0
    0.014000    0.782886  0.000000  1.0
    0.014000    0.784886  0.000000  1.0
    0.014000    0.786886  0.000000  1.0
    0.016000    0.706886  0.000000  1.0
    0.016000    0.708886  0.000000  1.0
    0.016000    0.710886  0.000000  1.0
    0.016000    0.712886  0.000000  1.0
    0.016000    0.714886  0.000000  1.0
    0.016000    0.716886  0.000000  1.0
    0.016000    0.718886  0.000000  1.0
    0.016000    0.720886  0.000000  1.0
    0.016000    0.722886  0.000000  1.0
    0.016000    0.724886  0.000000  1.0
    0.016000    0.726886  0.000000  1.0
    0.016000    0.728886  0.000000  1.0
    0.016000    0.730886  0.000000  1.0
    0.016000    0.732886  0.000000  1.0
    0.016000    0.734886  0.000000  1.0
    0.016000    0.736886  0.000000  1.0
    0.016000    0.738886  0.000000  1.0
    0.016000    0.740886  0.000000  1.0
    0.016000    0.742886  0.000000  1.0
    0.016000    0.744886  0.000000  1.0
    0.016000    0.746886  0.000000  1.0
    0.016000    0.748886  0.000000  1.0
    0.016000    0.750886  0.000000  1.0
    0.016000    0.752886  0.000000  1.0
    0.016000    0.754886  0.000000  1.0
    0.016000    0.756886  0.000000  1.0
    0.016000    0.758886  0.000000  1.0
    0.016000    0.760886  0.000000  1.0
    0.016000    0.762886  0.000000  1.0
    0.016000    0.764886  0.000000  1.0
    0.016000    0.766886  0.000000  1.0
    0.016000    0.768886  0.000000  1.0
    0.016000    0.770886  0.000000  1.0
    0.016000    0.772886  0.000000  1.0
    0.016000    0.774886  0.000000  1.0
    0.016000    0.776886  0.000000  1.0
    0.016000    0.778886  0.000000  1.0
    0.016000    0.780886  0.000000  1.0
    0.016000    0.782886  0.000000  1.0
    0.016000    0.784886  0.000000  1.0
    0.016000    0.786886  0.000000  1.0
    0.018000    0.706886  0.000000  1.0
    0.018000    0.708886  0.000000  1.0
    0.018000    0.710886  0.000000  1.0
    0.018000    0.712886  0.000000  1.0
    0.018000    0.714886  0.000000  1.0
    0.018000    0.716886  0.000000  1.0
    0.018000    0.718886  0.000000  1.0
    0.018000    0.720886  0.000000  1.0
    0.018000    0.722886  0.000000  1.0
    0.018000    0.724886  0.000000  1.0
    0.018000    0.726886  0.000000  1.0
    0.018000    0.728886  0.000000  1.0
    0.018000    0.730886  0.000000  1.0
    0.018000    0.732886  0.000000  1.0
    0.018000    0.734886  0.000000  1.0
    0.018000    0.736886  0.000000  1.0
    0.018000    0.738886  0.000000  1.0
    0.018000    0.740886  0.000000  1.0
    0.018000    0.742886  0.000000  1.0
    0.018000    0.744886  0.000000  1.0
    0.018000    0.746886  0.000000  1.0
    0.018000    0.748886  0.000000  1.0
    0.018000    0.750886  0.000000  1.0
    0.018000    0.752886  0.000000  1.0
    0.018000    0.754886  0.000000  1.0
    0.018000    0.756886  0.000000  1.0
    0.018000    0.758886  0.000000  1.0
    0.018000    0.760886  0.000000  1.0
    0.018000    0.762886  0.000000  1.0
    0.018000    0.764886  0.000000  1.0
    0.018000    0.766886  0.000000  1.0
    0.018000    0.768886  0.000000  1.0
    0.018000    0.770886  0.000000  1.0
    0.018000    0.772886  0.000000  1.0
    0.018000    0.774886  0.000000  1.0
    0.018000    0.776886  0.000000  1.0
    0.018000    0.778886  0.000000  1.0
    0.018000    0.780886  0.000000  1.0
    0.018000    0.782886  0.000000  1.0
    0.018000    0.784886  0.000000  1.0
    0.018000    0.786886  0.000000  1.0
    0.020000    0.706886  0.000000  1.0
    0.020000    0.708886  0.000000  1.0
    0.020000    0.710886  0.000000  1.0
    0.020000    0.712886  0.000000  1.0
    0.020000    0.714886  0.000000  1.0
    0.020000    0.716886  0.000000  1.0
    0.020000    0.718886  0.000000  1.0
    0.020000    0.720886  0.000000  1.0
    0.020000    0.722886  0.000000  1.0
    0.020000    0.724886  0.000000  1.0
    0.020000    0.726886  0.000000  1.0
    0.020000    0.728886  0.000000  1.0
    0.020000    0.730886  0.000000  1.0
    0.020000    0.732886  0.000000  1.0
    0.020000    0.734886  0.000000  1.0
    0.020000    0.736886  0.000000  1.0
    0.020000    0.738886  0.000000  1.0
    0.020000    0.740886  0.000000  1.0
    0.020000    0.742886  0.000000  1.0
    0.020000    0.744886  0.000000  1.0
    0.020000    0.746886  0.000000  1.0
    0.020000    0.748886  0.000000  1.0
    0.020000    0.750886  0.000000  1.0
    0.020000    0.752886  0.000000  1.0
    0.020000    0.754886  0.000000  1.0
    0.020000    0.756886  0.000000  1.0
    0.020000    0.758886  0.000000  1.0
    0.020000    0.760886  0.000000  1.0
    0.020000    0.762886  0.000000  1.0
    0.020000    0.764886  0.000000  1.0
    0.020000    0.766886  0.000000  1.0
    0.020000    0.768886  0.000000  1.0
    0.020000    0.770886  0.000000  1.0
    0.020000    0.772886  0.000000  1.0
    0.020000    0.774886  0.000000  1.0
    0.020000    0.776886  0.000000  1.0
    0.020000    0.778886  0.000000  1.0
    0.020000    0.780886  0.000000  1.0
    0.020000    0.782886  0.000000  1.0
    0.020000    0.784886  0.000000  1.0
    0.020000    0.786886  0.000000  1.0
    0.022000    0.706886  0.000000  1.0
    0.022000    0.708886  0.000000  1.0
    0.022000    0.710886  0.000000  1.0
    0.022000    0.712886  0.000000  1.0
    0.022000    0.714886  0.000000  1.0
    0.022000    0.716886  0.000000  1.0
    0.022000    0.718886  0.000000  1.0
    0.022000    0.720886  0.000000  1.0
    0.022000    0.722886  0.000000  1.0
    0.022000    0.724886  0.000000  1.0
    0.022000    0.726886  0.000000  1.0
    0.022000    0.728886  0.000000  1.0
    0.022000    0.730886  0.000000  1.0
    0.022000    0.732886  0.000000  1.0
    0.022000    0.734886  0.000000  1.0
    0.022000    0.736886  0.000000  1.0
    0.022000    0.738886  0.000000  1.0
    0.022000    0.740886  0.000000  1.0
    0.022000    0.742886  0.000000  1.0
    0.022000    0.744886  0.000000  1.0
    0.022000    0.746886  0.000000  1.0
    0.022000    0.748886  0.000000  1.0
    0.022000    0.750886  0.000000  1.0
    0.022000    0.752886  0.000000  1.0
    0.022000    0.754886  0.000000  1.0
    0.022000    0.756886  0.000000  1.0
    0.022000    0.758886  0.000000  1.0
    0.022000    0.760886  0.000000  1.0
    0.022000    0.762886  0.000000  1.0
    0.022000    0.764886  0.000000  1.0
    0.022000    0.766886  0.000000  1.0
    0.022000    0.768886  0.000000  1.0
    0.022000    0.770886  0.000000  1.0
    0.022000    0.772886  0.000000  1.0
    0.022000    0.774886  0.000000  1.0
    0.022000    0.776886  0.000000  1.0
    0.022000    0.778886  0.000000  1.0
    0.022000    0.780886  0.000000  1.0
    0.022000    0.782886  0.000000  1.0
    0.022000    0.784886  0.000000  1.0
    0.022000    0.786886  0.000000  1.0
    0.024000    0.706886  0.000000  1.0
    0.024000    0.708886  0.000000  1.0
    0.024000    0.710886  0.000000  1.0
    0.024000    0.712886  0.000000  1.0
    0.024000    0.714886  0.000000  1.0
    0.024000    0.716886  0.000000  1.0
    0.024000    0.718886  0.000000  1.0
    0.024000    0.720886  0.000000  1.0
    0.024000    0.722886  0.000000  1.0
    0.024000    0.724886  0.000000  1.0
    0.024000    0.726886  0.000000  1.0
    0.024000    0.728886  0.000000  1.0
    0.024000    0.730886  0.000000  1.0
    0.024000    0.732886  0.000000  1.0
    0.024000    0.734886  0.000000  1.0
    0.024000    0.736886  0.000000  1.0
    0.024000    0.738886  0.000000  1.0
    0.024000    0.740886  0.000000  1.0
    0.024000    0.742886  0.000000  1.0
    0.024000    0.744886  0.000000  1.0
    0.024000    0.746886  0.000000  1.0
    0.024000    0.748886  0.000000  1.0
    0.024000    0.750886  0.000000  1.0
    0.024000    0.752886  0.000000  1.0
    0.024000    0.754886  0.000000  1.0
    0.024000    0.756886  0.000000  1.0
    0.024000    0.758886  0.000000  1.0
    0.024000    0.760886  0.000000  1.0
    0.024000    0.762886  0.000000  1.0
    0.024000    0.764886  0.000000  1.0
    0.024000    0.766886  0.000000  1.0
    0.024000    0.768886  0.000000  1.0
    0.024000    0.770886  0.000000  1.0
    0.024000    0.772886  0.000000  1.0
    0.024000    0.774886  0.000000  1.0
    0.024000    0.776886  0.000000  1.0
    0.024000    0.778886  0.000000  1.0
    0.024000    0.780886  0.000000  1.0
    0.024000    0.782886  0.000000  1.0
    0.024000    0.784886  0.000000  1.0
    0.024000    0.786886  0.000000  1.0
    0.026000    0.706886  0.000000  1.0
    0.026000    0.708886  0.000000  1.0
    0.026000    0.710886  0.000000  1.0
    0.026000    0.712886  0.000000  1.0
    0.026000    0.714886  0.000000  1.0
    0.026000    0.716886  0.000000  1.0
    0.026000    0.718886  0.000000  1.0
    0.026000    0.720886  0.000000  1.0
    0.026000    0.722886  0.000000  1.0
    0.026000    0.724886  0.000000  1.0
    0.026000    0.726886  0.000000  1.0
    0.026000    0.728886  0.000000  1.0
    0.026000    0.730886  0.000000  1.0
    0.026000    0.732886  0.000000  1.0
    0.026000    0.734886  0.000000  1.0
    0.026000    0.736886  0.000000  1.0
    0.026000    0.738886  0.000000  1.0
    0.026000    0.740886  0.000000  1.0
    0.026000    0.742886  0.000000  1.0
    0.026000    0.744886  0.000000  1.0
    0.026000    0.746886  0.000000  1.0
    0.026000    0.748886  0.000000  1.0
    0.026000    0.750886  0.000000  1.0
    0.026000    0.752886  0.000000  1.0
    0.026000    0.754886  0.000000  1.0
    0.026000    0.756886  0.000000  1.0
    0.026000    0.758886  0.000000  1.0
    0.026000    0.760886  0.000000  1.0
    0.026000    0.762886  0.000000  1.0
    0.026000    0.764886  0.000000  1.0
    0.026000    0.766886  0.000000  1.0
    0.026000    0.768886  0.000000  1.0
    0.026000    0.770886  0.000000  1.0
    0.026000    0.772886  0.000000  1.0
    0.026000    0.774886  0.000000  1.0
    0.026000    0.776886  0.000000  1.0
    0.026000    0.778886  0.000000  1.0
    0.026000    0.780886  0.000000  1.0
    0.026000    0.782886  0.000000  1.0
    0.026000    0.784886  0.000000  1.0
    0.026000    0.786886  0.000000  1.0
    0.028000    0.706886  0.000000  1.0
    0.028000    0.708886  0.000000  1.0
    0.028000    0.710886  0.000000  1.0
    0.028000    0.712886  0.000000  1.0
    0.028000    0.714886  0.000000  1.0
    0.028000    0.716886  0.000000  1.0
    0.028000    0.718886  0.000000  1.0
    0.028000    0.720886  0.000000  1.0
    0.028000    0.722886  0.000000  1.0
    0.028000    0.724886  0.000000  1.0
    0.028000    0.726886  0.000000  1.0
    0.028000    0.728886  0.000000  1.0
    0.028000    0.730886  0.000000  1.0
    0.028000    0.732886  0.000000  1.0
    0.028000    0.734886  0.000000  1.0
    0.028000    0.736886  0.000000  1.0
    0.028000    0.738886  0.000000  1.0
    0.028000    0.740886  0.000000  1.0
    0.028000    0.742886  0.000000  1.0
    0.028000    0.744886  0.000000  1.0
    0.028000    0.746886  0.000000  1.0
    0.028000    0.748886  0.000000  1.0
    0.028000    0.750886  0.000000  1.0
    0.028000    0.752886  0.000000  1.0
    0.028000    0.754886  0.000000  1.0
    0.028000    0.756886  0.000000  1.0
    0.028000    0.758886  0.000000  1.0
    0.028000    0.760886  0.000000  1.0
    0.028000    0.762886  0.000000  1.0
    0.028000    0.764886  0.000000  1.0
    0.028000    0.766886  0.000000  1.0
    0.028000    0.768886  0.000000  1.0
    0.028000    0.770886  0.000000  1.0
    0.028000    0.772886  0.000000  1.0
    0.028000    0.774886  0.000000  1.0
    0.028000    0.776886  0.000000  1.0
    0.028000    0.778886  0.000000  1.0
    0.028000    0.780886  0.000000  1.0
    0.028000    0.782886  0.000000  1.0
    0.028000    0.784886  0.000000  1.0
    0.028000    0.786886  0.000000  1.0
    0.030000    0.706886  0.000000  1.0
    0.030000    0.708886  0.000000  1.0
    0.030000    0.710886  0.000000  1.0
    0.030000    0.712886  0.000000  1.0
    0.030000    0.714886  0.000000  1.0
    0.030000    0.716886  0.000000  1.0
    0.030000    0.718886  0.000000  1.0
    0.030000    0.720886  0.000000  1.0
    0.030000    0.722886  0.000000  1.0
    0.030000    0.724886  0.000000  1.0
    0.030000    0.726886  0.000000  1.0
    0.030000    0.728886  0.000000  1.0
    0.030000    0.730886  0.000000  1.0
    0.030000    0.732886  0.000000  1.0
    0.030000    0.734886  0.000000  1.0
    0.030000    0.736886  0.000000  1.0
    0.030000    0.738886  0.000000  1.0
    0.030000    0.740886  0.000000  1.0
    0.030000    0.742886  0.000000  1.0
    0.030000    0.744886  0.000000  1.0
    0.030000    0.746886  0.000000  1.0
    0.030000    0.748886  0.000000  1.0
    0.030000    0.750886  0.000000  1.0
    0.030000    0.752886  0.000000  1.0
    0.030000    0.754886  0.000000  1.0
    0.030000    0.756886  0.000000  1.0
    0.030000    0.758886  0.000000  1.0
    0.030000    0.760886  0.000000  1.0
    0.030000    0.762886  0.000000  1.0
    0.030000    0.764886  0.000000  1.0
    0.030000    0.766886  0.000000  1.0
    0.030000    0.768886  0.000000  1.0
    0.030000    0.770886  0.000000  1.0
    0.030000    0.772886  0.000000  1.0
    0.030000    0.774886  0.000000  1.0
    0.030000    0.776886  0.000000  1.0
    0.030000    0.778886  0.000000  1.0
    0.030000    0.780886  0.000000  1.0
    0.030000    0.782886  0.000000  1.0
    0.030000    0.784886  0.000000  1.0
    0.030000    0.786886  0.000000  1.0
    0.032000    0.706886  0.000000  1.0
    0.032000    0.708886  0.000000  1.0
    0.032000    0.710886  0.000000  1.0
    0.032000    0.712886  0.000000  1.0
    0.032000    0.714886  0.000000  1.0
    0.032000    0.716886  0.000000  1.0
    0.032000    0.718886  0.000000  1.0
    0.032000    0.720886  0.000000  1.0
    0.032000    0.722886  0.000000  1.0
    0.032000    0.724886  0.000000  1.0
    0.032000    0.726886  0.000000  1.0
    0.032000    0.728886  0.000000  1.0
    0.032000    0.730886  0.000000  1.0
    0.032000    0.732886  0.000000  1.0
    0.032000    0.734886  0.000000  1.0
    0.032000    0.736886  0.000000  1.0
    0.032000    0.738886  0.000000  1.0
    0.032000    0.740886  0.000000  1.0
    0.032000    0.742886  0.000000  1.0
    0.032000    0.744886  0.000000  1.0
    0.032000    0.746886  0.000000  1.0
    0.032000    0.748886  0.000000  1.0
    0.032000    0.750886  0.000000  1.0
    0.032000    0.752886  0.000000  1.0
    0.032000    0.754886  0.000000  1.0
    0.032000    0.756886  0.000000  1.0
    0.032000    0.758886  0.000000  1.0
    0.032000    0.760886  0.000000  1.0
    0.032000    0.762886  0.000000  1.0
    0.032000    0.764886  0.000000  1.0
    0.032000    0.766886  0.000000  1.0
    0.032000    0.768886  0.000000  1.0
    0.032000    0.770886  0.000000  1.0
    0.032000    0.772886  0.000000  1.0
    0.032000    0.774886  0.000000  1.0
    0.032000    0.776886  0.000000  1.0
    0.032000    0.778886  0.000000  1.0
    0.032000    0.780886  0.000000  1.0
    0.032000    0.782886  0.000000  1.0
    0.032000    0.784886  0.000000  1.0
    0.032000    0.786886  0.000000  1.0
    0.034000    0.706886  0.000000  1.0
    0.034000    0.708886  0.000000  1.0
    0.034000    0.710886  0.000000  1.0
    0.034000    0.712886  0.000000  1.0
    0.034000    0.714886  0.000000  1.0
    0.034000    0.716886  0.000000  1.0
    0.034000    0.718886  0.000000  1.0
    0.034000    0.720886  0.000000  1.0
    0.034000    0.722886  0.000000  1.0
    0.034000    0.724886  0.000000  1.0
    0.034000    0.726886  0.000000  1.0
    0.034000    0.728886  0.000000  1.0
    0.034000    0.730886  0.000000  1.0
    0.034000    0.732886  0.000000  1.0
    0.034000    0.734886  0.000000  1.0
    0.034000    0.736886  0.000000  1.0
    0.034000    0.738886  0.000000  1.0
    0.034000    0.740886  0.000000  1.0
    0.034000    0.742886  0.000000  1.0
    0.034000    0.744886  0.000000  1.0
    0.034000    0.746886  0.000000  1.0
    0.034000    0.748886  0.000000  1.0
    0.034000    0.750886  0.000000  1.0
    0.034000    0.752886  0.000000  1.0
    0.034000    0.754886  0.000000  1.0
    0.034000    0.756886  0.000000  1.0
    0.034000    0.758886  0.000000  1.0
    0.034000    0.760886  0.000000  1.0
    0.034000    0.762886  0.000000  1.0
    0.034000    0.764886  0.000000  1.0
    0.034000    0.766886  0.000000  1.0
    0.034000    0.768886  0.000000  1.0
    0.034000    0.770886  0.000000  1.0
    0.034000    0.772886  0.000000  1.0
    0.034000    0.774886  0.000000  1.0
    0.034000    0.776886  0.000000  1.0
    0.034000    0.778886  0.000000  1.0
    0.034000    0.780886  0.000000  1.0
    0.034000    0.782886  0.000000  1.0
    0.034000    0.784886  0.000000  1.0
    0.034000    0.786886  0.000000  1.0
    0.036000    0.706886  0.000000  1.0
    0.036000    0.708886  0.000000  1.0
    0.036000    0.710886  0.000000  1.0
    0.036000    0.712886  0.000000  1.0
    0.036000    0.714886  0.000000  1.0
    0.036000    0.716886  0.000000  1.0
    0.036000    0.718886  0.000000  1.0
    0.036000    0.720886  0.000000  1.0
    0.036000    0.722886  0.000000  1.0
    0.036000    0.724886  0.000000  1.0
    0.036000    0.726886  0.000000  1.0
    0.036000    0.728886  0.000000  1.0
    0.036000    0.730886  0.000000  1.0
    0.036000    0.732886  0.000000  1.0
    0.036000    0.734886  0.000000  1.0
    0.036000    0.736886  0.000000  1.0
    0.036000    0.738886  0.000000  1.0
    0.036000    0.740886  0.000000  1.0
    0.036000    0.742886  0.000000  1.0
    0.036000    0.744886  0.000000  1.0
    0.036000    0.746886  0.000000  1.0
    0.036000    0.748886  0.000000  1.0
    0.036000    0.750886  0.000000  1.0
    0.036000    0.752886  0.000000  1.0
    0.036000    0.754886  0.000000  1.0
    0.036000    0.756886  0.000000  1.0
    0.036000    0.758886  0.000000  1.0
    0.036000    0.760886  0.000000  1.0
    0.036000    0.762886  0.000000  1.0
    0.036000    0.764886  0.000000  1.0
    0.036000    0.766886  0.000000  1.0
    0.036000    0.768886  0.000000  1.0
    0.036000    0.770886  0.000000  1.0
    0.036000    0.772886  0.000000  1.0
    0.036000    0.774886  0.000000  1.0
    0.036000    0.776886  0.000000  1.0
    0.036000    0.778886  0.000000  1.0
    0.036000    0.780886  0.000000  1.0
    0.036000    0.782886  0.000000  1.0
    0.036000    0.784886  0.000000  1.0
    0.036000    0.786886  0.000000  1.0
    0.038000    0.706886  0.000000  1.0
    0.038000    0.708886  0.000000  1.0
    0.038000    0.710886  0.000000  1.0
    0.038000    0.712886  0.000000  1.0
    0.038000    0.714886  0.000000  1.0
    0.038000    0.716886  0.000000  1.0
    0.038000    0.718886  0.000000  1.0
    0.038000    0.720886  0.000000  1.0
    0.038000    0.722886  0.000000  1.0
    0.038000    0.724886  0.000000  1.0
    0.038000    0.726886  0.000000  1.0
    0.038000    0.728886  0.000000  1.0
    0.038000    0.730886  0.000000  1.0
    0.038000    0.732886  0.000000  1.0
    0.038000    0.734886  0.000000  1.0
    0.038000    0.736886  0.000000  1.0
    0.038000    0.738886  0.000000  1.0
    0.038000    0.740886  0.000000  1.0
    0.038000    0.742886  0.000000  1.0
    0.038000    0.744886  0.000000  1.0
    0.038000    0.746886  0.000000  1.0
    0.038000    0.748886  0.000000  1.0
    0.038000    0.750886  0.000000  1.0
    0.038000    0.752886  0.000000  1.0
    0.038000    0.754886  0.000000  1.0
    0.038000    0.756886  0.000000  1.0
    0.038000    0.758886  0.000000  1.0
    0.038000    0.760886  0.000000  1.0
    0.038000    0.762886  0.000000  1.0
    0.038000    0.764886  0.000000  1.0
    0.038000    0.766886  0.000000  1.0
    0.038000    0.768886  0.000000  1.0
    0.038000    0.770886  0.000000  1.0
    0.038000    0.772886  0.000000  1.0
    0.038000    0.774886  0.000000  1.0
    0.038000    0.776886  0.000000  1.0
    0.038000    0.778886  0.000000  1.0
    0.038000    0.780886  0.000000  1.0
    0.038000    0.782886  0.000000  1.0
    0.038000    0.784886  0.000000  1.0
    0.038000    0.786886  0.000000  1.0
    0.040000    0.706886  0.000000  1.0
    0.040000    0.708886  0.000000  1.0
    0.040000    0.710886  0.000000  1.0
    0.040000    0.712886  0.000000  1.0
    0.040000    0.714886  0.000000  1.0
    0.040000    0.716886  0.000000  1.0
    0.040000    0.718886  0.000000  1.0
    0.040000    0.720886  0.000000  1.0
    0.040000    0.722886  0.000000  1.0
    0.040000    0.724886  0.000000  1.0
    0.040000    0.726886  0.000000  1.0
    0.040000    0.728886  0.000000  1.0
    0.040000    0.730886  0.000000  1.0
    0.040000    0.732886  0.000000  1.0
    0.040000    0.734886  0.000000  1.0
    0.040000    0.736886  0.000000  1.0
    0.040000    0.738886  0.000000  1.0
    0.040000    0.740886  0.000000  1.0
    0.040000    0.742886  0.000000  1.0
    0.040000    0.744886  0.000000  1.0
    0.040000    0.746886  0.000000  1.0
    0.040000    0.748886  0.000000  1.0
    0.040000    0.750886  0.000000  1.0
    0.040000    0.752886  0.000000  1.0
    0.040000    0.754886  0.000000  1.0
    0.040000    0.756886  0.000000  1.0
    0.040000    0.758886  0.000000  1.0
    0.040000    0.760886  0.000000  1.0
    0.040000    0.762886  0.000000  1.0
    0.040000    0.764886  0.000000  1.0
    0.040000    0.766886  0.000000  1.0
    0.040000    0.768886  0.000000  1.0
    0.040000    0.770886  0.000000  1.0
    0.040000    0.772886  0.000000  1.0
    0.040000    0.774886  0.000000  1.0
    0.040000    0.776886  0.000000  1.0
    0.040000    0.778886  0.000000  1.0
    0.040000    0.780886  0.000000  1.0
    0.040000    0.782886  0.000000  1.0
    0.040000    0.784886  0.000000  1.0
    0.040000    0.786886  0.000000  1.0
