&CONTROL
  calculation = 'bands'
  prefix = 'graphene25.8lower'
  outdir = './tmp'
  pseudo_dir = './'
  verbosity = 'high'
/
&SYSTEM
  ibrav = 0
  nat = 2
  ntyp = 1
  ecutwfc = 40.0
  nosym = .true.
  noinv = .true.
  nbnd = 8
/
&ELECTRONS
/
ATOMIC_SPECIES
  C  12.011 C.pbe-n-kjpaw_psl.1.0.0.UPF
CELL_PARAMETERS {bohr}
  5.819412  0.000000  0.000000
  2.909706  3.835625  0.000000
  0.000000  0.000000  28.346456
ATOMIC_POSITIONS {crystal}
  C  0.000086  -0.000093  0.000000
  C  0.333247  0.333426  0.000000
K_POINTS {tpiba}
1681
    0.009180   -0.798600  0.000000  1.0
    0.009180   -0.796600  0.000000  1.0
    0.009180   -0.794600  0.000000  1.0
    0.009180   -0.792600  0.000000  1.0
    0.009180   -0.790600  0.000000  1.0
    0.009180   -0.788600  0.000000  1.0
    0.009180   -0.786600  0.000000  1.0
    0.009180   -0.784600  0.000000  1.0
    0.009180   -0.782600  0.000000  1.0
    0.009180   -0.780600  0.000000  1.0
    0.009180   -0.778600  0.000000  1.0
    0.009180   -0.776600  0.000000  1.0
    0.009180   -0.774600  0.000000  1.0
    0.009180   -0.772600  0.000000  1.0
    0.009180   -0.770600  0.000000  1.0
    0.009180   -0.768600  0.000000  1.0
    0.009180   -0.766600  0.000000  1.0
    0.009180   -0.764600  0.000000  1.0
    0.009180   -0.762600  0.000000  1.0
    0.009180   -0.760600  0.000000  1.0
    0.009180   -0.758600  0.000000  1.0
    0.009180   -0.756600  0.000000  1.0
    0.009180   -0.754600  0.000000  1.0
    0.009180   -0.752600  0.000000  1.0
    0.009180   -0.750600  0.000000  1.0
    0.009180   -0.748600  0.000000  1.0
    0.009180   -0.746600  0.000000  1.0
    0.009180   -0.744600  0.000000  1.0
    0.009180   -0.742600  0.000000  1.0
    0.009180   -0.740600  0.000000  1.0
    0.009180   -0.738600  0.000000  1.0
    0.009180   -0.736600  0.000000  1.0
    0.009180   -0.734600  0.000000  1.0
    0.009180   -0.732600  0.000000  1.0
    0.009180   -0.730600  0.000000  1.0
    0.009180   -0.728600  0.000000  1.0
    0.009180   -0.726600  0.000000  1.0
    0.009180   -0.724600  0.000000  1.0
    0.009180   -0.722600  0.000000  1.0
    0.009180   -0.720600  0.000000  1.0
    0.009180   -0.718600  0.000000  1.0
    0.011180   -0.798600  0.000000  1.0
    0.011180   -0.796600  0.000000  1.0
    0.011180   -0.794600  0.000000  1.0
    0.011180   -0.792600  0.000000  1.0
    0.011180   -0.790600  0.000000  1.0
    0.011180   -0.788600  0.000000  1.0
    0.011180   -0.786600  0.000000  1.0
    0.011180   -0.784600  0.000000  1.0
    0.011180   -0.782600  0.000000  1.0
    0.011180   -0.780600  0.000000  1.0
    0.011180   -0.778600  0.000000  1.0
    0.011180   -0.776600  0.000000  1.0
    0.011180   -0.774600  0.000000  1.0
    0.011180   -0.772600  0.000000  1.0
    0.011180   -0.770600  0.000000  1.0
    0.011180   -0.768600  0.000000  1.0
    0.011180   -0.766600  0.000000  1.0
    0.011180   -0.764600  0.000000  1.0
    0.011180   -0.762600  0.000000  1.0
    0.011180   -0.760600  0.000000  1.0
    0.011180   -0.758600  0.000000  1.0
    0.011180   -0.756600  0.000000  1.0
    0.011180   -0.754600  0.000000  1.0
    0.011180   -0.752600  0.000000  1.0
    0.011180   -0.750600  0.000000  1.0
    0.011180   -0.748600  0.000000  1.0
    0.011180   -0.746600  0.000000  1.0
    0.011180   -0.744600  0.000000  1.0
    0.011180   -0.742600  0.000000  1.0
    0.011180   -0.740600  0.000000  1.0
    0.011180   -0.738600  0.000000  1.0
    0.011180   -0.736600  0.000000  1.0
    0.011180   -0.734600  0.000000  1.0
    0.011180   -0.732600  0.000000  1.0
    0.011180   -0.730600  0.000000  1.0
    0.011180   -0.728600  0.000000  1.0
    0.011180   -0.726600  0.000000  1.0
    0.011180   -0.724600  0.000000  1.0
    0.011180   -0.722600  0.000000  1.0
    0.011180   -0.720600  0.000000  1.0
    0.011180   -0.718600  0.000000  1.0
    0.013180   -0.798600  0.000000  1.0
    0.013180   -0.796600  0.000000  1.0
    0.013180   -0.794600  0.000000  1.0
    0.013180   -0.792600  0.000000  1.0
    0.013180   -0.790600  0.000000  1.0
    0.013180   -0.788600  0.000000  1.0
    0.013180   -0.786600  0.000000  1.0
    0.013180   -0.784600  0.000000  1.0
    0.013180   -0.782600  0.000000  1.0
    0.013180   -0.780600  0.000000  1.0
    0.013180   -0.778600  0.000000  1.0
    0.013180   -0.776600  0.000000  1.0
    0.013180   -0.774600  0.000000  1.0
    0.013180   -0.772600  0.000000  1.0
    0.013180   -0.770600  0.000000  1.0
    0.013180   -0.768600  0.000000  1.0
    0.013180   -0.766600  0.000000  1.0
    0.013180   -0.764600  0.000000  1.0
    0.013180   -0.762600  0.000000  1.0
    0.013180   -0.760600  0.000000  1.0
    0.013180   -0.758600  0.000000  1.0
    0.013180   -0.756600  0.000000  1.0
    0.013180   -0.754600  0.000000  1.0
    0.013180   -0.752600  0.000000  1.0
    0.013180   -0.750600  0.000000  1.0
    0.013180   -0.748600  0.000000  1.0
    0.013180   -0.746600  0.000000  1.0
    0.013180   -0.744600  0.000000  1.0
    0.013180   -0.742600  0.000000  1.0
    0.013180   -0.740600  0.000000  1.0
    0.013180   -0.738600  0.000000  1.0
    0.013180   -0.736600  0.000000  1.0
    0.013180   -0.734600  0.000000  1.0
    0.013180   -0.732600  0.000000  1.0
    0.013180   -0.730600  0.000000  1.0
    0.013180   -0.728600  0.000000  1.0
    0.013180   -0.726600  0.000000  1.0
    0.013180   -0.724600  0.000000  1.0
    0.013180   -0.722600  0.000000  1.0
    0.013180   -0.720600  0.000000  1.0
    0.013180   -0.718600  0.000000  1.0
    0.015180   -0.798600  0.000000  1.0
    0.015180   -0.796600  0.000000  1.0
    0.015180   -0.794600  0.000000  1.0
    0.015180   -0.792600  0.000000  1.0
    0.015180   -0.790600  0.000000  1.0
    0.015180   -0.788600  0.000000  1.0
    0.015180   -0.786600  0.000000  1.0
    0.015180   -0.784600  0.000000  1.0
    0.015180   -0.782600  0.000000  1.0
    0.015180   -0.780600  0.000000  1.0
    0.015180   -0.778600  0.000000  1.0
    0.015180   -0.776600  0.000000  1.0
    0.015180   -0.774600  0.000000  1.0
    0.015180   -0.772600  0.000000  1.0
    0.015180   -0.770600  0.000000  1.0
    0.015180   -0.768600  0.000000  1.0
    0.015180   -0.766600  0.000000  1.0
    0.015180   -0.764600  0.000000  1.0
    0.015180   -0.762600  0.000000  1.0
    0.015180   -0.760600  0.000000  1.0
    0.015180   -0.758600  0.000000  1.0
    0.015180   -0.756600  0.000000  1.0
    0.015180   -0.754600  0.000000  1.0
    0.015180   -0.752600  0.000000  1.0
    0.015180   -0.750600  0.000000  1.0
    0.015180   -0.748600  0.000000  1.0
    0.015180   -0.746600  0.000000  1.0
    0.015180   -0.744600  0.000000  1.0
    0.015180   -0.742600  0.000000  1.0
    0.015180   -0.740600  0.000000  1.0
    0.015180   -0.738600  0.000000  1.0
    0.015180   -0.736600  0.000000  1.0
    0.015180   -0.734600  0.000000  1.0
    0.015180   -0.732600  0.000000  1.0
    0.015180   -0.730600  0.000000  1.0
    0.015180   -0.728600  0.000000  1.0
    0.015180   -0.726600  0.000000  1.0
    0.015180   -0.724600  0.000000  1.0
    0.015180   -0.722600  0.000000  1.0
    0.015180   -0.720600  0.000000  1.0
    0.015180   -0.718600  0.000000  1.0
    0.017180   -0.798600  0.000000  1.0
    0.017180   -0.796600  0.000000  1.0
    0.017180   -0.794600  0.000000  1.0
    0.017180   -0.792600  0.000000  1.0
    0.017180   -0.790600  0.000000  1.0
    0.017180   -0.788600  0.000000  1.0
    0.017180   -0.786600  0.000000  1.0
    0.017180   -0.784600  0.000000  1.0
    0.017180   -0.782600  0.000000  1.0
    0.017180   -0.780600  0.000000  1.0
    0.017180   -0.778600  0.000000  1.0
    0.017180   -0.776600  0.000000  1.0
    0.017180   -0.774600  0.000000  1.0
    0.017180   -0.772600  0.000000  1.0
    0.017180   -0.770600  0.000000  1.0
    0.017180   -0.768600  0.000000  1.0
    0.017180   -0.766600  0.000000  1.0
    0.017180   -0.764600  0.000000  1.0
    0.017180   -0.762600  0.000000  1.0
    0.017180   -0.760600  0.000000  1.0
    0.017180   -0.758600  0.000000  1.0
    0.017180   -0.756600  0.000000  1.0
    0.017180   -0.754600  0.000000  1.0
    0.017180   -0.752600  0.000000  1.0
    0.017180   -0.750600  0.000000  1.0
    0.017180   -0.748600  0.000000  1.0
    0.017180   -0.746600  0.000000  1.0
    0.017180   -0.744600  0.000000  1.0
    0.017180   -0.742600  0.000000  1.0
    0.017180   -0.740600  0.000000  1.0
    0.017180   -0.738600  0.000000  1.0
    0.017180   -0.736600  0.000000  1.0
    0.017180   -0.734600  0.000000  1.0
    0.017180   -0.732600  0.000000  1.0
    0.017180   -0.730600  0.000000  1.0
    0.017180   -0.728600  0.000000  1.0
    0.017180   -0.726600  0.000000  1.0
    0.017180   -0.724600  0.000000  1.0
    0.017180   -0.722600  0.000000  1.0
    0.017180   -0.720600  0.000000  1.0
    0.017180   -0.718600  0.000000  1.0
    0.019180   -0.798600  0.000000  1.0
    0.019180   -0.796600  0.000000  1.0
    0.019180   -0.794600  0.000000  1.0
    0.019180   -0.792600  0.000000  1.0
    0.019180   -0.790600  0.000000  1.0
    0.019180   -0.788600  0.000000  1.0
    0.019180   -0.786600  0.000000  1.0
    0.019180   -0.784600  0.000000  1.0
    0.019180   -0.782600  0.000000  1.0
    0.019180   -0.780600  0.000000  1.0
    0.019180   -0.778600  0.000000  1.0
    0.019180   -0.776600  0.000000  1.0
    0.019180   -0.774600  0.000000  1.0
    0.019180   -0.772600  0.000000  1.0
    0.019180   -0.770600  0.000000  1.0
    0.019180   -0.768600  0.000000  1.0
    0.019180   -0.766600  0.000000  1.0
    0.019180   -0.764600  0.000000  1.0
    0.019180   -0.762600  0.000000  1.0
    0.019180   -0.760600  0.000000  1.0
    0.019180   -0.758600  0.000000  1.0
    0.019180   -0.756600  0.000000  1.0
    0.019180   -0.754600  0.000000  1.0
    0.019180   -0.752600  0.000000  1.0
    0.019180   -0.750600  0.000000  1.0
    0.019180   -0.748600  0.000000  1.0
    0.019180   -0.746600  0.000000  1.0
    0.019180   -0.744600  0.000000  1.0
    0.019180   -0.742600  0.000000  1.0
    0.019180   -0.740600  0.000000  1.0
    0.019180   -0.738600  0.000000  1.0
    0.019180   -0.736600  0.000000  1.0
    0.019180   -0.734600  0.000000  1.0
    0.019180   -0.732600  0.000000  1.0
    0.019180   -0.730600  0.000000  1.0
    0.019180   -0.728600  0.000000  1.0
    0.019180   -0.726600  0.000000  1.0
    0.019180   -0.724600  0.000000  1.0
    0.019180   -0.722600  0.000000  1.0
    0.019180   -0.720600  0.000000  1.0
    0.019180   -0.718600  0.000000  1.0
    0.021180   -0.798600  0.000000  1.0
    0.021180   -0.796600  0.000000  1.0
    0.021180   -0.794600  0.000000  1.0
    0.021180   -0.792600  0.000000  1.0
    0.021180   -0.790600  0.000000  1.0
    0.021180   -0.788600  0.000000  1.0
    0.021180   -0.786600  0.000000  1.0
    0.021180   -0.784600  0.000000  1.0
    0.021180   -0.782600  0.000000  1.0
    0.021180   -0.780600  0.000000  1.0
    0.021180   -0.778600  0.000000  1.0
    0.021180   -0.776600  0.000000  1.0
    0.021180   -0.774600  0.000000  1.0
    0.021180   -0.772600  0.000000  1.0
    0.021180   -0.770600  0.000000  1.0
    0.021180   -0.768600  0.000000  1.0
    0.021180   -0.766600  0.000000  1.0
    0.021180   -0.764600  0.000000  1.0
    0.021180   -0.762600  0.000000  1.0
    0.021180   -0.760600  0.000000  1.0
    0.021180   -0.758600  0.000000  1.0
    0.021180   -0.756600  0.000000  1.0
    0.021180   -0.754600  0.000000  1.0
    0.021180   -0.752600  0.000000  1.0
    0.021180   -0.750600  0.000000  1.0
    0.021180   -0.748600  0.000000  1.0
    0.021180   -0.746600  0.000000  1.0
    0.021180   -0.744600  0.000000  1.0
    0.021180   -0.742600  0.000000  1.0
    0.021180   -0.740600  0.000000  1.0
    0.021180   -0.738600  0.000000  1.0
    0.021180   -0.736600  0.000000  1.0
    0.021180   -0.734600  0.000000  1.0
    0.021180   -0.732600  0.000000  1.0
    0.021180   -0.730600  0.000000  1.0
    0.021180   -0.728600  0.000000  1.0
    0.021180   -0.726600  0.000000  1.0
    0.021180   -0.724600  0.000000  1.0
    0.021180   -0.722600  0.000000  1.0
    0.021180   -0.720600  0.000000  1.0
    0.021180   -0.718600  0.000000  1.0
    0.023180   -0.798600  0.000000  1.0
    0.023180   -0.796600  0.000000  1.0
    0.023180   -0.794600  0.000000  1.0
    0.023180   -0.792600  0.000000  1.0
    0.023180   -0.790600  0.000000  1.0
    0.023180   -0.788600  0.000000  1.0
    0.023180   -0.786600  0.000000  1.0
    0.023180   -0.784600  0.000000  1.0
    0.023180   -0.782600  0.000000  1.0
    0.023180   -0.780600  0.000000  1.0
    0.023180   -0.778600  0.000000  1.0
    0.023180   -0.776600  0.000000  1.0
    0.023180   -0.774600  0.000000  1.0
    0.023180   -0.772600  0.000000  1.0
    0.023180   -0.770600  0.000000  1.0
    0.023180   -0.768600  0.000000  1.0
    0.023180   -0.766600  0.000000  1.0
    0.023180   -0.764600  0.000000  1.0
    0.023180   -0.762600  0.000000  1.0
    0.023180   -0.760600  0.000000  1.0
    0.023180   -0.758600  0.000000  1.0
    0.023180   -0.756600  0.000000  1.0
    0.023180   -0.754600  0.000000  1.0
    0.023180   -0.752600  0.000000  1.0
    0.023180   -0.750600  0.000000  1.0
    0.023180   -0.748600  0.000000  1.0
    0.023180   -0.746600  0.000000  1.0
    0.023180   -0.744600  0.000000  1.0
    0.023180   -0.742600  0.000000  1.0
    0.023180   -0.740600  0.000000  1.0
    0.023180   -0.738600  0.000000  1.0
    0.023180   -0.736600  0.000000  1.0
    0.023180   -0.734600  0.000000  1.0
    0.023180   -0.732600  0.000000  1.0
    0.023180   -0.730600  0.000000  1.0
    0.023180   -0.728600  0.000000  1.0
    0.023180   -0.726600  0.000000  1.0
    0.023180   -0.724600  0.000000  1.0
    0.023180   -0.722600  0.000000  1.0
    0.023180   -0.720600  0.000000  1.0
    0.023180   -0.718600  0.000000  1.0
    0.025180   -0.798600  0.000000  1.0
    0.025180   -0.796600  0.000000  1.0
    0.025180   -0.794600  0.000000  1.0
    0.025180   -0.792600  0.000000  1.0
    0.025180   -0.790600  0.000000  1.0
    0.025180   -0.788600  0.000000  1.0
    0.025180   -0.786600  0.000000  1.0
    0.025180   -0.784600  0.000000  1.0
    0.025180   -0.782600  0.000000  1.0
    0.025180   -0.780600  0.000000  1.0
    0.025180   -0.778600  0.000000  1.0
    0.025180   -0.776600  0.000000  1.0
    0.025180   -0.774600  0.000000  1.0
    0.025180   -0.772600  0.000000  1.0
    0.025180   -0.770600  0.000000  1.0
    0.025180   -0.768600  0.000000  1.0
    0.025180   -0.766600  0.000000  1.0
    0.025180   -0.764600  0.000000  1.0
    0.025180   -0.762600  0.000000  1.0
    0.025180   -0.760600  0.000000  1.0
    0.025180   -0.758600  0.000000  1.0
    0.025180   -0.756600  0.000000  1.0
    0.025180   -0.754600  0.000000  1.0
    0.025180   -0.752600  0.000000  1.0
    0.025180   -0.750600  0.000000  1.0
    0.025180   -0.748600  0.000000  1.0
    0.025180   -0.746600  0.000000  1.0
    0.025180   -0.744600  0.000000  1.0
    0.025180   -0.742600  0.000000  1.0
    0.025180   -0.740600  0.000000  1.0
    0.025180   -0.738600  0.000000  1.0
    0.025180   -0.736600  0.000000  1.0
    0.025180   -0.734600  0.000000  1.0
    0.025180   -0.732600  0.000000  1.0
    0.025180   -0.730600  0.000000  1.0
    0.025180   -0.728600  0.000000  1.0
    0.025180   -0.726600  0.000000  1.0
    0.025180   -0.724600  0.000000  1.0
    0.025180   -0.722600  0.000000  1.0
    0.025180   -0.720600  0.000000  1.0
    0.025180   -0.718600  0.000000  1.0
    0.027180   -0.798600  0.000000  1.0
    0.027180   -0.796600  0.000000  1.0
    0.027180   -0.794600  0.000000  1.0
    0.027180   -0.792600  0.000000  1.0
    0.027180   -0.790600  0.000000  1.0
    0.027180   -0.788600  0.000000  1.0
    0.027180   -0.786600  0.000000  1.0
    0.027180   -0.784600  0.000000  1.0
    0.027180   -0.782600  0.000000  1.0
    0.027180   -0.780600  0.000000  1.0
    0.027180   -0.778600  0.000000  1.0
    0.027180   -0.776600  0.000000  1.0
    0.027180   -0.774600  0.000000  1.0
    0.027180   -0.772600  0.000000  1.0
    0.027180   -0.770600  0.000000  1.0
    0.027180   -0.768600  0.000000  1.0
    0.027180   -0.766600  0.000000  1.0
    0.027180   -0.764600  0.000000  1.0
    0.027180   -0.762600  0.000000  1.0
    0.027180   -0.760600  0.000000  1.0
    0.027180   -0.758600  0.000000  1.0
    0.027180   -0.756600  0.000000  1.0
    0.027180   -0.754600  0.000000  1.0
    0.027180   -0.752600  0.000000  1.0
    0.027180   -0.750600  0.000000  1.0
    0.027180   -0.748600  0.000000  1.0
    0.027180   -0.746600  0.000000  1.0
    0.027180   -0.744600  0.000000  1.0
    0.027180   -0.742600  0.000000  1.0
    0.027180   -0.740600  0.000000  1.0
    0.027180   -0.738600  0.000000  1.0
    0.027180   -0.736600  0.000000  1.0
    0.027180   -0.734600  0.000000  1.0
    0.027180   -0.732600  0.000000  1.0
    0.027180   -0.730600  0.000000  1.0
    0.027180   -0.728600  0.000000  1.0
    0.027180   -0.726600  0.000000  1.0
    0.027180   -0.724600  0.000000  1.0
    0.027180   -0.722600  0.000000  1.0
    0.027180   -0.720600  0.000000  1.0
    0.027180   -0.718600  0.000000  1.0
    0.029180   -0.798600  0.000000  1.0
    0.029180   -0.796600  0.000000  1.0
    0.029180   -0.794600  0.000000  1.0
    0.029180   -0.792600  0.000000  1.0
    0.029180   -0.790600  0.000000  1.0
    0.029180   -0.788600  0.000000  1.0
    0.029180   -0.786600  0.000000  1.0
    0.029180   -0.784600  0.000000  1.0
    0.029180   -0.782600  0.000000  1.0
    0.029180   -0.780600  0.000000  1.0
    0.029180   -0.778600  0.000000  1.0
    0.029180   -0.776600  0.000000  1.0
    0.029180   -0.774600  0.000000  1.0
    0.029180   -0.772600  0.000000  1.0
    0.029180   -0.770600  0.000000  1.0
    0.029180   -0.768600  0.000000  1.0
    0.029180   -0.766600  0.000000  1.0
    0.029180   -0.764600  0.000000  1.0
    0.029180   -0.762600  0.000000  1.0
    0.029180   -0.760600  0.000000  1.0
    0.029180   -0.758600  0.000000  1.0
    0.029180   -0.756600  0.000000  1.0
    0.029180   -0.754600  0.000000  1.0
    0.029180   -0.752600  0.000000  1.0
    0.029180   -0.750600  0.000000  1.0
    0.029180   -0.748600  0.000000  1.0
    0.029180   -0.746600  0.000000  1.0
    0.029180   -0.744600  0.000000  1.0
    0.029180   -0.742600  0.000000  1.0
    0.029180   -0.740600  0.000000  1.0
    0.029180   -0.738600  0.000000  1.0
    0.029180   -0.736600  0.000000  1.0
    0.029180   -0.734600  0.000000  1.0
    0.029180   -0.732600  0.000000  1.0
    0.029180   -0.730600  0.000000  1.0
    0.029180   -0.728600  0.000000  1.0
    0.029180   -0.726600  0.000000  1.0
    0.029180   -0.724600  0.000000  1.0
    0.029180   -0.722600  0.000000  1.0
    0.029180   -0.720600  0.000000  1.0
    0.029180   -0.718600  0.000000  1.0
    0.031180   -0.798600  0.000000  1.0
    0.031180   -0.796600  0.000000  1.0
    0.031180   -0.794600  0.000000  1.0
    0.031180   -0.792600  0.000000  1.0
    0.031180   -0.790600  0.000000  1.0
    0.031180   -0.788600  0.000000  1.0
    0.031180   -0.786600  0.000000  1.0
    0.031180   -0.784600  0.000000  1.0
    0.031180   -0.782600  0.000000  1.0
    0.031180   -0.780600  0.000000  1.0
    0.031180   -0.778600  0.000000  1.0
    0.031180   -0.776600  0.000000  1.0
    0.031180   -0.774600  0.000000  1.0
    0.031180   -0.772600  0.000000  1.0
    0.031180   -0.770600  0.000000  1.0
    0.031180   -0.768600  0.000000  1.0
    0.031180   -0.766600  0.000000  1.0
    0.031180   -0.764600  0.000000  1.0
    0.031180   -0.762600  0.000000  1.0
    0.031180   -0.760600  0.000000  1.0
    0.031180   -0.758600  0.000000  1.0
    0.031180   -0.756600  0.000000  1.0
    0.031180   -0.754600  0.000000  1.0
    0.031180   -0.752600  0.000000  1.0
    0.031180   -0.750600  0.000000  1.0
    0.031180   -0.748600  0.000000  1.0
    0.031180   -0.746600  0.000000  1.0
    0.031180   -0.744600  0.000000  1.0
    0.031180   -0.742600  0.000000  1.0
    0.031180   -0.740600  0.000000  1.0
    0.031180   -0.738600  0.000000  1.0
    0.031180   -0.736600  0.000000  1.0
    0.031180   -0.734600  0.000000  1.0
    0.031180   -0.732600  0.000000  1.0
    0.031180   -0.730600  0.000000  1.0
    0.031180   -0.728600  0.000000  1.0
    0.031180   -0.726600  0.000000  1.0
    0.031180   -0.724600  0.000000  1.0
    0.031180   -0.722600  0.000000  1.0
    0.031180   -0.720600  0.000000  1.0
    0.031180   -0.718600  0.000000  1.0
    0.033180   -0.798600  0.000000  1.0
    0.033180   -0.796600  0.000000  1.0
    0.033180   -0.794600  0.000000  1.0
    0.033180   -0.792600  0.000000  1.0
    0.033180   -0.790600  0.000000  1.0
    0.033180   -0.788600  0.000000  1.0
    0.033180   -0.786600  0.000000  1.0
    0.033180   -0.784600  0.000000  1.0
    0.033180   -0.782600  0.000000  1.0
    0.033180   -0.780600  0.000000  1.0
    0.033180   -0.778600  0.000000  1.0
    0.033180   -0.776600  0.000000  1.0
    0.033180   -0.774600  0.000000  1.0
    0.033180   -0.772600  0.000000  1.0
    0.033180   -0.770600  0.000000  1.0
    0.033180   -0.768600  0.000000  1.0
    0.033180   -0.766600  0.000000  1.0
    0.033180   -0.764600  0.000000  1.0
    0.033180   -0.762600  0.000000  1.0
    0.033180   -0.760600  0.000000  1.0
    0.033180   -0.758600  0.000000  1.0
    0.033180   -0.756600  0.000000  1.0
    0.033180   -0.754600  0.000000  1.0
    0.033180   -0.752600  0.000000  1.0
    0.033180   -0.750600  0.000000  1.0
    0.033180   -0.748600  0.000000  1.0
    0.033180   -0.746600  0.000000  1.0
    0.033180   -0.744600  0.000000  1.0
    0.033180   -0.742600  0.000000  1.0
    0.033180   -0.740600  0.000000  1.0
    0.033180   -0.738600  0.000000  1.0
    0.033180   -0.736600  0.000000  1.0
    0.033180   -0.734600  0.000000  1.0
    0.033180   -0.732600  0.000000  1.0
    0.033180   -0.730600  0.000000  1.0
    0.033180   -0.728600  0.000000  1.0
    0.033180   -0.726600  0.000000  1.0
    0.033180   -0.724600  0.000000  1.0
    0.033180   -0.722600  0.000000  1.0
    0.033180   -0.720600  0.000000  1.0
    0.033180   -0.718600  0.000000  1.0
    0.035180   -0.798600  0.000000  1.0
    0.035180   -0.796600  0.000000  1.0
    0.035180   -0.794600  0.000000  1.0
    0.035180   -0.792600  0.000000  1.0
    0.035180   -0.790600  0.000000  1.0
    0.035180   -0.788600  0.000000  1.0
    0.035180   -0.786600  0.000000  1.0
    0.035180   -0.784600  0.000000  1.0
    0.035180   -0.782600  0.000000  1.0
    0.035180   -0.780600  0.000000  1.0
    0.035180   -0.778600  0.000000  1.0
    0.035180   -0.776600  0.000000  1.0
    0.035180   -0.774600  0.000000  1.0
    0.035180   -0.772600  0.000000  1.0
    0.035180   -0.770600  0.000000  1.0
    0.035180   -0.768600  0.000000  1.0
    0.035180   -0.766600  0.000000  1.0
    0.035180   -0.764600  0.000000  1.0
    0.035180   -0.762600  0.000000  1.0
    0.035180   -0.760600  0.000000  1.0
    0.035180   -0.758600  0.000000  1.0
    0.035180   -0.756600  0.000000  1.0
    0.035180   -0.754600  0.000000  1.0
    0.035180   -0.752600  0.000000  1.0
    0.035180   -0.750600  0.000000  1.0
    0.035180   -0.748600  0.000000  1.0
    0.035180   -0.746600  0.000000  1.0
    0.035180   -0.744600  0.000000  1.0
    0.035180   -0.742600  0.000000  1.0
    0.035180   -0.740600  0.000000  1.0
    0.035180   -0.738600  0.000000  1.0
    0.035180   -0.736600  0.000000  1.0
    0.035180   -0.734600  0.000000  1.0
    0.035180   -0.732600  0.000000  1.0
    0.035180   -0.730600  0.000000  1.0
    0.035180   -0.728600  0.000000  1.0
    0.035180   -0.726600  0.000000  1.0
    0.035180   -0.724600  0.000000  1.0
    0.035180   -0.722600  0.000000  1.0
    0.035180   -0.720600  0.000000  1.0
    0.035180   -0.718600  0.000000  1.0
    0.037180   -0.798600  0.000000  1.0
    0.037180   -0.796600  0.000000  1.0
    0.037180   -0.794600  0.000000  1.0
    0.037180   -0.792600  0.000000  1.0
    0.037180   -0.790600  0.000000  1.0
    0.037180   -0.788600  0.000000  1.0
    0.037180   -0.786600  0.000000  1.0
    0.037180   -0.784600  0.000000  1.0
    0.037180   -0.782600  0.000000  1.0
    0.037180   -0.780600  0.000000  1.0
    0.037180   -0.778600  0.000000  1.0
    0.037180   -0.776600  0.000000  1.0
    0.037180   -0.774600  0.000000  1.0
    0.037180   -0.772600  0.000000  1.0
    0.037180   -0.770600  0.000000  1.0
    0.037180   -0.768600  0.000000  1.0
    0.037180   -0.766600  0.000000  1.0
    0.037180   -0.764600  0.000000  1.0
    0.037180   -0.762600  0.000000  1.0
    0.037180   -0.760600  0.000000  1.0
    0.037180   -0.758600  0.000000  1.0
    0.037180   -0.756600  0.000000  1.0
    0.037180   -0.754600  0.000000  1.0
    0.037180   -0.752600  0.000000  1.0
    0.037180   -0.750600  0.000000  1.0
    0.037180   -0.748600  0.000000  1.0
    0.037180   -0.746600  0.000000  1.0
    0.037180   -0.744600  0.000000  1.0
    0.037180   -0.742600  0.000000  1.0
    0.037180   -0.740600  0.000000  1.0
    0.037180   -0.738600  0.000000  1.0
    0.037180   -0.736600  0.000000  1.0
    0.037180   -0.734600  0.000000  1.0
    0.037180   -0.732600  0.000000  1.0
    0.037180   -0.730600  0.000000  1.0
    0.037180   -0.728600  0.000000  1.0
    0.037180   -0.726600  0.000000  1.0
    0.037180   -0.724600  0.000000  1.0
    0.037180   -0.722600  0.000000  1.0
    0.037180   -0.720600  0.000000  1.0
    0.037180   -0.718600  0.000000  1.0
    0.039180   -0.798600  0.000000  1.0
    0.039180   -0.796600  0.000000  1.0
    0.039180   -0.794600  0.000000  1.0
    0.039180   -0.792600  0.000000  1.0
    0.039180   -0.790600  0.000000  1.0
    0.039180   -0.788600  0.000000  1.0
    0.039180   -0.786600  0.000000  1.0
    0.039180   -0.784600  0.000000  1.0
    0.039180   -0.782600  0.000000  1.0
    0.039180   -0.780600  0.000000  1.0
    0.039180   -0.778600  0.000000  1.0
    0.039180   -0.776600  0.000000  1.0
    0.039180   -0.774600  0.000000  1.0
    0.039180   -0.772600  0.000000  1.0
    0.039180   -0.770600  0.000000  1.0
    0.039180   -0.768600  0.000000  1.0
    0.039180   -0.766600  0.000000  1.0
    0.039180   -0.764600  0.000000  1.0
    0.039180   -0.762600  0.000000  1.0
    0.039180   -0.760600  0.000000  1.0
    0.039180   -0.758600  0.000000  1.0
    0.039180   -0.756600  0.000000  1.0
    0.039180   -0.754600  0.000000  1.0
    0.039180   -0.752600  0.000000  1.0
    0.039180   -0.750600  0.000000  1.0
    0.039180   -0.748600  0.000000  1.0
    0.039180   -0.746600  0.000000  1.0
    0.039180   -0.744600  0.000000  1.0
    0.039180   -0.742600  0.000000  1.0
    0.039180   -0.740600  0.000000  1.0
    0.039180   -0.738600  0.000000  1.0
    0.039180   -0.736600  0.000000  1.0
    0.039180   -0.734600  0.000000  1.0
    0.039180   -0.732600  0.000000  1.0
    0.039180   -0.730600  0.000000  1.0
    0.039180   -0.728600  0.000000  1.0
    0.039180   -0.726600  0.000000  1.0
    0.039180   -0.724600  0.000000  1.0
    0.039180   -0.722600  0.000000  1.0
    0.039180   -0.720600  0.000000  1.0
    0.039180   -0.718600  0.000000  1.0
    0.041180   -0.798600  0.000000  1.0
    0.041180   -0.796600  0.000000  1.0
    0.041180   -0.794600  0.000000  1.0
    0.041180   -0.792600  0.000000  1.0
    0.041180   -0.790600  0.000000  1.0
    0.041180   -0.788600  0.000000  1.0
    0.041180   -0.786600  0.000000  1.0
    0.041180   -0.784600  0.000000  1.0
    0.041180   -0.782600  0.000000  1.0
    0.041180   -0.780600  0.000000  1.0
    0.041180   -0.778600  0.000000  1.0
    0.041180   -0.776600  0.000000  1.0
    0.041180   -0.774600  0.000000  1.0
    0.041180   -0.772600  0.000000  1.0
    0.041180   -0.770600  0.000000  1.0
    0.041180   -0.768600  0.000000  1.0
    0.041180   -0.766600  0.000000  1.0
    0.041180   -0.764600  0.000000  1.0
    0.041180   -0.762600  0.000000  1.0
    0.041180   -0.760600  0.000000  1.0
    0.041180   -0.758600  0.000000  1.0
    0.041180   -0.756600  0.000000  1.0
    0.041180   -0.754600  0.000000  1.0
    0.041180   -0.752600  0.000000  1.0
    0.041180   -0.750600  0.000000  1.0
    0.041180   -0.748600  0.000000  1.0
    0.041180   -0.746600  0.000000  1.0
    0.041180   -0.744600  0.000000  1.0
    0.041180   -0.742600  0.000000  1.0
    0.041180   -0.740600  0.000000  1.0
    0.041180   -0.738600  0.000000  1.0
    0.041180   -0.736600  0.000000  1.0
    0.041180   -0.734600  0.000000  1.0
    0.041180   -0.732600  0.000000  1.0
    0.041180   -0.730600  0.000000  1.0
    0.041180   -0.728600  0.000000  1.0
    0.041180   -0.726600  0.000000  1.0
    0.041180   -0.724600  0.000000  1.0
    0.041180   -0.722600  0.000000  1.0
    0.041180   -0.720600  0.000000  1.0
    0.041180   -0.718600  0.000000  1.0
    0.043180   -0.798600  0.000000  1.0
    0.043180   -0.796600  0.000000  1.0
    0.043180   -0.794600  0.000000  1.0
    0.043180   -0.792600  0.000000  1.0
    0.043180   -0.790600  0.000000  1.0
    0.043180   -0.788600  0.000000  1.0
    0.043180   -0.786600  0.000000  1.0
    0.043180   -0.784600  0.000000  1.0
    0.043180   -0.782600  0.000000  1.0
    0.043180   -0.780600  0.000000  1.0
    0.043180   -0.778600  0.000000  1.0
    0.043180   -0.776600  0.000000  1.0
    0.043180   -0.774600  0.000000  1.0
    0.043180   -0.772600  0.000000  1.0
    0.043180   -0.770600  0.000000  1.0
    0.043180   -0.768600  0.000000  1.0
    0.043180   -0.766600  0.000000  1.0
    0.043180   -0.764600  0.000000  1.0
    0.043180   -0.762600  0.000000  1.0
    0.043180   -0.760600  0.000000  1.0
    0.043180   -0.758600  0.000000  1.0
    0.043180   -0.756600  0.000000  1.0
    0.043180   -0.754600  0.000000  1.0
    0.043180   -0.752600  0.000000  1.0
    0.043180   -0.750600  0.000000  1.0
    0.043180   -0.748600  0.000000  1.0
    0.043180   -0.746600  0.000000  1.0
    0.043180   -0.744600  0.000000  1.0
    0.043180   -0.742600  0.000000  1.0
    0.043180   -0.740600  0.000000  1.0
    0.043180   -0.738600  0.000000  1.0
    0.043180   -0.736600  0.000000  1.0
    0.043180   -0.734600  0.000000  1.0
    0.043180   -0.732600  0.000000  1.0
    0.043180   -0.730600  0.000000  1.0
    0.043180   -0.728600  0.000000  1.0
    0.043180   -0.726600  0.000000  1.0
    0.043180   -0.724600  0.000000  1.0
    0.043180   -0.722600  0.000000  1.0
    0.043180   -0.720600  0.000000  1.0
    0.043180   -0.718600  0.000000  1.0
    0.045180   -0.798600  0.000000  1.0
    0.045180   -0.796600  0.000000  1.0
    0.045180   -0.794600  0.000000  1.0
    0.045180   -0.792600  0.000000  1.0
    0.045180   -0.790600  0.000000  1.0
    0.045180   -0.788600  0.000000  1.0
    0.045180   -0.786600  0.000000  1.0
    0.045180   -0.784600  0.000000  1.0
    0.045180   -0.782600  0.000000  1.0
    0.045180   -0.780600  0.000000  1.0
    0.045180   -0.778600  0.000000  1.0
    0.045180   -0.776600  0.000000  1.0
    0.045180   -0.774600  0.000000  1.0
    0.045180   -0.772600  0.000000  1.0
    0.045180   -0.770600  0.000000  1.0
    0.045180   -0.768600  0.000000  1.0
    0.045180   -0.766600  0.000000  1.0
    0.045180   -0.764600  0.000000  1.0
    0.045180   -0.762600  0.000000  1.0
    0.045180   -0.760600  0.000000  1.0
    0.045180   -0.758600  0.000000  1.0
    0.045180   -0.756600  0.000000  1.0
    0.045180   -0.754600  0.000000  1.0
    0.045180   -0.752600  0.000000  1.0
    0.045180   -0.750600  0.000000  1.0
    0.045180   -0.748600  0.000000  1.0
    0.045180   -0.746600  0.000000  1.0
    0.045180   -0.744600  0.000000  1.0
    0.045180   -0.742600  0.000000  1.0
    0.045180   -0.740600  0.000000  1.0
    0.045180   -0.738600  0.000000  1.0
    0.045180   -0.736600  0.000000  1.0
    0.045180   -0.734600  0.000000  1.0
    0.045180   -0.732600  0.000000  1.0
    0.045180   -0.730600  0.000000  1.0
    0.045180   -0.728600  0.000000  1.0
    0.045180   -0.726600  0.000000  1.0
    0.045180   -0.724600  0.000000  1.0
    0.045180   -0.722600  0.000000  1.0
    0.045180   -0.720600  0.000000  1.0
    0.045180   -0.718600  0.000000  1.0
    0.047180   -0.798600  0.000000  1.0
    0.047180   -0.796600  0.000000  1.0
    0.047180   -0.794600  0.000000  1.0
    0.047180   -0.792600  0.000000  1.0
    0.047180   -0.790600  0.000000  1.0
    0.047180   -0.788600  0.000000  1.0
    0.047180   -0.786600  0.000000  1.0
    0.047180   -0.784600  0.000000  1.0
    0.047180   -0.782600  0.000000  1.0
    0.047180   -0.780600  0.000000  1.0
    0.047180   -0.778600  0.000000  1.0
    0.047180   -0.776600  0.000000  1.0
    0.047180   -0.774600  0.000000  1.0
    0.047180   -0.772600  0.000000  1.0
    0.047180   -0.770600  0.000000  1.0
    0.047180   -0.768600  0.000000  1.0
    0.047180   -0.766600  0.000000  1.0
    0.047180   -0.764600  0.000000  1.0
    0.047180   -0.762600  0.000000  1.0
    0.047180   -0.760600  0.000000  1.0
    0.047180   -0.758600  0.000000  1.0
    0.047180   -0.756600  0.000000  1.0
    0.047180   -0.754600  0.000000  1.0
    0.047180   -0.752600  0.000000  1.0
    0.047180   -0.750600  0.000000  1.0
    0.047180   -0.748600  0.000000  1.0
    0.047180   -0.746600  0.000000  1.0
    0.047180   -0.744600  0.000000  1.0
    0.047180   -0.742600  0.000000  1.0
    0.047180   -0.740600  0.000000  1.0
    0.047180   -0.738600  0.000000  1.0
    0.047180   -0.736600  0.000000  1.0
    0.047180   -0.734600  0.000000  1.0
    0.047180   -0.732600  0.000000  1.0
    0.047180   -0.730600  0.000000  1.0
    0.047180   -0.728600  0.000000  1.0
    0.047180   -0.726600  0.000000  1.0
    0.047180   -0.724600  0.000000  1.0
    0.047180   -0.722600  0.000000  1.0
    0.047180   -0.720600  0.000000  1.0
    0.047180   -0.718600  0.000000  1.0
    0.049180   -0.798600  0.000000  1.0
    0.049180   -0.796600  0.000000  1.0
    0.049180   -0.794600  0.000000  1.0
    0.049180   -0.792600  0.000000  1.0
    0.049180   -0.790600  0.000000  1.0
    0.049180   -0.788600  0.000000  1.0
    0.049180   -0.786600  0.000000  1.0
    0.049180   -0.784600  0.000000  1.0
    0.049180   -0.782600  0.000000  1.0
    0.049180   -0.780600  0.000000  1.0
    0.049180   -0.778600  0.000000  1.0
    0.049180   -0.776600  0.000000  1.0
    0.049180   -0.774600  0.000000  1.0
    0.049180   -0.772600  0.000000  1.0
    0.049180   -0.770600  0.000000  1.0
    0.049180   -0.768600  0.000000  1.0
    0.049180   -0.766600  0.000000  1.0
    0.049180   -0.764600  0.000000  1.0
    0.049180   -0.762600  0.000000  1.0
    0.049180   -0.760600  0.000000  1.0
    0.049180   -0.758600  0.000000  1.0
    0.049180   -0.756600  0.000000  1.0
    0.049180   -0.754600  0.000000  1.0
    0.049180   -0.752600  0.000000  1.0
    0.049180   -0.750600  0.000000  1.0
    0.049180   -0.748600  0.000000  1.0
    0.049180   -0.746600  0.000000  1.0
    0.049180   -0.744600  0.000000  1.0
    0.049180   -0.742600  0.000000  1.0
    0.049180   -0.740600  0.000000  1.0
    0.049180   -0.738600  0.000000  1.0
    0.049180   -0.736600  0.000000  1.0
    0.049180   -0.734600  0.000000  1.0
    0.049180   -0.732600  0.000000  1.0
    0.049180   -0.730600  0.000000  1.0
    0.049180   -0.728600  0.000000  1.0
    0.049180   -0.726600  0.000000  1.0
    0.049180   -0.724600  0.000000  1.0
    0.049180   -0.722600  0.000000  1.0
    0.049180   -0.720600  0.000000  1.0
    0.049180   -0.718600  0.000000  1.0
    0.051180   -0.798600  0.000000  1.0
    0.051180   -0.796600  0.000000  1.0
    0.051180   -0.794600  0.000000  1.0
    0.051180   -0.792600  0.000000  1.0
    0.051180   -0.790600  0.000000  1.0
    0.051180   -0.788600  0.000000  1.0
    0.051180   -0.786600  0.000000  1.0
    0.051180   -0.784600  0.000000  1.0
    0.051180   -0.782600  0.000000  1.0
    0.051180   -0.780600  0.000000  1.0
    0.051180   -0.778600  0.000000  1.0
    0.051180   -0.776600  0.000000  1.0
    0.051180   -0.774600  0.000000  1.0
    0.051180   -0.772600  0.000000  1.0
    0.051180   -0.770600  0.000000  1.0
    0.051180   -0.768600  0.000000  1.0
    0.051180   -0.766600  0.000000  1.0
    0.051180   -0.764600  0.000000  1.0
    0.051180   -0.762600  0.000000  1.0
    0.051180   -0.760600  0.000000  1.0
    0.051180   -0.758600  0.000000  1.0
    0.051180   -0.756600  0.000000  1.0
    0.051180   -0.754600  0.000000  1.0
    0.051180   -0.752600  0.000000  1.0
    0.051180   -0.750600  0.000000  1.0
    0.051180   -0.748600  0.000000  1.0
    0.051180   -0.746600  0.000000  1.0
    0.051180   -0.744600  0.000000  1.0
    0.051180   -0.742600  0.000000  1.0
    0.051180   -0.740600  0.000000  1.0
    0.051180   -0.738600  0.000000  1.0
    0.051180   -0.736600  0.000000  1.0
    0.051180   -0.734600  0.000000  1.0
    0.051180   -0.732600  0.000000  1.0
    0.051180   -0.730600  0.000000  1.0
    0.051180   -0.728600  0.000000  1.0
    0.051180   -0.726600  0.000000  1.0
    0.051180   -0.724600  0.000000  1.0
    0.051180   -0.722600  0.000000  1.0
    0.051180   -0.720600  0.000000  1.0
    0.051180   -0.718600  0.000000  1.0
    0.053180   -0.798600  0.000000  1.0
    0.053180   -0.796600  0.000000  1.0
    0.053180   -0.794600  0.000000  1.0
    0.053180   -0.792600  0.000000  1.0
    0.053180   -0.790600  0.000000  1.0
    0.053180   -0.788600  0.000000  1.0
    0.053180   -0.786600  0.000000  1.0
    0.053180   -0.784600  0.000000  1.0
    0.053180   -0.782600  0.000000  1.0
    0.053180   -0.780600  0.000000  1.0
    0.053180   -0.778600  0.000000  1.0
    0.053180   -0.776600  0.000000  1.0
    0.053180   -0.774600  0.000000  1.0
    0.053180   -0.772600  0.000000  1.0
    0.053180   -0.770600  0.000000  1.0
    0.053180   -0.768600  0.000000  1.0
    0.053180   -0.766600  0.000000  1.0
    0.053180   -0.764600  0.000000  1.0
    0.053180   -0.762600  0.000000  1.0
    0.053180   -0.760600  0.000000  1.0
    0.053180   -0.758600  0.000000  1.0
    0.053180   -0.756600  0.000000  1.0
    0.053180   -0.754600  0.000000  1.0
    0.053180   -0.752600  0.000000  1.0
    0.053180   -0.750600  0.000000  1.0
    0.053180   -0.748600  0.000000  1.0
    0.053180   -0.746600  0.000000  1.0
    0.053180   -0.744600  0.000000  1.0
    0.053180   -0.742600  0.000000  1.0
    0.053180   -0.740600  0.000000  1.0
    0.053180   -0.738600  0.000000  1.0
    0.053180   -0.736600  0.000000  1.0
    0.053180   -0.734600  0.000000  1.0
    0.053180   -0.732600  0.000000  1.0
    0.053180   -0.730600  0.000000  1.0
    0.053180   -0.728600  0.000000  1.0
    0.053180   -0.726600  0.000000  1.0
    0.053180   -0.724600  0.000000  1.0
    0.053180   -0.722600  0.000000  1.0
    0.053180   -0.720600  0.000000  1.0
    0.053180   -0.718600  0.000000  1.0
    0.055180   -0.798600  0.000000  1.0
    0.055180   -0.796600  0.000000  1.0
    0.055180   -0.794600  0.000000  1.0
    0.055180   -0.792600  0.000000  1.0
    0.055180   -0.790600  0.000000  1.0
    0.055180   -0.788600  0.000000  1.0
    0.055180   -0.786600  0.000000  1.0
    0.055180   -0.784600  0.000000  1.0
    0.055180   -0.782600  0.000000  1.0
    0.055180   -0.780600  0.000000  1.0
    0.055180   -0.778600  0.000000  1.0
    0.055180   -0.776600  0.000000  1.0
    0.055180   -0.774600  0.000000  1.0
    0.055180   -0.772600  0.000000  1.0
    0.055180   -0.770600  0.000000  1.0
    0.055180   -0.768600  0.000000  1.0
    0.055180   -0.766600  0.000000  1.0
    0.055180   -0.764600  0.000000  1.0
    0.055180   -0.762600  0.000000  1.0
    0.055180   -0.760600  0.000000  1.0
    0.055180   -0.758600  0.000000  1.0
    0.055180   -0.756600  0.000000  1.0
    0.055180   -0.754600  0.000000  1.0
    0.055180   -0.752600  0.000000  1.0
    0.055180   -0.750600  0.000000  1.0
    0.055180   -0.748600  0.000000  1.0
    0.055180   -0.746600  0.000000  1.0
    0.055180   -0.744600  0.000000  1.0
    0.055180   -0.742600  0.000000  1.0
    0.055180   -0.740600  0.000000  1.0
    0.055180   -0.738600  0.000000  1.0
    0.055180   -0.736600  0.000000  1.0
    0.055180   -0.734600  0.000000  1.0
    0.055180   -0.732600  0.000000  1.0
    0.055180   -0.730600  0.000000  1.0
    0.055180   -0.728600  0.000000  1.0
    0.055180   -0.726600  0.000000  1.0
    0.055180   -0.724600  0.000000  1.0
    0.055180   -0.722600  0.000000  1.0
    0.055180   -0.720600  0.000000  1.0
    0.055180   -0.718600  0.000000  1.0
    0.057180   -0.798600  0.000000  1.0
    0.057180   -0.796600  0.000000  1.0
    0.057180   -0.794600  0.000000  1.0
    0.057180   -0.792600  0.000000  1.0
    0.057180   -0.790600  0.000000  1.0
    0.057180   -0.788600  0.000000  1.0
    0.057180   -0.786600  0.000000  1.0
    0.057180   -0.784600  0.000000  1.0
    0.057180   -0.782600  0.000000  1.0
    0.057180   -0.780600  0.000000  1.0
    0.057180   -0.778600  0.000000  1.0
    0.057180   -0.776600  0.000000  1.0
    0.057180   -0.774600  0.000000  1.0
    0.057180   -0.772600  0.000000  1.0
    0.057180   -0.770600  0.000000  1.0
    0.057180   -0.768600  0.000000  1.0
    0.057180   -0.766600  0.000000  1.0
    0.057180   -0.764600  0.000000  1.0
    0.057180   -0.762600  0.000000  1.0
    0.057180   -0.760600  0.000000  1.0
    0.057180   -0.758600  0.000000  1.0
    0.057180   -0.756600  0.000000  1.0
    0.057180   -0.754600  0.000000  1.0
    0.057180   -0.752600  0.000000  1.0
    0.057180   -0.750600  0.000000  1.0
    0.057180   -0.748600  0.000000  1.0
    0.057180   -0.746600  0.000000  1.0
    0.057180   -0.744600  0.000000  1.0
    0.057180   -0.742600  0.000000  1.0
    0.057180   -0.740600  0.000000  1.0
    0.057180   -0.738600  0.000000  1.0
    0.057180   -0.736600  0.000000  1.0
    0.057180   -0.734600  0.000000  1.0
    0.057180   -0.732600  0.000000  1.0
    0.057180   -0.730600  0.000000  1.0
    0.057180   -0.728600  0.000000  1.0
    0.057180   -0.726600  0.000000  1.0
    0.057180   -0.724600  0.000000  1.0
    0.057180   -0.722600  0.000000  1.0
    0.057180   -0.720600  0.000000  1.0
    0.057180   -0.718600  0.000000  1.0
    0.059180   -0.798600  0.000000  1.0
    0.059180   -0.796600  0.000000  1.0
    0.059180   -0.794600  0.000000  1.0
    0.059180   -0.792600  0.000000  1.0
    0.059180   -0.790600  0.000000  1.0
    0.059180   -0.788600  0.000000  1.0
    0.059180   -0.786600  0.000000  1.0
    0.059180   -0.784600  0.000000  1.0
    0.059180   -0.782600  0.000000  1.0
    0.059180   -0.780600  0.000000  1.0
    0.059180   -0.778600  0.000000  1.0
    0.059180   -0.776600  0.000000  1.0
    0.059180   -0.774600  0.000000  1.0
    0.059180   -0.772600  0.000000  1.0
    0.059180   -0.770600  0.000000  1.0
    0.059180   -0.768600  0.000000  1.0
    0.059180   -0.766600  0.000000  1.0
    0.059180   -0.764600  0.000000  1.0
    0.059180   -0.762600  0.000000  1.0
    0.059180   -0.760600  0.000000  1.0
    0.059180   -0.758600  0.000000  1.0
    0.059180   -0.756600  0.000000  1.0
    0.059180   -0.754600  0.000000  1.0
    0.059180   -0.752600  0.000000  1.0
    0.059180   -0.750600  0.000000  1.0
    0.059180   -0.748600  0.000000  1.0
    0.059180   -0.746600  0.000000  1.0
    0.059180   -0.744600  0.000000  1.0
    0.059180   -0.742600  0.000000  1.0
    0.059180   -0.740600  0.000000  1.0
    0.059180   -0.738600  0.000000  1.0
    0.059180   -0.736600  0.000000  1.0
    0.059180   -0.734600  0.000000  1.0
    0.059180   -0.732600  0.000000  1.0
    0.059180   -0.730600  0.000000  1.0
    0.059180   -0.728600  0.000000  1.0
    0.059180   -0.726600  0.000000  1.0
    0.059180   -0.724600  0.000000  1.0
    0.059180   -0.722600  0.000000  1.0
    0.059180   -0.720600  0.000000  1.0
    0.059180   -0.718600  0.000000  1.0
    0.061180   -0.798600  0.000000  1.0
    0.061180   -0.796600  0.000000  1.0
    0.061180   -0.794600  0.000000  1.0
    0.061180   -0.792600  0.000000  1.0
    0.061180   -0.790600  0.000000  1.0
    0.061180   -0.788600  0.000000  1.0
    0.061180   -0.786600  0.000000  1.0
    0.061180   -0.784600  0.000000  1.0
    0.061180   -0.782600  0.000000  1.0
    0.061180   -0.780600  0.000000  1.0
    0.061180   -0.778600  0.000000  1.0
    0.061180   -0.776600  0.000000  1.0
    0.061180   -0.774600  0.000000  1.0
    0.061180   -0.772600  0.000000  1.0
    0.061180   -0.770600  0.000000  1.0
    0.061180   -0.768600  0.000000  1.0
    0.061180   -0.766600  0.000000  1.0
    0.061180   -0.764600  0.000000  1.0
    0.061180   -0.762600  0.000000  1.0
    0.061180   -0.760600  0.000000  1.0
    0.061180   -0.758600  0.000000  1.0
    0.061180   -0.756600  0.000000  1.0
    0.061180   -0.754600  0.000000  1.0
    0.061180   -0.752600  0.000000  1.0
    0.061180   -0.750600  0.000000  1.0
    0.061180   -0.748600  0.000000  1.0
    0.061180   -0.746600  0.000000  1.0
    0.061180   -0.744600  0.000000  1.0
    0.061180   -0.742600  0.000000  1.0
    0.061180   -0.740600  0.000000  1.0
    0.061180   -0.738600  0.000000  1.0
    0.061180   -0.736600  0.000000  1.0
    0.061180   -0.734600  0.000000  1.0
    0.061180   -0.732600  0.000000  1.0
    0.061180   -0.730600  0.000000  1.0
    0.061180   -0.728600  0.000000  1.0
    0.061180   -0.726600  0.000000  1.0
    0.061180   -0.724600  0.000000  1.0
    0.061180   -0.722600  0.000000  1.0
    0.061180   -0.720600  0.000000  1.0
    0.061180   -0.718600  0.000000  1.0
    0.063180   -0.798600  0.000000  1.0
    0.063180   -0.796600  0.000000  1.0
    0.063180   -0.794600  0.000000  1.0
    0.063180   -0.792600  0.000000  1.0
    0.063180   -0.790600  0.000000  1.0
    0.063180   -0.788600  0.000000  1.0
    0.063180   -0.786600  0.000000  1.0
    0.063180   -0.784600  0.000000  1.0
    0.063180   -0.782600  0.000000  1.0
    0.063180   -0.780600  0.000000  1.0
    0.063180   -0.778600  0.000000  1.0
    0.063180   -0.776600  0.000000  1.0
    0.063180   -0.774600  0.000000  1.0
    0.063180   -0.772600  0.000000  1.0
    0.063180   -0.770600  0.000000  1.0
    0.063180   -0.768600  0.000000  1.0
    0.063180   -0.766600  0.000000  1.0
    0.063180   -0.764600  0.000000  1.0
    0.063180   -0.762600  0.000000  1.0
    0.063180   -0.760600  0.000000  1.0
    0.063180   -0.758600  0.000000  1.0
    0.063180   -0.756600  0.000000  1.0
    0.063180   -0.754600  0.000000  1.0
    0.063180   -0.752600  0.000000  1.0
    0.063180   -0.750600  0.000000  1.0
    0.063180   -0.748600  0.000000  1.0
    0.063180   -0.746600  0.000000  1.0
    0.063180   -0.744600  0.000000  1.0
    0.063180   -0.742600  0.000000  1.0
    0.063180   -0.740600  0.000000  1.0
    0.063180   -0.738600  0.000000  1.0
    0.063180   -0.736600  0.000000  1.0
    0.063180   -0.734600  0.000000  1.0
    0.063180   -0.732600  0.000000  1.0
    0.063180   -0.730600  0.000000  1.0
    0.063180   -0.728600  0.000000  1.0
    0.063180   -0.726600  0.000000  1.0
    0.063180   -0.724600  0.000000  1.0
    0.063180   -0.722600  0.000000  1.0
    0.063180   -0.720600  0.000000  1.0
    0.063180   -0.718600  0.000000  1.0
    0.065180   -0.798600  0.000000  1.0
    0.065180   -0.796600  0.000000  1.0
    0.065180   -0.794600  0.000000  1.0
    0.065180   -0.792600  0.000000  1.0
    0.065180   -0.790600  0.000000  1.0
    0.065180   -0.788600  0.000000  1.0
    0.065180   -0.786600  0.000000  1.0
    0.065180   -0.784600  0.000000  1.0
    0.065180   -0.782600  0.000000  1.0
    0.065180   -0.780600  0.000000  1.0
    0.065180   -0.778600  0.000000  1.0
    0.065180   -0.776600  0.000000  1.0
    0.065180   -0.774600  0.000000  1.0
    0.065180   -0.772600  0.000000  1.0
    0.065180   -0.770600  0.000000  1.0
    0.065180   -0.768600  0.000000  1.0
    0.065180   -0.766600  0.000000  1.0
    0.065180   -0.764600  0.000000  1.0
    0.065180   -0.762600  0.000000  1.0
    0.065180   -0.760600  0.000000  1.0
    0.065180   -0.758600  0.000000  1.0
    0.065180   -0.756600  0.000000  1.0
    0.065180   -0.754600  0.000000  1.0
    0.065180   -0.752600  0.000000  1.0
    0.065180   -0.750600  0.000000  1.0
    0.065180   -0.748600  0.000000  1.0
    0.065180   -0.746600  0.000000  1.0
    0.065180   -0.744600  0.000000  1.0
    0.065180   -0.742600  0.000000  1.0
    0.065180   -0.740600  0.000000  1.0
    0.065180   -0.738600  0.000000  1.0
    0.065180   -0.736600  0.000000  1.0
    0.065180   -0.734600  0.000000  1.0
    0.065180   -0.732600  0.000000  1.0
    0.065180   -0.730600  0.000000  1.0
    0.065180   -0.728600  0.000000  1.0
    0.065180   -0.726600  0.000000  1.0
    0.065180   -0.724600  0.000000  1.0
    0.065180   -0.722600  0.000000  1.0
    0.065180   -0.720600  0.000000  1.0
    0.065180   -0.718600  0.000000  1.0
    0.067180   -0.798600  0.000000  1.0
    0.067180   -0.796600  0.000000  1.0
    0.067180   -0.794600  0.000000  1.0
    0.067180   -0.792600  0.000000  1.0
    0.067180   -0.790600  0.000000  1.0
    0.067180   -0.788600  0.000000  1.0
    0.067180   -0.786600  0.000000  1.0
    0.067180   -0.784600  0.000000  1.0
    0.067180   -0.782600  0.000000  1.0
    0.067180   -0.780600  0.000000  1.0
    0.067180   -0.778600  0.000000  1.0
    0.067180   -0.776600  0.000000  1.0
    0.067180   -0.774600  0.000000  1.0
    0.067180   -0.772600  0.000000  1.0
    0.067180   -0.770600  0.000000  1.0
    0.067180   -0.768600  0.000000  1.0
    0.067180   -0.766600  0.000000  1.0
    0.067180   -0.764600  0.000000  1.0
    0.067180   -0.762600  0.000000  1.0
    0.067180   -0.760600  0.000000  1.0
    0.067180   -0.758600  0.000000  1.0
    0.067180   -0.756600  0.000000  1.0
    0.067180   -0.754600  0.000000  1.0
    0.067180   -0.752600  0.000000  1.0
    0.067180   -0.750600  0.000000  1.0
    0.067180   -0.748600  0.000000  1.0
    0.067180   -0.746600  0.000000  1.0
    0.067180   -0.744600  0.000000  1.0
    0.067180   -0.742600  0.000000  1.0
    0.067180   -0.740600  0.000000  1.0
    0.067180   -0.738600  0.000000  1.0
    0.067180   -0.736600  0.000000  1.0
    0.067180   -0.734600  0.000000  1.0
    0.067180   -0.732600  0.000000  1.0
    0.067180   -0.730600  0.000000  1.0
    0.067180   -0.728600  0.000000  1.0
    0.067180   -0.726600  0.000000  1.0
    0.067180   -0.724600  0.000000  1.0
    0.067180   -0.722600  0.000000  1.0
    0.067180   -0.720600  0.000000  1.0
    0.067180   -0.718600  0.000000  1.0
    0.069180   -0.798600  0.000000  1.0
    0.069180   -0.796600  0.000000  1.0
    0.069180   -0.794600  0.000000  1.0
    0.069180   -0.792600  0.000000  1.0
    0.069180   -0.790600  0.000000  1.0
    0.069180   -0.788600  0.000000  1.0
    0.069180   -0.786600  0.000000  1.0
    0.069180   -0.784600  0.000000  1.0
    0.069180   -0.782600  0.000000  1.0
    0.069180   -0.780600  0.000000  1.0
    0.069180   -0.778600  0.000000  1.0
    0.069180   -0.776600  0.000000  1.0
    0.069180   -0.774600  0.000000  1.0
    0.069180   -0.772600  0.000000  1.0
    0.069180   -0.770600  0.000000  1.0
    0.069180   -0.768600  0.000000  1.0
    0.069180   -0.766600  0.000000  1.0
    0.069180   -0.764600  0.000000  1.0
    0.069180   -0.762600  0.000000  1.0
    0.069180   -0.760600  0.000000  1.0
    0.069180   -0.758600  0.000000  1.0
    0.069180   -0.756600  0.000000  1.0
    0.069180   -0.754600  0.000000  1.0
    0.069180   -0.752600  0.000000  1.0
    0.069180   -0.750600  0.000000  1.0
    0.069180   -0.748600  0.000000  1.0
    0.069180   -0.746600  0.000000  1.0
    0.069180   -0.744600  0.000000  1.0
    0.069180   -0.742600  0.000000  1.0
    0.069180   -0.740600  0.000000  1.0
    0.069180   -0.738600  0.000000  1.0
    0.069180   -0.736600  0.000000  1.0
    0.069180   -0.734600  0.000000  1.0
    0.069180   -0.732600  0.000000  1.0
    0.069180   -0.730600  0.000000  1.0
    0.069180   -0.728600  0.000000  1.0
    0.069180   -0.726600  0.000000  1.0
    0.069180   -0.724600  0.000000  1.0
    0.069180   -0.722600  0.000000  1.0
    0.069180   -0.720600  0.000000  1.0
    0.069180   -0.718600  0.000000  1.0
    0.071180   -0.798600  0.000000  1.0
    0.071180   -0.796600  0.000000  1.0
    0.071180   -0.794600  0.000000  1.0
    0.071180   -0.792600  0.000000  1.0
    0.071180   -0.790600  0.000000  1.0
    0.071180   -0.788600  0.000000  1.0
    0.071180   -0.786600  0.000000  1.0
    0.071180   -0.784600  0.000000  1.0
    0.071180   -0.782600  0.000000  1.0
    0.071180   -0.780600  0.000000  1.0
    0.071180   -0.778600  0.000000  1.0
    0.071180   -0.776600  0.000000  1.0
    0.071180   -0.774600  0.000000  1.0
    0.071180   -0.772600  0.000000  1.0
    0.071180   -0.770600  0.000000  1.0
    0.071180   -0.768600  0.000000  1.0
    0.071180   -0.766600  0.000000  1.0
    0.071180   -0.764600  0.000000  1.0
    0.071180   -0.762600  0.000000  1.0
    0.071180   -0.760600  0.000000  1.0
    0.071180   -0.758600  0.000000  1.0
    0.071180   -0.756600  0.000000  1.0
    0.071180   -0.754600  0.000000  1.0
    0.071180   -0.752600  0.000000  1.0
    0.071180   -0.750600  0.000000  1.0
    0.071180   -0.748600  0.000000  1.0
    0.071180   -0.746600  0.000000  1.0
    0.071180   -0.744600  0.000000  1.0
    0.071180   -0.742600  0.000000  1.0
    0.071180   -0.740600  0.000000  1.0
    0.071180   -0.738600  0.000000  1.0
    0.071180   -0.736600  0.000000  1.0
    0.071180   -0.734600  0.000000  1.0
    0.071180   -0.732600  0.000000  1.0
    0.071180   -0.730600  0.000000  1.0
    0.071180   -0.728600  0.000000  1.0
    0.071180   -0.726600  0.000000  1.0
    0.071180   -0.724600  0.000000  1.0
    0.071180   -0.722600  0.000000  1.0
    0.071180   -0.720600  0.000000  1.0
    0.071180   -0.718600  0.000000  1.0
    0.073180   -0.798600  0.000000  1.0
    0.073180   -0.796600  0.000000  1.0
    0.073180   -0.794600  0.000000  1.0
    0.073180   -0.792600  0.000000  1.0
    0.073180   -0.790600  0.000000  1.0
    0.073180   -0.788600  0.000000  1.0
    0.073180   -0.786600  0.000000  1.0
    0.073180   -0.784600  0.000000  1.0
    0.073180   -0.782600  0.000000  1.0
    0.073180   -0.780600  0.000000  1.0
    0.073180   -0.778600  0.000000  1.0
    0.073180   -0.776600  0.000000  1.0
    0.073180   -0.774600  0.000000  1.0
    0.073180   -0.772600  0.000000  1.0
    0.073180   -0.770600  0.000000  1.0
    0.073180   -0.768600  0.000000  1.0
    0.073180   -0.766600  0.000000  1.0
    0.073180   -0.764600  0.000000  1.0
    0.073180   -0.762600  0.000000  1.0
    0.073180   -0.760600  0.000000  1.0
    0.073180   -0.758600  0.000000  1.0
    0.073180   -0.756600  0.000000  1.0
    0.073180   -0.754600  0.000000  1.0
    0.073180   -0.752600  0.000000  1.0
    0.073180   -0.750600  0.000000  1.0
    0.073180   -0.748600  0.000000  1.0
    0.073180   -0.746600  0.000000  1.0
    0.073180   -0.744600  0.000000  1.0
    0.073180   -0.742600  0.000000  1.0
    0.073180   -0.740600  0.000000  1.0
    0.073180   -0.738600  0.000000  1.0
    0.073180   -0.736600  0.000000  1.0
    0.073180   -0.734600  0.000000  1.0
    0.073180   -0.732600  0.000000  1.0
    0.073180   -0.730600  0.000000  1.0
    0.073180   -0.728600  0.000000  1.0
    0.073180   -0.726600  0.000000  1.0
    0.073180   -0.724600  0.000000  1.0
    0.073180   -0.722600  0.000000  1.0
    0.073180   -0.720600  0.000000  1.0
    0.073180   -0.718600  0.000000  1.0
    0.075180   -0.798600  0.000000  1.0
    0.075180   -0.796600  0.000000  1.0
    0.075180   -0.794600  0.000000  1.0
    0.075180   -0.792600  0.000000  1.0
    0.075180   -0.790600  0.000000  1.0
    0.075180   -0.788600  0.000000  1.0
    0.075180   -0.786600  0.000000  1.0
    0.075180   -0.784600  0.000000  1.0
    0.075180   -0.782600  0.000000  1.0
    0.075180   -0.780600  0.000000  1.0
    0.075180   -0.778600  0.000000  1.0
    0.075180   -0.776600  0.000000  1.0
    0.075180   -0.774600  0.000000  1.0
    0.075180   -0.772600  0.000000  1.0
    0.075180   -0.770600  0.000000  1.0
    0.075180   -0.768600  0.000000  1.0
    0.075180   -0.766600  0.000000  1.0
    0.075180   -0.764600  0.000000  1.0
    0.075180   -0.762600  0.000000  1.0
    0.075180   -0.760600  0.000000  1.0
    0.075180   -0.758600  0.000000  1.0
    0.075180   -0.756600  0.000000  1.0
    0.075180   -0.754600  0.000000  1.0
    0.075180   -0.752600  0.000000  1.0
    0.075180   -0.750600  0.000000  1.0
    0.075180   -0.748600  0.000000  1.0
    0.075180   -0.746600  0.000000  1.0
    0.075180   -0.744600  0.000000  1.0
    0.075180   -0.742600  0.000000  1.0
    0.075180   -0.740600  0.000000  1.0
    0.075180   -0.738600  0.000000  1.0
    0.075180   -0.736600  0.000000  1.0
    0.075180   -0.734600  0.000000  1.0
    0.075180   -0.732600  0.000000  1.0
    0.075180   -0.730600  0.000000  1.0
    0.075180   -0.728600  0.000000  1.0
    0.075180   -0.726600  0.000000  1.0
    0.075180   -0.724600  0.000000  1.0
    0.075180   -0.722600  0.000000  1.0
    0.075180   -0.720600  0.000000  1.0
    0.075180   -0.718600  0.000000  1.0
    0.077180   -0.798600  0.000000  1.0
    0.077180   -0.796600  0.000000  1.0
    0.077180   -0.794600  0.000000  1.0
    0.077180   -0.792600  0.000000  1.0
    0.077180   -0.790600  0.000000  1.0
    0.077180   -0.788600  0.000000  1.0
    0.077180   -0.786600  0.000000  1.0
    0.077180   -0.784600  0.000000  1.0
    0.077180   -0.782600  0.000000  1.0
    0.077180   -0.780600  0.000000  1.0
    0.077180   -0.778600  0.000000  1.0
    0.077180   -0.776600  0.000000  1.0
    0.077180   -0.774600  0.000000  1.0
    0.077180   -0.772600  0.000000  1.0
    0.077180   -0.770600  0.000000  1.0
    0.077180   -0.768600  0.000000  1.0
    0.077180   -0.766600  0.000000  1.0
    0.077180   -0.764600  0.000000  1.0
    0.077180   -0.762600  0.000000  1.0
    0.077180   -0.760600  0.000000  1.0
    0.077180   -0.758600  0.000000  1.0
    0.077180   -0.756600  0.000000  1.0
    0.077180   -0.754600  0.000000  1.0
    0.077180   -0.752600  0.000000  1.0
    0.077180   -0.750600  0.000000  1.0
    0.077180   -0.748600  0.000000  1.0
    0.077180   -0.746600  0.000000  1.0
    0.077180   -0.744600  0.000000  1.0
    0.077180   -0.742600  0.000000  1.0
    0.077180   -0.740600  0.000000  1.0
    0.077180   -0.738600  0.000000  1.0
    0.077180   -0.736600  0.000000  1.0
    0.077180   -0.734600  0.000000  1.0
    0.077180   -0.732600  0.000000  1.0
    0.077180   -0.730600  0.000000  1.0
    0.077180   -0.728600  0.000000  1.0
    0.077180   -0.726600  0.000000  1.0
    0.077180   -0.724600  0.000000  1.0
    0.077180   -0.722600  0.000000  1.0
    0.077180   -0.720600  0.000000  1.0
    0.077180   -0.718600  0.000000  1.0
    0.079180   -0.798600  0.000000  1.0
    0.079180   -0.796600  0.000000  1.0
    0.079180   -0.794600  0.000000  1.0
    0.079180   -0.792600  0.000000  1.0
    0.079180   -0.790600  0.000000  1.0
    0.079180   -0.788600  0.000000  1.0
    0.079180   -0.786600  0.000000  1.0
    0.079180   -0.784600  0.000000  1.0
    0.079180   -0.782600  0.000000  1.0
    0.079180   -0.780600  0.000000  1.0
    0.079180   -0.778600  0.000000  1.0
    0.079180   -0.776600  0.000000  1.0
    0.079180   -0.774600  0.000000  1.0
    0.079180   -0.772600  0.000000  1.0
    0.079180   -0.770600  0.000000  1.0
    0.079180   -0.768600  0.000000  1.0
    0.079180   -0.766600  0.000000  1.0
    0.079180   -0.764600  0.000000  1.0
    0.079180   -0.762600  0.000000  1.0
    0.079180   -0.760600  0.000000  1.0
    0.079180   -0.758600  0.000000  1.0
    0.079180   -0.756600  0.000000  1.0
    0.079180   -0.754600  0.000000  1.0
    0.079180   -0.752600  0.000000  1.0
    0.079180   -0.750600  0.000000  1.0
    0.079180   -0.748600  0.000000  1.0
    0.079180   -0.746600  0.000000  1.0
    0.079180   -0.744600  0.000000  1.0
    0.079180   -0.742600  0.000000  1.0
    0.079180   -0.740600  0.000000  1.0
    0.079180   -0.738600  0.000000  1.0
    0.079180   -0.736600  0.000000  1.0
    0.079180   -0.734600  0.000000  1.0
    0.079180   -0.732600  0.000000  1.0
    0.079180   -0.730600  0.000000  1.0
    0.079180   -0.728600  0.000000  1.0
    0.079180   -0.726600  0.000000  1.0
    0.079180   -0.724600  0.000000  1.0
    0.079180   -0.722600  0.000000  1.0
    0.079180   -0.720600  0.000000  1.0
    0.079180   -0.718600  0.000000  1.0
    0.081180   -0.798600  0.000000  1.0
    0.081180   -0.796600  0.000000  1.0
    0.081180   -0.794600  0.000000  1.0
    0.081180   -0.792600  0.000000  1.0
    0.081180   -0.790600  0.000000  1.0
    0.081180   -0.788600  0.000000  1.0
    0.081180   -0.786600  0.000000  1.0
    0.081180   -0.784600  0.000000  1.0
    0.081180   -0.782600  0.000000  1.0
    0.081180   -0.780600  0.000000  1.0
    0.081180   -0.778600  0.000000  1.0
    0.081180   -0.776600  0.000000  1.0
    0.081180   -0.774600  0.000000  1.0
    0.081180   -0.772600  0.000000  1.0
    0.081180   -0.770600  0.000000  1.0
    0.081180   -0.768600  0.000000  1.0
    0.081180   -0.766600  0.000000  1.0
    0.081180   -0.764600  0.000000  1.0
    0.081180   -0.762600  0.000000  1.0
    0.081180   -0.760600  0.000000  1.0
    0.081180   -0.758600  0.000000  1.0
    0.081180   -0.756600  0.000000  1.0
    0.081180   -0.754600  0.000000  1.0
    0.081180   -0.752600  0.000000  1.0
    0.081180   -0.750600  0.000000  1.0
    0.081180   -0.748600  0.000000  1.0
    0.081180   -0.746600  0.000000  1.0
    0.081180   -0.744600  0.000000  1.0
    0.081180   -0.742600  0.000000  1.0
    0.081180   -0.740600  0.000000  1.0
    0.081180   -0.738600  0.000000  1.0
    0.081180   -0.736600  0.000000  1.0
    0.081180   -0.734600  0.000000  1.0
    0.081180   -0.732600  0.000000  1.0
    0.081180   -0.730600  0.000000  1.0
    0.081180   -0.728600  0.000000  1.0
    0.081180   -0.726600  0.000000  1.0
    0.081180   -0.724600  0.000000  1.0
    0.081180   -0.722600  0.000000  1.0
    0.081180   -0.720600  0.000000  1.0
    0.081180   -0.718600  0.000000  1.0
    0.083180   -0.798600  0.000000  1.0
    0.083180   -0.796600  0.000000  1.0
    0.083180   -0.794600  0.000000  1.0
    0.083180   -0.792600  0.000000  1.0
    0.083180   -0.790600  0.000000  1.0
    0.083180   -0.788600  0.000000  1.0
    0.083180   -0.786600  0.000000  1.0
    0.083180   -0.784600  0.000000  1.0
    0.083180   -0.782600  0.000000  1.0
    0.083180   -0.780600  0.000000  1.0
    0.083180   -0.778600  0.000000  1.0
    0.083180   -0.776600  0.000000  1.0
    0.083180   -0.774600  0.000000  1.0
    0.083180   -0.772600  0.000000  1.0
    0.083180   -0.770600  0.000000  1.0
    0.083180   -0.768600  0.000000  1.0
    0.083180   -0.766600  0.000000  1.0
    0.083180   -0.764600  0.000000  1.0
    0.083180   -0.762600  0.000000  1.0
    0.083180   -0.760600  0.000000  1.0
    0.083180   -0.758600  0.000000  1.0
    0.083180   -0.756600  0.000000  1.0
    0.083180   -0.754600  0.000000  1.0
    0.083180   -0.752600  0.000000  1.0
    0.083180   -0.750600  0.000000  1.0
    0.083180   -0.748600  0.000000  1.0
    0.083180   -0.746600  0.000000  1.0
    0.083180   -0.744600  0.000000  1.0
    0.083180   -0.742600  0.000000  1.0
    0.083180   -0.740600  0.000000  1.0
    0.083180   -0.738600  0.000000  1.0
    0.083180   -0.736600  0.000000  1.0
    0.083180   -0.734600  0.000000  1.0
    0.083180   -0.732600  0.000000  1.0
    0.083180   -0.730600  0.000000  1.0
    0.083180   -0.728600  0.000000  1.0
    0.083180   -0.726600  0.000000  1.0
    0.083180   -0.724600  0.000000  1.0
    0.083180   -0.722600  0.000000  1.0
    0.083180   -0.720600  0.000000  1.0
    0.083180   -0.718600  0.000000  1.0
    0.085180   -0.798600  0.000000  1.0
    0.085180   -0.796600  0.000000  1.0
    0.085180   -0.794600  0.000000  1.0
    0.085180   -0.792600  0.000000  1.0
    0.085180   -0.790600  0.000000  1.0
    0.085180   -0.788600  0.000000  1.0
    0.085180   -0.786600  0.000000  1.0
    0.085180   -0.784600  0.000000  1.0
    0.085180   -0.782600  0.000000  1.0
    0.085180   -0.780600  0.000000  1.0
    0.085180   -0.778600  0.000000  1.0
    0.085180   -0.776600  0.000000  1.0
    0.085180   -0.774600  0.000000  1.0
    0.085180   -0.772600  0.000000  1.0
    0.085180   -0.770600  0.000000  1.0
    0.085180   -0.768600  0.000000  1.0
    0.085180   -0.766600  0.000000  1.0
    0.085180   -0.764600  0.000000  1.0
    0.085180   -0.762600  0.000000  1.0
    0.085180   -0.760600  0.000000  1.0
    0.085180   -0.758600  0.000000  1.0
    0.085180   -0.756600  0.000000  1.0
    0.085180   -0.754600  0.000000  1.0
    0.085180   -0.752600  0.000000  1.0
    0.085180   -0.750600  0.000000  1.0
    0.085180   -0.748600  0.000000  1.0
    0.085180   -0.746600  0.000000  1.0
    0.085180   -0.744600  0.000000  1.0
    0.085180   -0.742600  0.000000  1.0
    0.085180   -0.740600  0.000000  1.0
    0.085180   -0.738600  0.000000  1.0
    0.085180   -0.736600  0.000000  1.0
    0.085180   -0.734600  0.000000  1.0
    0.085180   -0.732600  0.000000  1.0
    0.085180   -0.730600  0.000000  1.0
    0.085180   -0.728600  0.000000  1.0
    0.085180   -0.726600  0.000000  1.0
    0.085180   -0.724600  0.000000  1.0
    0.085180   -0.722600  0.000000  1.0
    0.085180   -0.720600  0.000000  1.0
    0.085180   -0.718600  0.000000  1.0
    0.087180   -0.798600  0.000000  1.0
    0.087180   -0.796600  0.000000  1.0
    0.087180   -0.794600  0.000000  1.0
    0.087180   -0.792600  0.000000  1.0
    0.087180   -0.790600  0.000000  1.0
    0.087180   -0.788600  0.000000  1.0
    0.087180   -0.786600  0.000000  1.0
    0.087180   -0.784600  0.000000  1.0
    0.087180   -0.782600  0.000000  1.0
    0.087180   -0.780600  0.000000  1.0
    0.087180   -0.778600  0.000000  1.0
    0.087180   -0.776600  0.000000  1.0
    0.087180   -0.774600  0.000000  1.0
    0.087180   -0.772600  0.000000  1.0
    0.087180   -0.770600  0.000000  1.0
    0.087180   -0.768600  0.000000  1.0
    0.087180   -0.766600  0.000000  1.0
    0.087180   -0.764600  0.000000  1.0
    0.087180   -0.762600  0.000000  1.0
    0.087180   -0.760600  0.000000  1.0
    0.087180   -0.758600  0.000000  1.0
    0.087180   -0.756600  0.000000  1.0
    0.087180   -0.754600  0.000000  1.0
    0.087180   -0.752600  0.000000  1.0
    0.087180   -0.750600  0.000000  1.0
    0.087180   -0.748600  0.000000  1.0
    0.087180   -0.746600  0.000000  1.0
    0.087180   -0.744600  0.000000  1.0
    0.087180   -0.742600  0.000000  1.0
    0.087180   -0.740600  0.000000  1.0
    0.087180   -0.738600  0.000000  1.0
    0.087180   -0.736600  0.000000  1.0
    0.087180   -0.734600  0.000000  1.0
    0.087180   -0.732600  0.000000  1.0
    0.087180   -0.730600  0.000000  1.0
    0.087180   -0.728600  0.000000  1.0
    0.087180   -0.726600  0.000000  1.0
    0.087180   -0.724600  0.000000  1.0
    0.087180   -0.722600  0.000000  1.0
    0.087180   -0.720600  0.000000  1.0
    0.087180   -0.718600  0.000000  1.0
    0.089180   -0.798600  0.000000  1.0
    0.089180   -0.796600  0.000000  1.0
    0.089180   -0.794600  0.000000  1.0
    0.089180   -0.792600  0.000000  1.0
    0.089180   -0.790600  0.000000  1.0
    0.089180   -0.788600  0.000000  1.0
    0.089180   -0.786600  0.000000  1.0
    0.089180   -0.784600  0.000000  1.0
    0.089180   -0.782600  0.000000  1.0
    0.089180   -0.780600  0.000000  1.0
    0.089180   -0.778600  0.000000  1.0
    0.089180   -0.776600  0.000000  1.0
    0.089180   -0.774600  0.000000  1.0
    0.089180   -0.772600  0.000000  1.0
    0.089180   -0.770600  0.000000  1.0
    0.089180   -0.768600  0.000000  1.0
    0.089180   -0.766600  0.000000  1.0
    0.089180   -0.764600  0.000000  1.0
    0.089180   -0.762600  0.000000  1.0
    0.089180   -0.760600  0.000000  1.0
    0.089180   -0.758600  0.000000  1.0
    0.089180   -0.756600  0.000000  1.0
    0.089180   -0.754600  0.000000  1.0
    0.089180   -0.752600  0.000000  1.0
    0.089180   -0.750600  0.000000  1.0
    0.089180   -0.748600  0.000000  1.0
    0.089180   -0.746600  0.000000  1.0
    0.089180   -0.744600  0.000000  1.0
    0.089180   -0.742600  0.000000  1.0
    0.089180   -0.740600  0.000000  1.0
    0.089180   -0.738600  0.000000  1.0
    0.089180   -0.736600  0.000000  1.0
    0.089180   -0.734600  0.000000  1.0
    0.089180   -0.732600  0.000000  1.0
    0.089180   -0.730600  0.000000  1.0
    0.089180   -0.728600  0.000000  1.0
    0.089180   -0.726600  0.000000  1.0
    0.089180   -0.724600  0.000000  1.0
    0.089180   -0.722600  0.000000  1.0
    0.089180   -0.720600  0.000000  1.0
    0.089180   -0.718600  0.000000  1.0
