&CONTROL
  calculation = 'bands'
  prefix = 'graphene27.0upper'
  outdir = './tmp'
  pseudo_dir = './'
  verbosity = 'high'
/
&SYSTEM
  ibrav = 0
  nat = 2
  ntyp = 1
  ecutwfc = 40.0
  nosym = .true.
  noinv = .true.
  nbnd = 8
/
&ELECTRONS
/
ATOMIC_SPECIES
  C  12.011 C.pbe-n-kjpaw_psl.1.0.0.UPF
CELL_PARAMETERS {bohr}
  5.874923  0.000000  0.000000
  2.937461  3.827693  0.000000
  0.000000  0.000000  28.346456
ATOMIC_POSITIONS {crystal}
  C  0.000110  -0.000152  0.000000
  C  0.333223  0.333485  0.000000
K_POINTS {tpiba}
1681
   -0.056393    0.702262  0.000000  1.0
   -0.056393    0.704262  0.000000  1.0
   -0.056393    0.706262  0.000000  1.0
   -0.056393    0.708262  0.000000  1.0
   -0.056393    0.710262  0.000000  1.0
   -0.056393    0.712262  0.000000  1.0
   -0.056393    0.714262  0.000000  1.0
   -0.056393    0.716262  0.000000  1.0
   -0.056393    0.718262  0.000000  1.0
   -0.056393    0.720262  0.000000  1.0
   -0.056393    0.722262  0.000000  1.0
   -0.056393    0.724262  0.000000  1.0
   -0.056393    0.726262  0.000000  1.0
   -0.056393    0.728262  0.000000  1.0
   -0.056393    0.730262  0.000000  1.0
   -0.056393    0.732262  0.000000  1.0
   -0.056393    0.734262  0.000000  1.0
   -0.056393    0.736262  0.000000  1.0
   -0.056393    0.738262  0.000000  1.0
   -0.056393    0.740262  0.000000  1.0
   -0.056393    0.742262  0.000000  1.0
   -0.056393    0.744262  0.000000  1.0
   -0.056393    0.746262  0.000000  1.0
   -0.056393    0.748262  0.000000  1.0
   -0.056393    0.750262  0.000000  1.0
   -0.056393    0.752262  0.000000  1.0
   -0.056393    0.754262  0.000000  1.0
   -0.056393    0.756262  0.000000  1.0
   -0.056393    0.758262  0.000000  1.0
   -0.056393    0.760262  0.000000  1.0
   -0.056393    0.762262  0.000000  1.0
   -0.056393    0.764262  0.000000  1.0
   -0.056393    0.766262  0.000000  1.0
   -0.056393    0.768262  0.000000  1.0
   -0.056393    0.770262  0.000000  1.0
   -0.056393    0.772262  0.000000  1.0
   -0.056393    0.774262  0.000000  1.0
   -0.056393    0.776262  0.000000  1.0
   -0.056393    0.778262  0.000000  1.0
   -0.056393    0.780262  0.000000  1.0
   -0.056393    0.782262  0.000000  1.0
   -0.054393    0.702262  0.000000  1.0
   -0.054393    0.704262  0.000000  1.0
   -0.054393    0.706262  0.000000  1.0
   -0.054393    0.708262  0.000000  1.0
   -0.054393    0.710262  0.000000  1.0
   -0.054393    0.712262  0.000000  1.0
   -0.054393    0.714262  0.000000  1.0
   -0.054393    0.716262  0.000000  1.0
   -0.054393    0.718262  0.000000  1.0
   -0.054393    0.720262  0.000000  1.0
   -0.054393    0.722262  0.000000  1.0
   -0.054393    0.724262  0.000000  1.0
   -0.054393    0.726262  0.000000  1.0
   -0.054393    0.728262  0.000000  1.0
   -0.054393    0.730262  0.000000  1.0
   -0.054393    0.732262  0.000000  1.0
   -0.054393    0.734262  0.000000  1.0
   -0.054393    0.736262  0.000000  1.0
   -0.054393    0.738262  0.000000  1.0
   -0.054393    0.740262  0.000000  1.0
   -0.054393    0.742262  0.000000  1.0
   -0.054393    0.744262  0.000000  1.0
   -0.054393    0.746262  0.000000  1.0
   -0.054393    0.748262  0.000000  1.0
   -0.054393    0.750262  0.000000  1.0
   -0.054393    0.752262  0.000000  1.0
   -0.054393    0.754262  0.000000  1.0
   -0.054393    0.756262  0.000000  1.0
   -0.054393    0.758262  0.000000  1.0
   -0.054393    0.760262  0.000000  1.0
   -0.054393    0.762262  0.000000  1.0
   -0.054393    0.764262  0.000000  1.0
   -0.054393    0.766262  0.000000  1.0
   -0.054393    0.768262  0.000000  1.0
   -0.054393    0.770262  0.000000  1.0
   -0.054393    0.772262  0.000000  1.0
   -0.054393    0.774262  0.000000  1.0
   -0.054393    0.776262  0.000000  1.0
   -0.054393    0.778262  0.000000  1.0
   -0.054393    0.780262  0.000000  1.0
   -0.054393    0.782262  0.000000  1.0
   -0.052393    0.702262  0.000000  1.0
   -0.052393    0.704262  0.000000  1.0
   -0.052393    0.706262  0.000000  1.0
   -0.052393    0.708262  0.000000  1.0
   -0.052393    0.710262  0.000000  1.0
   -0.052393    0.712262  0.000000  1.0
   -0.052393    0.714262  0.000000  1.0
   -0.052393    0.716262  0.000000  1.0
   -0.052393    0.718262  0.000000  1.0
   -0.052393    0.720262  0.000000  1.0
   -0.052393    0.722262  0.000000  1.0
   -0.052393    0.724262  0.000000  1.0
   -0.052393    0.726262  0.000000  1.0
   -0.052393    0.728262  0.000000  1.0
   -0.052393    0.730262  0.000000  1.0
   -0.052393    0.732262  0.000000  1.0
   -0.052393    0.734262  0.000000  1.0
   -0.052393    0.736262  0.000000  1.0
   -0.052393    0.738262  0.000000  1.0
   -0.052393    0.740262  0.000000  1.0
   -0.052393    0.742262  0.000000  1.0
   -0.052393    0.744262  0.000000  1.0
   -0.052393    0.746262  0.000000  1.0
   -0.052393    0.748262  0.000000  1.0
   -0.052393    0.750262  0.000000  1.0
   -0.052393    0.752262  0.000000  1.0
   -0.052393    0.754262  0.000000  1.0
   -0.052393    0.756262  0.000000  1.0
   -0.052393    0.758262  0.000000  1.0
   -0.052393    0.760262  0.000000  1.0
   -0.052393    0.762262  0.000000  1.0
   -0.052393    0.764262  0.000000  1.0
   -0.052393    0.766262  0.000000  1.0
   -0.052393    0.768262  0.000000  1.0
   -0.052393    0.770262  0.000000  1.0
   -0.052393    0.772262  0.000000  1.0
   -0.052393    0.774262  0.000000  1.0
   -0.052393    0.776262  0.000000  1.0
   -0.052393    0.778262  0.000000  1.0
   -0.052393    0.780262  0.000000  1.0
   -0.052393    0.782262  0.000000  1.0
   -0.050393    0.702262  0.000000  1.0
   -0.050393    0.704262  0.000000  1.0
   -0.050393    0.706262  0.000000  1.0
   -0.050393    0.708262  0.000000  1.0
   -0.050393    0.710262  0.000000  1.0
   -0.050393    0.712262  0.000000  1.0
   -0.050393    0.714262  0.000000  1.0
   -0.050393    0.716262  0.000000  1.0
   -0.050393    0.718262  0.000000  1.0
   -0.050393    0.720262  0.000000  1.0
   -0.050393    0.722262  0.000000  1.0
   -0.050393    0.724262  0.000000  1.0
   -0.050393    0.726262  0.000000  1.0
   -0.050393    0.728262  0.000000  1.0
   -0.050393    0.730262  0.000000  1.0
   -0.050393    0.732262  0.000000  1.0
   -0.050393    0.734262  0.000000  1.0
   -0.050393    0.736262  0.000000  1.0
   -0.050393    0.738262  0.000000  1.0
   -0.050393    0.740262  0.000000  1.0
   -0.050393    0.742262  0.000000  1.0
   -0.050393    0.744262  0.000000  1.0
   -0.050393    0.746262  0.000000  1.0
   -0.050393    0.748262  0.000000  1.0
   -0.050393    0.750262  0.000000  1.0
   -0.050393    0.752262  0.000000  1.0
   -0.050393    0.754262  0.000000  1.0
   -0.050393    0.756262  0.000000  1.0
   -0.050393    0.758262  0.000000  1.0
   -0.050393    0.760262  0.000000  1.0
   -0.050393    0.762262  0.000000  1.0
   -0.050393    0.764262  0.000000  1.0
   -0.050393    0.766262  0.000000  1.0
   -0.050393    0.768262  0.000000  1.0
   -0.050393    0.770262  0.000000  1.0
   -0.050393    0.772262  0.000000  1.0
   -0.050393    0.774262  0.000000  1.0
   -0.050393    0.776262  0.000000  1.0
   -0.050393    0.778262  0.000000  1.0
   -0.050393    0.780262  0.000000  1.0
   -0.050393    0.782262  0.000000  1.0
   -0.048393    0.702262  0.000000  1.0
   -0.048393    0.704262  0.000000  1.0
   -0.048393    0.706262  0.000000  1.0
   -0.048393    0.708262  0.000000  1.0
   -0.048393    0.710262  0.000000  1.0
   -0.048393    0.712262  0.000000  1.0
   -0.048393    0.714262  0.000000  1.0
   -0.048393    0.716262  0.000000  1.0
   -0.048393    0.718262  0.000000  1.0
   -0.048393    0.720262  0.000000  1.0
   -0.048393    0.722262  0.000000  1.0
   -0.048393    0.724262  0.000000  1.0
   -0.048393    0.726262  0.000000  1.0
   -0.048393    0.728262  0.000000  1.0
   -0.048393    0.730262  0.000000  1.0
   -0.048393    0.732262  0.000000  1.0
   -0.048393    0.734262  0.000000  1.0
   -0.048393    0.736262  0.000000  1.0
   -0.048393    0.738262  0.000000  1.0
   -0.048393    0.740262  0.000000  1.0
   -0.048393    0.742262  0.000000  1.0
   -0.048393    0.744262  0.000000  1.0
   -0.048393    0.746262  0.000000  1.0
   -0.048393    0.748262  0.000000  1.0
   -0.048393    0.750262  0.000000  1.0
   -0.048393    0.752262  0.000000  1.0
   -0.048393    0.754262  0.000000  1.0
   -0.048393    0.756262  0.000000  1.0
   -0.048393    0.758262  0.000000  1.0
   -0.048393    0.760262  0.000000  1.0
   -0.048393    0.762262  0.000000  1.0
   -0.048393    0.764262  0.000000  1.0
   -0.048393    0.766262  0.000000  1.0
   -0.048393    0.768262  0.000000  1.0
   -0.048393    0.770262  0.000000  1.0
   -0.048393    0.772262  0.000000  1.0
   -0.048393    0.774262  0.000000  1.0
   -0.048393    0.776262  0.000000  1.0
   -0.048393    0.778262  0.000000  1.0
   -0.048393    0.780262  0.000000  1.0
   -0.048393    0.782262  0.000000  1.0
   -0.046393    0.702262  0.000000  1.0
   -0.046393    0.704262  0.000000  1.0
   -0.046393    0.706262  0.000000  1.0
   -0.046393    0.708262  0.000000  1.0
   -0.046393    0.710262  0.000000  1.0
   -0.046393    0.712262  0.000000  1.0
   -0.046393    0.714262  0.000000  1.0
   -0.046393    0.716262  0.000000  1.0
   -0.046393    0.718262  0.000000  1.0
   -0.046393    0.720262  0.000000  1.0
   -0.046393    0.722262  0.000000  1.0
   -0.046393    0.724262  0.000000  1.0
   -0.046393    0.726262  0.000000  1.0
   -0.046393    0.728262  0.000000  1.0
   -0.046393    0.730262  0.000000  1.0
   -0.046393    0.732262  0.000000  1.0
   -0.046393    0.734262  0.000000  1.0
   -0.046393    0.736262  0.000000  1.0
   -0.046393    0.738262  0.000000  1.0
   -0.046393    0.740262  0.000000  1.0
   -0.046393    0.742262  0.000000  1.0
   -0.046393    0.744262  0.000000  1.0
   -0.046393    0.746262  0.000000  1.0
   -0.046393    0.748262  0.000000  1.0
   -0.046393    0.750262  0.000000  1.0
   -0.046393    0.752262  0.000000  1.0
   -0.046393    0.754262  0.000000  1.0
   -0.046393    0.756262  0.000000  1.0
   -0.046393    0.758262  0.000000  1.0
   -0.046393    0.760262  0.000000  1.0
   -0.046393    0.762262  0.000000  1.0
   -0.046393    0.764262  0.000000  1.0
   -0.046393    0.766262  0.000000  1.0
   -0.046393    0.768262  0.000000  1.0
   -0.046393    0.770262  0.000000  1.0
   -0.046393    0.772262  0.000000  1.0
   -0.046393    0.774262  0.000000  1.0
   -0.046393    0.776262  0.000000  1.0
   -0.046393    0.778262  0.000000  1.0
   -0.046393    0.780262  0.000000  1.0
   -0.046393    0.782262  0.000000  1.0
   -0.044393    0.702262  0.000000  1.0
   -0.044393    0.704262  0.000000  1.0
   -0.044393    0.706262  0.000000  1.0
   -0.044393    0.708262  0.000000  1.0
   -0.044393    0.710262  0.000000  1.0
   -0.044393    0.712262  0.000000  1.0
   -0.044393    0.714262  0.000000  1.0
   -0.044393    0.716262  0.000000  1.0
   -0.044393    0.718262  0.000000  1.0
   -0.044393    0.720262  0.000000  1.0
   -0.044393    0.722262  0.000000  1.0
   -0.044393    0.724262  0.000000  1.0
   -0.044393    0.726262  0.000000  1.0
   -0.044393    0.728262  0.000000  1.0
   -0.044393    0.730262  0.000000  1.0
   -0.044393    0.732262  0.000000  1.0
   -0.044393    0.734262  0.000000  1.0
   -0.044393    0.736262  0.000000  1.0
   -0.044393    0.738262  0.000000  1.0
   -0.044393    0.740262  0.000000  1.0
   -0.044393    0.742262  0.000000  1.0
   -0.044393    0.744262  0.000000  1.0
   -0.044393    0.746262  0.000000  1.0
   -0.044393    0.748262  0.000000  1.0
   -0.044393    0.750262  0.000000  1.0
   -0.044393    0.752262  0.000000  1.0
   -0.044393    0.754262  0.000000  1.0
   -0.044393    0.756262  0.000000  1.0
   -0.044393    0.758262  0.000000  1.0
   -0.044393    0.760262  0.000000  1.0
   -0.044393    0.762262  0.000000  1.0
   -0.044393    0.764262  0.000000  1.0
   -0.044393    0.766262  0.000000  1.0
   -0.044393    0.768262  0.000000  1.0
   -0.044393    0.770262  0.000000  1.0
   -0.044393    0.772262  0.000000  1.0
   -0.044393    0.774262  0.000000  1.0
   -0.044393    0.776262  0.000000  1.0
   -0.044393    0.778262  0.000000  1.0
   -0.044393    0.780262  0.000000  1.0
   -0.044393    0.782262  0.000000  1.0
   -0.042393    0.702262  0.000000  1.0
   -0.042393    0.704262  0.000000  1.0
   -0.042393    0.706262  0.000000  1.0
   -0.042393    0.708262  0.000000  1.0
   -0.042393    0.710262  0.000000  1.0
   -0.042393    0.712262  0.000000  1.0
   -0.042393    0.714262  0.000000  1.0
   -0.042393    0.716262  0.000000  1.0
   -0.042393    0.718262  0.000000  1.0
   -0.042393    0.720262  0.000000  1.0
   -0.042393    0.722262  0.000000  1.0
   -0.042393    0.724262  0.000000  1.0
   -0.042393    0.726262  0.000000  1.0
   -0.042393    0.728262  0.000000  1.0
   -0.042393    0.730262  0.000000  1.0
   -0.042393    0.732262  0.000000  1.0
   -0.042393    0.734262  0.000000  1.0
   -0.042393    0.736262  0.000000  1.0
   -0.042393    0.738262  0.000000  1.0
   -0.042393    0.740262  0.000000  1.0
   -0.042393    0.742262  0.000000  1.0
   -0.042393    0.744262  0.000000  1.0
   -0.042393    0.746262  0.000000  1.0
   -0.042393    0.748262  0.000000  1.0
   -0.042393    0.750262  0.000000  1.0
   -0.042393    0.752262  0.000000  1.0
   -0.042393    0.754262  0.000000  1.0
   -0.042393    0.756262  0.000000  1.0
   -0.042393    0.758262  0.000000  1.0
   -0.042393    0.760262  0.000000  1.0
   -0.042393    0.762262  0.000000  1.0
   -0.042393    0.764262  0.000000  1.0
   -0.042393    0.766262  0.000000  1.0
   -0.042393    0.768262  0.000000  1.0
   -0.042393    0.770262  0.000000  1.0
   -0.042393    0.772262  0.000000  1.0
   -0.042393    0.774262  0.000000  1.0
   -0.042393    0.776262  0.000000  1.0
   -0.042393    0.778262  0.000000  1.0
   -0.042393    0.780262  0.000000  1.0
   -0.042393    0.782262  0.000000  1.0
   -0.040393    0.702262  0.000000  1.0
   -0.040393    0.704262  0.000000  1.0
   -0.040393    0.706262  0.000000  1.0
   -0.040393    0.708262  0.000000  1.0
   -0.040393    0.710262  0.000000  1.0
   -0.040393    0.712262  0.000000  1.0
   -0.040393    0.714262  0.000000  1.0
   -0.040393    0.716262  0.000000  1.0
   -0.040393    0.718262  0.000000  1.0
   -0.040393    0.720262  0.000000  1.0
   -0.040393    0.722262  0.000000  1.0
   -0.040393    0.724262  0.000000  1.0
   -0.040393    0.726262  0.000000  1.0
   -0.040393    0.728262  0.000000  1.0
   -0.040393    0.730262  0.000000  1.0
   -0.040393    0.732262  0.000000  1.0
   -0.040393    0.734262  0.000000  1.0
   -0.040393    0.736262  0.000000  1.0
   -0.040393    0.738262  0.000000  1.0
   -0.040393    0.740262  0.000000  1.0
   -0.040393    0.742262  0.000000  1.0
   -0.040393    0.744262  0.000000  1.0
   -0.040393    0.746262  0.000000  1.0
   -0.040393    0.748262  0.000000  1.0
   -0.040393    0.750262  0.000000  1.0
   -0.040393    0.752262  0.000000  1.0
   -0.040393    0.754262  0.000000  1.0
   -0.040393    0.756262  0.000000  1.0
   -0.040393    0.758262  0.000000  1.0
   -0.040393    0.760262  0.000000  1.0
   -0.040393    0.762262  0.000000  1.0
   -0.040393    0.764262  0.000000  1.0
   -0.040393    0.766262  0.000000  1.0
   -0.040393    0.768262  0.000000  1.0
   -0.040393    0.770262  0.000000  1.0
   -0.040393    0.772262  0.000000  1.0
   -0.040393    0.774262  0.000000  1.0
   -0.040393    0.776262  0.000000  1.0
   -0.040393    0.778262  0.000000  1.0
   -0.040393    0.780262  0.000000  1.0
   -0.040393    0.782262  0.000000  1.0
   -0.038393    0.702262  0.000000  1.0
   -0.038393    0.704262  0.000000  1.0
   -0.038393    0.706262  0.000000  1.0
   -0.038393    0.708262  0.000000  1.0
   -0.038393    0.710262  0.000000  1.0
   -0.038393    0.712262  0.000000  1.0
   -0.038393    0.714262  0.000000  1.0
   -0.038393    0.716262  0.000000  1.0
   -0.038393    0.718262  0.000000  1.0
   -0.038393    0.720262  0.000000  1.0
   -0.038393    0.722262  0.000000  1.0
   -0.038393    0.724262  0.000000  1.0
   -0.038393    0.726262  0.000000  1.0
   -0.038393    0.728262  0.000000  1.0
   -0.038393    0.730262  0.000000  1.0
   -0.038393    0.732262  0.000000  1.0
   -0.038393    0.734262  0.000000  1.0
   -0.038393    0.736262  0.000000  1.0
   -0.038393    0.738262  0.000000  1.0
   -0.038393    0.740262  0.000000  1.0
   -0.038393    0.742262  0.000000  1.0
   -0.038393    0.744262  0.000000  1.0
   -0.038393    0.746262  0.000000  1.0
   -0.038393    0.748262  0.000000  1.0
   -0.038393    0.750262  0.000000  1.0
   -0.038393    0.752262  0.000000  1.0
   -0.038393    0.754262  0.000000  1.0
   -0.038393    0.756262  0.000000  1.0
   -0.038393    0.758262  0.000000  1.0
   -0.038393    0.760262  0.000000  1.0
   -0.038393    0.762262  0.000000  1.0
   -0.038393    0.764262  0.000000  1.0
   -0.038393    0.766262  0.000000  1.0
   -0.038393    0.768262  0.000000  1.0
   -0.038393    0.770262  0.000000  1.0
   -0.038393    0.772262  0.000000  1.0
   -0.038393    0.774262  0.000000  1.0
   -0.038393    0.776262  0.000000  1.0
   -0.038393    0.778262  0.000000  1.0
   -0.038393    0.780262  0.000000  1.0
   -0.038393    0.782262  0.000000  1.0
   -0.036393    0.702262  0.000000  1.0
   -0.036393    0.704262  0.000000  1.0
   -0.036393    0.706262  0.000000  1.0
   -0.036393    0.708262  0.000000  1.0
   -0.036393    0.710262  0.000000  1.0
   -0.036393    0.712262  0.000000  1.0
   -0.036393    0.714262  0.000000  1.0
   -0.036393    0.716262  0.000000  1.0
   -0.036393    0.718262  0.000000  1.0
   -0.036393    0.720262  0.000000  1.0
   -0.036393    0.722262  0.000000  1.0
   -0.036393    0.724262  0.000000  1.0
   -0.036393    0.726262  0.000000  1.0
   -0.036393    0.728262  0.000000  1.0
   -0.036393    0.730262  0.000000  1.0
   -0.036393    0.732262  0.000000  1.0
   -0.036393    0.734262  0.000000  1.0
   -0.036393    0.736262  0.000000  1.0
   -0.036393    0.738262  0.000000  1.0
   -0.036393    0.740262  0.000000  1.0
   -0.036393    0.742262  0.000000  1.0
   -0.036393    0.744262  0.000000  1.0
   -0.036393    0.746262  0.000000  1.0
   -0.036393    0.748262  0.000000  1.0
   -0.036393    0.750262  0.000000  1.0
   -0.036393    0.752262  0.000000  1.0
   -0.036393    0.754262  0.000000  1.0
   -0.036393    0.756262  0.000000  1.0
   -0.036393    0.758262  0.000000  1.0
   -0.036393    0.760262  0.000000  1.0
   -0.036393    0.762262  0.000000  1.0
   -0.036393    0.764262  0.000000  1.0
   -0.036393    0.766262  0.000000  1.0
   -0.036393    0.768262  0.000000  1.0
   -0.036393    0.770262  0.000000  1.0
   -0.036393    0.772262  0.000000  1.0
   -0.036393    0.774262  0.000000  1.0
   -0.036393    0.776262  0.000000  1.0
   -0.036393    0.778262  0.000000  1.0
   -0.036393    0.780262  0.000000  1.0
   -0.036393    0.782262  0.000000  1.0
   -0.034393    0.702262  0.000000  1.0
   -0.034393    0.704262  0.000000  1.0
   -0.034393    0.706262  0.000000  1.0
   -0.034393    0.708262  0.000000  1.0
   -0.034393    0.710262  0.000000  1.0
   -0.034393    0.712262  0.000000  1.0
   -0.034393    0.714262  0.000000  1.0
   -0.034393    0.716262  0.000000  1.0
   -0.034393    0.718262  0.000000  1.0
   -0.034393    0.720262  0.000000  1.0
   -0.034393    0.722262  0.000000  1.0
   -0.034393    0.724262  0.000000  1.0
   -0.034393    0.726262  0.000000  1.0
   -0.034393    0.728262  0.000000  1.0
   -0.034393    0.730262  0.000000  1.0
   -0.034393    0.732262  0.000000  1.0
   -0.034393    0.734262  0.000000  1.0
   -0.034393    0.736262  0.000000  1.0
   -0.034393    0.738262  0.000000  1.0
   -0.034393    0.740262  0.000000  1.0
   -0.034393    0.742262  0.000000  1.0
   -0.034393    0.744262  0.000000  1.0
   -0.034393    0.746262  0.000000  1.0
   -0.034393    0.748262  0.000000  1.0
   -0.034393    0.750262  0.000000  1.0
   -0.034393    0.752262  0.000000  1.0
   -0.034393    0.754262  0.000000  1.0
   -0.034393    0.756262  0.000000  1.0
   -0.034393    0.758262  0.000000  1.0
   -0.034393    0.760262  0.000000  1.0
   -0.034393    0.762262  0.000000  1.0
   -0.034393    0.764262  0.000000  1.0
   -0.034393    0.766262  0.000000  1.0
   -0.034393    0.768262  0.000000  1.0
   -0.034393    0.770262  0.000000  1.0
   -0.034393    0.772262  0.000000  1.0
   -0.034393    0.774262  0.000000  1.0
   -0.034393    0.776262  0.000000  1.0
   -0.034393    0.778262  0.000000  1.0
   -0.034393    0.780262  0.000000  1.0
   -0.034393    0.782262  0.000000  1.0
   -0.032393    0.702262  0.000000  1.0
   -0.032393    0.704262  0.000000  1.0
   -0.032393    0.706262  0.000000  1.0
   -0.032393    0.708262  0.000000  1.0
   -0.032393    0.710262  0.000000  1.0
   -0.032393    0.712262  0.000000  1.0
   -0.032393    0.714262  0.000000  1.0
   -0.032393    0.716262  0.000000  1.0
   -0.032393    0.718262  0.000000  1.0
   -0.032393    0.720262  0.000000  1.0
   -0.032393    0.722262  0.000000  1.0
   -0.032393    0.724262  0.000000  1.0
   -0.032393    0.726262  0.000000  1.0
   -0.032393    0.728262  0.000000  1.0
   -0.032393    0.730262  0.000000  1.0
   -0.032393    0.732262  0.000000  1.0
   -0.032393    0.734262  0.000000  1.0
   -0.032393    0.736262  0.000000  1.0
   -0.032393    0.738262  0.000000  1.0
   -0.032393    0.740262  0.000000  1.0
   -0.032393    0.742262  0.000000  1.0
   -0.032393    0.744262  0.000000  1.0
   -0.032393    0.746262  0.000000  1.0
   -0.032393    0.748262  0.000000  1.0
   -0.032393    0.750262  0.000000  1.0
   -0.032393    0.752262  0.000000  1.0
   -0.032393    0.754262  0.000000  1.0
   -0.032393    0.756262  0.000000  1.0
   -0.032393    0.758262  0.000000  1.0
   -0.032393    0.760262  0.000000  1.0
   -0.032393    0.762262  0.000000  1.0
   -0.032393    0.764262  0.000000  1.0
   -0.032393    0.766262  0.000000  1.0
   -0.032393    0.768262  0.000000  1.0
   -0.032393    0.770262  0.000000  1.0
   -0.032393    0.772262  0.000000  1.0
   -0.032393    0.774262  0.000000  1.0
   -0.032393    0.776262  0.000000  1.0
   -0.032393    0.778262  0.000000  1.0
   -0.032393    0.780262  0.000000  1.0
   -0.032393    0.782262  0.000000  1.0
   -0.030393    0.702262  0.000000  1.0
   -0.030393    0.704262  0.000000  1.0
   -0.030393    0.706262  0.000000  1.0
   -0.030393    0.708262  0.000000  1.0
   -0.030393    0.710262  0.000000  1.0
   -0.030393    0.712262  0.000000  1.0
   -0.030393    0.714262  0.000000  1.0
   -0.030393    0.716262  0.000000  1.0
   -0.030393    0.718262  0.000000  1.0
   -0.030393    0.720262  0.000000  1.0
   -0.030393    0.722262  0.000000  1.0
   -0.030393    0.724262  0.000000  1.0
   -0.030393    0.726262  0.000000  1.0
   -0.030393    0.728262  0.000000  1.0
   -0.030393    0.730262  0.000000  1.0
   -0.030393    0.732262  0.000000  1.0
   -0.030393    0.734262  0.000000  1.0
   -0.030393    0.736262  0.000000  1.0
   -0.030393    0.738262  0.000000  1.0
   -0.030393    0.740262  0.000000  1.0
   -0.030393    0.742262  0.000000  1.0
   -0.030393    0.744262  0.000000  1.0
   -0.030393    0.746262  0.000000  1.0
   -0.030393    0.748262  0.000000  1.0
   -0.030393    0.750262  0.000000  1.0
   -0.030393    0.752262  0.000000  1.0
   -0.030393    0.754262  0.000000  1.0
   -0.030393    0.756262  0.000000  1.0
   -0.030393    0.758262  0.000000  1.0
   -0.030393    0.760262  0.000000  1.0
   -0.030393    0.762262  0.000000  1.0
   -0.030393    0.764262  0.000000  1.0
   -0.030393    0.766262  0.000000  1.0
   -0.030393    0.768262  0.000000  1.0
   -0.030393    0.770262  0.000000  1.0
   -0.030393    0.772262  0.000000  1.0
   -0.030393    0.774262  0.000000  1.0
   -0.030393    0.776262  0.000000  1.0
   -0.030393    0.778262  0.000000  1.0
   -0.030393    0.780262  0.000000  1.0
   -0.030393    0.782262  0.000000  1.0
   -0.028393    0.702262  0.000000  1.0
   -0.028393    0.704262  0.000000  1.0
   -0.028393    0.706262  0.000000  1.0
   -0.028393    0.708262  0.000000  1.0
   -0.028393    0.710262  0.000000  1.0
   -0.028393    0.712262  0.000000  1.0
   -0.028393    0.714262  0.000000  1.0
   -0.028393    0.716262  0.000000  1.0
   -0.028393    0.718262  0.000000  1.0
   -0.028393    0.720262  0.000000  1.0
   -0.028393    0.722262  0.000000  1.0
   -0.028393    0.724262  0.000000  1.0
   -0.028393    0.726262  0.000000  1.0
   -0.028393    0.728262  0.000000  1.0
   -0.028393    0.730262  0.000000  1.0
   -0.028393    0.732262  0.000000  1.0
   -0.028393    0.734262  0.000000  1.0
   -0.028393    0.736262  0.000000  1.0
   -0.028393    0.738262  0.000000  1.0
   -0.028393    0.740262  0.000000  1.0
   -0.028393    0.742262  0.000000  1.0
   -0.028393    0.744262  0.000000  1.0
   -0.028393    0.746262  0.000000  1.0
   -0.028393    0.748262  0.000000  1.0
   -0.028393    0.750262  0.000000  1.0
   -0.028393    0.752262  0.000000  1.0
   -0.028393    0.754262  0.000000  1.0
   -0.028393    0.756262  0.000000  1.0
   -0.028393    0.758262  0.000000  1.0
   -0.028393    0.760262  0.000000  1.0
   -0.028393    0.762262  0.000000  1.0
   -0.028393    0.764262  0.000000  1.0
   -0.028393    0.766262  0.000000  1.0
   -0.028393    0.768262  0.000000  1.0
   -0.028393    0.770262  0.000000  1.0
   -0.028393    0.772262  0.000000  1.0
   -0.028393    0.774262  0.000000  1.0
   -0.028393    0.776262  0.000000  1.0
   -0.028393    0.778262  0.000000  1.0
   -0.028393    0.780262  0.000000  1.0
   -0.028393    0.782262  0.000000  1.0
   -0.026393    0.702262  0.000000  1.0
   -0.026393    0.704262  0.000000  1.0
   -0.026393    0.706262  0.000000  1.0
   -0.026393    0.708262  0.000000  1.0
   -0.026393    0.710262  0.000000  1.0
   -0.026393    0.712262  0.000000  1.0
   -0.026393    0.714262  0.000000  1.0
   -0.026393    0.716262  0.000000  1.0
   -0.026393    0.718262  0.000000  1.0
   -0.026393    0.720262  0.000000  1.0
   -0.026393    0.722262  0.000000  1.0
   -0.026393    0.724262  0.000000  1.0
   -0.026393    0.726262  0.000000  1.0
   -0.026393    0.728262  0.000000  1.0
   -0.026393    0.730262  0.000000  1.0
   -0.026393    0.732262  0.000000  1.0
   -0.026393    0.734262  0.000000  1.0
   -0.026393    0.736262  0.000000  1.0
   -0.026393    0.738262  0.000000  1.0
   -0.026393    0.740262  0.000000  1.0
   -0.026393    0.742262  0.000000  1.0
   -0.026393    0.744262  0.000000  1.0
   -0.026393    0.746262  0.000000  1.0
   -0.026393    0.748262  0.000000  1.0
   -0.026393    0.750262  0.000000  1.0
   -0.026393    0.752262  0.000000  1.0
   -0.026393    0.754262  0.000000  1.0
   -0.026393    0.756262  0.000000  1.0
   -0.026393    0.758262  0.000000  1.0
   -0.026393    0.760262  0.000000  1.0
   -0.026393    0.762262  0.000000  1.0
   -0.026393    0.764262  0.000000  1.0
   -0.026393    0.766262  0.000000  1.0
   -0.026393    0.768262  0.000000  1.0
   -0.026393    0.770262  0.000000  1.0
   -0.026393    0.772262  0.000000  1.0
   -0.026393    0.774262  0.000000  1.0
   -0.026393    0.776262  0.000000  1.0
   -0.026393    0.778262  0.000000  1.0
   -0.026393    0.780262  0.000000  1.0
   -0.026393    0.782262  0.000000  1.0
   -0.024393    0.702262  0.000000  1.0
   -0.024393    0.704262  0.000000  1.0
   -0.024393    0.706262  0.000000  1.0
   -0.024393    0.708262  0.000000  1.0
   -0.024393    0.710262  0.000000  1.0
   -0.024393    0.712262  0.000000  1.0
   -0.024393    0.714262  0.000000  1.0
   -0.024393    0.716262  0.000000  1.0
   -0.024393    0.718262  0.000000  1.0
   -0.024393    0.720262  0.000000  1.0
   -0.024393    0.722262  0.000000  1.0
   -0.024393    0.724262  0.000000  1.0
   -0.024393    0.726262  0.000000  1.0
   -0.024393    0.728262  0.000000  1.0
   -0.024393    0.730262  0.000000  1.0
   -0.024393    0.732262  0.000000  1.0
   -0.024393    0.734262  0.000000  1.0
   -0.024393    0.736262  0.000000  1.0
   -0.024393    0.738262  0.000000  1.0
   -0.024393    0.740262  0.000000  1.0
   -0.024393    0.742262  0.000000  1.0
   -0.024393    0.744262  0.000000  1.0
   -0.024393    0.746262  0.000000  1.0
   -0.024393    0.748262  0.000000  1.0
   -0.024393    0.750262  0.000000  1.0
   -0.024393    0.752262  0.000000  1.0
   -0.024393    0.754262  0.000000  1.0
   -0.024393    0.756262  0.000000  1.0
   -0.024393    0.758262  0.000000  1.0
   -0.024393    0.760262  0.000000  1.0
   -0.024393    0.762262  0.000000  1.0
   -0.024393    0.764262  0.000000  1.0
   -0.024393    0.766262  0.000000  1.0
   -0.024393    0.768262  0.000000  1.0
   -0.024393    0.770262  0.000000  1.0
   -0.024393    0.772262  0.000000  1.0
   -0.024393    0.774262  0.000000  1.0
   -0.024393    0.776262  0.000000  1.0
   -0.024393    0.778262  0.000000  1.0
   -0.024393    0.780262  0.000000  1.0
   -0.024393    0.782262  0.000000  1.0
   -0.022393    0.702262  0.000000  1.0
   -0.022393    0.704262  0.000000  1.0
   -0.022393    0.706262  0.000000  1.0
   -0.022393    0.708262  0.000000  1.0
   -0.022393    0.710262  0.000000  1.0
   -0.022393    0.712262  0.000000  1.0
   -0.022393    0.714262  0.000000  1.0
   -0.022393    0.716262  0.000000  1.0
   -0.022393    0.718262  0.000000  1.0
   -0.022393    0.720262  0.000000  1.0
   -0.022393    0.722262  0.000000  1.0
   -0.022393    0.724262  0.000000  1.0
   -0.022393    0.726262  0.000000  1.0
   -0.022393    0.728262  0.000000  1.0
   -0.022393    0.730262  0.000000  1.0
   -0.022393    0.732262  0.000000  1.0
   -0.022393    0.734262  0.000000  1.0
   -0.022393    0.736262  0.000000  1.0
   -0.022393    0.738262  0.000000  1.0
   -0.022393    0.740262  0.000000  1.0
   -0.022393    0.742262  0.000000  1.0
   -0.022393    0.744262  0.000000  1.0
   -0.022393    0.746262  0.000000  1.0
   -0.022393    0.748262  0.000000  1.0
   -0.022393    0.750262  0.000000  1.0
   -0.022393    0.752262  0.000000  1.0
   -0.022393    0.754262  0.000000  1.0
   -0.022393    0.756262  0.000000  1.0
   -0.022393    0.758262  0.000000  1.0
   -0.022393    0.760262  0.000000  1.0
   -0.022393    0.762262  0.000000  1.0
   -0.022393    0.764262  0.000000  1.0
   -0.022393    0.766262  0.000000  1.0
   -0.022393    0.768262  0.000000  1.0
   -0.022393    0.770262  0.000000  1.0
   -0.022393    0.772262  0.000000  1.0
   -0.022393    0.774262  0.000000  1.0
   -0.022393    0.776262  0.000000  1.0
   -0.022393    0.778262  0.000000  1.0
   -0.022393    0.780262  0.000000  1.0
   -0.022393    0.782262  0.000000  1.0
   -0.020393    0.702262  0.000000  1.0
   -0.020393    0.704262  0.000000  1.0
   -0.020393    0.706262  0.000000  1.0
   -0.020393    0.708262  0.000000  1.0
   -0.020393    0.710262  0.000000  1.0
   -0.020393    0.712262  0.000000  1.0
   -0.020393    0.714262  0.000000  1.0
   -0.020393    0.716262  0.000000  1.0
   -0.020393    0.718262  0.000000  1.0
   -0.020393    0.720262  0.000000  1.0
   -0.020393    0.722262  0.000000  1.0
   -0.020393    0.724262  0.000000  1.0
   -0.020393    0.726262  0.000000  1.0
   -0.020393    0.728262  0.000000  1.0
   -0.020393    0.730262  0.000000  1.0
   -0.020393    0.732262  0.000000  1.0
   -0.020393    0.734262  0.000000  1.0
   -0.020393    0.736262  0.000000  1.0
   -0.020393    0.738262  0.000000  1.0
   -0.020393    0.740262  0.000000  1.0
   -0.020393    0.742262  0.000000  1.0
   -0.020393    0.744262  0.000000  1.0
   -0.020393    0.746262  0.000000  1.0
   -0.020393    0.748262  0.000000  1.0
   -0.020393    0.750262  0.000000  1.0
   -0.020393    0.752262  0.000000  1.0
   -0.020393    0.754262  0.000000  1.0
   -0.020393    0.756262  0.000000  1.0
   -0.020393    0.758262  0.000000  1.0
   -0.020393    0.760262  0.000000  1.0
   -0.020393    0.762262  0.000000  1.0
   -0.020393    0.764262  0.000000  1.0
   -0.020393    0.766262  0.000000  1.0
   -0.020393    0.768262  0.000000  1.0
   -0.020393    0.770262  0.000000  1.0
   -0.020393    0.772262  0.000000  1.0
   -0.020393    0.774262  0.000000  1.0
   -0.020393    0.776262  0.000000  1.0
   -0.020393    0.778262  0.000000  1.0
   -0.020393    0.780262  0.000000  1.0
   -0.020393    0.782262  0.000000  1.0
   -0.018393    0.702262  0.000000  1.0
   -0.018393    0.704262  0.000000  1.0
   -0.018393    0.706262  0.000000  1.0
   -0.018393    0.708262  0.000000  1.0
   -0.018393    0.710262  0.000000  1.0
   -0.018393    0.712262  0.000000  1.0
   -0.018393    0.714262  0.000000  1.0
   -0.018393    0.716262  0.000000  1.0
   -0.018393    0.718262  0.000000  1.0
   -0.018393    0.720262  0.000000  1.0
   -0.018393    0.722262  0.000000  1.0
   -0.018393    0.724262  0.000000  1.0
   -0.018393    0.726262  0.000000  1.0
   -0.018393    0.728262  0.000000  1.0
   -0.018393    0.730262  0.000000  1.0
   -0.018393    0.732262  0.000000  1.0
   -0.018393    0.734262  0.000000  1.0
   -0.018393    0.736262  0.000000  1.0
   -0.018393    0.738262  0.000000  1.0
   -0.018393    0.740262  0.000000  1.0
   -0.018393    0.742262  0.000000  1.0
   -0.018393    0.744262  0.000000  1.0
   -0.018393    0.746262  0.000000  1.0
   -0.018393    0.748262  0.000000  1.0
   -0.018393    0.750262  0.000000  1.0
   -0.018393    0.752262  0.000000  1.0
   -0.018393    0.754262  0.000000  1.0
   -0.018393    0.756262  0.000000  1.0
   -0.018393    0.758262  0.000000  1.0
   -0.018393    0.760262  0.000000  1.0
   -0.018393    0.762262  0.000000  1.0
   -0.018393    0.764262  0.000000  1.0
   -0.018393    0.766262  0.000000  1.0
   -0.018393    0.768262  0.000000  1.0
   -0.018393    0.770262  0.000000  1.0
   -0.018393    0.772262  0.000000  1.0
   -0.018393    0.774262  0.000000  1.0
   -0.018393    0.776262  0.000000  1.0
   -0.018393    0.778262  0.000000  1.0
   -0.018393    0.780262  0.000000  1.0
   -0.018393    0.782262  0.000000  1.0
   -0.016393    0.702262  0.000000  1.0
   -0.016393    0.704262  0.000000  1.0
   -0.016393    0.706262  0.000000  1.0
   -0.016393    0.708262  0.000000  1.0
   -0.016393    0.710262  0.000000  1.0
   -0.016393    0.712262  0.000000  1.0
   -0.016393    0.714262  0.000000  1.0
   -0.016393    0.716262  0.000000  1.0
   -0.016393    0.718262  0.000000  1.0
   -0.016393    0.720262  0.000000  1.0
   -0.016393    0.722262  0.000000  1.0
   -0.016393    0.724262  0.000000  1.0
   -0.016393    0.726262  0.000000  1.0
   -0.016393    0.728262  0.000000  1.0
   -0.016393    0.730262  0.000000  1.0
   -0.016393    0.732262  0.000000  1.0
   -0.016393    0.734262  0.000000  1.0
   -0.016393    0.736262  0.000000  1.0
   -0.016393    0.738262  0.000000  1.0
   -0.016393    0.740262  0.000000  1.0
   -0.016393    0.742262  0.000000  1.0
   -0.016393    0.744262  0.000000  1.0
   -0.016393    0.746262  0.000000  1.0
   -0.016393    0.748262  0.000000  1.0
   -0.016393    0.750262  0.000000  1.0
   -0.016393    0.752262  0.000000  1.0
   -0.016393    0.754262  0.000000  1.0
   -0.016393    0.756262  0.000000  1.0
   -0.016393    0.758262  0.000000  1.0
   -0.016393    0.760262  0.000000  1.0
   -0.016393    0.762262  0.000000  1.0
   -0.016393    0.764262  0.000000  1.0
   -0.016393    0.766262  0.000000  1.0
   -0.016393    0.768262  0.000000  1.0
   -0.016393    0.770262  0.000000  1.0
   -0.016393    0.772262  0.000000  1.0
   -0.016393    0.774262  0.000000  1.0
   -0.016393    0.776262  0.000000  1.0
   -0.016393    0.778262  0.000000  1.0
   -0.016393    0.780262  0.000000  1.0
   -0.016393    0.782262  0.000000  1.0
   -0.014393    0.702262  0.000000  1.0
   -0.014393    0.704262  0.000000  1.0
   -0.014393    0.706262  0.000000  1.0
   -0.014393    0.708262  0.000000  1.0
   -0.014393    0.710262  0.000000  1.0
   -0.014393    0.712262  0.000000  1.0
   -0.014393    0.714262  0.000000  1.0
   -0.014393    0.716262  0.000000  1.0
   -0.014393    0.718262  0.000000  1.0
   -0.014393    0.720262  0.000000  1.0
   -0.014393    0.722262  0.000000  1.0
   -0.014393    0.724262  0.000000  1.0
   -0.014393    0.726262  0.000000  1.0
   -0.014393    0.728262  0.000000  1.0
   -0.014393    0.730262  0.000000  1.0
   -0.014393    0.732262  0.000000  1.0
   -0.014393    0.734262  0.000000  1.0
   -0.014393    0.736262  0.000000  1.0
   -0.014393    0.738262  0.000000  1.0
   -0.014393    0.740262  0.000000  1.0
   -0.014393    0.742262  0.000000  1.0
   -0.014393    0.744262  0.000000  1.0
   -0.014393    0.746262  0.000000  1.0
   -0.014393    0.748262  0.000000  1.0
   -0.014393    0.750262  0.000000  1.0
   -0.014393    0.752262  0.000000  1.0
   -0.014393    0.754262  0.000000  1.0
   -0.014393    0.756262  0.000000  1.0
   -0.014393    0.758262  0.000000  1.0
   -0.014393    0.760262  0.000000  1.0
   -0.014393    0.762262  0.000000  1.0
   -0.014393    0.764262  0.000000  1.0
   -0.014393    0.766262  0.000000  1.0
   -0.014393    0.768262  0.000000  1.0
   -0.014393    0.770262  0.000000  1.0
   -0.014393    0.772262  0.000000  1.0
   -0.014393    0.774262  0.000000  1.0
   -0.014393    0.776262  0.000000  1.0
   -0.014393    0.778262  0.000000  1.0
   -0.014393    0.780262  0.000000  1.0
   -0.014393    0.782262  0.000000  1.0
   -0.012393    0.702262  0.000000  1.0
   -0.012393    0.704262  0.000000  1.0
   -0.012393    0.706262  0.000000  1.0
   -0.012393    0.708262  0.000000  1.0
   -0.012393    0.710262  0.000000  1.0
   -0.012393    0.712262  0.000000  1.0
   -0.012393    0.714262  0.000000  1.0
   -0.012393    0.716262  0.000000  1.0
   -0.012393    0.718262  0.000000  1.0
   -0.012393    0.720262  0.000000  1.0
   -0.012393    0.722262  0.000000  1.0
   -0.012393    0.724262  0.000000  1.0
   -0.012393    0.726262  0.000000  1.0
   -0.012393    0.728262  0.000000  1.0
   -0.012393    0.730262  0.000000  1.0
   -0.012393    0.732262  0.000000  1.0
   -0.012393    0.734262  0.000000  1.0
   -0.012393    0.736262  0.000000  1.0
   -0.012393    0.738262  0.000000  1.0
   -0.012393    0.740262  0.000000  1.0
   -0.012393    0.742262  0.000000  1.0
   -0.012393    0.744262  0.000000  1.0
   -0.012393    0.746262  0.000000  1.0
   -0.012393    0.748262  0.000000  1.0
   -0.012393    0.750262  0.000000  1.0
   -0.012393    0.752262  0.000000  1.0
   -0.012393    0.754262  0.000000  1.0
   -0.012393    0.756262  0.000000  1.0
   -0.012393    0.758262  0.000000  1.0
   -0.012393    0.760262  0.000000  1.0
   -0.012393    0.762262  0.000000  1.0
   -0.012393    0.764262  0.000000  1.0
   -0.012393    0.766262  0.000000  1.0
   -0.012393    0.768262  0.000000  1.0
   -0.012393    0.770262  0.000000  1.0
   -0.012393    0.772262  0.000000  1.0
   -0.012393    0.774262  0.000000  1.0
   -0.012393    0.776262  0.000000  1.0
   -0.012393    0.778262  0.000000  1.0
   -0.012393    0.780262  0.000000  1.0
   -0.012393    0.782262  0.000000  1.0
   -0.010393    0.702262  0.000000  1.0
   -0.010393    0.704262  0.000000  1.0
   -0.010393    0.706262  0.000000  1.0
   -0.010393    0.708262  0.000000  1.0
   -0.010393    0.710262  0.000000  1.0
   -0.010393    0.712262  0.000000  1.0
   -0.010393    0.714262  0.000000  1.0
   -0.010393    0.716262  0.000000  1.0
   -0.010393    0.718262  0.000000  1.0
   -0.010393    0.720262  0.000000  1.0
   -0.010393    0.722262  0.000000  1.0
   -0.010393    0.724262  0.000000  1.0
   -0.010393    0.726262  0.000000  1.0
   -0.010393    0.728262  0.000000  1.0
   -0.010393    0.730262  0.000000  1.0
   -0.010393    0.732262  0.000000  1.0
   -0.010393    0.734262  0.000000  1.0
   -0.010393    0.736262  0.000000  1.0
   -0.010393    0.738262  0.000000  1.0
   -0.010393    0.740262  0.000000  1.0
   -0.010393    0.742262  0.000000  1.0
   -0.010393    0.744262  0.000000  1.0
   -0.010393    0.746262  0.000000  1.0
   -0.010393    0.748262  0.000000  1.0
   -0.010393    0.750262  0.000000  1.0
   -0.010393    0.752262  0.000000  1.0
   -0.010393    0.754262  0.000000  1.0
   -0.010393    0.756262  0.000000  1.0
   -0.010393    0.758262  0.000000  1.0
   -0.010393    0.760262  0.000000  1.0
   -0.010393    0.762262  0.000000  1.0
   -0.010393    0.764262  0.000000  1.0
   -0.010393    0.766262  0.000000  1.0
   -0.010393    0.768262  0.000000  1.0
   -0.010393    0.770262  0.000000  1.0
   -0.010393    0.772262  0.000000  1.0
   -0.010393    0.774262  0.000000  1.0
   -0.010393    0.776262  0.000000  1.0
   -0.010393    0.778262  0.000000  1.0
   -0.010393    0.780262  0.000000  1.0
   -0.010393    0.782262  0.000000  1.0
   -0.008393    0.702262  0.000000  1.0
   -0.008393    0.704262  0.000000  1.0
   -0.008393    0.706262  0.000000  1.0
   -0.008393    0.708262  0.000000  1.0
   -0.008393    0.710262  0.000000  1.0
   -0.008393    0.712262  0.000000  1.0
   -0.008393    0.714262  0.000000  1.0
   -0.008393    0.716262  0.000000  1.0
   -0.008393    0.718262  0.000000  1.0
   -0.008393    0.720262  0.000000  1.0
   -0.008393    0.722262  0.000000  1.0
   -0.008393    0.724262  0.000000  1.0
   -0.008393    0.726262  0.000000  1.0
   -0.008393    0.728262  0.000000  1.0
   -0.008393    0.730262  0.000000  1.0
   -0.008393    0.732262  0.000000  1.0
   -0.008393    0.734262  0.000000  1.0
   -0.008393    0.736262  0.000000  1.0
   -0.008393    0.738262  0.000000  1.0
   -0.008393    0.740262  0.000000  1.0
   -0.008393    0.742262  0.000000  1.0
   -0.008393    0.744262  0.000000  1.0
   -0.008393    0.746262  0.000000  1.0
   -0.008393    0.748262  0.000000  1.0
   -0.008393    0.750262  0.000000  1.0
   -0.008393    0.752262  0.000000  1.0
   -0.008393    0.754262  0.000000  1.0
   -0.008393    0.756262  0.000000  1.0
   -0.008393    0.758262  0.000000  1.0
   -0.008393    0.760262  0.000000  1.0
   -0.008393    0.762262  0.000000  1.0
   -0.008393    0.764262  0.000000  1.0
   -0.008393    0.766262  0.000000  1.0
   -0.008393    0.768262  0.000000  1.0
   -0.008393    0.770262  0.000000  1.0
   -0.008393    0.772262  0.000000  1.0
   -0.008393    0.774262  0.000000  1.0
   -0.008393    0.776262  0.000000  1.0
   -0.008393    0.778262  0.000000  1.0
   -0.008393    0.780262  0.000000  1.0
   -0.008393    0.782262  0.000000  1.0
   -0.006393    0.702262  0.000000  1.0
   -0.006393    0.704262  0.000000  1.0
   -0.006393    0.706262  0.000000  1.0
   -0.006393    0.708262  0.000000  1.0
   -0.006393    0.710262  0.000000  1.0
   -0.006393    0.712262  0.000000  1.0
   -0.006393    0.714262  0.000000  1.0
   -0.006393    0.716262  0.000000  1.0
   -0.006393    0.718262  0.000000  1.0
   -0.006393    0.720262  0.000000  1.0
   -0.006393    0.722262  0.000000  1.0
   -0.006393    0.724262  0.000000  1.0
   -0.006393    0.726262  0.000000  1.0
   -0.006393    0.728262  0.000000  1.0
   -0.006393    0.730262  0.000000  1.0
   -0.006393    0.732262  0.000000  1.0
   -0.006393    0.734262  0.000000  1.0
   -0.006393    0.736262  0.000000  1.0
   -0.006393    0.738262  0.000000  1.0
   -0.006393    0.740262  0.000000  1.0
   -0.006393    0.742262  0.000000  1.0
   -0.006393    0.744262  0.000000  1.0
   -0.006393    0.746262  0.000000  1.0
   -0.006393    0.748262  0.000000  1.0
   -0.006393    0.750262  0.000000  1.0
   -0.006393    0.752262  0.000000  1.0
   -0.006393    0.754262  0.000000  1.0
   -0.006393    0.756262  0.000000  1.0
   -0.006393    0.758262  0.000000  1.0
   -0.006393    0.760262  0.000000  1.0
   -0.006393    0.762262  0.000000  1.0
   -0.006393    0.764262  0.000000  1.0
   -0.006393    0.766262  0.000000  1.0
   -0.006393    0.768262  0.000000  1.0
   -0.006393    0.770262  0.000000  1.0
   -0.006393    0.772262  0.000000  1.0
   -0.006393    0.774262  0.000000  1.0
   -0.006393    0.776262  0.000000  1.0
   -0.006393    0.778262  0.000000  1.0
   -0.006393    0.780262  0.000000  1.0
   -0.006393    0.782262  0.000000  1.0
   -0.004393    0.702262  0.000000  1.0
   -0.004393    0.704262  0.000000  1.0
   -0.004393    0.706262  0.000000  1.0
   -0.004393    0.708262  0.000000  1.0
   -0.004393    0.710262  0.000000  1.0
   -0.004393    0.712262  0.000000  1.0
   -0.004393    0.714262  0.000000  1.0
   -0.004393    0.716262  0.000000  1.0
   -0.004393    0.718262  0.000000  1.0
   -0.004393    0.720262  0.000000  1.0
   -0.004393    0.722262  0.000000  1.0
   -0.004393    0.724262  0.000000  1.0
   -0.004393    0.726262  0.000000  1.0
   -0.004393    0.728262  0.000000  1.0
   -0.004393    0.730262  0.000000  1.0
   -0.004393    0.732262  0.000000  1.0
   -0.004393    0.734262  0.000000  1.0
   -0.004393    0.736262  0.000000  1.0
   -0.004393    0.738262  0.000000  1.0
   -0.004393    0.740262  0.000000  1.0
   -0.004393    0.742262  0.000000  1.0
   -0.004393    0.744262  0.000000  1.0
   -0.004393    0.746262  0.000000  1.0
   -0.004393    0.748262  0.000000  1.0
   -0.004393    0.750262  0.000000  1.0
   -0.004393    0.752262  0.000000  1.0
   -0.004393    0.754262  0.000000  1.0
   -0.004393    0.756262  0.000000  1.0
   -0.004393    0.758262  0.000000  1.0
   -0.004393    0.760262  0.000000  1.0
   -0.004393    0.762262  0.000000  1.0
   -0.004393    0.764262  0.000000  1.0
   -0.004393    0.766262  0.000000  1.0
   -0.004393    0.768262  0.000000  1.0
   -0.004393    0.770262  0.000000  1.0
   -0.004393    0.772262  0.000000  1.0
   -0.004393    0.774262  0.000000  1.0
   -0.004393    0.776262  0.000000  1.0
   -0.004393    0.778262  0.000000  1.0
   -0.004393    0.780262  0.000000  1.0
   -0.004393    0.782262  0.000000  1.0
   -0.002393    0.702262  0.000000  1.0
   -0.002393    0.704262  0.000000  1.0
   -0.002393    0.706262  0.000000  1.0
   -0.002393    0.708262  0.000000  1.0
   -0.002393    0.710262  0.000000  1.0
   -0.002393    0.712262  0.000000  1.0
   -0.002393    0.714262  0.000000  1.0
   -0.002393    0.716262  0.000000  1.0
   -0.002393    0.718262  0.000000  1.0
   -0.002393    0.720262  0.000000  1.0
   -0.002393    0.722262  0.000000  1.0
   -0.002393    0.724262  0.000000  1.0
   -0.002393    0.726262  0.000000  1.0
   -0.002393    0.728262  0.000000  1.0
   -0.002393    0.730262  0.000000  1.0
   -0.002393    0.732262  0.000000  1.0
   -0.002393    0.734262  0.000000  1.0
   -0.002393    0.736262  0.000000  1.0
   -0.002393    0.738262  0.000000  1.0
   -0.002393    0.740262  0.000000  1.0
   -0.002393    0.742262  0.000000  1.0
   -0.002393    0.744262  0.000000  1.0
   -0.002393    0.746262  0.000000  1.0
   -0.002393    0.748262  0.000000  1.0
   -0.002393    0.750262  0.000000  1.0
   -0.002393    0.752262  0.000000  1.0
   -0.002393    0.754262  0.000000  1.0
   -0.002393    0.756262  0.000000  1.0
   -0.002393    0.758262  0.000000  1.0
   -0.002393    0.760262  0.000000  1.0
   -0.002393    0.762262  0.000000  1.0
   -0.002393    0.764262  0.000000  1.0
   -0.002393    0.766262  0.000000  1.0
   -0.002393    0.768262  0.000000  1.0
   -0.002393    0.770262  0.000000  1.0
   -0.002393    0.772262  0.000000  1.0
   -0.002393    0.774262  0.000000  1.0
   -0.002393    0.776262  0.000000  1.0
   -0.002393    0.778262  0.000000  1.0
   -0.002393    0.780262  0.000000  1.0
   -0.002393    0.782262  0.000000  1.0
   -0.000393    0.702262  0.000000  1.0
   -0.000393    0.704262  0.000000  1.0
   -0.000393    0.706262  0.000000  1.0
   -0.000393    0.708262  0.000000  1.0
   -0.000393    0.710262  0.000000  1.0
   -0.000393    0.712262  0.000000  1.0
   -0.000393    0.714262  0.000000  1.0
   -0.000393    0.716262  0.000000  1.0
   -0.000393    0.718262  0.000000  1.0
   -0.000393    0.720262  0.000000  1.0
   -0.000393    0.722262  0.000000  1.0
   -0.000393    0.724262  0.000000  1.0
   -0.000393    0.726262  0.000000  1.0
   -0.000393    0.728262  0.000000  1.0
   -0.000393    0.730262  0.000000  1.0
   -0.000393    0.732262  0.000000  1.0
   -0.000393    0.734262  0.000000  1.0
   -0.000393    0.736262  0.000000  1.0
   -0.000393    0.738262  0.000000  1.0
   -0.000393    0.740262  0.000000  1.0
   -0.000393    0.742262  0.000000  1.0
   -0.000393    0.744262  0.000000  1.0
   -0.000393    0.746262  0.000000  1.0
   -0.000393    0.748262  0.000000  1.0
   -0.000393    0.750262  0.000000  1.0
   -0.000393    0.752262  0.000000  1.0
   -0.000393    0.754262  0.000000  1.0
   -0.000393    0.756262  0.000000  1.0
   -0.000393    0.758262  0.000000  1.0
   -0.000393    0.760262  0.000000  1.0
   -0.000393    0.762262  0.000000  1.0
   -0.000393    0.764262  0.000000  1.0
   -0.000393    0.766262  0.000000  1.0
   -0.000393    0.768262  0.000000  1.0
   -0.000393    0.770262  0.000000  1.0
   -0.000393    0.772262  0.000000  1.0
   -0.000393    0.774262  0.000000  1.0
   -0.000393    0.776262  0.000000  1.0
   -0.000393    0.778262  0.000000  1.0
   -0.000393    0.780262  0.000000  1.0
   -0.000393    0.782262  0.000000  1.0
    0.001607    0.702262  0.000000  1.0
    0.001607    0.704262  0.000000  1.0
    0.001607    0.706262  0.000000  1.0
    0.001607    0.708262  0.000000  1.0
    0.001607    0.710262  0.000000  1.0
    0.001607    0.712262  0.000000  1.0
    0.001607    0.714262  0.000000  1.0
    0.001607    0.716262  0.000000  1.0
    0.001607    0.718262  0.000000  1.0
    0.001607    0.720262  0.000000  1.0
    0.001607    0.722262  0.000000  1.0
    0.001607    0.724262  0.000000  1.0
    0.001607    0.726262  0.000000  1.0
    0.001607    0.728262  0.000000  1.0
    0.001607    0.730262  0.000000  1.0
    0.001607    0.732262  0.000000  1.0
    0.001607    0.734262  0.000000  1.0
    0.001607    0.736262  0.000000  1.0
    0.001607    0.738262  0.000000  1.0
    0.001607    0.740262  0.000000  1.0
    0.001607    0.742262  0.000000  1.0
    0.001607    0.744262  0.000000  1.0
    0.001607    0.746262  0.000000  1.0
    0.001607    0.748262  0.000000  1.0
    0.001607    0.750262  0.000000  1.0
    0.001607    0.752262  0.000000  1.0
    0.001607    0.754262  0.000000  1.0
    0.001607    0.756262  0.000000  1.0
    0.001607    0.758262  0.000000  1.0
    0.001607    0.760262  0.000000  1.0
    0.001607    0.762262  0.000000  1.0
    0.001607    0.764262  0.000000  1.0
    0.001607    0.766262  0.000000  1.0
    0.001607    0.768262  0.000000  1.0
    0.001607    0.770262  0.000000  1.0
    0.001607    0.772262  0.000000  1.0
    0.001607    0.774262  0.000000  1.0
    0.001607    0.776262  0.000000  1.0
    0.001607    0.778262  0.000000  1.0
    0.001607    0.780262  0.000000  1.0
    0.001607    0.782262  0.000000  1.0
    0.003607    0.702262  0.000000  1.0
    0.003607    0.704262  0.000000  1.0
    0.003607    0.706262  0.000000  1.0
    0.003607    0.708262  0.000000  1.0
    0.003607    0.710262  0.000000  1.0
    0.003607    0.712262  0.000000  1.0
    0.003607    0.714262  0.000000  1.0
    0.003607    0.716262  0.000000  1.0
    0.003607    0.718262  0.000000  1.0
    0.003607    0.720262  0.000000  1.0
    0.003607    0.722262  0.000000  1.0
    0.003607    0.724262  0.000000  1.0
    0.003607    0.726262  0.000000  1.0
    0.003607    0.728262  0.000000  1.0
    0.003607    0.730262  0.000000  1.0
    0.003607    0.732262  0.000000  1.0
    0.003607    0.734262  0.000000  1.0
    0.003607    0.736262  0.000000  1.0
    0.003607    0.738262  0.000000  1.0
    0.003607    0.740262  0.000000  1.0
    0.003607    0.742262  0.000000  1.0
    0.003607    0.744262  0.000000  1.0
    0.003607    0.746262  0.000000  1.0
    0.003607    0.748262  0.000000  1.0
    0.003607    0.750262  0.000000  1.0
    0.003607    0.752262  0.000000  1.0
    0.003607    0.754262  0.000000  1.0
    0.003607    0.756262  0.000000  1.0
    0.003607    0.758262  0.000000  1.0
    0.003607    0.760262  0.000000  1.0
    0.003607    0.762262  0.000000  1.0
    0.003607    0.764262  0.000000  1.0
    0.003607    0.766262  0.000000  1.0
    0.003607    0.768262  0.000000  1.0
    0.003607    0.770262  0.000000  1.0
    0.003607    0.772262  0.000000  1.0
    0.003607    0.774262  0.000000  1.0
    0.003607    0.776262  0.000000  1.0
    0.003607    0.778262  0.000000  1.0
    0.003607    0.780262  0.000000  1.0
    0.003607    0.782262  0.000000  1.0
    0.005607    0.702262  0.000000  1.0
    0.005607    0.704262  0.000000  1.0
    0.005607    0.706262  0.000000  1.0
    0.005607    0.708262  0.000000  1.0
    0.005607    0.710262  0.000000  1.0
    0.005607    0.712262  0.000000  1.0
    0.005607    0.714262  0.000000  1.0
    0.005607    0.716262  0.000000  1.0
    0.005607    0.718262  0.000000  1.0
    0.005607    0.720262  0.000000  1.0
    0.005607    0.722262  0.000000  1.0
    0.005607    0.724262  0.000000  1.0
    0.005607    0.726262  0.000000  1.0
    0.005607    0.728262  0.000000  1.0
    0.005607    0.730262  0.000000  1.0
    0.005607    0.732262  0.000000  1.0
    0.005607    0.734262  0.000000  1.0
    0.005607    0.736262  0.000000  1.0
    0.005607    0.738262  0.000000  1.0
    0.005607    0.740262  0.000000  1.0
    0.005607    0.742262  0.000000  1.0
    0.005607    0.744262  0.000000  1.0
    0.005607    0.746262  0.000000  1.0
    0.005607    0.748262  0.000000  1.0
    0.005607    0.750262  0.000000  1.0
    0.005607    0.752262  0.000000  1.0
    0.005607    0.754262  0.000000  1.0
    0.005607    0.756262  0.000000  1.0
    0.005607    0.758262  0.000000  1.0
    0.005607    0.760262  0.000000  1.0
    0.005607    0.762262  0.000000  1.0
    0.005607    0.764262  0.000000  1.0
    0.005607    0.766262  0.000000  1.0
    0.005607    0.768262  0.000000  1.0
    0.005607    0.770262  0.000000  1.0
    0.005607    0.772262  0.000000  1.0
    0.005607    0.774262  0.000000  1.0
    0.005607    0.776262  0.000000  1.0
    0.005607    0.778262  0.000000  1.0
    0.005607    0.780262  0.000000  1.0
    0.005607    0.782262  0.000000  1.0
    0.007607    0.702262  0.000000  1.0
    0.007607    0.704262  0.000000  1.0
    0.007607    0.706262  0.000000  1.0
    0.007607    0.708262  0.000000  1.0
    0.007607    0.710262  0.000000  1.0
    0.007607    0.712262  0.000000  1.0
    0.007607    0.714262  0.000000  1.0
    0.007607    0.716262  0.000000  1.0
    0.007607    0.718262  0.000000  1.0
    0.007607    0.720262  0.000000  1.0
    0.007607    0.722262  0.000000  1.0
    0.007607    0.724262  0.000000  1.0
    0.007607    0.726262  0.000000  1.0
    0.007607    0.728262  0.000000  1.0
    0.007607    0.730262  0.000000  1.0
    0.007607    0.732262  0.000000  1.0
    0.007607    0.734262  0.000000  1.0
    0.007607    0.736262  0.000000  1.0
    0.007607    0.738262  0.000000  1.0
    0.007607    0.740262  0.000000  1.0
    0.007607    0.742262  0.000000  1.0
    0.007607    0.744262  0.000000  1.0
    0.007607    0.746262  0.000000  1.0
    0.007607    0.748262  0.000000  1.0
    0.007607    0.750262  0.000000  1.0
    0.007607    0.752262  0.000000  1.0
    0.007607    0.754262  0.000000  1.0
    0.007607    0.756262  0.000000  1.0
    0.007607    0.758262  0.000000  1.0
    0.007607    0.760262  0.000000  1.0
    0.007607    0.762262  0.000000  1.0
    0.007607    0.764262  0.000000  1.0
    0.007607    0.766262  0.000000  1.0
    0.007607    0.768262  0.000000  1.0
    0.007607    0.770262  0.000000  1.0
    0.007607    0.772262  0.000000  1.0
    0.007607    0.774262  0.000000  1.0
    0.007607    0.776262  0.000000  1.0
    0.007607    0.778262  0.000000  1.0
    0.007607    0.780262  0.000000  1.0
    0.007607    0.782262  0.000000  1.0
    0.009607    0.702262  0.000000  1.0
    0.009607    0.704262  0.000000  1.0
    0.009607    0.706262  0.000000  1.0
    0.009607    0.708262  0.000000  1.0
    0.009607    0.710262  0.000000  1.0
    0.009607    0.712262  0.000000  1.0
    0.009607    0.714262  0.000000  1.0
    0.009607    0.716262  0.000000  1.0
    0.009607    0.718262  0.000000  1.0
    0.009607    0.720262  0.000000  1.0
    0.009607    0.722262  0.000000  1.0
    0.009607    0.724262  0.000000  1.0
    0.009607    0.726262  0.000000  1.0
    0.009607    0.728262  0.000000  1.0
    0.009607    0.730262  0.000000  1.0
    0.009607    0.732262  0.000000  1.0
    0.009607    0.734262  0.000000  1.0
    0.009607    0.736262  0.000000  1.0
    0.009607    0.738262  0.000000  1.0
    0.009607    0.740262  0.000000  1.0
    0.009607    0.742262  0.000000  1.0
    0.009607    0.744262  0.000000  1.0
    0.009607    0.746262  0.000000  1.0
    0.009607    0.748262  0.000000  1.0
    0.009607    0.750262  0.000000  1.0
    0.009607    0.752262  0.000000  1.0
    0.009607    0.754262  0.000000  1.0
    0.009607    0.756262  0.000000  1.0
    0.009607    0.758262  0.000000  1.0
    0.009607    0.760262  0.000000  1.0
    0.009607    0.762262  0.000000  1.0
    0.009607    0.764262  0.000000  1.0
    0.009607    0.766262  0.000000  1.0
    0.009607    0.768262  0.000000  1.0
    0.009607    0.770262  0.000000  1.0
    0.009607    0.772262  0.000000  1.0
    0.009607    0.774262  0.000000  1.0
    0.009607    0.776262  0.000000  1.0
    0.009607    0.778262  0.000000  1.0
    0.009607    0.780262  0.000000  1.0
    0.009607    0.782262  0.000000  1.0
    0.011607    0.702262  0.000000  1.0
    0.011607    0.704262  0.000000  1.0
    0.011607    0.706262  0.000000  1.0
    0.011607    0.708262  0.000000  1.0
    0.011607    0.710262  0.000000  1.0
    0.011607    0.712262  0.000000  1.0
    0.011607    0.714262  0.000000  1.0
    0.011607    0.716262  0.000000  1.0
    0.011607    0.718262  0.000000  1.0
    0.011607    0.720262  0.000000  1.0
    0.011607    0.722262  0.000000  1.0
    0.011607    0.724262  0.000000  1.0
    0.011607    0.726262  0.000000  1.0
    0.011607    0.728262  0.000000  1.0
    0.011607    0.730262  0.000000  1.0
    0.011607    0.732262  0.000000  1.0
    0.011607    0.734262  0.000000  1.0
    0.011607    0.736262  0.000000  1.0
    0.011607    0.738262  0.000000  1.0
    0.011607    0.740262  0.000000  1.0
    0.011607    0.742262  0.000000  1.0
    0.011607    0.744262  0.000000  1.0
    0.011607    0.746262  0.000000  1.0
    0.011607    0.748262  0.000000  1.0
    0.011607    0.750262  0.000000  1.0
    0.011607    0.752262  0.000000  1.0
    0.011607    0.754262  0.000000  1.0
    0.011607    0.756262  0.000000  1.0
    0.011607    0.758262  0.000000  1.0
    0.011607    0.760262  0.000000  1.0
    0.011607    0.762262  0.000000  1.0
    0.011607    0.764262  0.000000  1.0
    0.011607    0.766262  0.000000  1.0
    0.011607    0.768262  0.000000  1.0
    0.011607    0.770262  0.000000  1.0
    0.011607    0.772262  0.000000  1.0
    0.011607    0.774262  0.000000  1.0
    0.011607    0.776262  0.000000  1.0
    0.011607    0.778262  0.000000  1.0
    0.011607    0.780262  0.000000  1.0
    0.011607    0.782262  0.000000  1.0
    0.013607    0.702262  0.000000  1.0
    0.013607    0.704262  0.000000  1.0
    0.013607    0.706262  0.000000  1.0
    0.013607    0.708262  0.000000  1.0
    0.013607    0.710262  0.000000  1.0
    0.013607    0.712262  0.000000  1.0
    0.013607    0.714262  0.000000  1.0
    0.013607    0.716262  0.000000  1.0
    0.013607    0.718262  0.000000  1.0
    0.013607    0.720262  0.000000  1.0
    0.013607    0.722262  0.000000  1.0
    0.013607    0.724262  0.000000  1.0
    0.013607    0.726262  0.000000  1.0
    0.013607    0.728262  0.000000  1.0
    0.013607    0.730262  0.000000  1.0
    0.013607    0.732262  0.000000  1.0
    0.013607    0.734262  0.000000  1.0
    0.013607    0.736262  0.000000  1.0
    0.013607    0.738262  0.000000  1.0
    0.013607    0.740262  0.000000  1.0
    0.013607    0.742262  0.000000  1.0
    0.013607    0.744262  0.000000  1.0
    0.013607    0.746262  0.000000  1.0
    0.013607    0.748262  0.000000  1.0
    0.013607    0.750262  0.000000  1.0
    0.013607    0.752262  0.000000  1.0
    0.013607    0.754262  0.000000  1.0
    0.013607    0.756262  0.000000  1.0
    0.013607    0.758262  0.000000  1.0
    0.013607    0.760262  0.000000  1.0
    0.013607    0.762262  0.000000  1.0
    0.013607    0.764262  0.000000  1.0
    0.013607    0.766262  0.000000  1.0
    0.013607    0.768262  0.000000  1.0
    0.013607    0.770262  0.000000  1.0
    0.013607    0.772262  0.000000  1.0
    0.013607    0.774262  0.000000  1.0
    0.013607    0.776262  0.000000  1.0
    0.013607    0.778262  0.000000  1.0
    0.013607    0.780262  0.000000  1.0
    0.013607    0.782262  0.000000  1.0
    0.015607    0.702262  0.000000  1.0
    0.015607    0.704262  0.000000  1.0
    0.015607    0.706262  0.000000  1.0
    0.015607    0.708262  0.000000  1.0
    0.015607    0.710262  0.000000  1.0
    0.015607    0.712262  0.000000  1.0
    0.015607    0.714262  0.000000  1.0
    0.015607    0.716262  0.000000  1.0
    0.015607    0.718262  0.000000  1.0
    0.015607    0.720262  0.000000  1.0
    0.015607    0.722262  0.000000  1.0
    0.015607    0.724262  0.000000  1.0
    0.015607    0.726262  0.000000  1.0
    0.015607    0.728262  0.000000  1.0
    0.015607    0.730262  0.000000  1.0
    0.015607    0.732262  0.000000  1.0
    0.015607    0.734262  0.000000  1.0
    0.015607    0.736262  0.000000  1.0
    0.015607    0.738262  0.000000  1.0
    0.015607    0.740262  0.000000  1.0
    0.015607    0.742262  0.000000  1.0
    0.015607    0.744262  0.000000  1.0
    0.015607    0.746262  0.000000  1.0
    0.015607    0.748262  0.000000  1.0
    0.015607    0.750262  0.000000  1.0
    0.015607    0.752262  0.000000  1.0
    0.015607    0.754262  0.000000  1.0
    0.015607    0.756262  0.000000  1.0
    0.015607    0.758262  0.000000  1.0
    0.015607    0.760262  0.000000  1.0
    0.015607    0.762262  0.000000  1.0
    0.015607    0.764262  0.000000  1.0
    0.015607    0.766262  0.000000  1.0
    0.015607    0.768262  0.000000  1.0
    0.015607    0.770262  0.000000  1.0
    0.015607    0.772262  0.000000  1.0
    0.015607    0.774262  0.000000  1.0
    0.015607    0.776262  0.000000  1.0
    0.015607    0.778262  0.000000  1.0
    0.015607    0.780262  0.000000  1.0
    0.015607    0.782262  0.000000  1.0
    0.017607    0.702262  0.000000  1.0
    0.017607    0.704262  0.000000  1.0
    0.017607    0.706262  0.000000  1.0
    0.017607    0.708262  0.000000  1.0
    0.017607    0.710262  0.000000  1.0
    0.017607    0.712262  0.000000  1.0
    0.017607    0.714262  0.000000  1.0
    0.017607    0.716262  0.000000  1.0
    0.017607    0.718262  0.000000  1.0
    0.017607    0.720262  0.000000  1.0
    0.017607    0.722262  0.000000  1.0
    0.017607    0.724262  0.000000  1.0
    0.017607    0.726262  0.000000  1.0
    0.017607    0.728262  0.000000  1.0
    0.017607    0.730262  0.000000  1.0
    0.017607    0.732262  0.000000  1.0
    0.017607    0.734262  0.000000  1.0
    0.017607    0.736262  0.000000  1.0
    0.017607    0.738262  0.000000  1.0
    0.017607    0.740262  0.000000  1.0
    0.017607    0.742262  0.000000  1.0
    0.017607    0.744262  0.000000  1.0
    0.017607    0.746262  0.000000  1.0
    0.017607    0.748262  0.000000  1.0
    0.017607    0.750262  0.000000  1.0
    0.017607    0.752262  0.000000  1.0
    0.017607    0.754262  0.000000  1.0
    0.017607    0.756262  0.000000  1.0
    0.017607    0.758262  0.000000  1.0
    0.017607    0.760262  0.000000  1.0
    0.017607    0.762262  0.000000  1.0
    0.017607    0.764262  0.000000  1.0
    0.017607    0.766262  0.000000  1.0
    0.017607    0.768262  0.000000  1.0
    0.017607    0.770262  0.000000  1.0
    0.017607    0.772262  0.000000  1.0
    0.017607    0.774262  0.000000  1.0
    0.017607    0.776262  0.000000  1.0
    0.017607    0.778262  0.000000  1.0
    0.017607    0.780262  0.000000  1.0
    0.017607    0.782262  0.000000  1.0
    0.019607    0.702262  0.000000  1.0
    0.019607    0.704262  0.000000  1.0
    0.019607    0.706262  0.000000  1.0
    0.019607    0.708262  0.000000  1.0
    0.019607    0.710262  0.000000  1.0
    0.019607    0.712262  0.000000  1.0
    0.019607    0.714262  0.000000  1.0
    0.019607    0.716262  0.000000  1.0
    0.019607    0.718262  0.000000  1.0
    0.019607    0.720262  0.000000  1.0
    0.019607    0.722262  0.000000  1.0
    0.019607    0.724262  0.000000  1.0
    0.019607    0.726262  0.000000  1.0
    0.019607    0.728262  0.000000  1.0
    0.019607    0.730262  0.000000  1.0
    0.019607    0.732262  0.000000  1.0
    0.019607    0.734262  0.000000  1.0
    0.019607    0.736262  0.000000  1.0
    0.019607    0.738262  0.000000  1.0
    0.019607    0.740262  0.000000  1.0
    0.019607    0.742262  0.000000  1.0
    0.019607    0.744262  0.000000  1.0
    0.019607    0.746262  0.000000  1.0
    0.019607    0.748262  0.000000  1.0
    0.019607    0.750262  0.000000  1.0
    0.019607    0.752262  0.000000  1.0
    0.019607    0.754262  0.000000  1.0
    0.019607    0.756262  0.000000  1.0
    0.019607    0.758262  0.000000  1.0
    0.019607    0.760262  0.000000  1.0
    0.019607    0.762262  0.000000  1.0
    0.019607    0.764262  0.000000  1.0
    0.019607    0.766262  0.000000  1.0
    0.019607    0.768262  0.000000  1.0
    0.019607    0.770262  0.000000  1.0
    0.019607    0.772262  0.000000  1.0
    0.019607    0.774262  0.000000  1.0
    0.019607    0.776262  0.000000  1.0
    0.019607    0.778262  0.000000  1.0
    0.019607    0.780262  0.000000  1.0
    0.019607    0.782262  0.000000  1.0
    0.021607    0.702262  0.000000  1.0
    0.021607    0.704262  0.000000  1.0
    0.021607    0.706262  0.000000  1.0
    0.021607    0.708262  0.000000  1.0
    0.021607    0.710262  0.000000  1.0
    0.021607    0.712262  0.000000  1.0
    0.021607    0.714262  0.000000  1.0
    0.021607    0.716262  0.000000  1.0
    0.021607    0.718262  0.000000  1.0
    0.021607    0.720262  0.000000  1.0
    0.021607    0.722262  0.000000  1.0
    0.021607    0.724262  0.000000  1.0
    0.021607    0.726262  0.000000  1.0
    0.021607    0.728262  0.000000  1.0
    0.021607    0.730262  0.000000  1.0
    0.021607    0.732262  0.000000  1.0
    0.021607    0.734262  0.000000  1.0
    0.021607    0.736262  0.000000  1.0
    0.021607    0.738262  0.000000  1.0
    0.021607    0.740262  0.000000  1.0
    0.021607    0.742262  0.000000  1.0
    0.021607    0.744262  0.000000  1.0
    0.021607    0.746262  0.000000  1.0
    0.021607    0.748262  0.000000  1.0
    0.021607    0.750262  0.000000  1.0
    0.021607    0.752262  0.000000  1.0
    0.021607    0.754262  0.000000  1.0
    0.021607    0.756262  0.000000  1.0
    0.021607    0.758262  0.000000  1.0
    0.021607    0.760262  0.000000  1.0
    0.021607    0.762262  0.000000  1.0
    0.021607    0.764262  0.000000  1.0
    0.021607    0.766262  0.000000  1.0
    0.021607    0.768262  0.000000  1.0
    0.021607    0.770262  0.000000  1.0
    0.021607    0.772262  0.000000  1.0
    0.021607    0.774262  0.000000  1.0
    0.021607    0.776262  0.000000  1.0
    0.021607    0.778262  0.000000  1.0
    0.021607    0.780262  0.000000  1.0
    0.021607    0.782262  0.000000  1.0
    0.023607    0.702262  0.000000  1.0
    0.023607    0.704262  0.000000  1.0
    0.023607    0.706262  0.000000  1.0
    0.023607    0.708262  0.000000  1.0
    0.023607    0.710262  0.000000  1.0
    0.023607    0.712262  0.000000  1.0
    0.023607    0.714262  0.000000  1.0
    0.023607    0.716262  0.000000  1.0
    0.023607    0.718262  0.000000  1.0
    0.023607    0.720262  0.000000  1.0
    0.023607    0.722262  0.000000  1.0
    0.023607    0.724262  0.000000  1.0
    0.023607    0.726262  0.000000  1.0
    0.023607    0.728262  0.000000  1.0
    0.023607    0.730262  0.000000  1.0
    0.023607    0.732262  0.000000  1.0
    0.023607    0.734262  0.000000  1.0
    0.023607    0.736262  0.000000  1.0
    0.023607    0.738262  0.000000  1.0
    0.023607    0.740262  0.000000  1.0
    0.023607    0.742262  0.000000  1.0
    0.023607    0.744262  0.000000  1.0
    0.023607    0.746262  0.000000  1.0
    0.023607    0.748262  0.000000  1.0
    0.023607    0.750262  0.000000  1.0
    0.023607    0.752262  0.000000  1.0
    0.023607    0.754262  0.000000  1.0
    0.023607    0.756262  0.000000  1.0
    0.023607    0.758262  0.000000  1.0
    0.023607    0.760262  0.000000  1.0
    0.023607    0.762262  0.000000  1.0
    0.023607    0.764262  0.000000  1.0
    0.023607    0.766262  0.000000  1.0
    0.023607    0.768262  0.000000  1.0
    0.023607    0.770262  0.000000  1.0
    0.023607    0.772262  0.000000  1.0
    0.023607    0.774262  0.000000  1.0
    0.023607    0.776262  0.000000  1.0
    0.023607    0.778262  0.000000  1.0
    0.023607    0.780262  0.000000  1.0
    0.023607    0.782262  0.000000  1.0
