&CONTROL
  calculation = 'bands'
  prefix = 'graphene26.1upper'
  outdir = './tmp'
  pseudo_dir = './'
  verbosity = 'high'
/
&SYSTEM
  ibrav = 0
  nat = 2
  ntyp = 1
  ecutwfc = 40.0
  nosym = .true.
  noinv = .true.
  nbnd = 8
/
&ELECTRONS
/
ATOMIC_SPECIES
  C  12.011 C.pbe-n-kjpaw_psl.1.0.0.UPF
CELL_PARAMETERS {bohr}
  5.833290  0.000000  0.000000
  2.916645  3.833642  0.000000
  0.000000  0.000000  28.346456
ATOMIC_POSITIONS {crystal}
  C  0.000112  -0.000141  0.000000
  C  0.333221  0.333474  0.000000
K_POINTS {tpiba}
1681
   -0.089180    0.720803  0.000000  1.0
   -0.089180    0.722803  0.000000  1.0
   -0.089180    0.724803  0.000000  1.0
   -0.089180    0.726803  0.000000  1.0
   -0.089180    0.728803  0.000000  1.0
   -0.089180    0.730803  0.000000  1.0
   -0.089180    0.732803  0.000000  1.0
   -0.089180    0.734803  0.000000  1.0
   -0.089180    0.736803  0.000000  1.0
   -0.089180    0.738803  0.000000  1.0
   -0.089180    0.740803  0.000000  1.0
   -0.089180    0.742803  0.000000  1.0
   -0.089180    0.744803  0.000000  1.0
   -0.089180    0.746803  0.000000  1.0
   -0.089180    0.748803  0.000000  1.0
   -0.089180    0.750803  0.000000  1.0
   -0.089180    0.752803  0.000000  1.0
   -0.089180    0.754803  0.000000  1.0
   -0.089180    0.756803  0.000000  1.0
   -0.089180    0.758803  0.000000  1.0
   -0.089180    0.760803  0.000000  1.0
   -0.089180    0.762803  0.000000  1.0
   -0.089180    0.764803  0.000000  1.0
   -0.089180    0.766803  0.000000  1.0
   -0.089180    0.768803  0.000000  1.0
   -0.089180    0.770803  0.000000  1.0
   -0.089180    0.772803  0.000000  1.0
   -0.089180    0.774803  0.000000  1.0
   -0.089180    0.776803  0.000000  1.0
   -0.089180    0.778803  0.000000  1.0
   -0.089180    0.780803  0.000000  1.0
   -0.089180    0.782803  0.000000  1.0
   -0.089180    0.784803  0.000000  1.0
   -0.089180    0.786803  0.000000  1.0
   -0.089180    0.788803  0.000000  1.0
   -0.089180    0.790803  0.000000  1.0
   -0.089180    0.792803  0.000000  1.0
   -0.089180    0.794803  0.000000  1.0
   -0.089180    0.796803  0.000000  1.0
   -0.089180    0.798803  0.000000  1.0
   -0.089180    0.800803  0.000000  1.0
   -0.087180    0.720803  0.000000  1.0
   -0.087180    0.722803  0.000000  1.0
   -0.087180    0.724803  0.000000  1.0
   -0.087180    0.726803  0.000000  1.0
   -0.087180    0.728803  0.000000  1.0
   -0.087180    0.730803  0.000000  1.0
   -0.087180    0.732803  0.000000  1.0
   -0.087180    0.734803  0.000000  1.0
   -0.087180    0.736803  0.000000  1.0
   -0.087180    0.738803  0.000000  1.0
   -0.087180    0.740803  0.000000  1.0
   -0.087180    0.742803  0.000000  1.0
   -0.087180    0.744803  0.000000  1.0
   -0.087180    0.746803  0.000000  1.0
   -0.087180    0.748803  0.000000  1.0
   -0.087180    0.750803  0.000000  1.0
   -0.087180    0.752803  0.000000  1.0
   -0.087180    0.754803  0.000000  1.0
   -0.087180    0.756803  0.000000  1.0
   -0.087180    0.758803  0.000000  1.0
   -0.087180    0.760803  0.000000  1.0
   -0.087180    0.762803  0.000000  1.0
   -0.087180    0.764803  0.000000  1.0
   -0.087180    0.766803  0.000000  1.0
   -0.087180    0.768803  0.000000  1.0
   -0.087180    0.770803  0.000000  1.0
   -0.087180    0.772803  0.000000  1.0
   -0.087180    0.774803  0.000000  1.0
   -0.087180    0.776803  0.000000  1.0
   -0.087180    0.778803  0.000000  1.0
   -0.087180    0.780803  0.000000  1.0
   -0.087180    0.782803  0.000000  1.0
   -0.087180    0.784803  0.000000  1.0
   -0.087180    0.786803  0.000000  1.0
   -0.087180    0.788803  0.000000  1.0
   -0.087180    0.790803  0.000000  1.0
   -0.087180    0.792803  0.000000  1.0
   -0.087180    0.794803  0.000000  1.0
   -0.087180    0.796803  0.000000  1.0
   -0.087180    0.798803  0.000000  1.0
   -0.087180    0.800803  0.000000  1.0
   -0.085180    0.720803  0.000000  1.0
   -0.085180    0.722803  0.000000  1.0
   -0.085180    0.724803  0.000000  1.0
   -0.085180    0.726803  0.000000  1.0
   -0.085180    0.728803  0.000000  1.0
   -0.085180    0.730803  0.000000  1.0
   -0.085180    0.732803  0.000000  1.0
   -0.085180    0.734803  0.000000  1.0
   -0.085180    0.736803  0.000000  1.0
   -0.085180    0.738803  0.000000  1.0
   -0.085180    0.740803  0.000000  1.0
   -0.085180    0.742803  0.000000  1.0
   -0.085180    0.744803  0.000000  1.0
   -0.085180    0.746803  0.000000  1.0
   -0.085180    0.748803  0.000000  1.0
   -0.085180    0.750803  0.000000  1.0
   -0.085180    0.752803  0.000000  1.0
   -0.085180    0.754803  0.000000  1.0
   -0.085180    0.756803  0.000000  1.0
   -0.085180    0.758803  0.000000  1.0
   -0.085180    0.760803  0.000000  1.0
   -0.085180    0.762803  0.000000  1.0
   -0.085180    0.764803  0.000000  1.0
   -0.085180    0.766803  0.000000  1.0
   -0.085180    0.768803  0.000000  1.0
   -0.085180    0.770803  0.000000  1.0
   -0.085180    0.772803  0.000000  1.0
   -0.085180    0.774803  0.000000  1.0
   -0.085180    0.776803  0.000000  1.0
   -0.085180    0.778803  0.000000  1.0
   -0.085180    0.780803  0.000000  1.0
   -0.085180    0.782803  0.000000  1.0
   -0.085180    0.784803  0.000000  1.0
   -0.085180    0.786803  0.000000  1.0
   -0.085180    0.788803  0.000000  1.0
   -0.085180    0.790803  0.000000  1.0
   -0.085180    0.792803  0.000000  1.0
   -0.085180    0.794803  0.000000  1.0
   -0.085180    0.796803  0.000000  1.0
   -0.085180    0.798803  0.000000  1.0
   -0.085180    0.800803  0.000000  1.0
   -0.083180    0.720803  0.000000  1.0
   -0.083180    0.722803  0.000000  1.0
   -0.083180    0.724803  0.000000  1.0
   -0.083180    0.726803  0.000000  1.0
   -0.083180    0.728803  0.000000  1.0
   -0.083180    0.730803  0.000000  1.0
   -0.083180    0.732803  0.000000  1.0
   -0.083180    0.734803  0.000000  1.0
   -0.083180    0.736803  0.000000  1.0
   -0.083180    0.738803  0.000000  1.0
   -0.083180    0.740803  0.000000  1.0
   -0.083180    0.742803  0.000000  1.0
   -0.083180    0.744803  0.000000  1.0
   -0.083180    0.746803  0.000000  1.0
   -0.083180    0.748803  0.000000  1.0
   -0.083180    0.750803  0.000000  1.0
   -0.083180    0.752803  0.000000  1.0
   -0.083180    0.754803  0.000000  1.0
   -0.083180    0.756803  0.000000  1.0
   -0.083180    0.758803  0.000000  1.0
   -0.083180    0.760803  0.000000  1.0
   -0.083180    0.762803  0.000000  1.0
   -0.083180    0.764803  0.000000  1.0
   -0.083180    0.766803  0.000000  1.0
   -0.083180    0.768803  0.000000  1.0
   -0.083180    0.770803  0.000000  1.0
   -0.083180    0.772803  0.000000  1.0
   -0.083180    0.774803  0.000000  1.0
   -0.083180    0.776803  0.000000  1.0
   -0.083180    0.778803  0.000000  1.0
   -0.083180    0.780803  0.000000  1.0
   -0.083180    0.782803  0.000000  1.0
   -0.083180    0.784803  0.000000  1.0
   -0.083180    0.786803  0.000000  1.0
   -0.083180    0.788803  0.000000  1.0
   -0.083180    0.790803  0.000000  1.0
   -0.083180    0.792803  0.000000  1.0
   -0.083180    0.794803  0.000000  1.0
   -0.083180    0.796803  0.000000  1.0
   -0.083180    0.798803  0.000000  1.0
   -0.083180    0.800803  0.000000  1.0
   -0.081180    0.720803  0.000000  1.0
   -0.081180    0.722803  0.000000  1.0
   -0.081180    0.724803  0.000000  1.0
   -0.081180    0.726803  0.000000  1.0
   -0.081180    0.728803  0.000000  1.0
   -0.081180    0.730803  0.000000  1.0
   -0.081180    0.732803  0.000000  1.0
   -0.081180    0.734803  0.000000  1.0
   -0.081180    0.736803  0.000000  1.0
   -0.081180    0.738803  0.000000  1.0
   -0.081180    0.740803  0.000000  1.0
   -0.081180    0.742803  0.000000  1.0
   -0.081180    0.744803  0.000000  1.0
   -0.081180    0.746803  0.000000  1.0
   -0.081180    0.748803  0.000000  1.0
   -0.081180    0.750803  0.000000  1.0
   -0.081180    0.752803  0.000000  1.0
   -0.081180    0.754803  0.000000  1.0
   -0.081180    0.756803  0.000000  1.0
   -0.081180    0.758803  0.000000  1.0
   -0.081180    0.760803  0.000000  1.0
   -0.081180    0.762803  0.000000  1.0
   -0.081180    0.764803  0.000000  1.0
   -0.081180    0.766803  0.000000  1.0
   -0.081180    0.768803  0.000000  1.0
   -0.081180    0.770803  0.000000  1.0
   -0.081180    0.772803  0.000000  1.0
   -0.081180    0.774803  0.000000  1.0
   -0.081180    0.776803  0.000000  1.0
   -0.081180    0.778803  0.000000  1.0
   -0.081180    0.780803  0.000000  1.0
   -0.081180    0.782803  0.000000  1.0
   -0.081180    0.784803  0.000000  1.0
   -0.081180    0.786803  0.000000  1.0
   -0.081180    0.788803  0.000000  1.0
   -0.081180    0.790803  0.000000  1.0
   -0.081180    0.792803  0.000000  1.0
   -0.081180    0.794803  0.000000  1.0
   -0.081180    0.796803  0.000000  1.0
   -0.081180    0.798803  0.000000  1.0
   -0.081180    0.800803  0.000000  1.0
   -0.079180    0.720803  0.000000  1.0
   -0.079180    0.722803  0.000000  1.0
   -0.079180    0.724803  0.000000  1.0
   -0.079180    0.726803  0.000000  1.0
   -0.079180    0.728803  0.000000  1.0
   -0.079180    0.730803  0.000000  1.0
   -0.079180    0.732803  0.000000  1.0
   -0.079180    0.734803  0.000000  1.0
   -0.079180    0.736803  0.000000  1.0
   -0.079180    0.738803  0.000000  1.0
   -0.079180    0.740803  0.000000  1.0
   -0.079180    0.742803  0.000000  1.0
   -0.079180    0.744803  0.000000  1.0
   -0.079180    0.746803  0.000000  1.0
   -0.079180    0.748803  0.000000  1.0
   -0.079180    0.750803  0.000000  1.0
   -0.079180    0.752803  0.000000  1.0
   -0.079180    0.754803  0.000000  1.0
   -0.079180    0.756803  0.000000  1.0
   -0.079180    0.758803  0.000000  1.0
   -0.079180    0.760803  0.000000  1.0
   -0.079180    0.762803  0.000000  1.0
   -0.079180    0.764803  0.000000  1.0
   -0.079180    0.766803  0.000000  1.0
   -0.079180    0.768803  0.000000  1.0
   -0.079180    0.770803  0.000000  1.0
   -0.079180    0.772803  0.000000  1.0
   -0.079180    0.774803  0.000000  1.0
   -0.079180    0.776803  0.000000  1.0
   -0.079180    0.778803  0.000000  1.0
   -0.079180    0.780803  0.000000  1.0
   -0.079180    0.782803  0.000000  1.0
   -0.079180    0.784803  0.000000  1.0
   -0.079180    0.786803  0.000000  1.0
   -0.079180    0.788803  0.000000  1.0
   -0.079180    0.790803  0.000000  1.0
   -0.079180    0.792803  0.000000  1.0
   -0.079180    0.794803  0.000000  1.0
   -0.079180    0.796803  0.000000  1.0
   -0.079180    0.798803  0.000000  1.0
   -0.079180    0.800803  0.000000  1.0
   -0.077180    0.720803  0.000000  1.0
   -0.077180    0.722803  0.000000  1.0
   -0.077180    0.724803  0.000000  1.0
   -0.077180    0.726803  0.000000  1.0
   -0.077180    0.728803  0.000000  1.0
   -0.077180    0.730803  0.000000  1.0
   -0.077180    0.732803  0.000000  1.0
   -0.077180    0.734803  0.000000  1.0
   -0.077180    0.736803  0.000000  1.0
   -0.077180    0.738803  0.000000  1.0
   -0.077180    0.740803  0.000000  1.0
   -0.077180    0.742803  0.000000  1.0
   -0.077180    0.744803  0.000000  1.0
   -0.077180    0.746803  0.000000  1.0
   -0.077180    0.748803  0.000000  1.0
   -0.077180    0.750803  0.000000  1.0
   -0.077180    0.752803  0.000000  1.0
   -0.077180    0.754803  0.000000  1.0
   -0.077180    0.756803  0.000000  1.0
   -0.077180    0.758803  0.000000  1.0
   -0.077180    0.760803  0.000000  1.0
   -0.077180    0.762803  0.000000  1.0
   -0.077180    0.764803  0.000000  1.0
   -0.077180    0.766803  0.000000  1.0
   -0.077180    0.768803  0.000000  1.0
   -0.077180    0.770803  0.000000  1.0
   -0.077180    0.772803  0.000000  1.0
   -0.077180    0.774803  0.000000  1.0
   -0.077180    0.776803  0.000000  1.0
   -0.077180    0.778803  0.000000  1.0
   -0.077180    0.780803  0.000000  1.0
   -0.077180    0.782803  0.000000  1.0
   -0.077180    0.784803  0.000000  1.0
   -0.077180    0.786803  0.000000  1.0
   -0.077180    0.788803  0.000000  1.0
   -0.077180    0.790803  0.000000  1.0
   -0.077180    0.792803  0.000000  1.0
   -0.077180    0.794803  0.000000  1.0
   -0.077180    0.796803  0.000000  1.0
   -0.077180    0.798803  0.000000  1.0
   -0.077180    0.800803  0.000000  1.0
   -0.075180    0.720803  0.000000  1.0
   -0.075180    0.722803  0.000000  1.0
   -0.075180    0.724803  0.000000  1.0
   -0.075180    0.726803  0.000000  1.0
   -0.075180    0.728803  0.000000  1.0
   -0.075180    0.730803  0.000000  1.0
   -0.075180    0.732803  0.000000  1.0
   -0.075180    0.734803  0.000000  1.0
   -0.075180    0.736803  0.000000  1.0
   -0.075180    0.738803  0.000000  1.0
   -0.075180    0.740803  0.000000  1.0
   -0.075180    0.742803  0.000000  1.0
   -0.075180    0.744803  0.000000  1.0
   -0.075180    0.746803  0.000000  1.0
   -0.075180    0.748803  0.000000  1.0
   -0.075180    0.750803  0.000000  1.0
   -0.075180    0.752803  0.000000  1.0
   -0.075180    0.754803  0.000000  1.0
   -0.075180    0.756803  0.000000  1.0
   -0.075180    0.758803  0.000000  1.0
   -0.075180    0.760803  0.000000  1.0
   -0.075180    0.762803  0.000000  1.0
   -0.075180    0.764803  0.000000  1.0
   -0.075180    0.766803  0.000000  1.0
   -0.075180    0.768803  0.000000  1.0
   -0.075180    0.770803  0.000000  1.0
   -0.075180    0.772803  0.000000  1.0
   -0.075180    0.774803  0.000000  1.0
   -0.075180    0.776803  0.000000  1.0
   -0.075180    0.778803  0.000000  1.0
   -0.075180    0.780803  0.000000  1.0
   -0.075180    0.782803  0.000000  1.0
   -0.075180    0.784803  0.000000  1.0
   -0.075180    0.786803  0.000000  1.0
   -0.075180    0.788803  0.000000  1.0
   -0.075180    0.790803  0.000000  1.0
   -0.075180    0.792803  0.000000  1.0
   -0.075180    0.794803  0.000000  1.0
   -0.075180    0.796803  0.000000  1.0
   -0.075180    0.798803  0.000000  1.0
   -0.075180    0.800803  0.000000  1.0
   -0.073180    0.720803  0.000000  1.0
   -0.073180    0.722803  0.000000  1.0
   -0.073180    0.724803  0.000000  1.0
   -0.073180    0.726803  0.000000  1.0
   -0.073180    0.728803  0.000000  1.0
   -0.073180    0.730803  0.000000  1.0
   -0.073180    0.732803  0.000000  1.0
   -0.073180    0.734803  0.000000  1.0
   -0.073180    0.736803  0.000000  1.0
   -0.073180    0.738803  0.000000  1.0
   -0.073180    0.740803  0.000000  1.0
   -0.073180    0.742803  0.000000  1.0
   -0.073180    0.744803  0.000000  1.0
   -0.073180    0.746803  0.000000  1.0
   -0.073180    0.748803  0.000000  1.0
   -0.073180    0.750803  0.000000  1.0
   -0.073180    0.752803  0.000000  1.0
   -0.073180    0.754803  0.000000  1.0
   -0.073180    0.756803  0.000000  1.0
   -0.073180    0.758803  0.000000  1.0
   -0.073180    0.760803  0.000000  1.0
   -0.073180    0.762803  0.000000  1.0
   -0.073180    0.764803  0.000000  1.0
   -0.073180    0.766803  0.000000  1.0
   -0.073180    0.768803  0.000000  1.0
   -0.073180    0.770803  0.000000  1.0
   -0.073180    0.772803  0.000000  1.0
   -0.073180    0.774803  0.000000  1.0
   -0.073180    0.776803  0.000000  1.0
   -0.073180    0.778803  0.000000  1.0
   -0.073180    0.780803  0.000000  1.0
   -0.073180    0.782803  0.000000  1.0
   -0.073180    0.784803  0.000000  1.0
   -0.073180    0.786803  0.000000  1.0
   -0.073180    0.788803  0.000000  1.0
   -0.073180    0.790803  0.000000  1.0
   -0.073180    0.792803  0.000000  1.0
   -0.073180    0.794803  0.000000  1.0
   -0.073180    0.796803  0.000000  1.0
   -0.073180    0.798803  0.000000  1.0
   -0.073180    0.800803  0.000000  1.0
   -0.071180    0.720803  0.000000  1.0
   -0.071180    0.722803  0.000000  1.0
   -0.071180    0.724803  0.000000  1.0
   -0.071180    0.726803  0.000000  1.0
   -0.071180    0.728803  0.000000  1.0
   -0.071180    0.730803  0.000000  1.0
   -0.071180    0.732803  0.000000  1.0
   -0.071180    0.734803  0.000000  1.0
   -0.071180    0.736803  0.000000  1.0
   -0.071180    0.738803  0.000000  1.0
   -0.071180    0.740803  0.000000  1.0
   -0.071180    0.742803  0.000000  1.0
   -0.071180    0.744803  0.000000  1.0
   -0.071180    0.746803  0.000000  1.0
   -0.071180    0.748803  0.000000  1.0
   -0.071180    0.750803  0.000000  1.0
   -0.071180    0.752803  0.000000  1.0
   -0.071180    0.754803  0.000000  1.0
   -0.071180    0.756803  0.000000  1.0
   -0.071180    0.758803  0.000000  1.0
   -0.071180    0.760803  0.000000  1.0
   -0.071180    0.762803  0.000000  1.0
   -0.071180    0.764803  0.000000  1.0
   -0.071180    0.766803  0.000000  1.0
   -0.071180    0.768803  0.000000  1.0
   -0.071180    0.770803  0.000000  1.0
   -0.071180    0.772803  0.000000  1.0
   -0.071180    0.774803  0.000000  1.0
   -0.071180    0.776803  0.000000  1.0
   -0.071180    0.778803  0.000000  1.0
   -0.071180    0.780803  0.000000  1.0
   -0.071180    0.782803  0.000000  1.0
   -0.071180    0.784803  0.000000  1.0
   -0.071180    0.786803  0.000000  1.0
   -0.071180    0.788803  0.000000  1.0
   -0.071180    0.790803  0.000000  1.0
   -0.071180    0.792803  0.000000  1.0
   -0.071180    0.794803  0.000000  1.0
   -0.071180    0.796803  0.000000  1.0
   -0.071180    0.798803  0.000000  1.0
   -0.071180    0.800803  0.000000  1.0
   -0.069180    0.720803  0.000000  1.0
   -0.069180    0.722803  0.000000  1.0
   -0.069180    0.724803  0.000000  1.0
   -0.069180    0.726803  0.000000  1.0
   -0.069180    0.728803  0.000000  1.0
   -0.069180    0.730803  0.000000  1.0
   -0.069180    0.732803  0.000000  1.0
   -0.069180    0.734803  0.000000  1.0
   -0.069180    0.736803  0.000000  1.0
   -0.069180    0.738803  0.000000  1.0
   -0.069180    0.740803  0.000000  1.0
   -0.069180    0.742803  0.000000  1.0
   -0.069180    0.744803  0.000000  1.0
   -0.069180    0.746803  0.000000  1.0
   -0.069180    0.748803  0.000000  1.0
   -0.069180    0.750803  0.000000  1.0
   -0.069180    0.752803  0.000000  1.0
   -0.069180    0.754803  0.000000  1.0
   -0.069180    0.756803  0.000000  1.0
   -0.069180    0.758803  0.000000  1.0
   -0.069180    0.760803  0.000000  1.0
   -0.069180    0.762803  0.000000  1.0
   -0.069180    0.764803  0.000000  1.0
   -0.069180    0.766803  0.000000  1.0
   -0.069180    0.768803  0.000000  1.0
   -0.069180    0.770803  0.000000  1.0
   -0.069180    0.772803  0.000000  1.0
   -0.069180    0.774803  0.000000  1.0
   -0.069180    0.776803  0.000000  1.0
   -0.069180    0.778803  0.000000  1.0
   -0.069180    0.780803  0.000000  1.0
   -0.069180    0.782803  0.000000  1.0
   -0.069180    0.784803  0.000000  1.0
   -0.069180    0.786803  0.000000  1.0
   -0.069180    0.788803  0.000000  1.0
   -0.069180    0.790803  0.000000  1.0
   -0.069180    0.792803  0.000000  1.0
   -0.069180    0.794803  0.000000  1.0
   -0.069180    0.796803  0.000000  1.0
   -0.069180    0.798803  0.000000  1.0
   -0.069180    0.800803  0.000000  1.0
   -0.067180    0.720803  0.000000  1.0
   -0.067180    0.722803  0.000000  1.0
   -0.067180    0.724803  0.000000  1.0
   -0.067180    0.726803  0.000000  1.0
   -0.067180    0.728803  0.000000  1.0
   -0.067180    0.730803  0.000000  1.0
   -0.067180    0.732803  0.000000  1.0
   -0.067180    0.734803  0.000000  1.0
   -0.067180    0.736803  0.000000  1.0
   -0.067180    0.738803  0.000000  1.0
   -0.067180    0.740803  0.000000  1.0
   -0.067180    0.742803  0.000000  1.0
   -0.067180    0.744803  0.000000  1.0
   -0.067180    0.746803  0.000000  1.0
   -0.067180    0.748803  0.000000  1.0
   -0.067180    0.750803  0.000000  1.0
   -0.067180    0.752803  0.000000  1.0
   -0.067180    0.754803  0.000000  1.0
   -0.067180    0.756803  0.000000  1.0
   -0.067180    0.758803  0.000000  1.0
   -0.067180    0.760803  0.000000  1.0
   -0.067180    0.762803  0.000000  1.0
   -0.067180    0.764803  0.000000  1.0
   -0.067180    0.766803  0.000000  1.0
   -0.067180    0.768803  0.000000  1.0
   -0.067180    0.770803  0.000000  1.0
   -0.067180    0.772803  0.000000  1.0
   -0.067180    0.774803  0.000000  1.0
   -0.067180    0.776803  0.000000  1.0
   -0.067180    0.778803  0.000000  1.0
   -0.067180    0.780803  0.000000  1.0
   -0.067180    0.782803  0.000000  1.0
   -0.067180    0.784803  0.000000  1.0
   -0.067180    0.786803  0.000000  1.0
   -0.067180    0.788803  0.000000  1.0
   -0.067180    0.790803  0.000000  1.0
   -0.067180    0.792803  0.000000  1.0
   -0.067180    0.794803  0.000000  1.0
   -0.067180    0.796803  0.000000  1.0
   -0.067180    0.798803  0.000000  1.0
   -0.067180    0.800803  0.000000  1.0
   -0.065180    0.720803  0.000000  1.0
   -0.065180    0.722803  0.000000  1.0
   -0.065180    0.724803  0.000000  1.0
   -0.065180    0.726803  0.000000  1.0
   -0.065180    0.728803  0.000000  1.0
   -0.065180    0.730803  0.000000  1.0
   -0.065180    0.732803  0.000000  1.0
   -0.065180    0.734803  0.000000  1.0
   -0.065180    0.736803  0.000000  1.0
   -0.065180    0.738803  0.000000  1.0
   -0.065180    0.740803  0.000000  1.0
   -0.065180    0.742803  0.000000  1.0
   -0.065180    0.744803  0.000000  1.0
   -0.065180    0.746803  0.000000  1.0
   -0.065180    0.748803  0.000000  1.0
   -0.065180    0.750803  0.000000  1.0
   -0.065180    0.752803  0.000000  1.0
   -0.065180    0.754803  0.000000  1.0
   -0.065180    0.756803  0.000000  1.0
   -0.065180    0.758803  0.000000  1.0
   -0.065180    0.760803  0.000000  1.0
   -0.065180    0.762803  0.000000  1.0
   -0.065180    0.764803  0.000000  1.0
   -0.065180    0.766803  0.000000  1.0
   -0.065180    0.768803  0.000000  1.0
   -0.065180    0.770803  0.000000  1.0
   -0.065180    0.772803  0.000000  1.0
   -0.065180    0.774803  0.000000  1.0
   -0.065180    0.776803  0.000000  1.0
   -0.065180    0.778803  0.000000  1.0
   -0.065180    0.780803  0.000000  1.0
   -0.065180    0.782803  0.000000  1.0
   -0.065180    0.784803  0.000000  1.0
   -0.065180    0.786803  0.000000  1.0
   -0.065180    0.788803  0.000000  1.0
   -0.065180    0.790803  0.000000  1.0
   -0.065180    0.792803  0.000000  1.0
   -0.065180    0.794803  0.000000  1.0
   -0.065180    0.796803  0.000000  1.0
   -0.065180    0.798803  0.000000  1.0
   -0.065180    0.800803  0.000000  1.0
   -0.063180    0.720803  0.000000  1.0
   -0.063180    0.722803  0.000000  1.0
   -0.063180    0.724803  0.000000  1.0
   -0.063180    0.726803  0.000000  1.0
   -0.063180    0.728803  0.000000  1.0
   -0.063180    0.730803  0.000000  1.0
   -0.063180    0.732803  0.000000  1.0
   -0.063180    0.734803  0.000000  1.0
   -0.063180    0.736803  0.000000  1.0
   -0.063180    0.738803  0.000000  1.0
   -0.063180    0.740803  0.000000  1.0
   -0.063180    0.742803  0.000000  1.0
   -0.063180    0.744803  0.000000  1.0
   -0.063180    0.746803  0.000000  1.0
   -0.063180    0.748803  0.000000  1.0
   -0.063180    0.750803  0.000000  1.0
   -0.063180    0.752803  0.000000  1.0
   -0.063180    0.754803  0.000000  1.0
   -0.063180    0.756803  0.000000  1.0
   -0.063180    0.758803  0.000000  1.0
   -0.063180    0.760803  0.000000  1.0
   -0.063180    0.762803  0.000000  1.0
   -0.063180    0.764803  0.000000  1.0
   -0.063180    0.766803  0.000000  1.0
   -0.063180    0.768803  0.000000  1.0
   -0.063180    0.770803  0.000000  1.0
   -0.063180    0.772803  0.000000  1.0
   -0.063180    0.774803  0.000000  1.0
   -0.063180    0.776803  0.000000  1.0
   -0.063180    0.778803  0.000000  1.0
   -0.063180    0.780803  0.000000  1.0
   -0.063180    0.782803  0.000000  1.0
   -0.063180    0.784803  0.000000  1.0
   -0.063180    0.786803  0.000000  1.0
   -0.063180    0.788803  0.000000  1.0
   -0.063180    0.790803  0.000000  1.0
   -0.063180    0.792803  0.000000  1.0
   -0.063180    0.794803  0.000000  1.0
   -0.063180    0.796803  0.000000  1.0
   -0.063180    0.798803  0.000000  1.0
   -0.063180    0.800803  0.000000  1.0
   -0.061180    0.720803  0.000000  1.0
   -0.061180    0.722803  0.000000  1.0
   -0.061180    0.724803  0.000000  1.0
   -0.061180    0.726803  0.000000  1.0
   -0.061180    0.728803  0.000000  1.0
   -0.061180    0.730803  0.000000  1.0
   -0.061180    0.732803  0.000000  1.0
   -0.061180    0.734803  0.000000  1.0
   -0.061180    0.736803  0.000000  1.0
   -0.061180    0.738803  0.000000  1.0
   -0.061180    0.740803  0.000000  1.0
   -0.061180    0.742803  0.000000  1.0
   -0.061180    0.744803  0.000000  1.0
   -0.061180    0.746803  0.000000  1.0
   -0.061180    0.748803  0.000000  1.0
   -0.061180    0.750803  0.000000  1.0
   -0.061180    0.752803  0.000000  1.0
   -0.061180    0.754803  0.000000  1.0
   -0.061180    0.756803  0.000000  1.0
   -0.061180    0.758803  0.000000  1.0
   -0.061180    0.760803  0.000000  1.0
   -0.061180    0.762803  0.000000  1.0
   -0.061180    0.764803  0.000000  1.0
   -0.061180    0.766803  0.000000  1.0
   -0.061180    0.768803  0.000000  1.0
   -0.061180    0.770803  0.000000  1.0
   -0.061180    0.772803  0.000000  1.0
   -0.061180    0.774803  0.000000  1.0
   -0.061180    0.776803  0.000000  1.0
   -0.061180    0.778803  0.000000  1.0
   -0.061180    0.780803  0.000000  1.0
   -0.061180    0.782803  0.000000  1.0
   -0.061180    0.784803  0.000000  1.0
   -0.061180    0.786803  0.000000  1.0
   -0.061180    0.788803  0.000000  1.0
   -0.061180    0.790803  0.000000  1.0
   -0.061180    0.792803  0.000000  1.0
   -0.061180    0.794803  0.000000  1.0
   -0.061180    0.796803  0.000000  1.0
   -0.061180    0.798803  0.000000  1.0
   -0.061180    0.800803  0.000000  1.0
   -0.059180    0.720803  0.000000  1.0
   -0.059180    0.722803  0.000000  1.0
   -0.059180    0.724803  0.000000  1.0
   -0.059180    0.726803  0.000000  1.0
   -0.059180    0.728803  0.000000  1.0
   -0.059180    0.730803  0.000000  1.0
   -0.059180    0.732803  0.000000  1.0
   -0.059180    0.734803  0.000000  1.0
   -0.059180    0.736803  0.000000  1.0
   -0.059180    0.738803  0.000000  1.0
   -0.059180    0.740803  0.000000  1.0
   -0.059180    0.742803  0.000000  1.0
   -0.059180    0.744803  0.000000  1.0
   -0.059180    0.746803  0.000000  1.0
   -0.059180    0.748803  0.000000  1.0
   -0.059180    0.750803  0.000000  1.0
   -0.059180    0.752803  0.000000  1.0
   -0.059180    0.754803  0.000000  1.0
   -0.059180    0.756803  0.000000  1.0
   -0.059180    0.758803  0.000000  1.0
   -0.059180    0.760803  0.000000  1.0
   -0.059180    0.762803  0.000000  1.0
   -0.059180    0.764803  0.000000  1.0
   -0.059180    0.766803  0.000000  1.0
   -0.059180    0.768803  0.000000  1.0
   -0.059180    0.770803  0.000000  1.0
   -0.059180    0.772803  0.000000  1.0
   -0.059180    0.774803  0.000000  1.0
   -0.059180    0.776803  0.000000  1.0
   -0.059180    0.778803  0.000000  1.0
   -0.059180    0.780803  0.000000  1.0
   -0.059180    0.782803  0.000000  1.0
   -0.059180    0.784803  0.000000  1.0
   -0.059180    0.786803  0.000000  1.0
   -0.059180    0.788803  0.000000  1.0
   -0.059180    0.790803  0.000000  1.0
   -0.059180    0.792803  0.000000  1.0
   -0.059180    0.794803  0.000000  1.0
   -0.059180    0.796803  0.000000  1.0
   -0.059180    0.798803  0.000000  1.0
   -0.059180    0.800803  0.000000  1.0
   -0.057180    0.720803  0.000000  1.0
   -0.057180    0.722803  0.000000  1.0
   -0.057180    0.724803  0.000000  1.0
   -0.057180    0.726803  0.000000  1.0
   -0.057180    0.728803  0.000000  1.0
   -0.057180    0.730803  0.000000  1.0
   -0.057180    0.732803  0.000000  1.0
   -0.057180    0.734803  0.000000  1.0
   -0.057180    0.736803  0.000000  1.0
   -0.057180    0.738803  0.000000  1.0
   -0.057180    0.740803  0.000000  1.0
   -0.057180    0.742803  0.000000  1.0
   -0.057180    0.744803  0.000000  1.0
   -0.057180    0.746803  0.000000  1.0
   -0.057180    0.748803  0.000000  1.0
   -0.057180    0.750803  0.000000  1.0
   -0.057180    0.752803  0.000000  1.0
   -0.057180    0.754803  0.000000  1.0
   -0.057180    0.756803  0.000000  1.0
   -0.057180    0.758803  0.000000  1.0
   -0.057180    0.760803  0.000000  1.0
   -0.057180    0.762803  0.000000  1.0
   -0.057180    0.764803  0.000000  1.0
   -0.057180    0.766803  0.000000  1.0
   -0.057180    0.768803  0.000000  1.0
   -0.057180    0.770803  0.000000  1.0
   -0.057180    0.772803  0.000000  1.0
   -0.057180    0.774803  0.000000  1.0
   -0.057180    0.776803  0.000000  1.0
   -0.057180    0.778803  0.000000  1.0
   -0.057180    0.780803  0.000000  1.0
   -0.057180    0.782803  0.000000  1.0
   -0.057180    0.784803  0.000000  1.0
   -0.057180    0.786803  0.000000  1.0
   -0.057180    0.788803  0.000000  1.0
   -0.057180    0.790803  0.000000  1.0
   -0.057180    0.792803  0.000000  1.0
   -0.057180    0.794803  0.000000  1.0
   -0.057180    0.796803  0.000000  1.0
   -0.057180    0.798803  0.000000  1.0
   -0.057180    0.800803  0.000000  1.0
   -0.055180    0.720803  0.000000  1.0
   -0.055180    0.722803  0.000000  1.0
   -0.055180    0.724803  0.000000  1.0
   -0.055180    0.726803  0.000000  1.0
   -0.055180    0.728803  0.000000  1.0
   -0.055180    0.730803  0.000000  1.0
   -0.055180    0.732803  0.000000  1.0
   -0.055180    0.734803  0.000000  1.0
   -0.055180    0.736803  0.000000  1.0
   -0.055180    0.738803  0.000000  1.0
   -0.055180    0.740803  0.000000  1.0
   -0.055180    0.742803  0.000000  1.0
   -0.055180    0.744803  0.000000  1.0
   -0.055180    0.746803  0.000000  1.0
   -0.055180    0.748803  0.000000  1.0
   -0.055180    0.750803  0.000000  1.0
   -0.055180    0.752803  0.000000  1.0
   -0.055180    0.754803  0.000000  1.0
   -0.055180    0.756803  0.000000  1.0
   -0.055180    0.758803  0.000000  1.0
   -0.055180    0.760803  0.000000  1.0
   -0.055180    0.762803  0.000000  1.0
   -0.055180    0.764803  0.000000  1.0
   -0.055180    0.766803  0.000000  1.0
   -0.055180    0.768803  0.000000  1.0
   -0.055180    0.770803  0.000000  1.0
   -0.055180    0.772803  0.000000  1.0
   -0.055180    0.774803  0.000000  1.0
   -0.055180    0.776803  0.000000  1.0
   -0.055180    0.778803  0.000000  1.0
   -0.055180    0.780803  0.000000  1.0
   -0.055180    0.782803  0.000000  1.0
   -0.055180    0.784803  0.000000  1.0
   -0.055180    0.786803  0.000000  1.0
   -0.055180    0.788803  0.000000  1.0
   -0.055180    0.790803  0.000000  1.0
   -0.055180    0.792803  0.000000  1.0
   -0.055180    0.794803  0.000000  1.0
   -0.055180    0.796803  0.000000  1.0
   -0.055180    0.798803  0.000000  1.0
   -0.055180    0.800803  0.000000  1.0
   -0.053180    0.720803  0.000000  1.0
   -0.053180    0.722803  0.000000  1.0
   -0.053180    0.724803  0.000000  1.0
   -0.053180    0.726803  0.000000  1.0
   -0.053180    0.728803  0.000000  1.0
   -0.053180    0.730803  0.000000  1.0
   -0.053180    0.732803  0.000000  1.0
   -0.053180    0.734803  0.000000  1.0
   -0.053180    0.736803  0.000000  1.0
   -0.053180    0.738803  0.000000  1.0
   -0.053180    0.740803  0.000000  1.0
   -0.053180    0.742803  0.000000  1.0
   -0.053180    0.744803  0.000000  1.0
   -0.053180    0.746803  0.000000  1.0
   -0.053180    0.748803  0.000000  1.0
   -0.053180    0.750803  0.000000  1.0
   -0.053180    0.752803  0.000000  1.0
   -0.053180    0.754803  0.000000  1.0
   -0.053180    0.756803  0.000000  1.0
   -0.053180    0.758803  0.000000  1.0
   -0.053180    0.760803  0.000000  1.0
   -0.053180    0.762803  0.000000  1.0
   -0.053180    0.764803  0.000000  1.0
   -0.053180    0.766803  0.000000  1.0
   -0.053180    0.768803  0.000000  1.0
   -0.053180    0.770803  0.000000  1.0
   -0.053180    0.772803  0.000000  1.0
   -0.053180    0.774803  0.000000  1.0
   -0.053180    0.776803  0.000000  1.0
   -0.053180    0.778803  0.000000  1.0
   -0.053180    0.780803  0.000000  1.0
   -0.053180    0.782803  0.000000  1.0
   -0.053180    0.784803  0.000000  1.0
   -0.053180    0.786803  0.000000  1.0
   -0.053180    0.788803  0.000000  1.0
   -0.053180    0.790803  0.000000  1.0
   -0.053180    0.792803  0.000000  1.0
   -0.053180    0.794803  0.000000  1.0
   -0.053180    0.796803  0.000000  1.0
   -0.053180    0.798803  0.000000  1.0
   -0.053180    0.800803  0.000000  1.0
   -0.051180    0.720803  0.000000  1.0
   -0.051180    0.722803  0.000000  1.0
   -0.051180    0.724803  0.000000  1.0
   -0.051180    0.726803  0.000000  1.0
   -0.051180    0.728803  0.000000  1.0
   -0.051180    0.730803  0.000000  1.0
   -0.051180    0.732803  0.000000  1.0
   -0.051180    0.734803  0.000000  1.0
   -0.051180    0.736803  0.000000  1.0
   -0.051180    0.738803  0.000000  1.0
   -0.051180    0.740803  0.000000  1.0
   -0.051180    0.742803  0.000000  1.0
   -0.051180    0.744803  0.000000  1.0
   -0.051180    0.746803  0.000000  1.0
   -0.051180    0.748803  0.000000  1.0
   -0.051180    0.750803  0.000000  1.0
   -0.051180    0.752803  0.000000  1.0
   -0.051180    0.754803  0.000000  1.0
   -0.051180    0.756803  0.000000  1.0
   -0.051180    0.758803  0.000000  1.0
   -0.051180    0.760803  0.000000  1.0
   -0.051180    0.762803  0.000000  1.0
   -0.051180    0.764803  0.000000  1.0
   -0.051180    0.766803  0.000000  1.0
   -0.051180    0.768803  0.000000  1.0
   -0.051180    0.770803  0.000000  1.0
   -0.051180    0.772803  0.000000  1.0
   -0.051180    0.774803  0.000000  1.0
   -0.051180    0.776803  0.000000  1.0
   -0.051180    0.778803  0.000000  1.0
   -0.051180    0.780803  0.000000  1.0
   -0.051180    0.782803  0.000000  1.0
   -0.051180    0.784803  0.000000  1.0
   -0.051180    0.786803  0.000000  1.0
   -0.051180    0.788803  0.000000  1.0
   -0.051180    0.790803  0.000000  1.0
   -0.051180    0.792803  0.000000  1.0
   -0.051180    0.794803  0.000000  1.0
   -0.051180    0.796803  0.000000  1.0
   -0.051180    0.798803  0.000000  1.0
   -0.051180    0.800803  0.000000  1.0
   -0.049180    0.720803  0.000000  1.0
   -0.049180    0.722803  0.000000  1.0
   -0.049180    0.724803  0.000000  1.0
   -0.049180    0.726803  0.000000  1.0
   -0.049180    0.728803  0.000000  1.0
   -0.049180    0.730803  0.000000  1.0
   -0.049180    0.732803  0.000000  1.0
   -0.049180    0.734803  0.000000  1.0
   -0.049180    0.736803  0.000000  1.0
   -0.049180    0.738803  0.000000  1.0
   -0.049180    0.740803  0.000000  1.0
   -0.049180    0.742803  0.000000  1.0
   -0.049180    0.744803  0.000000  1.0
   -0.049180    0.746803  0.000000  1.0
   -0.049180    0.748803  0.000000  1.0
   -0.049180    0.750803  0.000000  1.0
   -0.049180    0.752803  0.000000  1.0
   -0.049180    0.754803  0.000000  1.0
   -0.049180    0.756803  0.000000  1.0
   -0.049180    0.758803  0.000000  1.0
   -0.049180    0.760803  0.000000  1.0
   -0.049180    0.762803  0.000000  1.0
   -0.049180    0.764803  0.000000  1.0
   -0.049180    0.766803  0.000000  1.0
   -0.049180    0.768803  0.000000  1.0
   -0.049180    0.770803  0.000000  1.0
   -0.049180    0.772803  0.000000  1.0
   -0.049180    0.774803  0.000000  1.0
   -0.049180    0.776803  0.000000  1.0
   -0.049180    0.778803  0.000000  1.0
   -0.049180    0.780803  0.000000  1.0
   -0.049180    0.782803  0.000000  1.0
   -0.049180    0.784803  0.000000  1.0
   -0.049180    0.786803  0.000000  1.0
   -0.049180    0.788803  0.000000  1.0
   -0.049180    0.790803  0.000000  1.0
   -0.049180    0.792803  0.000000  1.0
   -0.049180    0.794803  0.000000  1.0
   -0.049180    0.796803  0.000000  1.0
   -0.049180    0.798803  0.000000  1.0
   -0.049180    0.800803  0.000000  1.0
   -0.047180    0.720803  0.000000  1.0
   -0.047180    0.722803  0.000000  1.0
   -0.047180    0.724803  0.000000  1.0
   -0.047180    0.726803  0.000000  1.0
   -0.047180    0.728803  0.000000  1.0
   -0.047180    0.730803  0.000000  1.0
   -0.047180    0.732803  0.000000  1.0
   -0.047180    0.734803  0.000000  1.0
   -0.047180    0.736803  0.000000  1.0
   -0.047180    0.738803  0.000000  1.0
   -0.047180    0.740803  0.000000  1.0
   -0.047180    0.742803  0.000000  1.0
   -0.047180    0.744803  0.000000  1.0
   -0.047180    0.746803  0.000000  1.0
   -0.047180    0.748803  0.000000  1.0
   -0.047180    0.750803  0.000000  1.0
   -0.047180    0.752803  0.000000  1.0
   -0.047180    0.754803  0.000000  1.0
   -0.047180    0.756803  0.000000  1.0
   -0.047180    0.758803  0.000000  1.0
   -0.047180    0.760803  0.000000  1.0
   -0.047180    0.762803  0.000000  1.0
   -0.047180    0.764803  0.000000  1.0
   -0.047180    0.766803  0.000000  1.0
   -0.047180    0.768803  0.000000  1.0
   -0.047180    0.770803  0.000000  1.0
   -0.047180    0.772803  0.000000  1.0
   -0.047180    0.774803  0.000000  1.0
   -0.047180    0.776803  0.000000  1.0
   -0.047180    0.778803  0.000000  1.0
   -0.047180    0.780803  0.000000  1.0
   -0.047180    0.782803  0.000000  1.0
   -0.047180    0.784803  0.000000  1.0
   -0.047180    0.786803  0.000000  1.0
   -0.047180    0.788803  0.000000  1.0
   -0.047180    0.790803  0.000000  1.0
   -0.047180    0.792803  0.000000  1.0
   -0.047180    0.794803  0.000000  1.0
   -0.047180    0.796803  0.000000  1.0
   -0.047180    0.798803  0.000000  1.0
   -0.047180    0.800803  0.000000  1.0
   -0.045180    0.720803  0.000000  1.0
   -0.045180    0.722803  0.000000  1.0
   -0.045180    0.724803  0.000000  1.0
   -0.045180    0.726803  0.000000  1.0
   -0.045180    0.728803  0.000000  1.0
   -0.045180    0.730803  0.000000  1.0
   -0.045180    0.732803  0.000000  1.0
   -0.045180    0.734803  0.000000  1.0
   -0.045180    0.736803  0.000000  1.0
   -0.045180    0.738803  0.000000  1.0
   -0.045180    0.740803  0.000000  1.0
   -0.045180    0.742803  0.000000  1.0
   -0.045180    0.744803  0.000000  1.0
   -0.045180    0.746803  0.000000  1.0
   -0.045180    0.748803  0.000000  1.0
   -0.045180    0.750803  0.000000  1.0
   -0.045180    0.752803  0.000000  1.0
   -0.045180    0.754803  0.000000  1.0
   -0.045180    0.756803  0.000000  1.0
   -0.045180    0.758803  0.000000  1.0
   -0.045180    0.760803  0.000000  1.0
   -0.045180    0.762803  0.000000  1.0
   -0.045180    0.764803  0.000000  1.0
   -0.045180    0.766803  0.000000  1.0
   -0.045180    0.768803  0.000000  1.0
   -0.045180    0.770803  0.000000  1.0
   -0.045180    0.772803  0.000000  1.0
   -0.045180    0.774803  0.000000  1.0
   -0.045180    0.776803  0.000000  1.0
   -0.045180    0.778803  0.000000  1.0
   -0.045180    0.780803  0.000000  1.0
   -0.045180    0.782803  0.000000  1.0
   -0.045180    0.784803  0.000000  1.0
   -0.045180    0.786803  0.000000  1.0
   -0.045180    0.788803  0.000000  1.0
   -0.045180    0.790803  0.000000  1.0
   -0.045180    0.792803  0.000000  1.0
   -0.045180    0.794803  0.000000  1.0
   -0.045180    0.796803  0.000000  1.0
   -0.045180    0.798803  0.000000  1.0
   -0.045180    0.800803  0.000000  1.0
   -0.043180    0.720803  0.000000  1.0
   -0.043180    0.722803  0.000000  1.0
   -0.043180    0.724803  0.000000  1.0
   -0.043180    0.726803  0.000000  1.0
   -0.043180    0.728803  0.000000  1.0
   -0.043180    0.730803  0.000000  1.0
   -0.043180    0.732803  0.000000  1.0
   -0.043180    0.734803  0.000000  1.0
   -0.043180    0.736803  0.000000  1.0
   -0.043180    0.738803  0.000000  1.0
   -0.043180    0.740803  0.000000  1.0
   -0.043180    0.742803  0.000000  1.0
   -0.043180    0.744803  0.000000  1.0
   -0.043180    0.746803  0.000000  1.0
   -0.043180    0.748803  0.000000  1.0
   -0.043180    0.750803  0.000000  1.0
   -0.043180    0.752803  0.000000  1.0
   -0.043180    0.754803  0.000000  1.0
   -0.043180    0.756803  0.000000  1.0
   -0.043180    0.758803  0.000000  1.0
   -0.043180    0.760803  0.000000  1.0
   -0.043180    0.762803  0.000000  1.0
   -0.043180    0.764803  0.000000  1.0
   -0.043180    0.766803  0.000000  1.0
   -0.043180    0.768803  0.000000  1.0
   -0.043180    0.770803  0.000000  1.0
   -0.043180    0.772803  0.000000  1.0
   -0.043180    0.774803  0.000000  1.0
   -0.043180    0.776803  0.000000  1.0
   -0.043180    0.778803  0.000000  1.0
   -0.043180    0.780803  0.000000  1.0
   -0.043180    0.782803  0.000000  1.0
   -0.043180    0.784803  0.000000  1.0
   -0.043180    0.786803  0.000000  1.0
   -0.043180    0.788803  0.000000  1.0
   -0.043180    0.790803  0.000000  1.0
   -0.043180    0.792803  0.000000  1.0
   -0.043180    0.794803  0.000000  1.0
   -0.043180    0.796803  0.000000  1.0
   -0.043180    0.798803  0.000000  1.0
   -0.043180    0.800803  0.000000  1.0
   -0.041180    0.720803  0.000000  1.0
   -0.041180    0.722803  0.000000  1.0
   -0.041180    0.724803  0.000000  1.0
   -0.041180    0.726803  0.000000  1.0
   -0.041180    0.728803  0.000000  1.0
   -0.041180    0.730803  0.000000  1.0
   -0.041180    0.732803  0.000000  1.0
   -0.041180    0.734803  0.000000  1.0
   -0.041180    0.736803  0.000000  1.0
   -0.041180    0.738803  0.000000  1.0
   -0.041180    0.740803  0.000000  1.0
   -0.041180    0.742803  0.000000  1.0
   -0.041180    0.744803  0.000000  1.0
   -0.041180    0.746803  0.000000  1.0
   -0.041180    0.748803  0.000000  1.0
   -0.041180    0.750803  0.000000  1.0
   -0.041180    0.752803  0.000000  1.0
   -0.041180    0.754803  0.000000  1.0
   -0.041180    0.756803  0.000000  1.0
   -0.041180    0.758803  0.000000  1.0
   -0.041180    0.760803  0.000000  1.0
   -0.041180    0.762803  0.000000  1.0
   -0.041180    0.764803  0.000000  1.0
   -0.041180    0.766803  0.000000  1.0
   -0.041180    0.768803  0.000000  1.0
   -0.041180    0.770803  0.000000  1.0
   -0.041180    0.772803  0.000000  1.0
   -0.041180    0.774803  0.000000  1.0
   -0.041180    0.776803  0.000000  1.0
   -0.041180    0.778803  0.000000  1.0
   -0.041180    0.780803  0.000000  1.0
   -0.041180    0.782803  0.000000  1.0
   -0.041180    0.784803  0.000000  1.0
   -0.041180    0.786803  0.000000  1.0
   -0.041180    0.788803  0.000000  1.0
   -0.041180    0.790803  0.000000  1.0
   -0.041180    0.792803  0.000000  1.0
   -0.041180    0.794803  0.000000  1.0
   -0.041180    0.796803  0.000000  1.0
   -0.041180    0.798803  0.000000  1.0
   -0.041180    0.800803  0.000000  1.0
   -0.039180    0.720803  0.000000  1.0
   -0.039180    0.722803  0.000000  1.0
   -0.039180    0.724803  0.000000  1.0
   -0.039180    0.726803  0.000000  1.0
   -0.039180    0.728803  0.000000  1.0
   -0.039180    0.730803  0.000000  1.0
   -0.039180    0.732803  0.000000  1.0
   -0.039180    0.734803  0.000000  1.0
   -0.039180    0.736803  0.000000  1.0
   -0.039180    0.738803  0.000000  1.0
   -0.039180    0.740803  0.000000  1.0
   -0.039180    0.742803  0.000000  1.0
   -0.039180    0.744803  0.000000  1.0
   -0.039180    0.746803  0.000000  1.0
   -0.039180    0.748803  0.000000  1.0
   -0.039180    0.750803  0.000000  1.0
   -0.039180    0.752803  0.000000  1.0
   -0.039180    0.754803  0.000000  1.0
   -0.039180    0.756803  0.000000  1.0
   -0.039180    0.758803  0.000000  1.0
   -0.039180    0.760803  0.000000  1.0
   -0.039180    0.762803  0.000000  1.0
   -0.039180    0.764803  0.000000  1.0
   -0.039180    0.766803  0.000000  1.0
   -0.039180    0.768803  0.000000  1.0
   -0.039180    0.770803  0.000000  1.0
   -0.039180    0.772803  0.000000  1.0
   -0.039180    0.774803  0.000000  1.0
   -0.039180    0.776803  0.000000  1.0
   -0.039180    0.778803  0.000000  1.0
   -0.039180    0.780803  0.000000  1.0
   -0.039180    0.782803  0.000000  1.0
   -0.039180    0.784803  0.000000  1.0
   -0.039180    0.786803  0.000000  1.0
   -0.039180    0.788803  0.000000  1.0
   -0.039180    0.790803  0.000000  1.0
   -0.039180    0.792803  0.000000  1.0
   -0.039180    0.794803  0.000000  1.0
   -0.039180    0.796803  0.000000  1.0
   -0.039180    0.798803  0.000000  1.0
   -0.039180    0.800803  0.000000  1.0
   -0.037180    0.720803  0.000000  1.0
   -0.037180    0.722803  0.000000  1.0
   -0.037180    0.724803  0.000000  1.0
   -0.037180    0.726803  0.000000  1.0
   -0.037180    0.728803  0.000000  1.0
   -0.037180    0.730803  0.000000  1.0
   -0.037180    0.732803  0.000000  1.0
   -0.037180    0.734803  0.000000  1.0
   -0.037180    0.736803  0.000000  1.0
   -0.037180    0.738803  0.000000  1.0
   -0.037180    0.740803  0.000000  1.0
   -0.037180    0.742803  0.000000  1.0
   -0.037180    0.744803  0.000000  1.0
   -0.037180    0.746803  0.000000  1.0
   -0.037180    0.748803  0.000000  1.0
   -0.037180    0.750803  0.000000  1.0
   -0.037180    0.752803  0.000000  1.0
   -0.037180    0.754803  0.000000  1.0
   -0.037180    0.756803  0.000000  1.0
   -0.037180    0.758803  0.000000  1.0
   -0.037180    0.760803  0.000000  1.0
   -0.037180    0.762803  0.000000  1.0
   -0.037180    0.764803  0.000000  1.0
   -0.037180    0.766803  0.000000  1.0
   -0.037180    0.768803  0.000000  1.0
   -0.037180    0.770803  0.000000  1.0
   -0.037180    0.772803  0.000000  1.0
   -0.037180    0.774803  0.000000  1.0
   -0.037180    0.776803  0.000000  1.0
   -0.037180    0.778803  0.000000  1.0
   -0.037180    0.780803  0.000000  1.0
   -0.037180    0.782803  0.000000  1.0
   -0.037180    0.784803  0.000000  1.0
   -0.037180    0.786803  0.000000  1.0
   -0.037180    0.788803  0.000000  1.0
   -0.037180    0.790803  0.000000  1.0
   -0.037180    0.792803  0.000000  1.0
   -0.037180    0.794803  0.000000  1.0
   -0.037180    0.796803  0.000000  1.0
   -0.037180    0.798803  0.000000  1.0
   -0.037180    0.800803  0.000000  1.0
   -0.035180    0.720803  0.000000  1.0
   -0.035180    0.722803  0.000000  1.0
   -0.035180    0.724803  0.000000  1.0
   -0.035180    0.726803  0.000000  1.0
   -0.035180    0.728803  0.000000  1.0
   -0.035180    0.730803  0.000000  1.0
   -0.035180    0.732803  0.000000  1.0
   -0.035180    0.734803  0.000000  1.0
   -0.035180    0.736803  0.000000  1.0
   -0.035180    0.738803  0.000000  1.0
   -0.035180    0.740803  0.000000  1.0
   -0.035180    0.742803  0.000000  1.0
   -0.035180    0.744803  0.000000  1.0
   -0.035180    0.746803  0.000000  1.0
   -0.035180    0.748803  0.000000  1.0
   -0.035180    0.750803  0.000000  1.0
   -0.035180    0.752803  0.000000  1.0
   -0.035180    0.754803  0.000000  1.0
   -0.035180    0.756803  0.000000  1.0
   -0.035180    0.758803  0.000000  1.0
   -0.035180    0.760803  0.000000  1.0
   -0.035180    0.762803  0.000000  1.0
   -0.035180    0.764803  0.000000  1.0
   -0.035180    0.766803  0.000000  1.0
   -0.035180    0.768803  0.000000  1.0
   -0.035180    0.770803  0.000000  1.0
   -0.035180    0.772803  0.000000  1.0
   -0.035180    0.774803  0.000000  1.0
   -0.035180    0.776803  0.000000  1.0
   -0.035180    0.778803  0.000000  1.0
   -0.035180    0.780803  0.000000  1.0
   -0.035180    0.782803  0.000000  1.0
   -0.035180    0.784803  0.000000  1.0
   -0.035180    0.786803  0.000000  1.0
   -0.035180    0.788803  0.000000  1.0
   -0.035180    0.790803  0.000000  1.0
   -0.035180    0.792803  0.000000  1.0
   -0.035180    0.794803  0.000000  1.0
   -0.035180    0.796803  0.000000  1.0
   -0.035180    0.798803  0.000000  1.0
   -0.035180    0.800803  0.000000  1.0
   -0.033180    0.720803  0.000000  1.0
   -0.033180    0.722803  0.000000  1.0
   -0.033180    0.724803  0.000000  1.0
   -0.033180    0.726803  0.000000  1.0
   -0.033180    0.728803  0.000000  1.0
   -0.033180    0.730803  0.000000  1.0
   -0.033180    0.732803  0.000000  1.0
   -0.033180    0.734803  0.000000  1.0
   -0.033180    0.736803  0.000000  1.0
   -0.033180    0.738803  0.000000  1.0
   -0.033180    0.740803  0.000000  1.0
   -0.033180    0.742803  0.000000  1.0
   -0.033180    0.744803  0.000000  1.0
   -0.033180    0.746803  0.000000  1.0
   -0.033180    0.748803  0.000000  1.0
   -0.033180    0.750803  0.000000  1.0
   -0.033180    0.752803  0.000000  1.0
   -0.033180    0.754803  0.000000  1.0
   -0.033180    0.756803  0.000000  1.0
   -0.033180    0.758803  0.000000  1.0
   -0.033180    0.760803  0.000000  1.0
   -0.033180    0.762803  0.000000  1.0
   -0.033180    0.764803  0.000000  1.0
   -0.033180    0.766803  0.000000  1.0
   -0.033180    0.768803  0.000000  1.0
   -0.033180    0.770803  0.000000  1.0
   -0.033180    0.772803  0.000000  1.0
   -0.033180    0.774803  0.000000  1.0
   -0.033180    0.776803  0.000000  1.0
   -0.033180    0.778803  0.000000  1.0
   -0.033180    0.780803  0.000000  1.0
   -0.033180    0.782803  0.000000  1.0
   -0.033180    0.784803  0.000000  1.0
   -0.033180    0.786803  0.000000  1.0
   -0.033180    0.788803  0.000000  1.0
   -0.033180    0.790803  0.000000  1.0
   -0.033180    0.792803  0.000000  1.0
   -0.033180    0.794803  0.000000  1.0
   -0.033180    0.796803  0.000000  1.0
   -0.033180    0.798803  0.000000  1.0
   -0.033180    0.800803  0.000000  1.0
   -0.031180    0.720803  0.000000  1.0
   -0.031180    0.722803  0.000000  1.0
   -0.031180    0.724803  0.000000  1.0
   -0.031180    0.726803  0.000000  1.0
   -0.031180    0.728803  0.000000  1.0
   -0.031180    0.730803  0.000000  1.0
   -0.031180    0.732803  0.000000  1.0
   -0.031180    0.734803  0.000000  1.0
   -0.031180    0.736803  0.000000  1.0
   -0.031180    0.738803  0.000000  1.0
   -0.031180    0.740803  0.000000  1.0
   -0.031180    0.742803  0.000000  1.0
   -0.031180    0.744803  0.000000  1.0
   -0.031180    0.746803  0.000000  1.0
   -0.031180    0.748803  0.000000  1.0
   -0.031180    0.750803  0.000000  1.0
   -0.031180    0.752803  0.000000  1.0
   -0.031180    0.754803  0.000000  1.0
   -0.031180    0.756803  0.000000  1.0
   -0.031180    0.758803  0.000000  1.0
   -0.031180    0.760803  0.000000  1.0
   -0.031180    0.762803  0.000000  1.0
   -0.031180    0.764803  0.000000  1.0
   -0.031180    0.766803  0.000000  1.0
   -0.031180    0.768803  0.000000  1.0
   -0.031180    0.770803  0.000000  1.0
   -0.031180    0.772803  0.000000  1.0
   -0.031180    0.774803  0.000000  1.0
   -0.031180    0.776803  0.000000  1.0
   -0.031180    0.778803  0.000000  1.0
   -0.031180    0.780803  0.000000  1.0
   -0.031180    0.782803  0.000000  1.0
   -0.031180    0.784803  0.000000  1.0
   -0.031180    0.786803  0.000000  1.0
   -0.031180    0.788803  0.000000  1.0
   -0.031180    0.790803  0.000000  1.0
   -0.031180    0.792803  0.000000  1.0
   -0.031180    0.794803  0.000000  1.0
   -0.031180    0.796803  0.000000  1.0
   -0.031180    0.798803  0.000000  1.0
   -0.031180    0.800803  0.000000  1.0
   -0.029180    0.720803  0.000000  1.0
   -0.029180    0.722803  0.000000  1.0
   -0.029180    0.724803  0.000000  1.0
   -0.029180    0.726803  0.000000  1.0
   -0.029180    0.728803  0.000000  1.0
   -0.029180    0.730803  0.000000  1.0
   -0.029180    0.732803  0.000000  1.0
   -0.029180    0.734803  0.000000  1.0
   -0.029180    0.736803  0.000000  1.0
   -0.029180    0.738803  0.000000  1.0
   -0.029180    0.740803  0.000000  1.0
   -0.029180    0.742803  0.000000  1.0
   -0.029180    0.744803  0.000000  1.0
   -0.029180    0.746803  0.000000  1.0
   -0.029180    0.748803  0.000000  1.0
   -0.029180    0.750803  0.000000  1.0
   -0.029180    0.752803  0.000000  1.0
   -0.029180    0.754803  0.000000  1.0
   -0.029180    0.756803  0.000000  1.0
   -0.029180    0.758803  0.000000  1.0
   -0.029180    0.760803  0.000000  1.0
   -0.029180    0.762803  0.000000  1.0
   -0.029180    0.764803  0.000000  1.0
   -0.029180    0.766803  0.000000  1.0
   -0.029180    0.768803  0.000000  1.0
   -0.029180    0.770803  0.000000  1.0
   -0.029180    0.772803  0.000000  1.0
   -0.029180    0.774803  0.000000  1.0
   -0.029180    0.776803  0.000000  1.0
   -0.029180    0.778803  0.000000  1.0
   -0.029180    0.780803  0.000000  1.0
   -0.029180    0.782803  0.000000  1.0
   -0.029180    0.784803  0.000000  1.0
   -0.029180    0.786803  0.000000  1.0
   -0.029180    0.788803  0.000000  1.0
   -0.029180    0.790803  0.000000  1.0
   -0.029180    0.792803  0.000000  1.0
   -0.029180    0.794803  0.000000  1.0
   -0.029180    0.796803  0.000000  1.0
   -0.029180    0.798803  0.000000  1.0
   -0.029180    0.800803  0.000000  1.0
   -0.027180    0.720803  0.000000  1.0
   -0.027180    0.722803  0.000000  1.0
   -0.027180    0.724803  0.000000  1.0
   -0.027180    0.726803  0.000000  1.0
   -0.027180    0.728803  0.000000  1.0
   -0.027180    0.730803  0.000000  1.0
   -0.027180    0.732803  0.000000  1.0
   -0.027180    0.734803  0.000000  1.0
   -0.027180    0.736803  0.000000  1.0
   -0.027180    0.738803  0.000000  1.0
   -0.027180    0.740803  0.000000  1.0
   -0.027180    0.742803  0.000000  1.0
   -0.027180    0.744803  0.000000  1.0
   -0.027180    0.746803  0.000000  1.0
   -0.027180    0.748803  0.000000  1.0
   -0.027180    0.750803  0.000000  1.0
   -0.027180    0.752803  0.000000  1.0
   -0.027180    0.754803  0.000000  1.0
   -0.027180    0.756803  0.000000  1.0
   -0.027180    0.758803  0.000000  1.0
   -0.027180    0.760803  0.000000  1.0
   -0.027180    0.762803  0.000000  1.0
   -0.027180    0.764803  0.000000  1.0
   -0.027180    0.766803  0.000000  1.0
   -0.027180    0.768803  0.000000  1.0
   -0.027180    0.770803  0.000000  1.0
   -0.027180    0.772803  0.000000  1.0
   -0.027180    0.774803  0.000000  1.0
   -0.027180    0.776803  0.000000  1.0
   -0.027180    0.778803  0.000000  1.0
   -0.027180    0.780803  0.000000  1.0
   -0.027180    0.782803  0.000000  1.0
   -0.027180    0.784803  0.000000  1.0
   -0.027180    0.786803  0.000000  1.0
   -0.027180    0.788803  0.000000  1.0
   -0.027180    0.790803  0.000000  1.0
   -0.027180    0.792803  0.000000  1.0
   -0.027180    0.794803  0.000000  1.0
   -0.027180    0.796803  0.000000  1.0
   -0.027180    0.798803  0.000000  1.0
   -0.027180    0.800803  0.000000  1.0
   -0.025180    0.720803  0.000000  1.0
   -0.025180    0.722803  0.000000  1.0
   -0.025180    0.724803  0.000000  1.0
   -0.025180    0.726803  0.000000  1.0
   -0.025180    0.728803  0.000000  1.0
   -0.025180    0.730803  0.000000  1.0
   -0.025180    0.732803  0.000000  1.0
   -0.025180    0.734803  0.000000  1.0
   -0.025180    0.736803  0.000000  1.0
   -0.025180    0.738803  0.000000  1.0
   -0.025180    0.740803  0.000000  1.0
   -0.025180    0.742803  0.000000  1.0
   -0.025180    0.744803  0.000000  1.0
   -0.025180    0.746803  0.000000  1.0
   -0.025180    0.748803  0.000000  1.0
   -0.025180    0.750803  0.000000  1.0
   -0.025180    0.752803  0.000000  1.0
   -0.025180    0.754803  0.000000  1.0
   -0.025180    0.756803  0.000000  1.0
   -0.025180    0.758803  0.000000  1.0
   -0.025180    0.760803  0.000000  1.0
   -0.025180    0.762803  0.000000  1.0
   -0.025180    0.764803  0.000000  1.0
   -0.025180    0.766803  0.000000  1.0
   -0.025180    0.768803  0.000000  1.0
   -0.025180    0.770803  0.000000  1.0
   -0.025180    0.772803  0.000000  1.0
   -0.025180    0.774803  0.000000  1.0
   -0.025180    0.776803  0.000000  1.0
   -0.025180    0.778803  0.000000  1.0
   -0.025180    0.780803  0.000000  1.0
   -0.025180    0.782803  0.000000  1.0
   -0.025180    0.784803  0.000000  1.0
   -0.025180    0.786803  0.000000  1.0
   -0.025180    0.788803  0.000000  1.0
   -0.025180    0.790803  0.000000  1.0
   -0.025180    0.792803  0.000000  1.0
   -0.025180    0.794803  0.000000  1.0
   -0.025180    0.796803  0.000000  1.0
   -0.025180    0.798803  0.000000  1.0
   -0.025180    0.800803  0.000000  1.0
   -0.023180    0.720803  0.000000  1.0
   -0.023180    0.722803  0.000000  1.0
   -0.023180    0.724803  0.000000  1.0
   -0.023180    0.726803  0.000000  1.0
   -0.023180    0.728803  0.000000  1.0
   -0.023180    0.730803  0.000000  1.0
   -0.023180    0.732803  0.000000  1.0
   -0.023180    0.734803  0.000000  1.0
   -0.023180    0.736803  0.000000  1.0
   -0.023180    0.738803  0.000000  1.0
   -0.023180    0.740803  0.000000  1.0
   -0.023180    0.742803  0.000000  1.0
   -0.023180    0.744803  0.000000  1.0
   -0.023180    0.746803  0.000000  1.0
   -0.023180    0.748803  0.000000  1.0
   -0.023180    0.750803  0.000000  1.0
   -0.023180    0.752803  0.000000  1.0
   -0.023180    0.754803  0.000000  1.0
   -0.023180    0.756803  0.000000  1.0
   -0.023180    0.758803  0.000000  1.0
   -0.023180    0.760803  0.000000  1.0
   -0.023180    0.762803  0.000000  1.0
   -0.023180    0.764803  0.000000  1.0
   -0.023180    0.766803  0.000000  1.0
   -0.023180    0.768803  0.000000  1.0
   -0.023180    0.770803  0.000000  1.0
   -0.023180    0.772803  0.000000  1.0
   -0.023180    0.774803  0.000000  1.0
   -0.023180    0.776803  0.000000  1.0
   -0.023180    0.778803  0.000000  1.0
   -0.023180    0.780803  0.000000  1.0
   -0.023180    0.782803  0.000000  1.0
   -0.023180    0.784803  0.000000  1.0
   -0.023180    0.786803  0.000000  1.0
   -0.023180    0.788803  0.000000  1.0
   -0.023180    0.790803  0.000000  1.0
   -0.023180    0.792803  0.000000  1.0
   -0.023180    0.794803  0.000000  1.0
   -0.023180    0.796803  0.000000  1.0
   -0.023180    0.798803  0.000000  1.0
   -0.023180    0.800803  0.000000  1.0
   -0.021180    0.720803  0.000000  1.0
   -0.021180    0.722803  0.000000  1.0
   -0.021180    0.724803  0.000000  1.0
   -0.021180    0.726803  0.000000  1.0
   -0.021180    0.728803  0.000000  1.0
   -0.021180    0.730803  0.000000  1.0
   -0.021180    0.732803  0.000000  1.0
   -0.021180    0.734803  0.000000  1.0
   -0.021180    0.736803  0.000000  1.0
   -0.021180    0.738803  0.000000  1.0
   -0.021180    0.740803  0.000000  1.0
   -0.021180    0.742803  0.000000  1.0
   -0.021180    0.744803  0.000000  1.0
   -0.021180    0.746803  0.000000  1.0
   -0.021180    0.748803  0.000000  1.0
   -0.021180    0.750803  0.000000  1.0
   -0.021180    0.752803  0.000000  1.0
   -0.021180    0.754803  0.000000  1.0
   -0.021180    0.756803  0.000000  1.0
   -0.021180    0.758803  0.000000  1.0
   -0.021180    0.760803  0.000000  1.0
   -0.021180    0.762803  0.000000  1.0
   -0.021180    0.764803  0.000000  1.0
   -0.021180    0.766803  0.000000  1.0
   -0.021180    0.768803  0.000000  1.0
   -0.021180    0.770803  0.000000  1.0
   -0.021180    0.772803  0.000000  1.0
   -0.021180    0.774803  0.000000  1.0
   -0.021180    0.776803  0.000000  1.0
   -0.021180    0.778803  0.000000  1.0
   -0.021180    0.780803  0.000000  1.0
   -0.021180    0.782803  0.000000  1.0
   -0.021180    0.784803  0.000000  1.0
   -0.021180    0.786803  0.000000  1.0
   -0.021180    0.788803  0.000000  1.0
   -0.021180    0.790803  0.000000  1.0
   -0.021180    0.792803  0.000000  1.0
   -0.021180    0.794803  0.000000  1.0
   -0.021180    0.796803  0.000000  1.0
   -0.021180    0.798803  0.000000  1.0
   -0.021180    0.800803  0.000000  1.0
   -0.019180    0.720803  0.000000  1.0
   -0.019180    0.722803  0.000000  1.0
   -0.019180    0.724803  0.000000  1.0
   -0.019180    0.726803  0.000000  1.0
   -0.019180    0.728803  0.000000  1.0
   -0.019180    0.730803  0.000000  1.0
   -0.019180    0.732803  0.000000  1.0
   -0.019180    0.734803  0.000000  1.0
   -0.019180    0.736803  0.000000  1.0
   -0.019180    0.738803  0.000000  1.0
   -0.019180    0.740803  0.000000  1.0
   -0.019180    0.742803  0.000000  1.0
   -0.019180    0.744803  0.000000  1.0
   -0.019180    0.746803  0.000000  1.0
   -0.019180    0.748803  0.000000  1.0
   -0.019180    0.750803  0.000000  1.0
   -0.019180    0.752803  0.000000  1.0
   -0.019180    0.754803  0.000000  1.0
   -0.019180    0.756803  0.000000  1.0
   -0.019180    0.758803  0.000000  1.0
   -0.019180    0.760803  0.000000  1.0
   -0.019180    0.762803  0.000000  1.0
   -0.019180    0.764803  0.000000  1.0
   -0.019180    0.766803  0.000000  1.0
   -0.019180    0.768803  0.000000  1.0
   -0.019180    0.770803  0.000000  1.0
   -0.019180    0.772803  0.000000  1.0
   -0.019180    0.774803  0.000000  1.0
   -0.019180    0.776803  0.000000  1.0
   -0.019180    0.778803  0.000000  1.0
   -0.019180    0.780803  0.000000  1.0
   -0.019180    0.782803  0.000000  1.0
   -0.019180    0.784803  0.000000  1.0
   -0.019180    0.786803  0.000000  1.0
   -0.019180    0.788803  0.000000  1.0
   -0.019180    0.790803  0.000000  1.0
   -0.019180    0.792803  0.000000  1.0
   -0.019180    0.794803  0.000000  1.0
   -0.019180    0.796803  0.000000  1.0
   -0.019180    0.798803  0.000000  1.0
   -0.019180    0.800803  0.000000  1.0
   -0.017180    0.720803  0.000000  1.0
   -0.017180    0.722803  0.000000  1.0
   -0.017180    0.724803  0.000000  1.0
   -0.017180    0.726803  0.000000  1.0
   -0.017180    0.728803  0.000000  1.0
   -0.017180    0.730803  0.000000  1.0
   -0.017180    0.732803  0.000000  1.0
   -0.017180    0.734803  0.000000  1.0
   -0.017180    0.736803  0.000000  1.0
   -0.017180    0.738803  0.000000  1.0
   -0.017180    0.740803  0.000000  1.0
   -0.017180    0.742803  0.000000  1.0
   -0.017180    0.744803  0.000000  1.0
   -0.017180    0.746803  0.000000  1.0
   -0.017180    0.748803  0.000000  1.0
   -0.017180    0.750803  0.000000  1.0
   -0.017180    0.752803  0.000000  1.0
   -0.017180    0.754803  0.000000  1.0
   -0.017180    0.756803  0.000000  1.0
   -0.017180    0.758803  0.000000  1.0
   -0.017180    0.760803  0.000000  1.0
   -0.017180    0.762803  0.000000  1.0
   -0.017180    0.764803  0.000000  1.0
   -0.017180    0.766803  0.000000  1.0
   -0.017180    0.768803  0.000000  1.0
   -0.017180    0.770803  0.000000  1.0
   -0.017180    0.772803  0.000000  1.0
   -0.017180    0.774803  0.000000  1.0
   -0.017180    0.776803  0.000000  1.0
   -0.017180    0.778803  0.000000  1.0
   -0.017180    0.780803  0.000000  1.0
   -0.017180    0.782803  0.000000  1.0
   -0.017180    0.784803  0.000000  1.0
   -0.017180    0.786803  0.000000  1.0
   -0.017180    0.788803  0.000000  1.0
   -0.017180    0.790803  0.000000  1.0
   -0.017180    0.792803  0.000000  1.0
   -0.017180    0.794803  0.000000  1.0
   -0.017180    0.796803  0.000000  1.0
   -0.017180    0.798803  0.000000  1.0
   -0.017180    0.800803  0.000000  1.0
   -0.015180    0.720803  0.000000  1.0
   -0.015180    0.722803  0.000000  1.0
   -0.015180    0.724803  0.000000  1.0
   -0.015180    0.726803  0.000000  1.0
   -0.015180    0.728803  0.000000  1.0
   -0.015180    0.730803  0.000000  1.0
   -0.015180    0.732803  0.000000  1.0
   -0.015180    0.734803  0.000000  1.0
   -0.015180    0.736803  0.000000  1.0
   -0.015180    0.738803  0.000000  1.0
   -0.015180    0.740803  0.000000  1.0
   -0.015180    0.742803  0.000000  1.0
   -0.015180    0.744803  0.000000  1.0
   -0.015180    0.746803  0.000000  1.0
   -0.015180    0.748803  0.000000  1.0
   -0.015180    0.750803  0.000000  1.0
   -0.015180    0.752803  0.000000  1.0
   -0.015180    0.754803  0.000000  1.0
   -0.015180    0.756803  0.000000  1.0
   -0.015180    0.758803  0.000000  1.0
   -0.015180    0.760803  0.000000  1.0
   -0.015180    0.762803  0.000000  1.0
   -0.015180    0.764803  0.000000  1.0
   -0.015180    0.766803  0.000000  1.0
   -0.015180    0.768803  0.000000  1.0
   -0.015180    0.770803  0.000000  1.0
   -0.015180    0.772803  0.000000  1.0
   -0.015180    0.774803  0.000000  1.0
   -0.015180    0.776803  0.000000  1.0
   -0.015180    0.778803  0.000000  1.0
   -0.015180    0.780803  0.000000  1.0
   -0.015180    0.782803  0.000000  1.0
   -0.015180    0.784803  0.000000  1.0
   -0.015180    0.786803  0.000000  1.0
   -0.015180    0.788803  0.000000  1.0
   -0.015180    0.790803  0.000000  1.0
   -0.015180    0.792803  0.000000  1.0
   -0.015180    0.794803  0.000000  1.0
   -0.015180    0.796803  0.000000  1.0
   -0.015180    0.798803  0.000000  1.0
   -0.015180    0.800803  0.000000  1.0
   -0.013180    0.720803  0.000000  1.0
   -0.013180    0.722803  0.000000  1.0
   -0.013180    0.724803  0.000000  1.0
   -0.013180    0.726803  0.000000  1.0
   -0.013180    0.728803  0.000000  1.0
   -0.013180    0.730803  0.000000  1.0
   -0.013180    0.732803  0.000000  1.0
   -0.013180    0.734803  0.000000  1.0
   -0.013180    0.736803  0.000000  1.0
   -0.013180    0.738803  0.000000  1.0
   -0.013180    0.740803  0.000000  1.0
   -0.013180    0.742803  0.000000  1.0
   -0.013180    0.744803  0.000000  1.0
   -0.013180    0.746803  0.000000  1.0
   -0.013180    0.748803  0.000000  1.0
   -0.013180    0.750803  0.000000  1.0
   -0.013180    0.752803  0.000000  1.0
   -0.013180    0.754803  0.000000  1.0
   -0.013180    0.756803  0.000000  1.0
   -0.013180    0.758803  0.000000  1.0
   -0.013180    0.760803  0.000000  1.0
   -0.013180    0.762803  0.000000  1.0
   -0.013180    0.764803  0.000000  1.0
   -0.013180    0.766803  0.000000  1.0
   -0.013180    0.768803  0.000000  1.0
   -0.013180    0.770803  0.000000  1.0
   -0.013180    0.772803  0.000000  1.0
   -0.013180    0.774803  0.000000  1.0
   -0.013180    0.776803  0.000000  1.0
   -0.013180    0.778803  0.000000  1.0
   -0.013180    0.780803  0.000000  1.0
   -0.013180    0.782803  0.000000  1.0
   -0.013180    0.784803  0.000000  1.0
   -0.013180    0.786803  0.000000  1.0
   -0.013180    0.788803  0.000000  1.0
   -0.013180    0.790803  0.000000  1.0
   -0.013180    0.792803  0.000000  1.0
   -0.013180    0.794803  0.000000  1.0
   -0.013180    0.796803  0.000000  1.0
   -0.013180    0.798803  0.000000  1.0
   -0.013180    0.800803  0.000000  1.0
   -0.011180    0.720803  0.000000  1.0
   -0.011180    0.722803  0.000000  1.0
   -0.011180    0.724803  0.000000  1.0
   -0.011180    0.726803  0.000000  1.0
   -0.011180    0.728803  0.000000  1.0
   -0.011180    0.730803  0.000000  1.0
   -0.011180    0.732803  0.000000  1.0
   -0.011180    0.734803  0.000000  1.0
   -0.011180    0.736803  0.000000  1.0
   -0.011180    0.738803  0.000000  1.0
   -0.011180    0.740803  0.000000  1.0
   -0.011180    0.742803  0.000000  1.0
   -0.011180    0.744803  0.000000  1.0
   -0.011180    0.746803  0.000000  1.0
   -0.011180    0.748803  0.000000  1.0
   -0.011180    0.750803  0.000000  1.0
   -0.011180    0.752803  0.000000  1.0
   -0.011180    0.754803  0.000000  1.0
   -0.011180    0.756803  0.000000  1.0
   -0.011180    0.758803  0.000000  1.0
   -0.011180    0.760803  0.000000  1.0
   -0.011180    0.762803  0.000000  1.0
   -0.011180    0.764803  0.000000  1.0
   -0.011180    0.766803  0.000000  1.0
   -0.011180    0.768803  0.000000  1.0
   -0.011180    0.770803  0.000000  1.0
   -0.011180    0.772803  0.000000  1.0
   -0.011180    0.774803  0.000000  1.0
   -0.011180    0.776803  0.000000  1.0
   -0.011180    0.778803  0.000000  1.0
   -0.011180    0.780803  0.000000  1.0
   -0.011180    0.782803  0.000000  1.0
   -0.011180    0.784803  0.000000  1.0
   -0.011180    0.786803  0.000000  1.0
   -0.011180    0.788803  0.000000  1.0
   -0.011180    0.790803  0.000000  1.0
   -0.011180    0.792803  0.000000  1.0
   -0.011180    0.794803  0.000000  1.0
   -0.011180    0.796803  0.000000  1.0
   -0.011180    0.798803  0.000000  1.0
   -0.011180    0.800803  0.000000  1.0
   -0.009180    0.720803  0.000000  1.0
   -0.009180    0.722803  0.000000  1.0
   -0.009180    0.724803  0.000000  1.0
   -0.009180    0.726803  0.000000  1.0
   -0.009180    0.728803  0.000000  1.0
   -0.009180    0.730803  0.000000  1.0
   -0.009180    0.732803  0.000000  1.0
   -0.009180    0.734803  0.000000  1.0
   -0.009180    0.736803  0.000000  1.0
   -0.009180    0.738803  0.000000  1.0
   -0.009180    0.740803  0.000000  1.0
   -0.009180    0.742803  0.000000  1.0
   -0.009180    0.744803  0.000000  1.0
   -0.009180    0.746803  0.000000  1.0
   -0.009180    0.748803  0.000000  1.0
   -0.009180    0.750803  0.000000  1.0
   -0.009180    0.752803  0.000000  1.0
   -0.009180    0.754803  0.000000  1.0
   -0.009180    0.756803  0.000000  1.0
   -0.009180    0.758803  0.000000  1.0
   -0.009180    0.760803  0.000000  1.0
   -0.009180    0.762803  0.000000  1.0
   -0.009180    0.764803  0.000000  1.0
   -0.009180    0.766803  0.000000  1.0
   -0.009180    0.768803  0.000000  1.0
   -0.009180    0.770803  0.000000  1.0
   -0.009180    0.772803  0.000000  1.0
   -0.009180    0.774803  0.000000  1.0
   -0.009180    0.776803  0.000000  1.0
   -0.009180    0.778803  0.000000  1.0
   -0.009180    0.780803  0.000000  1.0
   -0.009180    0.782803  0.000000  1.0
   -0.009180    0.784803  0.000000  1.0
   -0.009180    0.786803  0.000000  1.0
   -0.009180    0.788803  0.000000  1.0
   -0.009180    0.790803  0.000000  1.0
   -0.009180    0.792803  0.000000  1.0
   -0.009180    0.794803  0.000000  1.0
   -0.009180    0.796803  0.000000  1.0
   -0.009180    0.798803  0.000000  1.0
   -0.009180    0.800803  0.000000  1.0
