&CONTROL
  calculation = 'bands'
  prefix = 'graphene26.0lower'
  outdir = './tmp'
  pseudo_dir = './'
  verbosity = 'high'
/
&SYSTEM
  ibrav = 0
  nat = 2
  ntyp = 1
  ecutwfc = 40.0
  nosym = .true.
  noinv = .true.
  nbnd = 8
/
&ELECTRONS
/
ATOMIC_SPECIES
  C  12.011 C.pbe-n-kjpaw_psl.1.0.0.UPF
CELL_PARAMETERS {bohr}
  5.828664  0.000000  0.000000
  2.914332  3.834303  0.000000
  0.000000  0.000000  28.346456
ATOMIC_POSITIONS {crystal}
  C  0.000112  -0.000141  0.000000
  C  0.333221  0.333474  0.000000
K_POINTS {tpiba}
1681
    0.009180   -0.800068  0.000000  1.0
    0.009180   -0.798068  0.000000  1.0
    0.009180   -0.796068  0.000000  1.0
    0.009180   -0.794068  0.000000  1.0
    0.009180   -0.792068  0.000000  1.0
    0.009180   -0.790068  0.000000  1.0
    0.009180   -0.788068  0.000000  1.0
    0.009180   -0.786068  0.000000  1.0
    0.009180   -0.784068  0.000000  1.0
    0.009180   -0.782068  0.000000  1.0
    0.009180   -0.780068  0.000000  1.0
    0.009180   -0.778068  0.000000  1.0
    0.009180   -0.776068  0.000000  1.0
    0.009180   -0.774068  0.000000  1.0
    0.009180   -0.772068  0.000000  1.0
    0.009180   -0.770068  0.000000  1.0
    0.009180   -0.768068  0.000000  1.0
    0.009180   -0.766068  0.000000  1.0
    0.009180   -0.764068  0.000000  1.0
    0.009180   -0.762068  0.000000  1.0
    0.009180   -0.760068  0.000000  1.0
    0.009180   -0.758068  0.000000  1.0
    0.009180   -0.756068  0.000000  1.0
    0.009180   -0.754068  0.000000  1.0
    0.009180   -0.752068  0.000000  1.0
    0.009180   -0.750068  0.000000  1.0
    0.009180   -0.748068  0.000000  1.0
    0.009180   -0.746068  0.000000  1.0
    0.009180   -0.744068  0.000000  1.0
    0.009180   -0.742068  0.000000  1.0
    0.009180   -0.740068  0.000000  1.0
    0.009180   -0.738068  0.000000  1.0
    0.009180   -0.736068  0.000000  1.0
    0.009180   -0.734068  0.000000  1.0
    0.009180   -0.732068  0.000000  1.0
    0.009180   -0.730068  0.000000  1.0
    0.009180   -0.728068  0.000000  1.0
    0.009180   -0.726068  0.000000  1.0
    0.009180   -0.724068  0.000000  1.0
    0.009180   -0.722068  0.000000  1.0
    0.009180   -0.720068  0.000000  1.0
    0.011180   -0.800068  0.000000  1.0
    0.011180   -0.798068  0.000000  1.0
    0.011180   -0.796068  0.000000  1.0
    0.011180   -0.794068  0.000000  1.0
    0.011180   -0.792068  0.000000  1.0
    0.011180   -0.790068  0.000000  1.0
    0.011180   -0.788068  0.000000  1.0
    0.011180   -0.786068  0.000000  1.0
    0.011180   -0.784068  0.000000  1.0
    0.011180   -0.782068  0.000000  1.0
    0.011180   -0.780068  0.000000  1.0
    0.011180   -0.778068  0.000000  1.0
    0.011180   -0.776068  0.000000  1.0
    0.011180   -0.774068  0.000000  1.0
    0.011180   -0.772068  0.000000  1.0
    0.011180   -0.770068  0.000000  1.0
    0.011180   -0.768068  0.000000  1.0
    0.011180   -0.766068  0.000000  1.0
    0.011180   -0.764068  0.000000  1.0
    0.011180   -0.762068  0.000000  1.0
    0.011180   -0.760068  0.000000  1.0
    0.011180   -0.758068  0.000000  1.0
    0.011180   -0.756068  0.000000  1.0
    0.011180   -0.754068  0.000000  1.0
    0.011180   -0.752068  0.000000  1.0
    0.011180   -0.750068  0.000000  1.0
    0.011180   -0.748068  0.000000  1.0
    0.011180   -0.746068  0.000000  1.0
    0.011180   -0.744068  0.000000  1.0
    0.011180   -0.742068  0.000000  1.0
    0.011180   -0.740068  0.000000  1.0
    0.011180   -0.738068  0.000000  1.0
    0.011180   -0.736068  0.000000  1.0
    0.011180   -0.734068  0.000000  1.0
    0.011180   -0.732068  0.000000  1.0
    0.011180   -0.730068  0.000000  1.0
    0.011180   -0.728068  0.000000  1.0
    0.011180   -0.726068  0.000000  1.0
    0.011180   -0.724068  0.000000  1.0
    0.011180   -0.722068  0.000000  1.0
    0.011180   -0.720068  0.000000  1.0
    0.013180   -0.800068  0.000000  1.0
    0.013180   -0.798068  0.000000  1.0
    0.013180   -0.796068  0.000000  1.0
    0.013180   -0.794068  0.000000  1.0
    0.013180   -0.792068  0.000000  1.0
    0.013180   -0.790068  0.000000  1.0
    0.013180   -0.788068  0.000000  1.0
    0.013180   -0.786068  0.000000  1.0
    0.013180   -0.784068  0.000000  1.0
    0.013180   -0.782068  0.000000  1.0
    0.013180   -0.780068  0.000000  1.0
    0.013180   -0.778068  0.000000  1.0
    0.013180   -0.776068  0.000000  1.0
    0.013180   -0.774068  0.000000  1.0
    0.013180   -0.772068  0.000000  1.0
    0.013180   -0.770068  0.000000  1.0
    0.013180   -0.768068  0.000000  1.0
    0.013180   -0.766068  0.000000  1.0
    0.013180   -0.764068  0.000000  1.0
    0.013180   -0.762068  0.000000  1.0
    0.013180   -0.760068  0.000000  1.0
    0.013180   -0.758068  0.000000  1.0
    0.013180   -0.756068  0.000000  1.0
    0.013180   -0.754068  0.000000  1.0
    0.013180   -0.752068  0.000000  1.0
    0.013180   -0.750068  0.000000  1.0
    0.013180   -0.748068  0.000000  1.0
    0.013180   -0.746068  0.000000  1.0
    0.013180   -0.744068  0.000000  1.0
    0.013180   -0.742068  0.000000  1.0
    0.013180   -0.740068  0.000000  1.0
    0.013180   -0.738068  0.000000  1.0
    0.013180   -0.736068  0.000000  1.0
    0.013180   -0.734068  0.000000  1.0
    0.013180   -0.732068  0.000000  1.0
    0.013180   -0.730068  0.000000  1.0
    0.013180   -0.728068  0.000000  1.0
    0.013180   -0.726068  0.000000  1.0
    0.013180   -0.724068  0.000000  1.0
    0.013180   -0.722068  0.000000  1.0
    0.013180   -0.720068  0.000000  1.0
    0.015180   -0.800068  0.000000  1.0
    0.015180   -0.798068  0.000000  1.0
    0.015180   -0.796068  0.000000  1.0
    0.015180   -0.794068  0.000000  1.0
    0.015180   -0.792068  0.000000  1.0
    0.015180   -0.790068  0.000000  1.0
    0.015180   -0.788068  0.000000  1.0
    0.015180   -0.786068  0.000000  1.0
    0.015180   -0.784068  0.000000  1.0
    0.015180   -0.782068  0.000000  1.0
    0.015180   -0.780068  0.000000  1.0
    0.015180   -0.778068  0.000000  1.0
    0.015180   -0.776068  0.000000  1.0
    0.015180   -0.774068  0.000000  1.0
    0.015180   -0.772068  0.000000  1.0
    0.015180   -0.770068  0.000000  1.0
    0.015180   -0.768068  0.000000  1.0
    0.015180   -0.766068  0.000000  1.0
    0.015180   -0.764068  0.000000  1.0
    0.015180   -0.762068  0.000000  1.0
    0.015180   -0.760068  0.000000  1.0
    0.015180   -0.758068  0.000000  1.0
    0.015180   -0.756068  0.000000  1.0
    0.015180   -0.754068  0.000000  1.0
    0.015180   -0.752068  0.000000  1.0
    0.015180   -0.750068  0.000000  1.0
    0.015180   -0.748068  0.000000  1.0
    0.015180   -0.746068  0.000000  1.0
    0.015180   -0.744068  0.000000  1.0
    0.015180   -0.742068  0.000000  1.0
    0.015180   -0.740068  0.000000  1.0
    0.015180   -0.738068  0.000000  1.0
    0.015180   -0.736068  0.000000  1.0
    0.015180   -0.734068  0.000000  1.0
    0.015180   -0.732068  0.000000  1.0
    0.015180   -0.730068  0.000000  1.0
    0.015180   -0.728068  0.000000  1.0
    0.015180   -0.726068  0.000000  1.0
    0.015180   -0.724068  0.000000  1.0
    0.015180   -0.722068  0.000000  1.0
    0.015180   -0.720068  0.000000  1.0
    0.017180   -0.800068  0.000000  1.0
    0.017180   -0.798068  0.000000  1.0
    0.017180   -0.796068  0.000000  1.0
    0.017180   -0.794068  0.000000  1.0
    0.017180   -0.792068  0.000000  1.0
    0.017180   -0.790068  0.000000  1.0
    0.017180   -0.788068  0.000000  1.0
    0.017180   -0.786068  0.000000  1.0
    0.017180   -0.784068  0.000000  1.0
    0.017180   -0.782068  0.000000  1.0
    0.017180   -0.780068  0.000000  1.0
    0.017180   -0.778068  0.000000  1.0
    0.017180   -0.776068  0.000000  1.0
    0.017180   -0.774068  0.000000  1.0
    0.017180   -0.772068  0.000000  1.0
    0.017180   -0.770068  0.000000  1.0
    0.017180   -0.768068  0.000000  1.0
    0.017180   -0.766068  0.000000  1.0
    0.017180   -0.764068  0.000000  1.0
    0.017180   -0.762068  0.000000  1.0
    0.017180   -0.760068  0.000000  1.0
    0.017180   -0.758068  0.000000  1.0
    0.017180   -0.756068  0.000000  1.0
    0.017180   -0.754068  0.000000  1.0
    0.017180   -0.752068  0.000000  1.0
    0.017180   -0.750068  0.000000  1.0
    0.017180   -0.748068  0.000000  1.0
    0.017180   -0.746068  0.000000  1.0
    0.017180   -0.744068  0.000000  1.0
    0.017180   -0.742068  0.000000  1.0
    0.017180   -0.740068  0.000000  1.0
    0.017180   -0.738068  0.000000  1.0
    0.017180   -0.736068  0.000000  1.0
    0.017180   -0.734068  0.000000  1.0
    0.017180   -0.732068  0.000000  1.0
    0.017180   -0.730068  0.000000  1.0
    0.017180   -0.728068  0.000000  1.0
    0.017180   -0.726068  0.000000  1.0
    0.017180   -0.724068  0.000000  1.0
    0.017180   -0.722068  0.000000  1.0
    0.017180   -0.720068  0.000000  1.0
    0.019180   -0.800068  0.000000  1.0
    0.019180   -0.798068  0.000000  1.0
    0.019180   -0.796068  0.000000  1.0
    0.019180   -0.794068  0.000000  1.0
    0.019180   -0.792068  0.000000  1.0
    0.019180   -0.790068  0.000000  1.0
    0.019180   -0.788068  0.000000  1.0
    0.019180   -0.786068  0.000000  1.0
    0.019180   -0.784068  0.000000  1.0
    0.019180   -0.782068  0.000000  1.0
    0.019180   -0.780068  0.000000  1.0
    0.019180   -0.778068  0.000000  1.0
    0.019180   -0.776068  0.000000  1.0
    0.019180   -0.774068  0.000000  1.0
    0.019180   -0.772068  0.000000  1.0
    0.019180   -0.770068  0.000000  1.0
    0.019180   -0.768068  0.000000  1.0
    0.019180   -0.766068  0.000000  1.0
    0.019180   -0.764068  0.000000  1.0
    0.019180   -0.762068  0.000000  1.0
    0.019180   -0.760068  0.000000  1.0
    0.019180   -0.758068  0.000000  1.0
    0.019180   -0.756068  0.000000  1.0
    0.019180   -0.754068  0.000000  1.0
    0.019180   -0.752068  0.000000  1.0
    0.019180   -0.750068  0.000000  1.0
    0.019180   -0.748068  0.000000  1.0
    0.019180   -0.746068  0.000000  1.0
    0.019180   -0.744068  0.000000  1.0
    0.019180   -0.742068  0.000000  1.0
    0.019180   -0.740068  0.000000  1.0
    0.019180   -0.738068  0.000000  1.0
    0.019180   -0.736068  0.000000  1.0
    0.019180   -0.734068  0.000000  1.0
    0.019180   -0.732068  0.000000  1.0
    0.019180   -0.730068  0.000000  1.0
    0.019180   -0.728068  0.000000  1.0
    0.019180   -0.726068  0.000000  1.0
    0.019180   -0.724068  0.000000  1.0
    0.019180   -0.722068  0.000000  1.0
    0.019180   -0.720068  0.000000  1.0
    0.021180   -0.800068  0.000000  1.0
    0.021180   -0.798068  0.000000  1.0
    0.021180   -0.796068  0.000000  1.0
    0.021180   -0.794068  0.000000  1.0
    0.021180   -0.792068  0.000000  1.0
    0.021180   -0.790068  0.000000  1.0
    0.021180   -0.788068  0.000000  1.0
    0.021180   -0.786068  0.000000  1.0
    0.021180   -0.784068  0.000000  1.0
    0.021180   -0.782068  0.000000  1.0
    0.021180   -0.780068  0.000000  1.0
    0.021180   -0.778068  0.000000  1.0
    0.021180   -0.776068  0.000000  1.0
    0.021180   -0.774068  0.000000  1.0
    0.021180   -0.772068  0.000000  1.0
    0.021180   -0.770068  0.000000  1.0
    0.021180   -0.768068  0.000000  1.0
    0.021180   -0.766068  0.000000  1.0
    0.021180   -0.764068  0.000000  1.0
    0.021180   -0.762068  0.000000  1.0
    0.021180   -0.760068  0.000000  1.0
    0.021180   -0.758068  0.000000  1.0
    0.021180   -0.756068  0.000000  1.0
    0.021180   -0.754068  0.000000  1.0
    0.021180   -0.752068  0.000000  1.0
    0.021180   -0.750068  0.000000  1.0
    0.021180   -0.748068  0.000000  1.0
    0.021180   -0.746068  0.000000  1.0
    0.021180   -0.744068  0.000000  1.0
    0.021180   -0.742068  0.000000  1.0
    0.021180   -0.740068  0.000000  1.0
    0.021180   -0.738068  0.000000  1.0
    0.021180   -0.736068  0.000000  1.0
    0.021180   -0.734068  0.000000  1.0
    0.021180   -0.732068  0.000000  1.0
    0.021180   -0.730068  0.000000  1.0
    0.021180   -0.728068  0.000000  1.0
    0.021180   -0.726068  0.000000  1.0
    0.021180   -0.724068  0.000000  1.0
    0.021180   -0.722068  0.000000  1.0
    0.021180   -0.720068  0.000000  1.0
    0.023180   -0.800068  0.000000  1.0
    0.023180   -0.798068  0.000000  1.0
    0.023180   -0.796068  0.000000  1.0
    0.023180   -0.794068  0.000000  1.0
    0.023180   -0.792068  0.000000  1.0
    0.023180   -0.790068  0.000000  1.0
    0.023180   -0.788068  0.000000  1.0
    0.023180   -0.786068  0.000000  1.0
    0.023180   -0.784068  0.000000  1.0
    0.023180   -0.782068  0.000000  1.0
    0.023180   -0.780068  0.000000  1.0
    0.023180   -0.778068  0.000000  1.0
    0.023180   -0.776068  0.000000  1.0
    0.023180   -0.774068  0.000000  1.0
    0.023180   -0.772068  0.000000  1.0
    0.023180   -0.770068  0.000000  1.0
    0.023180   -0.768068  0.000000  1.0
    0.023180   -0.766068  0.000000  1.0
    0.023180   -0.764068  0.000000  1.0
    0.023180   -0.762068  0.000000  1.0
    0.023180   -0.760068  0.000000  1.0
    0.023180   -0.758068  0.000000  1.0
    0.023180   -0.756068  0.000000  1.0
    0.023180   -0.754068  0.000000  1.0
    0.023180   -0.752068  0.000000  1.0
    0.023180   -0.750068  0.000000  1.0
    0.023180   -0.748068  0.000000  1.0
    0.023180   -0.746068  0.000000  1.0
    0.023180   -0.744068  0.000000  1.0
    0.023180   -0.742068  0.000000  1.0
    0.023180   -0.740068  0.000000  1.0
    0.023180   -0.738068  0.000000  1.0
    0.023180   -0.736068  0.000000  1.0
    0.023180   -0.734068  0.000000  1.0
    0.023180   -0.732068  0.000000  1.0
    0.023180   -0.730068  0.000000  1.0
    0.023180   -0.728068  0.000000  1.0
    0.023180   -0.726068  0.000000  1.0
    0.023180   -0.724068  0.000000  1.0
    0.023180   -0.722068  0.000000  1.0
    0.023180   -0.720068  0.000000  1.0
    0.025180   -0.800068  0.000000  1.0
    0.025180   -0.798068  0.000000  1.0
    0.025180   -0.796068  0.000000  1.0
    0.025180   -0.794068  0.000000  1.0
    0.025180   -0.792068  0.000000  1.0
    0.025180   -0.790068  0.000000  1.0
    0.025180   -0.788068  0.000000  1.0
    0.025180   -0.786068  0.000000  1.0
    0.025180   -0.784068  0.000000  1.0
    0.025180   -0.782068  0.000000  1.0
    0.025180   -0.780068  0.000000  1.0
    0.025180   -0.778068  0.000000  1.0
    0.025180   -0.776068  0.000000  1.0
    0.025180   -0.774068  0.000000  1.0
    0.025180   -0.772068  0.000000  1.0
    0.025180   -0.770068  0.000000  1.0
    0.025180   -0.768068  0.000000  1.0
    0.025180   -0.766068  0.000000  1.0
    0.025180   -0.764068  0.000000  1.0
    0.025180   -0.762068  0.000000  1.0
    0.025180   -0.760068  0.000000  1.0
    0.025180   -0.758068  0.000000  1.0
    0.025180   -0.756068  0.000000  1.0
    0.025180   -0.754068  0.000000  1.0
    0.025180   -0.752068  0.000000  1.0
    0.025180   -0.750068  0.000000  1.0
    0.025180   -0.748068  0.000000  1.0
    0.025180   -0.746068  0.000000  1.0
    0.025180   -0.744068  0.000000  1.0
    0.025180   -0.742068  0.000000  1.0
    0.025180   -0.740068  0.000000  1.0
    0.025180   -0.738068  0.000000  1.0
    0.025180   -0.736068  0.000000  1.0
    0.025180   -0.734068  0.000000  1.0
    0.025180   -0.732068  0.000000  1.0
    0.025180   -0.730068  0.000000  1.0
    0.025180   -0.728068  0.000000  1.0
    0.025180   -0.726068  0.000000  1.0
    0.025180   -0.724068  0.000000  1.0
    0.025180   -0.722068  0.000000  1.0
    0.025180   -0.720068  0.000000  1.0
    0.027180   -0.800068  0.000000  1.0
    0.027180   -0.798068  0.000000  1.0
    0.027180   -0.796068  0.000000  1.0
    0.027180   -0.794068  0.000000  1.0
    0.027180   -0.792068  0.000000  1.0
    0.027180   -0.790068  0.000000  1.0
    0.027180   -0.788068  0.000000  1.0
    0.027180   -0.786068  0.000000  1.0
    0.027180   -0.784068  0.000000  1.0
    0.027180   -0.782068  0.000000  1.0
    0.027180   -0.780068  0.000000  1.0
    0.027180   -0.778068  0.000000  1.0
    0.027180   -0.776068  0.000000  1.0
    0.027180   -0.774068  0.000000  1.0
    0.027180   -0.772068  0.000000  1.0
    0.027180   -0.770068  0.000000  1.0
    0.027180   -0.768068  0.000000  1.0
    0.027180   -0.766068  0.000000  1.0
    0.027180   -0.764068  0.000000  1.0
    0.027180   -0.762068  0.000000  1.0
    0.027180   -0.760068  0.000000  1.0
    0.027180   -0.758068  0.000000  1.0
    0.027180   -0.756068  0.000000  1.0
    0.027180   -0.754068  0.000000  1.0
    0.027180   -0.752068  0.000000  1.0
    0.027180   -0.750068  0.000000  1.0
    0.027180   -0.748068  0.000000  1.0
    0.027180   -0.746068  0.000000  1.0
    0.027180   -0.744068  0.000000  1.0
    0.027180   -0.742068  0.000000  1.0
    0.027180   -0.740068  0.000000  1.0
    0.027180   -0.738068  0.000000  1.0
    0.027180   -0.736068  0.000000  1.0
    0.027180   -0.734068  0.000000  1.0
    0.027180   -0.732068  0.000000  1.0
    0.027180   -0.730068  0.000000  1.0
    0.027180   -0.728068  0.000000  1.0
    0.027180   -0.726068  0.000000  1.0
    0.027180   -0.724068  0.000000  1.0
    0.027180   -0.722068  0.000000  1.0
    0.027180   -0.720068  0.000000  1.0
    0.029180   -0.800068  0.000000  1.0
    0.029180   -0.798068  0.000000  1.0
    0.029180   -0.796068  0.000000  1.0
    0.029180   -0.794068  0.000000  1.0
    0.029180   -0.792068  0.000000  1.0
    0.029180   -0.790068  0.000000  1.0
    0.029180   -0.788068  0.000000  1.0
    0.029180   -0.786068  0.000000  1.0
    0.029180   -0.784068  0.000000  1.0
    0.029180   -0.782068  0.000000  1.0
    0.029180   -0.780068  0.000000  1.0
    0.029180   -0.778068  0.000000  1.0
    0.029180   -0.776068  0.000000  1.0
    0.029180   -0.774068  0.000000  1.0
    0.029180   -0.772068  0.000000  1.0
    0.029180   -0.770068  0.000000  1.0
    0.029180   -0.768068  0.000000  1.0
    0.029180   -0.766068  0.000000  1.0
    0.029180   -0.764068  0.000000  1.0
    0.029180   -0.762068  0.000000  1.0
    0.029180   -0.760068  0.000000  1.0
    0.029180   -0.758068  0.000000  1.0
    0.029180   -0.756068  0.000000  1.0
    0.029180   -0.754068  0.000000  1.0
    0.029180   -0.752068  0.000000  1.0
    0.029180   -0.750068  0.000000  1.0
    0.029180   -0.748068  0.000000  1.0
    0.029180   -0.746068  0.000000  1.0
    0.029180   -0.744068  0.000000  1.0
    0.029180   -0.742068  0.000000  1.0
    0.029180   -0.740068  0.000000  1.0
    0.029180   -0.738068  0.000000  1.0
    0.029180   -0.736068  0.000000  1.0
    0.029180   -0.734068  0.000000  1.0
    0.029180   -0.732068  0.000000  1.0
    0.029180   -0.730068  0.000000  1.0
    0.029180   -0.728068  0.000000  1.0
    0.029180   -0.726068  0.000000  1.0
    0.029180   -0.724068  0.000000  1.0
    0.029180   -0.722068  0.000000  1.0
    0.029180   -0.720068  0.000000  1.0
    0.031180   -0.800068  0.000000  1.0
    0.031180   -0.798068  0.000000  1.0
    0.031180   -0.796068  0.000000  1.0
    0.031180   -0.794068  0.000000  1.0
    0.031180   -0.792068  0.000000  1.0
    0.031180   -0.790068  0.000000  1.0
    0.031180   -0.788068  0.000000  1.0
    0.031180   -0.786068  0.000000  1.0
    0.031180   -0.784068  0.000000  1.0
    0.031180   -0.782068  0.000000  1.0
    0.031180   -0.780068  0.000000  1.0
    0.031180   -0.778068  0.000000  1.0
    0.031180   -0.776068  0.000000  1.0
    0.031180   -0.774068  0.000000  1.0
    0.031180   -0.772068  0.000000  1.0
    0.031180   -0.770068  0.000000  1.0
    0.031180   -0.768068  0.000000  1.0
    0.031180   -0.766068  0.000000  1.0
    0.031180   -0.764068  0.000000  1.0
    0.031180   -0.762068  0.000000  1.0
    0.031180   -0.760068  0.000000  1.0
    0.031180   -0.758068  0.000000  1.0
    0.031180   -0.756068  0.000000  1.0
    0.031180   -0.754068  0.000000  1.0
    0.031180   -0.752068  0.000000  1.0
    0.031180   -0.750068  0.000000  1.0
    0.031180   -0.748068  0.000000  1.0
    0.031180   -0.746068  0.000000  1.0
    0.031180   -0.744068  0.000000  1.0
    0.031180   -0.742068  0.000000  1.0
    0.031180   -0.740068  0.000000  1.0
    0.031180   -0.738068  0.000000  1.0
    0.031180   -0.736068  0.000000  1.0
    0.031180   -0.734068  0.000000  1.0
    0.031180   -0.732068  0.000000  1.0
    0.031180   -0.730068  0.000000  1.0
    0.031180   -0.728068  0.000000  1.0
    0.031180   -0.726068  0.000000  1.0
    0.031180   -0.724068  0.000000  1.0
    0.031180   -0.722068  0.000000  1.0
    0.031180   -0.720068  0.000000  1.0
    0.033180   -0.800068  0.000000  1.0
    0.033180   -0.798068  0.000000  1.0
    0.033180   -0.796068  0.000000  1.0
    0.033180   -0.794068  0.000000  1.0
    0.033180   -0.792068  0.000000  1.0
    0.033180   -0.790068  0.000000  1.0
    0.033180   -0.788068  0.000000  1.0
    0.033180   -0.786068  0.000000  1.0
    0.033180   -0.784068  0.000000  1.0
    0.033180   -0.782068  0.000000  1.0
    0.033180   -0.780068  0.000000  1.0
    0.033180   -0.778068  0.000000  1.0
    0.033180   -0.776068  0.000000  1.0
    0.033180   -0.774068  0.000000  1.0
    0.033180   -0.772068  0.000000  1.0
    0.033180   -0.770068  0.000000  1.0
    0.033180   -0.768068  0.000000  1.0
    0.033180   -0.766068  0.000000  1.0
    0.033180   -0.764068  0.000000  1.0
    0.033180   -0.762068  0.000000  1.0
    0.033180   -0.760068  0.000000  1.0
    0.033180   -0.758068  0.000000  1.0
    0.033180   -0.756068  0.000000  1.0
    0.033180   -0.754068  0.000000  1.0
    0.033180   -0.752068  0.000000  1.0
    0.033180   -0.750068  0.000000  1.0
    0.033180   -0.748068  0.000000  1.0
    0.033180   -0.746068  0.000000  1.0
    0.033180   -0.744068  0.000000  1.0
    0.033180   -0.742068  0.000000  1.0
    0.033180   -0.740068  0.000000  1.0
    0.033180   -0.738068  0.000000  1.0
    0.033180   -0.736068  0.000000  1.0
    0.033180   -0.734068  0.000000  1.0
    0.033180   -0.732068  0.000000  1.0
    0.033180   -0.730068  0.000000  1.0
    0.033180   -0.728068  0.000000  1.0
    0.033180   -0.726068  0.000000  1.0
    0.033180   -0.724068  0.000000  1.0
    0.033180   -0.722068  0.000000  1.0
    0.033180   -0.720068  0.000000  1.0
    0.035180   -0.800068  0.000000  1.0
    0.035180   -0.798068  0.000000  1.0
    0.035180   -0.796068  0.000000  1.0
    0.035180   -0.794068  0.000000  1.0
    0.035180   -0.792068  0.000000  1.0
    0.035180   -0.790068  0.000000  1.0
    0.035180   -0.788068  0.000000  1.0
    0.035180   -0.786068  0.000000  1.0
    0.035180   -0.784068  0.000000  1.0
    0.035180   -0.782068  0.000000  1.0
    0.035180   -0.780068  0.000000  1.0
    0.035180   -0.778068  0.000000  1.0
    0.035180   -0.776068  0.000000  1.0
    0.035180   -0.774068  0.000000  1.0
    0.035180   -0.772068  0.000000  1.0
    0.035180   -0.770068  0.000000  1.0
    0.035180   -0.768068  0.000000  1.0
    0.035180   -0.766068  0.000000  1.0
    0.035180   -0.764068  0.000000  1.0
    0.035180   -0.762068  0.000000  1.0
    0.035180   -0.760068  0.000000  1.0
    0.035180   -0.758068  0.000000  1.0
    0.035180   -0.756068  0.000000  1.0
    0.035180   -0.754068  0.000000  1.0
    0.035180   -0.752068  0.000000  1.0
    0.035180   -0.750068  0.000000  1.0
    0.035180   -0.748068  0.000000  1.0
    0.035180   -0.746068  0.000000  1.0
    0.035180   -0.744068  0.000000  1.0
    0.035180   -0.742068  0.000000  1.0
    0.035180   -0.740068  0.000000  1.0
    0.035180   -0.738068  0.000000  1.0
    0.035180   -0.736068  0.000000  1.0
    0.035180   -0.734068  0.000000  1.0
    0.035180   -0.732068  0.000000  1.0
    0.035180   -0.730068  0.000000  1.0
    0.035180   -0.728068  0.000000  1.0
    0.035180   -0.726068  0.000000  1.0
    0.035180   -0.724068  0.000000  1.0
    0.035180   -0.722068  0.000000  1.0
    0.035180   -0.720068  0.000000  1.0
    0.037180   -0.800068  0.000000  1.0
    0.037180   -0.798068  0.000000  1.0
    0.037180   -0.796068  0.000000  1.0
    0.037180   -0.794068  0.000000  1.0
    0.037180   -0.792068  0.000000  1.0
    0.037180   -0.790068  0.000000  1.0
    0.037180   -0.788068  0.000000  1.0
    0.037180   -0.786068  0.000000  1.0
    0.037180   -0.784068  0.000000  1.0
    0.037180   -0.782068  0.000000  1.0
    0.037180   -0.780068  0.000000  1.0
    0.037180   -0.778068  0.000000  1.0
    0.037180   -0.776068  0.000000  1.0
    0.037180   -0.774068  0.000000  1.0
    0.037180   -0.772068  0.000000  1.0
    0.037180   -0.770068  0.000000  1.0
    0.037180   -0.768068  0.000000  1.0
    0.037180   -0.766068  0.000000  1.0
    0.037180   -0.764068  0.000000  1.0
    0.037180   -0.762068  0.000000  1.0
    0.037180   -0.760068  0.000000  1.0
    0.037180   -0.758068  0.000000  1.0
    0.037180   -0.756068  0.000000  1.0
    0.037180   -0.754068  0.000000  1.0
    0.037180   -0.752068  0.000000  1.0
    0.037180   -0.750068  0.000000  1.0
    0.037180   -0.748068  0.000000  1.0
    0.037180   -0.746068  0.000000  1.0
    0.037180   -0.744068  0.000000  1.0
    0.037180   -0.742068  0.000000  1.0
    0.037180   -0.740068  0.000000  1.0
    0.037180   -0.738068  0.000000  1.0
    0.037180   -0.736068  0.000000  1.0
    0.037180   -0.734068  0.000000  1.0
    0.037180   -0.732068  0.000000  1.0
    0.037180   -0.730068  0.000000  1.0
    0.037180   -0.728068  0.000000  1.0
    0.037180   -0.726068  0.000000  1.0
    0.037180   -0.724068  0.000000  1.0
    0.037180   -0.722068  0.000000  1.0
    0.037180   -0.720068  0.000000  1.0
    0.039180   -0.800068  0.000000  1.0
    0.039180   -0.798068  0.000000  1.0
    0.039180   -0.796068  0.000000  1.0
    0.039180   -0.794068  0.000000  1.0
    0.039180   -0.792068  0.000000  1.0
    0.039180   -0.790068  0.000000  1.0
    0.039180   -0.788068  0.000000  1.0
    0.039180   -0.786068  0.000000  1.0
    0.039180   -0.784068  0.000000  1.0
    0.039180   -0.782068  0.000000  1.0
    0.039180   -0.780068  0.000000  1.0
    0.039180   -0.778068  0.000000  1.0
    0.039180   -0.776068  0.000000  1.0
    0.039180   -0.774068  0.000000  1.0
    0.039180   -0.772068  0.000000  1.0
    0.039180   -0.770068  0.000000  1.0
    0.039180   -0.768068  0.000000  1.0
    0.039180   -0.766068  0.000000  1.0
    0.039180   -0.764068  0.000000  1.0
    0.039180   -0.762068  0.000000  1.0
    0.039180   -0.760068  0.000000  1.0
    0.039180   -0.758068  0.000000  1.0
    0.039180   -0.756068  0.000000  1.0
    0.039180   -0.754068  0.000000  1.0
    0.039180   -0.752068  0.000000  1.0
    0.039180   -0.750068  0.000000  1.0
    0.039180   -0.748068  0.000000  1.0
    0.039180   -0.746068  0.000000  1.0
    0.039180   -0.744068  0.000000  1.0
    0.039180   -0.742068  0.000000  1.0
    0.039180   -0.740068  0.000000  1.0
    0.039180   -0.738068  0.000000  1.0
    0.039180   -0.736068  0.000000  1.0
    0.039180   -0.734068  0.000000  1.0
    0.039180   -0.732068  0.000000  1.0
    0.039180   -0.730068  0.000000  1.0
    0.039180   -0.728068  0.000000  1.0
    0.039180   -0.726068  0.000000  1.0
    0.039180   -0.724068  0.000000  1.0
    0.039180   -0.722068  0.000000  1.0
    0.039180   -0.720068  0.000000  1.0
    0.041180   -0.800068  0.000000  1.0
    0.041180   -0.798068  0.000000  1.0
    0.041180   -0.796068  0.000000  1.0
    0.041180   -0.794068  0.000000  1.0
    0.041180   -0.792068  0.000000  1.0
    0.041180   -0.790068  0.000000  1.0
    0.041180   -0.788068  0.000000  1.0
    0.041180   -0.786068  0.000000  1.0
    0.041180   -0.784068  0.000000  1.0
    0.041180   -0.782068  0.000000  1.0
    0.041180   -0.780068  0.000000  1.0
    0.041180   -0.778068  0.000000  1.0
    0.041180   -0.776068  0.000000  1.0
    0.041180   -0.774068  0.000000  1.0
    0.041180   -0.772068  0.000000  1.0
    0.041180   -0.770068  0.000000  1.0
    0.041180   -0.768068  0.000000  1.0
    0.041180   -0.766068  0.000000  1.0
    0.041180   -0.764068  0.000000  1.0
    0.041180   -0.762068  0.000000  1.0
    0.041180   -0.760068  0.000000  1.0
    0.041180   -0.758068  0.000000  1.0
    0.041180   -0.756068  0.000000  1.0
    0.041180   -0.754068  0.000000  1.0
    0.041180   -0.752068  0.000000  1.0
    0.041180   -0.750068  0.000000  1.0
    0.041180   -0.748068  0.000000  1.0
    0.041180   -0.746068  0.000000  1.0
    0.041180   -0.744068  0.000000  1.0
    0.041180   -0.742068  0.000000  1.0
    0.041180   -0.740068  0.000000  1.0
    0.041180   -0.738068  0.000000  1.0
    0.041180   -0.736068  0.000000  1.0
    0.041180   -0.734068  0.000000  1.0
    0.041180   -0.732068  0.000000  1.0
    0.041180   -0.730068  0.000000  1.0
    0.041180   -0.728068  0.000000  1.0
    0.041180   -0.726068  0.000000  1.0
    0.041180   -0.724068  0.000000  1.0
    0.041180   -0.722068  0.000000  1.0
    0.041180   -0.720068  0.000000  1.0
    0.043180   -0.800068  0.000000  1.0
    0.043180   -0.798068  0.000000  1.0
    0.043180   -0.796068  0.000000  1.0
    0.043180   -0.794068  0.000000  1.0
    0.043180   -0.792068  0.000000  1.0
    0.043180   -0.790068  0.000000  1.0
    0.043180   -0.788068  0.000000  1.0
    0.043180   -0.786068  0.000000  1.0
    0.043180   -0.784068  0.000000  1.0
    0.043180   -0.782068  0.000000  1.0
    0.043180   -0.780068  0.000000  1.0
    0.043180   -0.778068  0.000000  1.0
    0.043180   -0.776068  0.000000  1.0
    0.043180   -0.774068  0.000000  1.0
    0.043180   -0.772068  0.000000  1.0
    0.043180   -0.770068  0.000000  1.0
    0.043180   -0.768068  0.000000  1.0
    0.043180   -0.766068  0.000000  1.0
    0.043180   -0.764068  0.000000  1.0
    0.043180   -0.762068  0.000000  1.0
    0.043180   -0.760068  0.000000  1.0
    0.043180   -0.758068  0.000000  1.0
    0.043180   -0.756068  0.000000  1.0
    0.043180   -0.754068  0.000000  1.0
    0.043180   -0.752068  0.000000  1.0
    0.043180   -0.750068  0.000000  1.0
    0.043180   -0.748068  0.000000  1.0
    0.043180   -0.746068  0.000000  1.0
    0.043180   -0.744068  0.000000  1.0
    0.043180   -0.742068  0.000000  1.0
    0.043180   -0.740068  0.000000  1.0
    0.043180   -0.738068  0.000000  1.0
    0.043180   -0.736068  0.000000  1.0
    0.043180   -0.734068  0.000000  1.0
    0.043180   -0.732068  0.000000  1.0
    0.043180   -0.730068  0.000000  1.0
    0.043180   -0.728068  0.000000  1.0
    0.043180   -0.726068  0.000000  1.0
    0.043180   -0.724068  0.000000  1.0
    0.043180   -0.722068  0.000000  1.0
    0.043180   -0.720068  0.000000  1.0
    0.045180   -0.800068  0.000000  1.0
    0.045180   -0.798068  0.000000  1.0
    0.045180   -0.796068  0.000000  1.0
    0.045180   -0.794068  0.000000  1.0
    0.045180   -0.792068  0.000000  1.0
    0.045180   -0.790068  0.000000  1.0
    0.045180   -0.788068  0.000000  1.0
    0.045180   -0.786068  0.000000  1.0
    0.045180   -0.784068  0.000000  1.0
    0.045180   -0.782068  0.000000  1.0
    0.045180   -0.780068  0.000000  1.0
    0.045180   -0.778068  0.000000  1.0
    0.045180   -0.776068  0.000000  1.0
    0.045180   -0.774068  0.000000  1.0
    0.045180   -0.772068  0.000000  1.0
    0.045180   -0.770068  0.000000  1.0
    0.045180   -0.768068  0.000000  1.0
    0.045180   -0.766068  0.000000  1.0
    0.045180   -0.764068  0.000000  1.0
    0.045180   -0.762068  0.000000  1.0
    0.045180   -0.760068  0.000000  1.0
    0.045180   -0.758068  0.000000  1.0
    0.045180   -0.756068  0.000000  1.0
    0.045180   -0.754068  0.000000  1.0
    0.045180   -0.752068  0.000000  1.0
    0.045180   -0.750068  0.000000  1.0
    0.045180   -0.748068  0.000000  1.0
    0.045180   -0.746068  0.000000  1.0
    0.045180   -0.744068  0.000000  1.0
    0.045180   -0.742068  0.000000  1.0
    0.045180   -0.740068  0.000000  1.0
    0.045180   -0.738068  0.000000  1.0
    0.045180   -0.736068  0.000000  1.0
    0.045180   -0.734068  0.000000  1.0
    0.045180   -0.732068  0.000000  1.0
    0.045180   -0.730068  0.000000  1.0
    0.045180   -0.728068  0.000000  1.0
    0.045180   -0.726068  0.000000  1.0
    0.045180   -0.724068  0.000000  1.0
    0.045180   -0.722068  0.000000  1.0
    0.045180   -0.720068  0.000000  1.0
    0.047180   -0.800068  0.000000  1.0
    0.047180   -0.798068  0.000000  1.0
    0.047180   -0.796068  0.000000  1.0
    0.047180   -0.794068  0.000000  1.0
    0.047180   -0.792068  0.000000  1.0
    0.047180   -0.790068  0.000000  1.0
    0.047180   -0.788068  0.000000  1.0
    0.047180   -0.786068  0.000000  1.0
    0.047180   -0.784068  0.000000  1.0
    0.047180   -0.782068  0.000000  1.0
    0.047180   -0.780068  0.000000  1.0
    0.047180   -0.778068  0.000000  1.0
    0.047180   -0.776068  0.000000  1.0
    0.047180   -0.774068  0.000000  1.0
    0.047180   -0.772068  0.000000  1.0
    0.047180   -0.770068  0.000000  1.0
    0.047180   -0.768068  0.000000  1.0
    0.047180   -0.766068  0.000000  1.0
    0.047180   -0.764068  0.000000  1.0
    0.047180   -0.762068  0.000000  1.0
    0.047180   -0.760068  0.000000  1.0
    0.047180   -0.758068  0.000000  1.0
    0.047180   -0.756068  0.000000  1.0
    0.047180   -0.754068  0.000000  1.0
    0.047180   -0.752068  0.000000  1.0
    0.047180   -0.750068  0.000000  1.0
    0.047180   -0.748068  0.000000  1.0
    0.047180   -0.746068  0.000000  1.0
    0.047180   -0.744068  0.000000  1.0
    0.047180   -0.742068  0.000000  1.0
    0.047180   -0.740068  0.000000  1.0
    0.047180   -0.738068  0.000000  1.0
    0.047180   -0.736068  0.000000  1.0
    0.047180   -0.734068  0.000000  1.0
    0.047180   -0.732068  0.000000  1.0
    0.047180   -0.730068  0.000000  1.0
    0.047180   -0.728068  0.000000  1.0
    0.047180   -0.726068  0.000000  1.0
    0.047180   -0.724068  0.000000  1.0
    0.047180   -0.722068  0.000000  1.0
    0.047180   -0.720068  0.000000  1.0
    0.049180   -0.800068  0.000000  1.0
    0.049180   -0.798068  0.000000  1.0
    0.049180   -0.796068  0.000000  1.0
    0.049180   -0.794068  0.000000  1.0
    0.049180   -0.792068  0.000000  1.0
    0.049180   -0.790068  0.000000  1.0
    0.049180   -0.788068  0.000000  1.0
    0.049180   -0.786068  0.000000  1.0
    0.049180   -0.784068  0.000000  1.0
    0.049180   -0.782068  0.000000  1.0
    0.049180   -0.780068  0.000000  1.0
    0.049180   -0.778068  0.000000  1.0
    0.049180   -0.776068  0.000000  1.0
    0.049180   -0.774068  0.000000  1.0
    0.049180   -0.772068  0.000000  1.0
    0.049180   -0.770068  0.000000  1.0
    0.049180   -0.768068  0.000000  1.0
    0.049180   -0.766068  0.000000  1.0
    0.049180   -0.764068  0.000000  1.0
    0.049180   -0.762068  0.000000  1.0
    0.049180   -0.760068  0.000000  1.0
    0.049180   -0.758068  0.000000  1.0
    0.049180   -0.756068  0.000000  1.0
    0.049180   -0.754068  0.000000  1.0
    0.049180   -0.752068  0.000000  1.0
    0.049180   -0.750068  0.000000  1.0
    0.049180   -0.748068  0.000000  1.0
    0.049180   -0.746068  0.000000  1.0
    0.049180   -0.744068  0.000000  1.0
    0.049180   -0.742068  0.000000  1.0
    0.049180   -0.740068  0.000000  1.0
    0.049180   -0.738068  0.000000  1.0
    0.049180   -0.736068  0.000000  1.0
    0.049180   -0.734068  0.000000  1.0
    0.049180   -0.732068  0.000000  1.0
    0.049180   -0.730068  0.000000  1.0
    0.049180   -0.728068  0.000000  1.0
    0.049180   -0.726068  0.000000  1.0
    0.049180   -0.724068  0.000000  1.0
    0.049180   -0.722068  0.000000  1.0
    0.049180   -0.720068  0.000000  1.0
    0.051180   -0.800068  0.000000  1.0
    0.051180   -0.798068  0.000000  1.0
    0.051180   -0.796068  0.000000  1.0
    0.051180   -0.794068  0.000000  1.0
    0.051180   -0.792068  0.000000  1.0
    0.051180   -0.790068  0.000000  1.0
    0.051180   -0.788068  0.000000  1.0
    0.051180   -0.786068  0.000000  1.0
    0.051180   -0.784068  0.000000  1.0
    0.051180   -0.782068  0.000000  1.0
    0.051180   -0.780068  0.000000  1.0
    0.051180   -0.778068  0.000000  1.0
    0.051180   -0.776068  0.000000  1.0
    0.051180   -0.774068  0.000000  1.0
    0.051180   -0.772068  0.000000  1.0
    0.051180   -0.770068  0.000000  1.0
    0.051180   -0.768068  0.000000  1.0
    0.051180   -0.766068  0.000000  1.0
    0.051180   -0.764068  0.000000  1.0
    0.051180   -0.762068  0.000000  1.0
    0.051180   -0.760068  0.000000  1.0
    0.051180   -0.758068  0.000000  1.0
    0.051180   -0.756068  0.000000  1.0
    0.051180   -0.754068  0.000000  1.0
    0.051180   -0.752068  0.000000  1.0
    0.051180   -0.750068  0.000000  1.0
    0.051180   -0.748068  0.000000  1.0
    0.051180   -0.746068  0.000000  1.0
    0.051180   -0.744068  0.000000  1.0
    0.051180   -0.742068  0.000000  1.0
    0.051180   -0.740068  0.000000  1.0
    0.051180   -0.738068  0.000000  1.0
    0.051180   -0.736068  0.000000  1.0
    0.051180   -0.734068  0.000000  1.0
    0.051180   -0.732068  0.000000  1.0
    0.051180   -0.730068  0.000000  1.0
    0.051180   -0.728068  0.000000  1.0
    0.051180   -0.726068  0.000000  1.0
    0.051180   -0.724068  0.000000  1.0
    0.051180   -0.722068  0.000000  1.0
    0.051180   -0.720068  0.000000  1.0
    0.053180   -0.800068  0.000000  1.0
    0.053180   -0.798068  0.000000  1.0
    0.053180   -0.796068  0.000000  1.0
    0.053180   -0.794068  0.000000  1.0
    0.053180   -0.792068  0.000000  1.0
    0.053180   -0.790068  0.000000  1.0
    0.053180   -0.788068  0.000000  1.0
    0.053180   -0.786068  0.000000  1.0
    0.053180   -0.784068  0.000000  1.0
    0.053180   -0.782068  0.000000  1.0
    0.053180   -0.780068  0.000000  1.0
    0.053180   -0.778068  0.000000  1.0
    0.053180   -0.776068  0.000000  1.0
    0.053180   -0.774068  0.000000  1.0
    0.053180   -0.772068  0.000000  1.0
    0.053180   -0.770068  0.000000  1.0
    0.053180   -0.768068  0.000000  1.0
    0.053180   -0.766068  0.000000  1.0
    0.053180   -0.764068  0.000000  1.0
    0.053180   -0.762068  0.000000  1.0
    0.053180   -0.760068  0.000000  1.0
    0.053180   -0.758068  0.000000  1.0
    0.053180   -0.756068  0.000000  1.0
    0.053180   -0.754068  0.000000  1.0
    0.053180   -0.752068  0.000000  1.0
    0.053180   -0.750068  0.000000  1.0
    0.053180   -0.748068  0.000000  1.0
    0.053180   -0.746068  0.000000  1.0
    0.053180   -0.744068  0.000000  1.0
    0.053180   -0.742068  0.000000  1.0
    0.053180   -0.740068  0.000000  1.0
    0.053180   -0.738068  0.000000  1.0
    0.053180   -0.736068  0.000000  1.0
    0.053180   -0.734068  0.000000  1.0
    0.053180   -0.732068  0.000000  1.0
    0.053180   -0.730068  0.000000  1.0
    0.053180   -0.728068  0.000000  1.0
    0.053180   -0.726068  0.000000  1.0
    0.053180   -0.724068  0.000000  1.0
    0.053180   -0.722068  0.000000  1.0
    0.053180   -0.720068  0.000000  1.0
    0.055180   -0.800068  0.000000  1.0
    0.055180   -0.798068  0.000000  1.0
    0.055180   -0.796068  0.000000  1.0
    0.055180   -0.794068  0.000000  1.0
    0.055180   -0.792068  0.000000  1.0
    0.055180   -0.790068  0.000000  1.0
    0.055180   -0.788068  0.000000  1.0
    0.055180   -0.786068  0.000000  1.0
    0.055180   -0.784068  0.000000  1.0
    0.055180   -0.782068  0.000000  1.0
    0.055180   -0.780068  0.000000  1.0
    0.055180   -0.778068  0.000000  1.0
    0.055180   -0.776068  0.000000  1.0
    0.055180   -0.774068  0.000000  1.0
    0.055180   -0.772068  0.000000  1.0
    0.055180   -0.770068  0.000000  1.0
    0.055180   -0.768068  0.000000  1.0
    0.055180   -0.766068  0.000000  1.0
    0.055180   -0.764068  0.000000  1.0
    0.055180   -0.762068  0.000000  1.0
    0.055180   -0.760068  0.000000  1.0
    0.055180   -0.758068  0.000000  1.0
    0.055180   -0.756068  0.000000  1.0
    0.055180   -0.754068  0.000000  1.0
    0.055180   -0.752068  0.000000  1.0
    0.055180   -0.750068  0.000000  1.0
    0.055180   -0.748068  0.000000  1.0
    0.055180   -0.746068  0.000000  1.0
    0.055180   -0.744068  0.000000  1.0
    0.055180   -0.742068  0.000000  1.0
    0.055180   -0.740068  0.000000  1.0
    0.055180   -0.738068  0.000000  1.0
    0.055180   -0.736068  0.000000  1.0
    0.055180   -0.734068  0.000000  1.0
    0.055180   -0.732068  0.000000  1.0
    0.055180   -0.730068  0.000000  1.0
    0.055180   -0.728068  0.000000  1.0
    0.055180   -0.726068  0.000000  1.0
    0.055180   -0.724068  0.000000  1.0
    0.055180   -0.722068  0.000000  1.0
    0.055180   -0.720068  0.000000  1.0
    0.057180   -0.800068  0.000000  1.0
    0.057180   -0.798068  0.000000  1.0
    0.057180   -0.796068  0.000000  1.0
    0.057180   -0.794068  0.000000  1.0
    0.057180   -0.792068  0.000000  1.0
    0.057180   -0.790068  0.000000  1.0
    0.057180   -0.788068  0.000000  1.0
    0.057180   -0.786068  0.000000  1.0
    0.057180   -0.784068  0.000000  1.0
    0.057180   -0.782068  0.000000  1.0
    0.057180   -0.780068  0.000000  1.0
    0.057180   -0.778068  0.000000  1.0
    0.057180   -0.776068  0.000000  1.0
    0.057180   -0.774068  0.000000  1.0
    0.057180   -0.772068  0.000000  1.0
    0.057180   -0.770068  0.000000  1.0
    0.057180   -0.768068  0.000000  1.0
    0.057180   -0.766068  0.000000  1.0
    0.057180   -0.764068  0.000000  1.0
    0.057180   -0.762068  0.000000  1.0
    0.057180   -0.760068  0.000000  1.0
    0.057180   -0.758068  0.000000  1.0
    0.057180   -0.756068  0.000000  1.0
    0.057180   -0.754068  0.000000  1.0
    0.057180   -0.752068  0.000000  1.0
    0.057180   -0.750068  0.000000  1.0
    0.057180   -0.748068  0.000000  1.0
    0.057180   -0.746068  0.000000  1.0
    0.057180   -0.744068  0.000000  1.0
    0.057180   -0.742068  0.000000  1.0
    0.057180   -0.740068  0.000000  1.0
    0.057180   -0.738068  0.000000  1.0
    0.057180   -0.736068  0.000000  1.0
    0.057180   -0.734068  0.000000  1.0
    0.057180   -0.732068  0.000000  1.0
    0.057180   -0.730068  0.000000  1.0
    0.057180   -0.728068  0.000000  1.0
    0.057180   -0.726068  0.000000  1.0
    0.057180   -0.724068  0.000000  1.0
    0.057180   -0.722068  0.000000  1.0
    0.057180   -0.720068  0.000000  1.0
    0.059180   -0.800068  0.000000  1.0
    0.059180   -0.798068  0.000000  1.0
    0.059180   -0.796068  0.000000  1.0
    0.059180   -0.794068  0.000000  1.0
    0.059180   -0.792068  0.000000  1.0
    0.059180   -0.790068  0.000000  1.0
    0.059180   -0.788068  0.000000  1.0
    0.059180   -0.786068  0.000000  1.0
    0.059180   -0.784068  0.000000  1.0
    0.059180   -0.782068  0.000000  1.0
    0.059180   -0.780068  0.000000  1.0
    0.059180   -0.778068  0.000000  1.0
    0.059180   -0.776068  0.000000  1.0
    0.059180   -0.774068  0.000000  1.0
    0.059180   -0.772068  0.000000  1.0
    0.059180   -0.770068  0.000000  1.0
    0.059180   -0.768068  0.000000  1.0
    0.059180   -0.766068  0.000000  1.0
    0.059180   -0.764068  0.000000  1.0
    0.059180   -0.762068  0.000000  1.0
    0.059180   -0.760068  0.000000  1.0
    0.059180   -0.758068  0.000000  1.0
    0.059180   -0.756068  0.000000  1.0
    0.059180   -0.754068  0.000000  1.0
    0.059180   -0.752068  0.000000  1.0
    0.059180   -0.750068  0.000000  1.0
    0.059180   -0.748068  0.000000  1.0
    0.059180   -0.746068  0.000000  1.0
    0.059180   -0.744068  0.000000  1.0
    0.059180   -0.742068  0.000000  1.0
    0.059180   -0.740068  0.000000  1.0
    0.059180   -0.738068  0.000000  1.0
    0.059180   -0.736068  0.000000  1.0
    0.059180   -0.734068  0.000000  1.0
    0.059180   -0.732068  0.000000  1.0
    0.059180   -0.730068  0.000000  1.0
    0.059180   -0.728068  0.000000  1.0
    0.059180   -0.726068  0.000000  1.0
    0.059180   -0.724068  0.000000  1.0
    0.059180   -0.722068  0.000000  1.0
    0.059180   -0.720068  0.000000  1.0
    0.061180   -0.800068  0.000000  1.0
    0.061180   -0.798068  0.000000  1.0
    0.061180   -0.796068  0.000000  1.0
    0.061180   -0.794068  0.000000  1.0
    0.061180   -0.792068  0.000000  1.0
    0.061180   -0.790068  0.000000  1.0
    0.061180   -0.788068  0.000000  1.0
    0.061180   -0.786068  0.000000  1.0
    0.061180   -0.784068  0.000000  1.0
    0.061180   -0.782068  0.000000  1.0
    0.061180   -0.780068  0.000000  1.0
    0.061180   -0.778068  0.000000  1.0
    0.061180   -0.776068  0.000000  1.0
    0.061180   -0.774068  0.000000  1.0
    0.061180   -0.772068  0.000000  1.0
    0.061180   -0.770068  0.000000  1.0
    0.061180   -0.768068  0.000000  1.0
    0.061180   -0.766068  0.000000  1.0
    0.061180   -0.764068  0.000000  1.0
    0.061180   -0.762068  0.000000  1.0
    0.061180   -0.760068  0.000000  1.0
    0.061180   -0.758068  0.000000  1.0
    0.061180   -0.756068  0.000000  1.0
    0.061180   -0.754068  0.000000  1.0
    0.061180   -0.752068  0.000000  1.0
    0.061180   -0.750068  0.000000  1.0
    0.061180   -0.748068  0.000000  1.0
    0.061180   -0.746068  0.000000  1.0
    0.061180   -0.744068  0.000000  1.0
    0.061180   -0.742068  0.000000  1.0
    0.061180   -0.740068  0.000000  1.0
    0.061180   -0.738068  0.000000  1.0
    0.061180   -0.736068  0.000000  1.0
    0.061180   -0.734068  0.000000  1.0
    0.061180   -0.732068  0.000000  1.0
    0.061180   -0.730068  0.000000  1.0
    0.061180   -0.728068  0.000000  1.0
    0.061180   -0.726068  0.000000  1.0
    0.061180   -0.724068  0.000000  1.0
    0.061180   -0.722068  0.000000  1.0
    0.061180   -0.720068  0.000000  1.0
    0.063180   -0.800068  0.000000  1.0
    0.063180   -0.798068  0.000000  1.0
    0.063180   -0.796068  0.000000  1.0
    0.063180   -0.794068  0.000000  1.0
    0.063180   -0.792068  0.000000  1.0
    0.063180   -0.790068  0.000000  1.0
    0.063180   -0.788068  0.000000  1.0
    0.063180   -0.786068  0.000000  1.0
    0.063180   -0.784068  0.000000  1.0
    0.063180   -0.782068  0.000000  1.0
    0.063180   -0.780068  0.000000  1.0
    0.063180   -0.778068  0.000000  1.0
    0.063180   -0.776068  0.000000  1.0
    0.063180   -0.774068  0.000000  1.0
    0.063180   -0.772068  0.000000  1.0
    0.063180   -0.770068  0.000000  1.0
    0.063180   -0.768068  0.000000  1.0
    0.063180   -0.766068  0.000000  1.0
    0.063180   -0.764068  0.000000  1.0
    0.063180   -0.762068  0.000000  1.0
    0.063180   -0.760068  0.000000  1.0
    0.063180   -0.758068  0.000000  1.0
    0.063180   -0.756068  0.000000  1.0
    0.063180   -0.754068  0.000000  1.0
    0.063180   -0.752068  0.000000  1.0
    0.063180   -0.750068  0.000000  1.0
    0.063180   -0.748068  0.000000  1.0
    0.063180   -0.746068  0.000000  1.0
    0.063180   -0.744068  0.000000  1.0
    0.063180   -0.742068  0.000000  1.0
    0.063180   -0.740068  0.000000  1.0
    0.063180   -0.738068  0.000000  1.0
    0.063180   -0.736068  0.000000  1.0
    0.063180   -0.734068  0.000000  1.0
    0.063180   -0.732068  0.000000  1.0
    0.063180   -0.730068  0.000000  1.0
    0.063180   -0.728068  0.000000  1.0
    0.063180   -0.726068  0.000000  1.0
    0.063180   -0.724068  0.000000  1.0
    0.063180   -0.722068  0.000000  1.0
    0.063180   -0.720068  0.000000  1.0
    0.065180   -0.800068  0.000000  1.0
    0.065180   -0.798068  0.000000  1.0
    0.065180   -0.796068  0.000000  1.0
    0.065180   -0.794068  0.000000  1.0
    0.065180   -0.792068  0.000000  1.0
    0.065180   -0.790068  0.000000  1.0
    0.065180   -0.788068  0.000000  1.0
    0.065180   -0.786068  0.000000  1.0
    0.065180   -0.784068  0.000000  1.0
    0.065180   -0.782068  0.000000  1.0
    0.065180   -0.780068  0.000000  1.0
    0.065180   -0.778068  0.000000  1.0
    0.065180   -0.776068  0.000000  1.0
    0.065180   -0.774068  0.000000  1.0
    0.065180   -0.772068  0.000000  1.0
    0.065180   -0.770068  0.000000  1.0
    0.065180   -0.768068  0.000000  1.0
    0.065180   -0.766068  0.000000  1.0
    0.065180   -0.764068  0.000000  1.0
    0.065180   -0.762068  0.000000  1.0
    0.065180   -0.760068  0.000000  1.0
    0.065180   -0.758068  0.000000  1.0
    0.065180   -0.756068  0.000000  1.0
    0.065180   -0.754068  0.000000  1.0
    0.065180   -0.752068  0.000000  1.0
    0.065180   -0.750068  0.000000  1.0
    0.065180   -0.748068  0.000000  1.0
    0.065180   -0.746068  0.000000  1.0
    0.065180   -0.744068  0.000000  1.0
    0.065180   -0.742068  0.000000  1.0
    0.065180   -0.740068  0.000000  1.0
    0.065180   -0.738068  0.000000  1.0
    0.065180   -0.736068  0.000000  1.0
    0.065180   -0.734068  0.000000  1.0
    0.065180   -0.732068  0.000000  1.0
    0.065180   -0.730068  0.000000  1.0
    0.065180   -0.728068  0.000000  1.0
    0.065180   -0.726068  0.000000  1.0
    0.065180   -0.724068  0.000000  1.0
    0.065180   -0.722068  0.000000  1.0
    0.065180   -0.720068  0.000000  1.0
    0.067180   -0.800068  0.000000  1.0
    0.067180   -0.798068  0.000000  1.0
    0.067180   -0.796068  0.000000  1.0
    0.067180   -0.794068  0.000000  1.0
    0.067180   -0.792068  0.000000  1.0
    0.067180   -0.790068  0.000000  1.0
    0.067180   -0.788068  0.000000  1.0
    0.067180   -0.786068  0.000000  1.0
    0.067180   -0.784068  0.000000  1.0
    0.067180   -0.782068  0.000000  1.0
    0.067180   -0.780068  0.000000  1.0
    0.067180   -0.778068  0.000000  1.0
    0.067180   -0.776068  0.000000  1.0
    0.067180   -0.774068  0.000000  1.0
    0.067180   -0.772068  0.000000  1.0
    0.067180   -0.770068  0.000000  1.0
    0.067180   -0.768068  0.000000  1.0
    0.067180   -0.766068  0.000000  1.0
    0.067180   -0.764068  0.000000  1.0
    0.067180   -0.762068  0.000000  1.0
    0.067180   -0.760068  0.000000  1.0
    0.067180   -0.758068  0.000000  1.0
    0.067180   -0.756068  0.000000  1.0
    0.067180   -0.754068  0.000000  1.0
    0.067180   -0.752068  0.000000  1.0
    0.067180   -0.750068  0.000000  1.0
    0.067180   -0.748068  0.000000  1.0
    0.067180   -0.746068  0.000000  1.0
    0.067180   -0.744068  0.000000  1.0
    0.067180   -0.742068  0.000000  1.0
    0.067180   -0.740068  0.000000  1.0
    0.067180   -0.738068  0.000000  1.0
    0.067180   -0.736068  0.000000  1.0
    0.067180   -0.734068  0.000000  1.0
    0.067180   -0.732068  0.000000  1.0
    0.067180   -0.730068  0.000000  1.0
    0.067180   -0.728068  0.000000  1.0
    0.067180   -0.726068  0.000000  1.0
    0.067180   -0.724068  0.000000  1.0
    0.067180   -0.722068  0.000000  1.0
    0.067180   -0.720068  0.000000  1.0
    0.069180   -0.800068  0.000000  1.0
    0.069180   -0.798068  0.000000  1.0
    0.069180   -0.796068  0.000000  1.0
    0.069180   -0.794068  0.000000  1.0
    0.069180   -0.792068  0.000000  1.0
    0.069180   -0.790068  0.000000  1.0
    0.069180   -0.788068  0.000000  1.0
    0.069180   -0.786068  0.000000  1.0
    0.069180   -0.784068  0.000000  1.0
    0.069180   -0.782068  0.000000  1.0
    0.069180   -0.780068  0.000000  1.0
    0.069180   -0.778068  0.000000  1.0
    0.069180   -0.776068  0.000000  1.0
    0.069180   -0.774068  0.000000  1.0
    0.069180   -0.772068  0.000000  1.0
    0.069180   -0.770068  0.000000  1.0
    0.069180   -0.768068  0.000000  1.0
    0.069180   -0.766068  0.000000  1.0
    0.069180   -0.764068  0.000000  1.0
    0.069180   -0.762068  0.000000  1.0
    0.069180   -0.760068  0.000000  1.0
    0.069180   -0.758068  0.000000  1.0
    0.069180   -0.756068  0.000000  1.0
    0.069180   -0.754068  0.000000  1.0
    0.069180   -0.752068  0.000000  1.0
    0.069180   -0.750068  0.000000  1.0
    0.069180   -0.748068  0.000000  1.0
    0.069180   -0.746068  0.000000  1.0
    0.069180   -0.744068  0.000000  1.0
    0.069180   -0.742068  0.000000  1.0
    0.069180   -0.740068  0.000000  1.0
    0.069180   -0.738068  0.000000  1.0
    0.069180   -0.736068  0.000000  1.0
    0.069180   -0.734068  0.000000  1.0
    0.069180   -0.732068  0.000000  1.0
    0.069180   -0.730068  0.000000  1.0
    0.069180   -0.728068  0.000000  1.0
    0.069180   -0.726068  0.000000  1.0
    0.069180   -0.724068  0.000000  1.0
    0.069180   -0.722068  0.000000  1.0
    0.069180   -0.720068  0.000000  1.0
    0.071180   -0.800068  0.000000  1.0
    0.071180   -0.798068  0.000000  1.0
    0.071180   -0.796068  0.000000  1.0
    0.071180   -0.794068  0.000000  1.0
    0.071180   -0.792068  0.000000  1.0
    0.071180   -0.790068  0.000000  1.0
    0.071180   -0.788068  0.000000  1.0
    0.071180   -0.786068  0.000000  1.0
    0.071180   -0.784068  0.000000  1.0
    0.071180   -0.782068  0.000000  1.0
    0.071180   -0.780068  0.000000  1.0
    0.071180   -0.778068  0.000000  1.0
    0.071180   -0.776068  0.000000  1.0
    0.071180   -0.774068  0.000000  1.0
    0.071180   -0.772068  0.000000  1.0
    0.071180   -0.770068  0.000000  1.0
    0.071180   -0.768068  0.000000  1.0
    0.071180   -0.766068  0.000000  1.0
    0.071180   -0.764068  0.000000  1.0
    0.071180   -0.762068  0.000000  1.0
    0.071180   -0.760068  0.000000  1.0
    0.071180   -0.758068  0.000000  1.0
    0.071180   -0.756068  0.000000  1.0
    0.071180   -0.754068  0.000000  1.0
    0.071180   -0.752068  0.000000  1.0
    0.071180   -0.750068  0.000000  1.0
    0.071180   -0.748068  0.000000  1.0
    0.071180   -0.746068  0.000000  1.0
    0.071180   -0.744068  0.000000  1.0
    0.071180   -0.742068  0.000000  1.0
    0.071180   -0.740068  0.000000  1.0
    0.071180   -0.738068  0.000000  1.0
    0.071180   -0.736068  0.000000  1.0
    0.071180   -0.734068  0.000000  1.0
    0.071180   -0.732068  0.000000  1.0
    0.071180   -0.730068  0.000000  1.0
    0.071180   -0.728068  0.000000  1.0
    0.071180   -0.726068  0.000000  1.0
    0.071180   -0.724068  0.000000  1.0
    0.071180   -0.722068  0.000000  1.0
    0.071180   -0.720068  0.000000  1.0
    0.073180   -0.800068  0.000000  1.0
    0.073180   -0.798068  0.000000  1.0
    0.073180   -0.796068  0.000000  1.0
    0.073180   -0.794068  0.000000  1.0
    0.073180   -0.792068  0.000000  1.0
    0.073180   -0.790068  0.000000  1.0
    0.073180   -0.788068  0.000000  1.0
    0.073180   -0.786068  0.000000  1.0
    0.073180   -0.784068  0.000000  1.0
    0.073180   -0.782068  0.000000  1.0
    0.073180   -0.780068  0.000000  1.0
    0.073180   -0.778068  0.000000  1.0
    0.073180   -0.776068  0.000000  1.0
    0.073180   -0.774068  0.000000  1.0
    0.073180   -0.772068  0.000000  1.0
    0.073180   -0.770068  0.000000  1.0
    0.073180   -0.768068  0.000000  1.0
    0.073180   -0.766068  0.000000  1.0
    0.073180   -0.764068  0.000000  1.0
    0.073180   -0.762068  0.000000  1.0
    0.073180   -0.760068  0.000000  1.0
    0.073180   -0.758068  0.000000  1.0
    0.073180   -0.756068  0.000000  1.0
    0.073180   -0.754068  0.000000  1.0
    0.073180   -0.752068  0.000000  1.0
    0.073180   -0.750068  0.000000  1.0
    0.073180   -0.748068  0.000000  1.0
    0.073180   -0.746068  0.000000  1.0
    0.073180   -0.744068  0.000000  1.0
    0.073180   -0.742068  0.000000  1.0
    0.073180   -0.740068  0.000000  1.0
    0.073180   -0.738068  0.000000  1.0
    0.073180   -0.736068  0.000000  1.0
    0.073180   -0.734068  0.000000  1.0
    0.073180   -0.732068  0.000000  1.0
    0.073180   -0.730068  0.000000  1.0
    0.073180   -0.728068  0.000000  1.0
    0.073180   -0.726068  0.000000  1.0
    0.073180   -0.724068  0.000000  1.0
    0.073180   -0.722068  0.000000  1.0
    0.073180   -0.720068  0.000000  1.0
    0.075180   -0.800068  0.000000  1.0
    0.075180   -0.798068  0.000000  1.0
    0.075180   -0.796068  0.000000  1.0
    0.075180   -0.794068  0.000000  1.0
    0.075180   -0.792068  0.000000  1.0
    0.075180   -0.790068  0.000000  1.0
    0.075180   -0.788068  0.000000  1.0
    0.075180   -0.786068  0.000000  1.0
    0.075180   -0.784068  0.000000  1.0
    0.075180   -0.782068  0.000000  1.0
    0.075180   -0.780068  0.000000  1.0
    0.075180   -0.778068  0.000000  1.0
    0.075180   -0.776068  0.000000  1.0
    0.075180   -0.774068  0.000000  1.0
    0.075180   -0.772068  0.000000  1.0
    0.075180   -0.770068  0.000000  1.0
    0.075180   -0.768068  0.000000  1.0
    0.075180   -0.766068  0.000000  1.0
    0.075180   -0.764068  0.000000  1.0
    0.075180   -0.762068  0.000000  1.0
    0.075180   -0.760068  0.000000  1.0
    0.075180   -0.758068  0.000000  1.0
    0.075180   -0.756068  0.000000  1.0
    0.075180   -0.754068  0.000000  1.0
    0.075180   -0.752068  0.000000  1.0
    0.075180   -0.750068  0.000000  1.0
    0.075180   -0.748068  0.000000  1.0
    0.075180   -0.746068  0.000000  1.0
    0.075180   -0.744068  0.000000  1.0
    0.075180   -0.742068  0.000000  1.0
    0.075180   -0.740068  0.000000  1.0
    0.075180   -0.738068  0.000000  1.0
    0.075180   -0.736068  0.000000  1.0
    0.075180   -0.734068  0.000000  1.0
    0.075180   -0.732068  0.000000  1.0
    0.075180   -0.730068  0.000000  1.0
    0.075180   -0.728068  0.000000  1.0
    0.075180   -0.726068  0.000000  1.0
    0.075180   -0.724068  0.000000  1.0
    0.075180   -0.722068  0.000000  1.0
    0.075180   -0.720068  0.000000  1.0
    0.077180   -0.800068  0.000000  1.0
    0.077180   -0.798068  0.000000  1.0
    0.077180   -0.796068  0.000000  1.0
    0.077180   -0.794068  0.000000  1.0
    0.077180   -0.792068  0.000000  1.0
    0.077180   -0.790068  0.000000  1.0
    0.077180   -0.788068  0.000000  1.0
    0.077180   -0.786068  0.000000  1.0
    0.077180   -0.784068  0.000000  1.0
    0.077180   -0.782068  0.000000  1.0
    0.077180   -0.780068  0.000000  1.0
    0.077180   -0.778068  0.000000  1.0
    0.077180   -0.776068  0.000000  1.0
    0.077180   -0.774068  0.000000  1.0
    0.077180   -0.772068  0.000000  1.0
    0.077180   -0.770068  0.000000  1.0
    0.077180   -0.768068  0.000000  1.0
    0.077180   -0.766068  0.000000  1.0
    0.077180   -0.764068  0.000000  1.0
    0.077180   -0.762068  0.000000  1.0
    0.077180   -0.760068  0.000000  1.0
    0.077180   -0.758068  0.000000  1.0
    0.077180   -0.756068  0.000000  1.0
    0.077180   -0.754068  0.000000  1.0
    0.077180   -0.752068  0.000000  1.0
    0.077180   -0.750068  0.000000  1.0
    0.077180   -0.748068  0.000000  1.0
    0.077180   -0.746068  0.000000  1.0
    0.077180   -0.744068  0.000000  1.0
    0.077180   -0.742068  0.000000  1.0
    0.077180   -0.740068  0.000000  1.0
    0.077180   -0.738068  0.000000  1.0
    0.077180   -0.736068  0.000000  1.0
    0.077180   -0.734068  0.000000  1.0
    0.077180   -0.732068  0.000000  1.0
    0.077180   -0.730068  0.000000  1.0
    0.077180   -0.728068  0.000000  1.0
    0.077180   -0.726068  0.000000  1.0
    0.077180   -0.724068  0.000000  1.0
    0.077180   -0.722068  0.000000  1.0
    0.077180   -0.720068  0.000000  1.0
    0.079180   -0.800068  0.000000  1.0
    0.079180   -0.798068  0.000000  1.0
    0.079180   -0.796068  0.000000  1.0
    0.079180   -0.794068  0.000000  1.0
    0.079180   -0.792068  0.000000  1.0
    0.079180   -0.790068  0.000000  1.0
    0.079180   -0.788068  0.000000  1.0
    0.079180   -0.786068  0.000000  1.0
    0.079180   -0.784068  0.000000  1.0
    0.079180   -0.782068  0.000000  1.0
    0.079180   -0.780068  0.000000  1.0
    0.079180   -0.778068  0.000000  1.0
    0.079180   -0.776068  0.000000  1.0
    0.079180   -0.774068  0.000000  1.0
    0.079180   -0.772068  0.000000  1.0
    0.079180   -0.770068  0.000000  1.0
    0.079180   -0.768068  0.000000  1.0
    0.079180   -0.766068  0.000000  1.0
    0.079180   -0.764068  0.000000  1.0
    0.079180   -0.762068  0.000000  1.0
    0.079180   -0.760068  0.000000  1.0
    0.079180   -0.758068  0.000000  1.0
    0.079180   -0.756068  0.000000  1.0
    0.079180   -0.754068  0.000000  1.0
    0.079180   -0.752068  0.000000  1.0
    0.079180   -0.750068  0.000000  1.0
    0.079180   -0.748068  0.000000  1.0
    0.079180   -0.746068  0.000000  1.0
    0.079180   -0.744068  0.000000  1.0
    0.079180   -0.742068  0.000000  1.0
    0.079180   -0.740068  0.000000  1.0
    0.079180   -0.738068  0.000000  1.0
    0.079180   -0.736068  0.000000  1.0
    0.079180   -0.734068  0.000000  1.0
    0.079180   -0.732068  0.000000  1.0
    0.079180   -0.730068  0.000000  1.0
    0.079180   -0.728068  0.000000  1.0
    0.079180   -0.726068  0.000000  1.0
    0.079180   -0.724068  0.000000  1.0
    0.079180   -0.722068  0.000000  1.0
    0.079180   -0.720068  0.000000  1.0
    0.081180   -0.800068  0.000000  1.0
    0.081180   -0.798068  0.000000  1.0
    0.081180   -0.796068  0.000000  1.0
    0.081180   -0.794068  0.000000  1.0
    0.081180   -0.792068  0.000000  1.0
    0.081180   -0.790068  0.000000  1.0
    0.081180   -0.788068  0.000000  1.0
    0.081180   -0.786068  0.000000  1.0
    0.081180   -0.784068  0.000000  1.0
    0.081180   -0.782068  0.000000  1.0
    0.081180   -0.780068  0.000000  1.0
    0.081180   -0.778068  0.000000  1.0
    0.081180   -0.776068  0.000000  1.0
    0.081180   -0.774068  0.000000  1.0
    0.081180   -0.772068  0.000000  1.0
    0.081180   -0.770068  0.000000  1.0
    0.081180   -0.768068  0.000000  1.0
    0.081180   -0.766068  0.000000  1.0
    0.081180   -0.764068  0.000000  1.0
    0.081180   -0.762068  0.000000  1.0
    0.081180   -0.760068  0.000000  1.0
    0.081180   -0.758068  0.000000  1.0
    0.081180   -0.756068  0.000000  1.0
    0.081180   -0.754068  0.000000  1.0
    0.081180   -0.752068  0.000000  1.0
    0.081180   -0.750068  0.000000  1.0
    0.081180   -0.748068  0.000000  1.0
    0.081180   -0.746068  0.000000  1.0
    0.081180   -0.744068  0.000000  1.0
    0.081180   -0.742068  0.000000  1.0
    0.081180   -0.740068  0.000000  1.0
    0.081180   -0.738068  0.000000  1.0
    0.081180   -0.736068  0.000000  1.0
    0.081180   -0.734068  0.000000  1.0
    0.081180   -0.732068  0.000000  1.0
    0.081180   -0.730068  0.000000  1.0
    0.081180   -0.728068  0.000000  1.0
    0.081180   -0.726068  0.000000  1.0
    0.081180   -0.724068  0.000000  1.0
    0.081180   -0.722068  0.000000  1.0
    0.081180   -0.720068  0.000000  1.0
    0.083180   -0.800068  0.000000  1.0
    0.083180   -0.798068  0.000000  1.0
    0.083180   -0.796068  0.000000  1.0
    0.083180   -0.794068  0.000000  1.0
    0.083180   -0.792068  0.000000  1.0
    0.083180   -0.790068  0.000000  1.0
    0.083180   -0.788068  0.000000  1.0
    0.083180   -0.786068  0.000000  1.0
    0.083180   -0.784068  0.000000  1.0
    0.083180   -0.782068  0.000000  1.0
    0.083180   -0.780068  0.000000  1.0
    0.083180   -0.778068  0.000000  1.0
    0.083180   -0.776068  0.000000  1.0
    0.083180   -0.774068  0.000000  1.0
    0.083180   -0.772068  0.000000  1.0
    0.083180   -0.770068  0.000000  1.0
    0.083180   -0.768068  0.000000  1.0
    0.083180   -0.766068  0.000000  1.0
    0.083180   -0.764068  0.000000  1.0
    0.083180   -0.762068  0.000000  1.0
    0.083180   -0.760068  0.000000  1.0
    0.083180   -0.758068  0.000000  1.0
    0.083180   -0.756068  0.000000  1.0
    0.083180   -0.754068  0.000000  1.0
    0.083180   -0.752068  0.000000  1.0
    0.083180   -0.750068  0.000000  1.0
    0.083180   -0.748068  0.000000  1.0
    0.083180   -0.746068  0.000000  1.0
    0.083180   -0.744068  0.000000  1.0
    0.083180   -0.742068  0.000000  1.0
    0.083180   -0.740068  0.000000  1.0
    0.083180   -0.738068  0.000000  1.0
    0.083180   -0.736068  0.000000  1.0
    0.083180   -0.734068  0.000000  1.0
    0.083180   -0.732068  0.000000  1.0
    0.083180   -0.730068  0.000000  1.0
    0.083180   -0.728068  0.000000  1.0
    0.083180   -0.726068  0.000000  1.0
    0.083180   -0.724068  0.000000  1.0
    0.083180   -0.722068  0.000000  1.0
    0.083180   -0.720068  0.000000  1.0
    0.085180   -0.800068  0.000000  1.0
    0.085180   -0.798068  0.000000  1.0
    0.085180   -0.796068  0.000000  1.0
    0.085180   -0.794068  0.000000  1.0
    0.085180   -0.792068  0.000000  1.0
    0.085180   -0.790068  0.000000  1.0
    0.085180   -0.788068  0.000000  1.0
    0.085180   -0.786068  0.000000  1.0
    0.085180   -0.784068  0.000000  1.0
    0.085180   -0.782068  0.000000  1.0
    0.085180   -0.780068  0.000000  1.0
    0.085180   -0.778068  0.000000  1.0
    0.085180   -0.776068  0.000000  1.0
    0.085180   -0.774068  0.000000  1.0
    0.085180   -0.772068  0.000000  1.0
    0.085180   -0.770068  0.000000  1.0
    0.085180   -0.768068  0.000000  1.0
    0.085180   -0.766068  0.000000  1.0
    0.085180   -0.764068  0.000000  1.0
    0.085180   -0.762068  0.000000  1.0
    0.085180   -0.760068  0.000000  1.0
    0.085180   -0.758068  0.000000  1.0
    0.085180   -0.756068  0.000000  1.0
    0.085180   -0.754068  0.000000  1.0
    0.085180   -0.752068  0.000000  1.0
    0.085180   -0.750068  0.000000  1.0
    0.085180   -0.748068  0.000000  1.0
    0.085180   -0.746068  0.000000  1.0
    0.085180   -0.744068  0.000000  1.0
    0.085180   -0.742068  0.000000  1.0
    0.085180   -0.740068  0.000000  1.0
    0.085180   -0.738068  0.000000  1.0
    0.085180   -0.736068  0.000000  1.0
    0.085180   -0.734068  0.000000  1.0
    0.085180   -0.732068  0.000000  1.0
    0.085180   -0.730068  0.000000  1.0
    0.085180   -0.728068  0.000000  1.0
    0.085180   -0.726068  0.000000  1.0
    0.085180   -0.724068  0.000000  1.0
    0.085180   -0.722068  0.000000  1.0
    0.085180   -0.720068  0.000000  1.0
    0.087180   -0.800068  0.000000  1.0
    0.087180   -0.798068  0.000000  1.0
    0.087180   -0.796068  0.000000  1.0
    0.087180   -0.794068  0.000000  1.0
    0.087180   -0.792068  0.000000  1.0
    0.087180   -0.790068  0.000000  1.0
    0.087180   -0.788068  0.000000  1.0
    0.087180   -0.786068  0.000000  1.0
    0.087180   -0.784068  0.000000  1.0
    0.087180   -0.782068  0.000000  1.0
    0.087180   -0.780068  0.000000  1.0
    0.087180   -0.778068  0.000000  1.0
    0.087180   -0.776068  0.000000  1.0
    0.087180   -0.774068  0.000000  1.0
    0.087180   -0.772068  0.000000  1.0
    0.087180   -0.770068  0.000000  1.0
    0.087180   -0.768068  0.000000  1.0
    0.087180   -0.766068  0.000000  1.0
    0.087180   -0.764068  0.000000  1.0
    0.087180   -0.762068  0.000000  1.0
    0.087180   -0.760068  0.000000  1.0
    0.087180   -0.758068  0.000000  1.0
    0.087180   -0.756068  0.000000  1.0
    0.087180   -0.754068  0.000000  1.0
    0.087180   -0.752068  0.000000  1.0
    0.087180   -0.750068  0.000000  1.0
    0.087180   -0.748068  0.000000  1.0
    0.087180   -0.746068  0.000000  1.0
    0.087180   -0.744068  0.000000  1.0
    0.087180   -0.742068  0.000000  1.0
    0.087180   -0.740068  0.000000  1.0
    0.087180   -0.738068  0.000000  1.0
    0.087180   -0.736068  0.000000  1.0
    0.087180   -0.734068  0.000000  1.0
    0.087180   -0.732068  0.000000  1.0
    0.087180   -0.730068  0.000000  1.0
    0.087180   -0.728068  0.000000  1.0
    0.087180   -0.726068  0.000000  1.0
    0.087180   -0.724068  0.000000  1.0
    0.087180   -0.722068  0.000000  1.0
    0.087180   -0.720068  0.000000  1.0
    0.089180   -0.800068  0.000000  1.0
    0.089180   -0.798068  0.000000  1.0
    0.089180   -0.796068  0.000000  1.0
    0.089180   -0.794068  0.000000  1.0
    0.089180   -0.792068  0.000000  1.0
    0.089180   -0.790068  0.000000  1.0
    0.089180   -0.788068  0.000000  1.0
    0.089180   -0.786068  0.000000  1.0
    0.089180   -0.784068  0.000000  1.0
    0.089180   -0.782068  0.000000  1.0
    0.089180   -0.780068  0.000000  1.0
    0.089180   -0.778068  0.000000  1.0
    0.089180   -0.776068  0.000000  1.0
    0.089180   -0.774068  0.000000  1.0
    0.089180   -0.772068  0.000000  1.0
    0.089180   -0.770068  0.000000  1.0
    0.089180   -0.768068  0.000000  1.0
    0.089180   -0.766068  0.000000  1.0
    0.089180   -0.764068  0.000000  1.0
    0.089180   -0.762068  0.000000  1.0
    0.089180   -0.760068  0.000000  1.0
    0.089180   -0.758068  0.000000  1.0
    0.089180   -0.756068  0.000000  1.0
    0.089180   -0.754068  0.000000  1.0
    0.089180   -0.752068  0.000000  1.0
    0.089180   -0.750068  0.000000  1.0
    0.089180   -0.748068  0.000000  1.0
    0.089180   -0.746068  0.000000  1.0
    0.089180   -0.744068  0.000000  1.0
    0.089180   -0.742068  0.000000  1.0
    0.089180   -0.740068  0.000000  1.0
    0.089180   -0.738068  0.000000  1.0
    0.089180   -0.736068  0.000000  1.0
    0.089180   -0.734068  0.000000  1.0
    0.089180   -0.732068  0.000000  1.0
    0.089180   -0.730068  0.000000  1.0
    0.089180   -0.728068  0.000000  1.0
    0.089180   -0.726068  0.000000  1.0
    0.089180   -0.724068  0.000000  1.0
    0.089180   -0.722068  0.000000  1.0
    0.089180   -0.720068  0.000000  1.0
