    1.722394366022649       -0.3053857000178223       -2.7399809224902070E-005 
   1.2010400171511692E-003   -1.027948612931419        1.9282380985687618E-005 
  -1.5991044086494579E-003   0.9622402606527942        1.7622367149841726E-002 
   4.1415509058961714E-006  -8.6529348821731846E-005   0.1875429612597737      
  -3.3202173846173739E-006   1.2412497803671057E-004  -0.1639850057771562      
    2.925148888309450       -2.8219850261129864E-007  -7.6056228875042764E-007 
   -3.211822986969650        1.7401131917031364E-006  -7.8656201635064250E-006 
    5.660120914440665        3.6458707611615113E-003  -3.7511499201326970E-007 
   -8.385342113314017       -3.2150398534341058E-003    6.752512254682907      
  -4.3822594288992756E-006  -3.1439669448723043E-003   -9.814484268368982      
   0.9159309158819396       -3.1168605406120770E-007   9.0219638913275135E-006 
    3.165855129194830        2.6159348488920767E-003    3.684380033713719      
    1.722143053360723       -0.3050479075796427       -2.6877880546307246E-005 
  -8.0114070263776242E-004    1.027819712376261        1.8409952473700527E-005 
   6.2284489577698113E-004  -0.9623689083757130        1.7593906526385591E-002 
   4.0609675649384789E-006   7.1234213801406080E-005  -0.1871598319130780      
  -3.2726134137328784E-006  -6.2370365277240314E-005   0.1637212063455944      
    2.925109845686777        2.4150385628257654E-007   7.7735547132046867E-007 
   -3.211687752234970       -6.9708465056336815E-007   6.1471432484359739E-006 
    5.659566631317513        3.2764499440727942E-003  -3.4442373679198820E-007 
   -8.383817502749892       -2.5645361801181921E-003    6.752805211224859      
   6.1325998404596202E-006  -2.4449983562976362E-003   -9.814915602737150      
   0.9158731707512309        5.8329162388790704E-007  -9.1824029257620653E-006 
    3.165067086838278        1.9107390319439512E-003    3.684575377116251     
