    1.725833108079548       -0.3122059154262139       -9.7728862185993214E-006 
   1.3103982839021251E-003  -0.9238520155408867        6.7963518102266170E-006 
  -1.6672486931120477E-003   0.8633643210511008        1.8126673682958859E-002 
   1.4693441165643319E-006  -1.7139631534801502E-004   0.1697217170115138      
  -1.1653922705535932E-006   1.8661037322855332E-004  -0.1487963810698703      
    2.955441326556824       -1.3951862643596751E-006  -1.6931575436342498E-006 
   -3.271527469311167        2.8663943622408901E-006  -9.2495057409249938E-007 
    5.882844562767878        3.4868251477759801E-003   4.9543102957694629E-007 
   -8.753570895677299       -3.0675789402640273E-003    6.802661731372289      
   5.4004765187119836E-009  -2.9866493912508864E-003   -9.914677573254689      
   0.9401845308250918       -1.1320172051152693E-006   1.7075807480131775E-006 
    3.318122555691448        2.4929123451802354E-003    3.728445401138126      
    1.725546570568747       -0.3118471999005382       -1.0078571298698535E-005 
  -8.2707328153039427E-004   0.9236887546356515        7.1419473009852020E-006 
   6.6296224552722357E-004  -0.8633688178324520        1.8096493038727953E-002 
   1.6821151059145366E-006   4.0002520443086482E-005  -0.1693706015772082      
  -1.3260506780683394E-006  -4.1919709261433740E-005   0.1485473694975254      
    2.955482201803289       -4.4712794532112614E-007   2.6785649452681209E-007 
   -3.271537568058919       -5.5230503675098888E-008   2.9758476914599345E-006 
    5.882385384832748        3.2248677155763935E-003   3.1334769204244517E-007 
   -8.752302310316516       -2.5539774669957162E-003    6.802937447394029      
   9.8942188711174344E-007  -2.4501484644205811E-003   -9.915053687817894      
   0.9401810756989253       -1.4358713502721891E-007  -2.9319203318252731E-006 
    3.317468119197724        1.9328188010047575E-003    3.728605796482654     
