    1.724103614439452       -0.2850998744236274       -9.0524521969680883E-006 
   2.6965366430337963E-004   -1.360186660632261        5.4303345157357873E-006 
  -6.1457525745884072E-004    1.285938386608890        1.6385597539792875E-002 
   7.9737529089750756E-007   2.4504406388746279E-004   0.2455016121203987      
  -7.3986522957927490E-007  -1.4124375291316429E-004  -0.2122369568601347      
    2.853292061127889       -2.2250836255622828E-006  -3.2229962688007459E-006 
   -3.064588060882272        4.6271731416214708E-006  -1.2740561100925598E-006 
    4.929788842681247        2.2454417814231436E-003   8.8414058875853049E-007 
   -7.171360331414726       -1.9969528533860916E-003    6.612545835047791      
   2.5251201570316025E-007  -2.0074681014587499E-003   -9.532538751769541      
   0.8530792566698128       -2.0390993912542705E-006   1.8130052420753635E-006 
    2.665431736454931        1.6421739325595743E-003    3.564678281453701      
    1.724022967372991       -0.2849203142424228       -8.9643936556944396E-006 
  -3.5960244158547179E-004    1.360042515287984        5.2847771431308670E-006 
   1.8548481836725564E-004   -1.286196094688863        1.6368103111391887E-002 
   7.1503719301672452E-007   1.4530174678353635E-004  -0.2449868564617596      
  -7.0163308175393314E-007  -1.0199317163542856E-004   0.2119033662870335      
    2.853184578957375        1.0771260234132264E-006   2.9646489696451257E-006 
   -3.064402688244056       -2.5707408569954668E-006   9.1074863666160330E-007 
    4.929012301641597        1.6365744010655220E-003  -5.9468131815298865E-007 
   -7.169353158431215       -1.1111215506907043E-003    6.612991023560735      
   8.9861305737974191E-007  -9.7958056879380705E-004   -9.533375254531439      
   0.8530124117356885        1.2991397589709424E-006  -2.4797103363898744E-006 
    2.664418814141330        6.7767412197260949E-004    3.565084483141855     
