    1.721035376518172       -0.2939875766735615       -3.9292290154620564E-007 
   6.7420255538471277E-004   -1.236004467278779        8.7780961755613913E-008 
  -1.0807824323604601E-003    1.161275086024037        1.6850313627816322E-002 
   5.0684627678141166E-008   1.1497036115609566E-004   0.2229866521079863      
  -2.7394694313031699E-008  -3.4528869230368272E-005  -0.1939163323023265      
    2.885430838882227       -8.0352882707653987E-009  -6.6016703328909510E-007 
   -3.124149473324411        1.3289287276130671E-008   2.8319605791226633E-007 
    5.227278671885164        2.8978338539814080E-003  -5.3413207842747136E-009 
   -7.666874625834520       -2.5616957890045632E-003    6.681899291319045      
   5.9496867248859485E-007  -2.5281305692001466E-003   -9.667706957214197      
   0.8784839470609295        1.2908175343985793E-009  -3.3614791554370130E-007 
    2.869361117895445        2.0799892781137538E-003    3.620577389109871      
    1.720860163987693       -0.2937424403202178       -3.0153953850143091E-007 
  -5.3227888064931992E-004    1.235952705796476       -3.2261240825572412E-008 
   3.3827467208616570E-004   -1.161601395936271        1.6828665532868832E-002 
   4.2667699356716188E-008   1.2365009492852321E-004  -0.2225378200582222      
  -2.3448528908082535E-008  -9.0484454046076341E-005   0.1936251598037111      
    2.885315243203881       -9.3889054203040880E-009   4.0823215658307195E-007 
   -3.124108178300252       -1.9093025191998115E-008  -7.8816865557721575E-008 
    5.226700501503669        2.4335411191487312E-003   3.3283999012226687E-008 
   -7.665328034186329       -1.7971926224263403E-003    6.682455649992399      
  -2.9056680303776103E-007  -1.6691777197836071E-003   -9.668809248799908      
   0.8784903063919067       -3.5606610636873381E-009   8.3282167388050014E-008 
    2.868569202879694        1.2468191900524268E-003    3.621117526871292     
