&CONTROL
  calculation = 'bands'
  prefix = 'graphene24.0upper'
  outdir = './tmp'
  pseudo_dir = './'
  verbosity = 'high'
/
&SYSTEM
  ibrav = 0
  nat = 2
  ntyp = 1
  ecutwfc = 40.0
  nosym = .true.
  noinv = .true.
  nbnd = 8
/
&ELECTRONS
/
ATOMIC_SPECIES
  C  12.011 C.pbe-n-kjpaw_psl.1.0.0.UPF
CELL_PARAMETERS {bohr}
  5.736145  0.000000  0.000000
  2.868073  3.847523  0.000000
  0.000000  0.000000  28.346456
ATOMIC_POSITIONS {crystal}
  C  -0.000179  0.000453  0.000000
  C  0.333512  0.332880  0.000000
K_POINTS {tpiba}
1681
   -0.154754    0.705434  0.000000  1.0
   -0.154754    0.707434  0.000000  1.0
   -0.154754    0.709434  0.000000  1.0
   -0.154754    0.711434  0.000000  1.0
   -0.154754    0.713434  0.000000  1.0
   -0.154754    0.715434  0.000000  1.0
   -0.154754    0.717434  0.000000  1.0
   -0.154754    0.719434  0.000000  1.0
   -0.154754    0.721434  0.000000  1.0
   -0.154754    0.723434  0.000000  1.0
   -0.154754    0.725434  0.000000  1.0
   -0.154754    0.727434  0.000000  1.0
   -0.154754    0.729434  0.000000  1.0
   -0.154754    0.731434  0.000000  1.0
   -0.154754    0.733434  0.000000  1.0
   -0.154754    0.735434  0.000000  1.0
   -0.154754    0.737434  0.000000  1.0
   -0.154754    0.739434  0.000000  1.0
   -0.154754    0.741434  0.000000  1.0
   -0.154754    0.743434  0.000000  1.0
   -0.154754    0.745434  0.000000  1.0
   -0.154754    0.747434  0.000000  1.0
   -0.154754    0.749434  0.000000  1.0
   -0.154754    0.751434  0.000000  1.0
   -0.154754    0.753434  0.000000  1.0
   -0.154754    0.755434  0.000000  1.0
   -0.154754    0.757434  0.000000  1.0
   -0.154754    0.759434  0.000000  1.0
   -0.154754    0.761434  0.000000  1.0
   -0.154754    0.763434  0.000000  1.0
   -0.154754    0.765434  0.000000  1.0
   -0.154754    0.767434  0.000000  1.0
   -0.154754    0.769434  0.000000  1.0
   -0.154754    0.771434  0.000000  1.0
   -0.154754    0.773434  0.000000  1.0
   -0.154754    0.775434  0.000000  1.0
   -0.154754    0.777434  0.000000  1.0
   -0.154754    0.779434  0.000000  1.0
   -0.154754    0.781434  0.000000  1.0
   -0.154754    0.783434  0.000000  1.0
   -0.154754    0.785434  0.000000  1.0
   -0.152754    0.705434  0.000000  1.0
   -0.152754    0.707434  0.000000  1.0
   -0.152754    0.709434  0.000000  1.0
   -0.152754    0.711434  0.000000  1.0
   -0.152754    0.713434  0.000000  1.0
   -0.152754    0.715434  0.000000  1.0
   -0.152754    0.717434  0.000000  1.0
   -0.152754    0.719434  0.000000  1.0
   -0.152754    0.721434  0.000000  1.0
   -0.152754    0.723434  0.000000  1.0
   -0.152754    0.725434  0.000000  1.0
   -0.152754    0.727434  0.000000  1.0
   -0.152754    0.729434  0.000000  1.0
   -0.152754    0.731434  0.000000  1.0
   -0.152754    0.733434  0.000000  1.0
   -0.152754    0.735434  0.000000  1.0
   -0.152754    0.737434  0.000000  1.0
   -0.152754    0.739434  0.000000  1.0
   -0.152754    0.741434  0.000000  1.0
   -0.152754    0.743434  0.000000  1.0
   -0.152754    0.745434  0.000000  1.0
   -0.152754    0.747434  0.000000  1.0
   -0.152754    0.749434  0.000000  1.0
   -0.152754    0.751434  0.000000  1.0
   -0.152754    0.753434  0.000000  1.0
   -0.152754    0.755434  0.000000  1.0
   -0.152754    0.757434  0.000000  1.0
   -0.152754    0.759434  0.000000  1.0
   -0.152754    0.761434  0.000000  1.0
   -0.152754    0.763434  0.000000  1.0
   -0.152754    0.765434  0.000000  1.0
   -0.152754    0.767434  0.000000  1.0
   -0.152754    0.769434  0.000000  1.0
   -0.152754    0.771434  0.000000  1.0
   -0.152754    0.773434  0.000000  1.0
   -0.152754    0.775434  0.000000  1.0
   -0.152754    0.777434  0.000000  1.0
   -0.152754    0.779434  0.000000  1.0
   -0.152754    0.781434  0.000000  1.0
   -0.152754    0.783434  0.000000  1.0
   -0.152754    0.785434  0.000000  1.0
   -0.150754    0.705434  0.000000  1.0
   -0.150754    0.707434  0.000000  1.0
   -0.150754    0.709434  0.000000  1.0
   -0.150754    0.711434  0.000000  1.0
   -0.150754    0.713434  0.000000  1.0
   -0.150754    0.715434  0.000000  1.0
   -0.150754    0.717434  0.000000  1.0
   -0.150754    0.719434  0.000000  1.0
   -0.150754    0.721434  0.000000  1.0
   -0.150754    0.723434  0.000000  1.0
   -0.150754    0.725434  0.000000  1.0
   -0.150754    0.727434  0.000000  1.0
   -0.150754    0.729434  0.000000  1.0
   -0.150754    0.731434  0.000000  1.0
   -0.150754    0.733434  0.000000  1.0
   -0.150754    0.735434  0.000000  1.0
   -0.150754    0.737434  0.000000  1.0
   -0.150754    0.739434  0.000000  1.0
   -0.150754    0.741434  0.000000  1.0
   -0.150754    0.743434  0.000000  1.0
   -0.150754    0.745434  0.000000  1.0
   -0.150754    0.747434  0.000000  1.0
   -0.150754    0.749434  0.000000  1.0
   -0.150754    0.751434  0.000000  1.0
   -0.150754    0.753434  0.000000  1.0
   -0.150754    0.755434  0.000000  1.0
   -0.150754    0.757434  0.000000  1.0
   -0.150754    0.759434  0.000000  1.0
   -0.150754    0.761434  0.000000  1.0
   -0.150754    0.763434  0.000000  1.0
   -0.150754    0.765434  0.000000  1.0
   -0.150754    0.767434  0.000000  1.0
   -0.150754    0.769434  0.000000  1.0
   -0.150754    0.771434  0.000000  1.0
   -0.150754    0.773434  0.000000  1.0
   -0.150754    0.775434  0.000000  1.0
   -0.150754    0.777434  0.000000  1.0
   -0.150754    0.779434  0.000000  1.0
   -0.150754    0.781434  0.000000  1.0
   -0.150754    0.783434  0.000000  1.0
   -0.150754    0.785434  0.000000  1.0
   -0.148754    0.705434  0.000000  1.0
   -0.148754    0.707434  0.000000  1.0
   -0.148754    0.709434  0.000000  1.0
   -0.148754    0.711434  0.000000  1.0
   -0.148754    0.713434  0.000000  1.0
   -0.148754    0.715434  0.000000  1.0
   -0.148754    0.717434  0.000000  1.0
   -0.148754    0.719434  0.000000  1.0
   -0.148754    0.721434  0.000000  1.0
   -0.148754    0.723434  0.000000  1.0
   -0.148754    0.725434  0.000000  1.0
   -0.148754    0.727434  0.000000  1.0
   -0.148754    0.729434  0.000000  1.0
   -0.148754    0.731434  0.000000  1.0
   -0.148754    0.733434  0.000000  1.0
   -0.148754    0.735434  0.000000  1.0
   -0.148754    0.737434  0.000000  1.0
   -0.148754    0.739434  0.000000  1.0
   -0.148754    0.741434  0.000000  1.0
   -0.148754    0.743434  0.000000  1.0
   -0.148754    0.745434  0.000000  1.0
   -0.148754    0.747434  0.000000  1.0
   -0.148754    0.749434  0.000000  1.0
   -0.148754    0.751434  0.000000  1.0
   -0.148754    0.753434  0.000000  1.0
   -0.148754    0.755434  0.000000  1.0
   -0.148754    0.757434  0.000000  1.0
   -0.148754    0.759434  0.000000  1.0
   -0.148754    0.761434  0.000000  1.0
   -0.148754    0.763434  0.000000  1.0
   -0.148754    0.765434  0.000000  1.0
   -0.148754    0.767434  0.000000  1.0
   -0.148754    0.769434  0.000000  1.0
   -0.148754    0.771434  0.000000  1.0
   -0.148754    0.773434  0.000000  1.0
   -0.148754    0.775434  0.000000  1.0
   -0.148754    0.777434  0.000000  1.0
   -0.148754    0.779434  0.000000  1.0
   -0.148754    0.781434  0.000000  1.0
   -0.148754    0.783434  0.000000  1.0
   -0.148754    0.785434  0.000000  1.0
   -0.146754    0.705434  0.000000  1.0
   -0.146754    0.707434  0.000000  1.0
   -0.146754    0.709434  0.000000  1.0
   -0.146754    0.711434  0.000000  1.0
   -0.146754    0.713434  0.000000  1.0
   -0.146754    0.715434  0.000000  1.0
   -0.146754    0.717434  0.000000  1.0
   -0.146754    0.719434  0.000000  1.0
   -0.146754    0.721434  0.000000  1.0
   -0.146754    0.723434  0.000000  1.0
   -0.146754    0.725434  0.000000  1.0
   -0.146754    0.727434  0.000000  1.0
   -0.146754    0.729434  0.000000  1.0
   -0.146754    0.731434  0.000000  1.0
   -0.146754    0.733434  0.000000  1.0
   -0.146754    0.735434  0.000000  1.0
   -0.146754    0.737434  0.000000  1.0
   -0.146754    0.739434  0.000000  1.0
   -0.146754    0.741434  0.000000  1.0
   -0.146754    0.743434  0.000000  1.0
   -0.146754    0.745434  0.000000  1.0
   -0.146754    0.747434  0.000000  1.0
   -0.146754    0.749434  0.000000  1.0
   -0.146754    0.751434  0.000000  1.0
   -0.146754    0.753434  0.000000  1.0
   -0.146754    0.755434  0.000000  1.0
   -0.146754    0.757434  0.000000  1.0
   -0.146754    0.759434  0.000000  1.0
   -0.146754    0.761434  0.000000  1.0
   -0.146754    0.763434  0.000000  1.0
   -0.146754    0.765434  0.000000  1.0
   -0.146754    0.767434  0.000000  1.0
   -0.146754    0.769434  0.000000  1.0
   -0.146754    0.771434  0.000000  1.0
   -0.146754    0.773434  0.000000  1.0
   -0.146754    0.775434  0.000000  1.0
   -0.146754    0.777434  0.000000  1.0
   -0.146754    0.779434  0.000000  1.0
   -0.146754    0.781434  0.000000  1.0
   -0.146754    0.783434  0.000000  1.0
   -0.146754    0.785434  0.000000  1.0
   -0.144754    0.705434  0.000000  1.0
   -0.144754    0.707434  0.000000  1.0
   -0.144754    0.709434  0.000000  1.0
   -0.144754    0.711434  0.000000  1.0
   -0.144754    0.713434  0.000000  1.0
   -0.144754    0.715434  0.000000  1.0
   -0.144754    0.717434  0.000000  1.0
   -0.144754    0.719434  0.000000  1.0
   -0.144754    0.721434  0.000000  1.0
   -0.144754    0.723434  0.000000  1.0
   -0.144754    0.725434  0.000000  1.0
   -0.144754    0.727434  0.000000  1.0
   -0.144754    0.729434  0.000000  1.0
   -0.144754    0.731434  0.000000  1.0
   -0.144754    0.733434  0.000000  1.0
   -0.144754    0.735434  0.000000  1.0
   -0.144754    0.737434  0.000000  1.0
   -0.144754    0.739434  0.000000  1.0
   -0.144754    0.741434  0.000000  1.0
   -0.144754    0.743434  0.000000  1.0
   -0.144754    0.745434  0.000000  1.0
   -0.144754    0.747434  0.000000  1.0
   -0.144754    0.749434  0.000000  1.0
   -0.144754    0.751434  0.000000  1.0
   -0.144754    0.753434  0.000000  1.0
   -0.144754    0.755434  0.000000  1.0
   -0.144754    0.757434  0.000000  1.0
   -0.144754    0.759434  0.000000  1.0
   -0.144754    0.761434  0.000000  1.0
   -0.144754    0.763434  0.000000  1.0
   -0.144754    0.765434  0.000000  1.0
   -0.144754    0.767434  0.000000  1.0
   -0.144754    0.769434  0.000000  1.0
   -0.144754    0.771434  0.000000  1.0
   -0.144754    0.773434  0.000000  1.0
   -0.144754    0.775434  0.000000  1.0
   -0.144754    0.777434  0.000000  1.0
   -0.144754    0.779434  0.000000  1.0
   -0.144754    0.781434  0.000000  1.0
   -0.144754    0.783434  0.000000  1.0
   -0.144754    0.785434  0.000000  1.0
   -0.142754    0.705434  0.000000  1.0
   -0.142754    0.707434  0.000000  1.0
   -0.142754    0.709434  0.000000  1.0
   -0.142754    0.711434  0.000000  1.0
   -0.142754    0.713434  0.000000  1.0
   -0.142754    0.715434  0.000000  1.0
   -0.142754    0.717434  0.000000  1.0
   -0.142754    0.719434  0.000000  1.0
   -0.142754    0.721434  0.000000  1.0
   -0.142754    0.723434  0.000000  1.0
   -0.142754    0.725434  0.000000  1.0
   -0.142754    0.727434  0.000000  1.0
   -0.142754    0.729434  0.000000  1.0
   -0.142754    0.731434  0.000000  1.0
   -0.142754    0.733434  0.000000  1.0
   -0.142754    0.735434  0.000000  1.0
   -0.142754    0.737434  0.000000  1.0
   -0.142754    0.739434  0.000000  1.0
   -0.142754    0.741434  0.000000  1.0
   -0.142754    0.743434  0.000000  1.0
   -0.142754    0.745434  0.000000  1.0
   -0.142754    0.747434  0.000000  1.0
   -0.142754    0.749434  0.000000  1.0
   -0.142754    0.751434  0.000000  1.0
   -0.142754    0.753434  0.000000  1.0
   -0.142754    0.755434  0.000000  1.0
   -0.142754    0.757434  0.000000  1.0
   -0.142754    0.759434  0.000000  1.0
   -0.142754    0.761434  0.000000  1.0
   -0.142754    0.763434  0.000000  1.0
   -0.142754    0.765434  0.000000  1.0
   -0.142754    0.767434  0.000000  1.0
   -0.142754    0.769434  0.000000  1.0
   -0.142754    0.771434  0.000000  1.0
   -0.142754    0.773434  0.000000  1.0
   -0.142754    0.775434  0.000000  1.0
   -0.142754    0.777434  0.000000  1.0
   -0.142754    0.779434  0.000000  1.0
   -0.142754    0.781434  0.000000  1.0
   -0.142754    0.783434  0.000000  1.0
   -0.142754    0.785434  0.000000  1.0
   -0.140754    0.705434  0.000000  1.0
   -0.140754    0.707434  0.000000  1.0
   -0.140754    0.709434  0.000000  1.0
   -0.140754    0.711434  0.000000  1.0
   -0.140754    0.713434  0.000000  1.0
   -0.140754    0.715434  0.000000  1.0
   -0.140754    0.717434  0.000000  1.0
   -0.140754    0.719434  0.000000  1.0
   -0.140754    0.721434  0.000000  1.0
   -0.140754    0.723434  0.000000  1.0
   -0.140754    0.725434  0.000000  1.0
   -0.140754    0.727434  0.000000  1.0
   -0.140754    0.729434  0.000000  1.0
   -0.140754    0.731434  0.000000  1.0
   -0.140754    0.733434  0.000000  1.0
   -0.140754    0.735434  0.000000  1.0
   -0.140754    0.737434  0.000000  1.0
   -0.140754    0.739434  0.000000  1.0
   -0.140754    0.741434  0.000000  1.0
   -0.140754    0.743434  0.000000  1.0
   -0.140754    0.745434  0.000000  1.0
   -0.140754    0.747434  0.000000  1.0
   -0.140754    0.749434  0.000000  1.0
   -0.140754    0.751434  0.000000  1.0
   -0.140754    0.753434  0.000000  1.0
   -0.140754    0.755434  0.000000  1.0
   -0.140754    0.757434  0.000000  1.0
   -0.140754    0.759434  0.000000  1.0
   -0.140754    0.761434  0.000000  1.0
   -0.140754    0.763434  0.000000  1.0
   -0.140754    0.765434  0.000000  1.0
   -0.140754    0.767434  0.000000  1.0
   -0.140754    0.769434  0.000000  1.0
   -0.140754    0.771434  0.000000  1.0
   -0.140754    0.773434  0.000000  1.0
   -0.140754    0.775434  0.000000  1.0
   -0.140754    0.777434  0.000000  1.0
   -0.140754    0.779434  0.000000  1.0
   -0.140754    0.781434  0.000000  1.0
   -0.140754    0.783434  0.000000  1.0
   -0.140754    0.785434  0.000000  1.0
   -0.138754    0.705434  0.000000  1.0
   -0.138754    0.707434  0.000000  1.0
   -0.138754    0.709434  0.000000  1.0
   -0.138754    0.711434  0.000000  1.0
   -0.138754    0.713434  0.000000  1.0
   -0.138754    0.715434  0.000000  1.0
   -0.138754    0.717434  0.000000  1.0
   -0.138754    0.719434  0.000000  1.0
   -0.138754    0.721434  0.000000  1.0
   -0.138754    0.723434  0.000000  1.0
   -0.138754    0.725434  0.000000  1.0
   -0.138754    0.727434  0.000000  1.0
   -0.138754    0.729434  0.000000  1.0
   -0.138754    0.731434  0.000000  1.0
   -0.138754    0.733434  0.000000  1.0
   -0.138754    0.735434  0.000000  1.0
   -0.138754    0.737434  0.000000  1.0
   -0.138754    0.739434  0.000000  1.0
   -0.138754    0.741434  0.000000  1.0
   -0.138754    0.743434  0.000000  1.0
   -0.138754    0.745434  0.000000  1.0
   -0.138754    0.747434  0.000000  1.0
   -0.138754    0.749434  0.000000  1.0
   -0.138754    0.751434  0.000000  1.0
   -0.138754    0.753434  0.000000  1.0
   -0.138754    0.755434  0.000000  1.0
   -0.138754    0.757434  0.000000  1.0
   -0.138754    0.759434  0.000000  1.0
   -0.138754    0.761434  0.000000  1.0
   -0.138754    0.763434  0.000000  1.0
   -0.138754    0.765434  0.000000  1.0
   -0.138754    0.767434  0.000000  1.0
   -0.138754    0.769434  0.000000  1.0
   -0.138754    0.771434  0.000000  1.0
   -0.138754    0.773434  0.000000  1.0
   -0.138754    0.775434  0.000000  1.0
   -0.138754    0.777434  0.000000  1.0
   -0.138754    0.779434  0.000000  1.0
   -0.138754    0.781434  0.000000  1.0
   -0.138754    0.783434  0.000000  1.0
   -0.138754    0.785434  0.000000  1.0
   -0.136754    0.705434  0.000000  1.0
   -0.136754    0.707434  0.000000  1.0
   -0.136754    0.709434  0.000000  1.0
   -0.136754    0.711434  0.000000  1.0
   -0.136754    0.713434  0.000000  1.0
   -0.136754    0.715434  0.000000  1.0
   -0.136754    0.717434  0.000000  1.0
   -0.136754    0.719434  0.000000  1.0
   -0.136754    0.721434  0.000000  1.0
   -0.136754    0.723434  0.000000  1.0
   -0.136754    0.725434  0.000000  1.0
   -0.136754    0.727434  0.000000  1.0
   -0.136754    0.729434  0.000000  1.0
   -0.136754    0.731434  0.000000  1.0
   -0.136754    0.733434  0.000000  1.0
   -0.136754    0.735434  0.000000  1.0
   -0.136754    0.737434  0.000000  1.0
   -0.136754    0.739434  0.000000  1.0
   -0.136754    0.741434  0.000000  1.0
   -0.136754    0.743434  0.000000  1.0
   -0.136754    0.745434  0.000000  1.0
   -0.136754    0.747434  0.000000  1.0
   -0.136754    0.749434  0.000000  1.0
   -0.136754    0.751434  0.000000  1.0
   -0.136754    0.753434  0.000000  1.0
   -0.136754    0.755434  0.000000  1.0
   -0.136754    0.757434  0.000000  1.0
   -0.136754    0.759434  0.000000  1.0
   -0.136754    0.761434  0.000000  1.0
   -0.136754    0.763434  0.000000  1.0
   -0.136754    0.765434  0.000000  1.0
   -0.136754    0.767434  0.000000  1.0
   -0.136754    0.769434  0.000000  1.0
   -0.136754    0.771434  0.000000  1.0
   -0.136754    0.773434  0.000000  1.0
   -0.136754    0.775434  0.000000  1.0
   -0.136754    0.777434  0.000000  1.0
   -0.136754    0.779434  0.000000  1.0
   -0.136754    0.781434  0.000000  1.0
   -0.136754    0.783434  0.000000  1.0
   -0.136754    0.785434  0.000000  1.0
   -0.134754    0.705434  0.000000  1.0
   -0.134754    0.707434  0.000000  1.0
   -0.134754    0.709434  0.000000  1.0
   -0.134754    0.711434  0.000000  1.0
   -0.134754    0.713434  0.000000  1.0
   -0.134754    0.715434  0.000000  1.0
   -0.134754    0.717434  0.000000  1.0
   -0.134754    0.719434  0.000000  1.0
   -0.134754    0.721434  0.000000  1.0
   -0.134754    0.723434  0.000000  1.0
   -0.134754    0.725434  0.000000  1.0
   -0.134754    0.727434  0.000000  1.0
   -0.134754    0.729434  0.000000  1.0
   -0.134754    0.731434  0.000000  1.0
   -0.134754    0.733434  0.000000  1.0
   -0.134754    0.735434  0.000000  1.0
   -0.134754    0.737434  0.000000  1.0
   -0.134754    0.739434  0.000000  1.0
   -0.134754    0.741434  0.000000  1.0
   -0.134754    0.743434  0.000000  1.0
   -0.134754    0.745434  0.000000  1.0
   -0.134754    0.747434  0.000000  1.0
   -0.134754    0.749434  0.000000  1.0
   -0.134754    0.751434  0.000000  1.0
   -0.134754    0.753434  0.000000  1.0
   -0.134754    0.755434  0.000000  1.0
   -0.134754    0.757434  0.000000  1.0
   -0.134754    0.759434  0.000000  1.0
   -0.134754    0.761434  0.000000  1.0
   -0.134754    0.763434  0.000000  1.0
   -0.134754    0.765434  0.000000  1.0
   -0.134754    0.767434  0.000000  1.0
   -0.134754    0.769434  0.000000  1.0
   -0.134754    0.771434  0.000000  1.0
   -0.134754    0.773434  0.000000  1.0
   -0.134754    0.775434  0.000000  1.0
   -0.134754    0.777434  0.000000  1.0
   -0.134754    0.779434  0.000000  1.0
   -0.134754    0.781434  0.000000  1.0
   -0.134754    0.783434  0.000000  1.0
   -0.134754    0.785434  0.000000  1.0
   -0.132754    0.705434  0.000000  1.0
   -0.132754    0.707434  0.000000  1.0
   -0.132754    0.709434  0.000000  1.0
   -0.132754    0.711434  0.000000  1.0
   -0.132754    0.713434  0.000000  1.0
   -0.132754    0.715434  0.000000  1.0
   -0.132754    0.717434  0.000000  1.0
   -0.132754    0.719434  0.000000  1.0
   -0.132754    0.721434  0.000000  1.0
   -0.132754    0.723434  0.000000  1.0
   -0.132754    0.725434  0.000000  1.0
   -0.132754    0.727434  0.000000  1.0
   -0.132754    0.729434  0.000000  1.0
   -0.132754    0.731434  0.000000  1.0
   -0.132754    0.733434  0.000000  1.0
   -0.132754    0.735434  0.000000  1.0
   -0.132754    0.737434  0.000000  1.0
   -0.132754    0.739434  0.000000  1.0
   -0.132754    0.741434  0.000000  1.0
   -0.132754    0.743434  0.000000  1.0
   -0.132754    0.745434  0.000000  1.0
   -0.132754    0.747434  0.000000  1.0
   -0.132754    0.749434  0.000000  1.0
   -0.132754    0.751434  0.000000  1.0
   -0.132754    0.753434  0.000000  1.0
   -0.132754    0.755434  0.000000  1.0
   -0.132754    0.757434  0.000000  1.0
   -0.132754    0.759434  0.000000  1.0
   -0.132754    0.761434  0.000000  1.0
   -0.132754    0.763434  0.000000  1.0
   -0.132754    0.765434  0.000000  1.0
   -0.132754    0.767434  0.000000  1.0
   -0.132754    0.769434  0.000000  1.0
   -0.132754    0.771434  0.000000  1.0
   -0.132754    0.773434  0.000000  1.0
   -0.132754    0.775434  0.000000  1.0
   -0.132754    0.777434  0.000000  1.0
   -0.132754    0.779434  0.000000  1.0
   -0.132754    0.781434  0.000000  1.0
   -0.132754    0.783434  0.000000  1.0
   -0.132754    0.785434  0.000000  1.0
   -0.130754    0.705434  0.000000  1.0
   -0.130754    0.707434  0.000000  1.0
   -0.130754    0.709434  0.000000  1.0
   -0.130754    0.711434  0.000000  1.0
   -0.130754    0.713434  0.000000  1.0
   -0.130754    0.715434  0.000000  1.0
   -0.130754    0.717434  0.000000  1.0
   -0.130754    0.719434  0.000000  1.0
   -0.130754    0.721434  0.000000  1.0
   -0.130754    0.723434  0.000000  1.0
   -0.130754    0.725434  0.000000  1.0
   -0.130754    0.727434  0.000000  1.0
   -0.130754    0.729434  0.000000  1.0
   -0.130754    0.731434  0.000000  1.0
   -0.130754    0.733434  0.000000  1.0
   -0.130754    0.735434  0.000000  1.0
   -0.130754    0.737434  0.000000  1.0
   -0.130754    0.739434  0.000000  1.0
   -0.130754    0.741434  0.000000  1.0
   -0.130754    0.743434  0.000000  1.0
   -0.130754    0.745434  0.000000  1.0
   -0.130754    0.747434  0.000000  1.0
   -0.130754    0.749434  0.000000  1.0
   -0.130754    0.751434  0.000000  1.0
   -0.130754    0.753434  0.000000  1.0
   -0.130754    0.755434  0.000000  1.0
   -0.130754    0.757434  0.000000  1.0
   -0.130754    0.759434  0.000000  1.0
   -0.130754    0.761434  0.000000  1.0
   -0.130754    0.763434  0.000000  1.0
   -0.130754    0.765434  0.000000  1.0
   -0.130754    0.767434  0.000000  1.0
   -0.130754    0.769434  0.000000  1.0
   -0.130754    0.771434  0.000000  1.0
   -0.130754    0.773434  0.000000  1.0
   -0.130754    0.775434  0.000000  1.0
   -0.130754    0.777434  0.000000  1.0
   -0.130754    0.779434  0.000000  1.0
   -0.130754    0.781434  0.000000  1.0
   -0.130754    0.783434  0.000000  1.0
   -0.130754    0.785434  0.000000  1.0
   -0.128754    0.705434  0.000000  1.0
   -0.128754    0.707434  0.000000  1.0
   -0.128754    0.709434  0.000000  1.0
   -0.128754    0.711434  0.000000  1.0
   -0.128754    0.713434  0.000000  1.0
   -0.128754    0.715434  0.000000  1.0
   -0.128754    0.717434  0.000000  1.0
   -0.128754    0.719434  0.000000  1.0
   -0.128754    0.721434  0.000000  1.0
   -0.128754    0.723434  0.000000  1.0
   -0.128754    0.725434  0.000000  1.0
   -0.128754    0.727434  0.000000  1.0
   -0.128754    0.729434  0.000000  1.0
   -0.128754    0.731434  0.000000  1.0
   -0.128754    0.733434  0.000000  1.0
   -0.128754    0.735434  0.000000  1.0
   -0.128754    0.737434  0.000000  1.0
   -0.128754    0.739434  0.000000  1.0
   -0.128754    0.741434  0.000000  1.0
   -0.128754    0.743434  0.000000  1.0
   -0.128754    0.745434  0.000000  1.0
   -0.128754    0.747434  0.000000  1.0
   -0.128754    0.749434  0.000000  1.0
   -0.128754    0.751434  0.000000  1.0
   -0.128754    0.753434  0.000000  1.0
   -0.128754    0.755434  0.000000  1.0
   -0.128754    0.757434  0.000000  1.0
   -0.128754    0.759434  0.000000  1.0
   -0.128754    0.761434  0.000000  1.0
   -0.128754    0.763434  0.000000  1.0
   -0.128754    0.765434  0.000000  1.0
   -0.128754    0.767434  0.000000  1.0
   -0.128754    0.769434  0.000000  1.0
   -0.128754    0.771434  0.000000  1.0
   -0.128754    0.773434  0.000000  1.0
   -0.128754    0.775434  0.000000  1.0
   -0.128754    0.777434  0.000000  1.0
   -0.128754    0.779434  0.000000  1.0
   -0.128754    0.781434  0.000000  1.0
   -0.128754    0.783434  0.000000  1.0
   -0.128754    0.785434  0.000000  1.0
   -0.126754    0.705434  0.000000  1.0
   -0.126754    0.707434  0.000000  1.0
   -0.126754    0.709434  0.000000  1.0
   -0.126754    0.711434  0.000000  1.0
   -0.126754    0.713434  0.000000  1.0
   -0.126754    0.715434  0.000000  1.0
   -0.126754    0.717434  0.000000  1.0
   -0.126754    0.719434  0.000000  1.0
   -0.126754    0.721434  0.000000  1.0
   -0.126754    0.723434  0.000000  1.0
   -0.126754    0.725434  0.000000  1.0
   -0.126754    0.727434  0.000000  1.0
   -0.126754    0.729434  0.000000  1.0
   -0.126754    0.731434  0.000000  1.0
   -0.126754    0.733434  0.000000  1.0
   -0.126754    0.735434  0.000000  1.0
   -0.126754    0.737434  0.000000  1.0
   -0.126754    0.739434  0.000000  1.0
   -0.126754    0.741434  0.000000  1.0
   -0.126754    0.743434  0.000000  1.0
   -0.126754    0.745434  0.000000  1.0
   -0.126754    0.747434  0.000000  1.0
   -0.126754    0.749434  0.000000  1.0
   -0.126754    0.751434  0.000000  1.0
   -0.126754    0.753434  0.000000  1.0
   -0.126754    0.755434  0.000000  1.0
   -0.126754    0.757434  0.000000  1.0
   -0.126754    0.759434  0.000000  1.0
   -0.126754    0.761434  0.000000  1.0
   -0.126754    0.763434  0.000000  1.0
   -0.126754    0.765434  0.000000  1.0
   -0.126754    0.767434  0.000000  1.0
   -0.126754    0.769434  0.000000  1.0
   -0.126754    0.771434  0.000000  1.0
   -0.126754    0.773434  0.000000  1.0
   -0.126754    0.775434  0.000000  1.0
   -0.126754    0.777434  0.000000  1.0
   -0.126754    0.779434  0.000000  1.0
   -0.126754    0.781434  0.000000  1.0
   -0.126754    0.783434  0.000000  1.0
   -0.126754    0.785434  0.000000  1.0
   -0.124754    0.705434  0.000000  1.0
   -0.124754    0.707434  0.000000  1.0
   -0.124754    0.709434  0.000000  1.0
   -0.124754    0.711434  0.000000  1.0
   -0.124754    0.713434  0.000000  1.0
   -0.124754    0.715434  0.000000  1.0
   -0.124754    0.717434  0.000000  1.0
   -0.124754    0.719434  0.000000  1.0
   -0.124754    0.721434  0.000000  1.0
   -0.124754    0.723434  0.000000  1.0
   -0.124754    0.725434  0.000000  1.0
   -0.124754    0.727434  0.000000  1.0
   -0.124754    0.729434  0.000000  1.0
   -0.124754    0.731434  0.000000  1.0
   -0.124754    0.733434  0.000000  1.0
   -0.124754    0.735434  0.000000  1.0
   -0.124754    0.737434  0.000000  1.0
   -0.124754    0.739434  0.000000  1.0
   -0.124754    0.741434  0.000000  1.0
   -0.124754    0.743434  0.000000  1.0
   -0.124754    0.745434  0.000000  1.0
   -0.124754    0.747434  0.000000  1.0
   -0.124754    0.749434  0.000000  1.0
   -0.124754    0.751434  0.000000  1.0
   -0.124754    0.753434  0.000000  1.0
   -0.124754    0.755434  0.000000  1.0
   -0.124754    0.757434  0.000000  1.0
   -0.124754    0.759434  0.000000  1.0
   -0.124754    0.761434  0.000000  1.0
   -0.124754    0.763434  0.000000  1.0
   -0.124754    0.765434  0.000000  1.0
   -0.124754    0.767434  0.000000  1.0
   -0.124754    0.769434  0.000000  1.0
   -0.124754    0.771434  0.000000  1.0
   -0.124754    0.773434  0.000000  1.0
   -0.124754    0.775434  0.000000  1.0
   -0.124754    0.777434  0.000000  1.0
   -0.124754    0.779434  0.000000  1.0
   -0.124754    0.781434  0.000000  1.0
   -0.124754    0.783434  0.000000  1.0
   -0.124754    0.785434  0.000000  1.0
   -0.122754    0.705434  0.000000  1.0
   -0.122754    0.707434  0.000000  1.0
   -0.122754    0.709434  0.000000  1.0
   -0.122754    0.711434  0.000000  1.0
   -0.122754    0.713434  0.000000  1.0
   -0.122754    0.715434  0.000000  1.0
   -0.122754    0.717434  0.000000  1.0
   -0.122754    0.719434  0.000000  1.0
   -0.122754    0.721434  0.000000  1.0
   -0.122754    0.723434  0.000000  1.0
   -0.122754    0.725434  0.000000  1.0
   -0.122754    0.727434  0.000000  1.0
   -0.122754    0.729434  0.000000  1.0
   -0.122754    0.731434  0.000000  1.0
   -0.122754    0.733434  0.000000  1.0
   -0.122754    0.735434  0.000000  1.0
   -0.122754    0.737434  0.000000  1.0
   -0.122754    0.739434  0.000000  1.0
   -0.122754    0.741434  0.000000  1.0
   -0.122754    0.743434  0.000000  1.0
   -0.122754    0.745434  0.000000  1.0
   -0.122754    0.747434  0.000000  1.0
   -0.122754    0.749434  0.000000  1.0
   -0.122754    0.751434  0.000000  1.0
   -0.122754    0.753434  0.000000  1.0
   -0.122754    0.755434  0.000000  1.0
   -0.122754    0.757434  0.000000  1.0
   -0.122754    0.759434  0.000000  1.0
   -0.122754    0.761434  0.000000  1.0
   -0.122754    0.763434  0.000000  1.0
   -0.122754    0.765434  0.000000  1.0
   -0.122754    0.767434  0.000000  1.0
   -0.122754    0.769434  0.000000  1.0
   -0.122754    0.771434  0.000000  1.0
   -0.122754    0.773434  0.000000  1.0
   -0.122754    0.775434  0.000000  1.0
   -0.122754    0.777434  0.000000  1.0
   -0.122754    0.779434  0.000000  1.0
   -0.122754    0.781434  0.000000  1.0
   -0.122754    0.783434  0.000000  1.0
   -0.122754    0.785434  0.000000  1.0
   -0.120754    0.705434  0.000000  1.0
   -0.120754    0.707434  0.000000  1.0
   -0.120754    0.709434  0.000000  1.0
   -0.120754    0.711434  0.000000  1.0
   -0.120754    0.713434  0.000000  1.0
   -0.120754    0.715434  0.000000  1.0
   -0.120754    0.717434  0.000000  1.0
   -0.120754    0.719434  0.000000  1.0
   -0.120754    0.721434  0.000000  1.0
   -0.120754    0.723434  0.000000  1.0
   -0.120754    0.725434  0.000000  1.0
   -0.120754    0.727434  0.000000  1.0
   -0.120754    0.729434  0.000000  1.0
   -0.120754    0.731434  0.000000  1.0
   -0.120754    0.733434  0.000000  1.0
   -0.120754    0.735434  0.000000  1.0
   -0.120754    0.737434  0.000000  1.0
   -0.120754    0.739434  0.000000  1.0
   -0.120754    0.741434  0.000000  1.0
   -0.120754    0.743434  0.000000  1.0
   -0.120754    0.745434  0.000000  1.0
   -0.120754    0.747434  0.000000  1.0
   -0.120754    0.749434  0.000000  1.0
   -0.120754    0.751434  0.000000  1.0
   -0.120754    0.753434  0.000000  1.0
   -0.120754    0.755434  0.000000  1.0
   -0.120754    0.757434  0.000000  1.0
   -0.120754    0.759434  0.000000  1.0
   -0.120754    0.761434  0.000000  1.0
   -0.120754    0.763434  0.000000  1.0
   -0.120754    0.765434  0.000000  1.0
   -0.120754    0.767434  0.000000  1.0
   -0.120754    0.769434  0.000000  1.0
   -0.120754    0.771434  0.000000  1.0
   -0.120754    0.773434  0.000000  1.0
   -0.120754    0.775434  0.000000  1.0
   -0.120754    0.777434  0.000000  1.0
   -0.120754    0.779434  0.000000  1.0
   -0.120754    0.781434  0.000000  1.0
   -0.120754    0.783434  0.000000  1.0
   -0.120754    0.785434  0.000000  1.0
   -0.118754    0.705434  0.000000  1.0
   -0.118754    0.707434  0.000000  1.0
   -0.118754    0.709434  0.000000  1.0
   -0.118754    0.711434  0.000000  1.0
   -0.118754    0.713434  0.000000  1.0
   -0.118754    0.715434  0.000000  1.0
   -0.118754    0.717434  0.000000  1.0
   -0.118754    0.719434  0.000000  1.0
   -0.118754    0.721434  0.000000  1.0
   -0.118754    0.723434  0.000000  1.0
   -0.118754    0.725434  0.000000  1.0
   -0.118754    0.727434  0.000000  1.0
   -0.118754    0.729434  0.000000  1.0
   -0.118754    0.731434  0.000000  1.0
   -0.118754    0.733434  0.000000  1.0
   -0.118754    0.735434  0.000000  1.0
   -0.118754    0.737434  0.000000  1.0
   -0.118754    0.739434  0.000000  1.0
   -0.118754    0.741434  0.000000  1.0
   -0.118754    0.743434  0.000000  1.0
   -0.118754    0.745434  0.000000  1.0
   -0.118754    0.747434  0.000000  1.0
   -0.118754    0.749434  0.000000  1.0
   -0.118754    0.751434  0.000000  1.0
   -0.118754    0.753434  0.000000  1.0
   -0.118754    0.755434  0.000000  1.0
   -0.118754    0.757434  0.000000  1.0
   -0.118754    0.759434  0.000000  1.0
   -0.118754    0.761434  0.000000  1.0
   -0.118754    0.763434  0.000000  1.0
   -0.118754    0.765434  0.000000  1.0
   -0.118754    0.767434  0.000000  1.0
   -0.118754    0.769434  0.000000  1.0
   -0.118754    0.771434  0.000000  1.0
   -0.118754    0.773434  0.000000  1.0
   -0.118754    0.775434  0.000000  1.0
   -0.118754    0.777434  0.000000  1.0
   -0.118754    0.779434  0.000000  1.0
   -0.118754    0.781434  0.000000  1.0
   -0.118754    0.783434  0.000000  1.0
   -0.118754    0.785434  0.000000  1.0
   -0.116754    0.705434  0.000000  1.0
   -0.116754    0.707434  0.000000  1.0
   -0.116754    0.709434  0.000000  1.0
   -0.116754    0.711434  0.000000  1.0
   -0.116754    0.713434  0.000000  1.0
   -0.116754    0.715434  0.000000  1.0
   -0.116754    0.717434  0.000000  1.0
   -0.116754    0.719434  0.000000  1.0
   -0.116754    0.721434  0.000000  1.0
   -0.116754    0.723434  0.000000  1.0
   -0.116754    0.725434  0.000000  1.0
   -0.116754    0.727434  0.000000  1.0
   -0.116754    0.729434  0.000000  1.0
   -0.116754    0.731434  0.000000  1.0
   -0.116754    0.733434  0.000000  1.0
   -0.116754    0.735434  0.000000  1.0
   -0.116754    0.737434  0.000000  1.0
   -0.116754    0.739434  0.000000  1.0
   -0.116754    0.741434  0.000000  1.0
   -0.116754    0.743434  0.000000  1.0
   -0.116754    0.745434  0.000000  1.0
   -0.116754    0.747434  0.000000  1.0
   -0.116754    0.749434  0.000000  1.0
   -0.116754    0.751434  0.000000  1.0
   -0.116754    0.753434  0.000000  1.0
   -0.116754    0.755434  0.000000  1.0
   -0.116754    0.757434  0.000000  1.0
   -0.116754    0.759434  0.000000  1.0
   -0.116754    0.761434  0.000000  1.0
   -0.116754    0.763434  0.000000  1.0
   -0.116754    0.765434  0.000000  1.0
   -0.116754    0.767434  0.000000  1.0
   -0.116754    0.769434  0.000000  1.0
   -0.116754    0.771434  0.000000  1.0
   -0.116754    0.773434  0.000000  1.0
   -0.116754    0.775434  0.000000  1.0
   -0.116754    0.777434  0.000000  1.0
   -0.116754    0.779434  0.000000  1.0
   -0.116754    0.781434  0.000000  1.0
   -0.116754    0.783434  0.000000  1.0
   -0.116754    0.785434  0.000000  1.0
   -0.114754    0.705434  0.000000  1.0
   -0.114754    0.707434  0.000000  1.0
   -0.114754    0.709434  0.000000  1.0
   -0.114754    0.711434  0.000000  1.0
   -0.114754    0.713434  0.000000  1.0
   -0.114754    0.715434  0.000000  1.0
   -0.114754    0.717434  0.000000  1.0
   -0.114754    0.719434  0.000000  1.0
   -0.114754    0.721434  0.000000  1.0
   -0.114754    0.723434  0.000000  1.0
   -0.114754    0.725434  0.000000  1.0
   -0.114754    0.727434  0.000000  1.0
   -0.114754    0.729434  0.000000  1.0
   -0.114754    0.731434  0.000000  1.0
   -0.114754    0.733434  0.000000  1.0
   -0.114754    0.735434  0.000000  1.0
   -0.114754    0.737434  0.000000  1.0
   -0.114754    0.739434  0.000000  1.0
   -0.114754    0.741434  0.000000  1.0
   -0.114754    0.743434  0.000000  1.0
   -0.114754    0.745434  0.000000  1.0
   -0.114754    0.747434  0.000000  1.0
   -0.114754    0.749434  0.000000  1.0
   -0.114754    0.751434  0.000000  1.0
   -0.114754    0.753434  0.000000  1.0
   -0.114754    0.755434  0.000000  1.0
   -0.114754    0.757434  0.000000  1.0
   -0.114754    0.759434  0.000000  1.0
   -0.114754    0.761434  0.000000  1.0
   -0.114754    0.763434  0.000000  1.0
   -0.114754    0.765434  0.000000  1.0
   -0.114754    0.767434  0.000000  1.0
   -0.114754    0.769434  0.000000  1.0
   -0.114754    0.771434  0.000000  1.0
   -0.114754    0.773434  0.000000  1.0
   -0.114754    0.775434  0.000000  1.0
   -0.114754    0.777434  0.000000  1.0
   -0.114754    0.779434  0.000000  1.0
   -0.114754    0.781434  0.000000  1.0
   -0.114754    0.783434  0.000000  1.0
   -0.114754    0.785434  0.000000  1.0
   -0.112754    0.705434  0.000000  1.0
   -0.112754    0.707434  0.000000  1.0
   -0.112754    0.709434  0.000000  1.0
   -0.112754    0.711434  0.000000  1.0
   -0.112754    0.713434  0.000000  1.0
   -0.112754    0.715434  0.000000  1.0
   -0.112754    0.717434  0.000000  1.0
   -0.112754    0.719434  0.000000  1.0
   -0.112754    0.721434  0.000000  1.0
   -0.112754    0.723434  0.000000  1.0
   -0.112754    0.725434  0.000000  1.0
   -0.112754    0.727434  0.000000  1.0
   -0.112754    0.729434  0.000000  1.0
   -0.112754    0.731434  0.000000  1.0
   -0.112754    0.733434  0.000000  1.0
   -0.112754    0.735434  0.000000  1.0
   -0.112754    0.737434  0.000000  1.0
   -0.112754    0.739434  0.000000  1.0
   -0.112754    0.741434  0.000000  1.0
   -0.112754    0.743434  0.000000  1.0
   -0.112754    0.745434  0.000000  1.0
   -0.112754    0.747434  0.000000  1.0
   -0.112754    0.749434  0.000000  1.0
   -0.112754    0.751434  0.000000  1.0
   -0.112754    0.753434  0.000000  1.0
   -0.112754    0.755434  0.000000  1.0
   -0.112754    0.757434  0.000000  1.0
   -0.112754    0.759434  0.000000  1.0
   -0.112754    0.761434  0.000000  1.0
   -0.112754    0.763434  0.000000  1.0
   -0.112754    0.765434  0.000000  1.0
   -0.112754    0.767434  0.000000  1.0
   -0.112754    0.769434  0.000000  1.0
   -0.112754    0.771434  0.000000  1.0
   -0.112754    0.773434  0.000000  1.0
   -0.112754    0.775434  0.000000  1.0
   -0.112754    0.777434  0.000000  1.0
   -0.112754    0.779434  0.000000  1.0
   -0.112754    0.781434  0.000000  1.0
   -0.112754    0.783434  0.000000  1.0
   -0.112754    0.785434  0.000000  1.0
   -0.110754    0.705434  0.000000  1.0
   -0.110754    0.707434  0.000000  1.0
   -0.110754    0.709434  0.000000  1.0
   -0.110754    0.711434  0.000000  1.0
   -0.110754    0.713434  0.000000  1.0
   -0.110754    0.715434  0.000000  1.0
   -0.110754    0.717434  0.000000  1.0
   -0.110754    0.719434  0.000000  1.0
   -0.110754    0.721434  0.000000  1.0
   -0.110754    0.723434  0.000000  1.0
   -0.110754    0.725434  0.000000  1.0
   -0.110754    0.727434  0.000000  1.0
   -0.110754    0.729434  0.000000  1.0
   -0.110754    0.731434  0.000000  1.0
   -0.110754    0.733434  0.000000  1.0
   -0.110754    0.735434  0.000000  1.0
   -0.110754    0.737434  0.000000  1.0
   -0.110754    0.739434  0.000000  1.0
   -0.110754    0.741434  0.000000  1.0
   -0.110754    0.743434  0.000000  1.0
   -0.110754    0.745434  0.000000  1.0
   -0.110754    0.747434  0.000000  1.0
   -0.110754    0.749434  0.000000  1.0
   -0.110754    0.751434  0.000000  1.0
   -0.110754    0.753434  0.000000  1.0
   -0.110754    0.755434  0.000000  1.0
   -0.110754    0.757434  0.000000  1.0
   -0.110754    0.759434  0.000000  1.0
   -0.110754    0.761434  0.000000  1.0
   -0.110754    0.763434  0.000000  1.0
   -0.110754    0.765434  0.000000  1.0
   -0.110754    0.767434  0.000000  1.0
   -0.110754    0.769434  0.000000  1.0
   -0.110754    0.771434  0.000000  1.0
   -0.110754    0.773434  0.000000  1.0
   -0.110754    0.775434  0.000000  1.0
   -0.110754    0.777434  0.000000  1.0
   -0.110754    0.779434  0.000000  1.0
   -0.110754    0.781434  0.000000  1.0
   -0.110754    0.783434  0.000000  1.0
   -0.110754    0.785434  0.000000  1.0
   -0.108754    0.705434  0.000000  1.0
   -0.108754    0.707434  0.000000  1.0
   -0.108754    0.709434  0.000000  1.0
   -0.108754    0.711434  0.000000  1.0
   -0.108754    0.713434  0.000000  1.0
   -0.108754    0.715434  0.000000  1.0
   -0.108754    0.717434  0.000000  1.0
   -0.108754    0.719434  0.000000  1.0
   -0.108754    0.721434  0.000000  1.0
   -0.108754    0.723434  0.000000  1.0
   -0.108754    0.725434  0.000000  1.0
   -0.108754    0.727434  0.000000  1.0
   -0.108754    0.729434  0.000000  1.0
   -0.108754    0.731434  0.000000  1.0
   -0.108754    0.733434  0.000000  1.0
   -0.108754    0.735434  0.000000  1.0
   -0.108754    0.737434  0.000000  1.0
   -0.108754    0.739434  0.000000  1.0
   -0.108754    0.741434  0.000000  1.0
   -0.108754    0.743434  0.000000  1.0
   -0.108754    0.745434  0.000000  1.0
   -0.108754    0.747434  0.000000  1.0
   -0.108754    0.749434  0.000000  1.0
   -0.108754    0.751434  0.000000  1.0
   -0.108754    0.753434  0.000000  1.0
   -0.108754    0.755434  0.000000  1.0
   -0.108754    0.757434  0.000000  1.0
   -0.108754    0.759434  0.000000  1.0
   -0.108754    0.761434  0.000000  1.0
   -0.108754    0.763434  0.000000  1.0
   -0.108754    0.765434  0.000000  1.0
   -0.108754    0.767434  0.000000  1.0
   -0.108754    0.769434  0.000000  1.0
   -0.108754    0.771434  0.000000  1.0
   -0.108754    0.773434  0.000000  1.0
   -0.108754    0.775434  0.000000  1.0
   -0.108754    0.777434  0.000000  1.0
   -0.108754    0.779434  0.000000  1.0
   -0.108754    0.781434  0.000000  1.0
   -0.108754    0.783434  0.000000  1.0
   -0.108754    0.785434  0.000000  1.0
   -0.106754    0.705434  0.000000  1.0
   -0.106754    0.707434  0.000000  1.0
   -0.106754    0.709434  0.000000  1.0
   -0.106754    0.711434  0.000000  1.0
   -0.106754    0.713434  0.000000  1.0
   -0.106754    0.715434  0.000000  1.0
   -0.106754    0.717434  0.000000  1.0
   -0.106754    0.719434  0.000000  1.0
   -0.106754    0.721434  0.000000  1.0
   -0.106754    0.723434  0.000000  1.0
   -0.106754    0.725434  0.000000  1.0
   -0.106754    0.727434  0.000000  1.0
   -0.106754    0.729434  0.000000  1.0
   -0.106754    0.731434  0.000000  1.0
   -0.106754    0.733434  0.000000  1.0
   -0.106754    0.735434  0.000000  1.0
   -0.106754    0.737434  0.000000  1.0
   -0.106754    0.739434  0.000000  1.0
   -0.106754    0.741434  0.000000  1.0
   -0.106754    0.743434  0.000000  1.0
   -0.106754    0.745434  0.000000  1.0
   -0.106754    0.747434  0.000000  1.0
   -0.106754    0.749434  0.000000  1.0
   -0.106754    0.751434  0.000000  1.0
   -0.106754    0.753434  0.000000  1.0
   -0.106754    0.755434  0.000000  1.0
   -0.106754    0.757434  0.000000  1.0
   -0.106754    0.759434  0.000000  1.0
   -0.106754    0.761434  0.000000  1.0
   -0.106754    0.763434  0.000000  1.0
   -0.106754    0.765434  0.000000  1.0
   -0.106754    0.767434  0.000000  1.0
   -0.106754    0.769434  0.000000  1.0
   -0.106754    0.771434  0.000000  1.0
   -0.106754    0.773434  0.000000  1.0
   -0.106754    0.775434  0.000000  1.0
   -0.106754    0.777434  0.000000  1.0
   -0.106754    0.779434  0.000000  1.0
   -0.106754    0.781434  0.000000  1.0
   -0.106754    0.783434  0.000000  1.0
   -0.106754    0.785434  0.000000  1.0
   -0.104754    0.705434  0.000000  1.0
   -0.104754    0.707434  0.000000  1.0
   -0.104754    0.709434  0.000000  1.0
   -0.104754    0.711434  0.000000  1.0
   -0.104754    0.713434  0.000000  1.0
   -0.104754    0.715434  0.000000  1.0
   -0.104754    0.717434  0.000000  1.0
   -0.104754    0.719434  0.000000  1.0
   -0.104754    0.721434  0.000000  1.0
   -0.104754    0.723434  0.000000  1.0
   -0.104754    0.725434  0.000000  1.0
   -0.104754    0.727434  0.000000  1.0
   -0.104754    0.729434  0.000000  1.0
   -0.104754    0.731434  0.000000  1.0
   -0.104754    0.733434  0.000000  1.0
   -0.104754    0.735434  0.000000  1.0
   -0.104754    0.737434  0.000000  1.0
   -0.104754    0.739434  0.000000  1.0
   -0.104754    0.741434  0.000000  1.0
   -0.104754    0.743434  0.000000  1.0
   -0.104754    0.745434  0.000000  1.0
   -0.104754    0.747434  0.000000  1.0
   -0.104754    0.749434  0.000000  1.0
   -0.104754    0.751434  0.000000  1.0
   -0.104754    0.753434  0.000000  1.0
   -0.104754    0.755434  0.000000  1.0
   -0.104754    0.757434  0.000000  1.0
   -0.104754    0.759434  0.000000  1.0
   -0.104754    0.761434  0.000000  1.0
   -0.104754    0.763434  0.000000  1.0
   -0.104754    0.765434  0.000000  1.0
   -0.104754    0.767434  0.000000  1.0
   -0.104754    0.769434  0.000000  1.0
   -0.104754    0.771434  0.000000  1.0
   -0.104754    0.773434  0.000000  1.0
   -0.104754    0.775434  0.000000  1.0
   -0.104754    0.777434  0.000000  1.0
   -0.104754    0.779434  0.000000  1.0
   -0.104754    0.781434  0.000000  1.0
   -0.104754    0.783434  0.000000  1.0
   -0.104754    0.785434  0.000000  1.0
   -0.102754    0.705434  0.000000  1.0
   -0.102754    0.707434  0.000000  1.0
   -0.102754    0.709434  0.000000  1.0
   -0.102754    0.711434  0.000000  1.0
   -0.102754    0.713434  0.000000  1.0
   -0.102754    0.715434  0.000000  1.0
   -0.102754    0.717434  0.000000  1.0
   -0.102754    0.719434  0.000000  1.0
   -0.102754    0.721434  0.000000  1.0
   -0.102754    0.723434  0.000000  1.0
   -0.102754    0.725434  0.000000  1.0
   -0.102754    0.727434  0.000000  1.0
   -0.102754    0.729434  0.000000  1.0
   -0.102754    0.731434  0.000000  1.0
   -0.102754    0.733434  0.000000  1.0
   -0.102754    0.735434  0.000000  1.0
   -0.102754    0.737434  0.000000  1.0
   -0.102754    0.739434  0.000000  1.0
   -0.102754    0.741434  0.000000  1.0
   -0.102754    0.743434  0.000000  1.0
   -0.102754    0.745434  0.000000  1.0
   -0.102754    0.747434  0.000000  1.0
   -0.102754    0.749434  0.000000  1.0
   -0.102754    0.751434  0.000000  1.0
   -0.102754    0.753434  0.000000  1.0
   -0.102754    0.755434  0.000000  1.0
   -0.102754    0.757434  0.000000  1.0
   -0.102754    0.759434  0.000000  1.0
   -0.102754    0.761434  0.000000  1.0
   -0.102754    0.763434  0.000000  1.0
   -0.102754    0.765434  0.000000  1.0
   -0.102754    0.767434  0.000000  1.0
   -0.102754    0.769434  0.000000  1.0
   -0.102754    0.771434  0.000000  1.0
   -0.102754    0.773434  0.000000  1.0
   -0.102754    0.775434  0.000000  1.0
   -0.102754    0.777434  0.000000  1.0
   -0.102754    0.779434  0.000000  1.0
   -0.102754    0.781434  0.000000  1.0
   -0.102754    0.783434  0.000000  1.0
   -0.102754    0.785434  0.000000  1.0
   -0.100754    0.705434  0.000000  1.0
   -0.100754    0.707434  0.000000  1.0
   -0.100754    0.709434  0.000000  1.0
   -0.100754    0.711434  0.000000  1.0
   -0.100754    0.713434  0.000000  1.0
   -0.100754    0.715434  0.000000  1.0
   -0.100754    0.717434  0.000000  1.0
   -0.100754    0.719434  0.000000  1.0
   -0.100754    0.721434  0.000000  1.0
   -0.100754    0.723434  0.000000  1.0
   -0.100754    0.725434  0.000000  1.0
   -0.100754    0.727434  0.000000  1.0
   -0.100754    0.729434  0.000000  1.0
   -0.100754    0.731434  0.000000  1.0
   -0.100754    0.733434  0.000000  1.0
   -0.100754    0.735434  0.000000  1.0
   -0.100754    0.737434  0.000000  1.0
   -0.100754    0.739434  0.000000  1.0
   -0.100754    0.741434  0.000000  1.0
   -0.100754    0.743434  0.000000  1.0
   -0.100754    0.745434  0.000000  1.0
   -0.100754    0.747434  0.000000  1.0
   -0.100754    0.749434  0.000000  1.0
   -0.100754    0.751434  0.000000  1.0
   -0.100754    0.753434  0.000000  1.0
   -0.100754    0.755434  0.000000  1.0
   -0.100754    0.757434  0.000000  1.0
   -0.100754    0.759434  0.000000  1.0
   -0.100754    0.761434  0.000000  1.0
   -0.100754    0.763434  0.000000  1.0
   -0.100754    0.765434  0.000000  1.0
   -0.100754    0.767434  0.000000  1.0
   -0.100754    0.769434  0.000000  1.0
   -0.100754    0.771434  0.000000  1.0
   -0.100754    0.773434  0.000000  1.0
   -0.100754    0.775434  0.000000  1.0
   -0.100754    0.777434  0.000000  1.0
   -0.100754    0.779434  0.000000  1.0
   -0.100754    0.781434  0.000000  1.0
   -0.100754    0.783434  0.000000  1.0
   -0.100754    0.785434  0.000000  1.0
   -0.098754    0.705434  0.000000  1.0
   -0.098754    0.707434  0.000000  1.0
   -0.098754    0.709434  0.000000  1.0
   -0.098754    0.711434  0.000000  1.0
   -0.098754    0.713434  0.000000  1.0
   -0.098754    0.715434  0.000000  1.0
   -0.098754    0.717434  0.000000  1.0
   -0.098754    0.719434  0.000000  1.0
   -0.098754    0.721434  0.000000  1.0
   -0.098754    0.723434  0.000000  1.0
   -0.098754    0.725434  0.000000  1.0
   -0.098754    0.727434  0.000000  1.0
   -0.098754    0.729434  0.000000  1.0
   -0.098754    0.731434  0.000000  1.0
   -0.098754    0.733434  0.000000  1.0
   -0.098754    0.735434  0.000000  1.0
   -0.098754    0.737434  0.000000  1.0
   -0.098754    0.739434  0.000000  1.0
   -0.098754    0.741434  0.000000  1.0
   -0.098754    0.743434  0.000000  1.0
   -0.098754    0.745434  0.000000  1.0
   -0.098754    0.747434  0.000000  1.0
   -0.098754    0.749434  0.000000  1.0
   -0.098754    0.751434  0.000000  1.0
   -0.098754    0.753434  0.000000  1.0
   -0.098754    0.755434  0.000000  1.0
   -0.098754    0.757434  0.000000  1.0
   -0.098754    0.759434  0.000000  1.0
   -0.098754    0.761434  0.000000  1.0
   -0.098754    0.763434  0.000000  1.0
   -0.098754    0.765434  0.000000  1.0
   -0.098754    0.767434  0.000000  1.0
   -0.098754    0.769434  0.000000  1.0
   -0.098754    0.771434  0.000000  1.0
   -0.098754    0.773434  0.000000  1.0
   -0.098754    0.775434  0.000000  1.0
   -0.098754    0.777434  0.000000  1.0
   -0.098754    0.779434  0.000000  1.0
   -0.098754    0.781434  0.000000  1.0
   -0.098754    0.783434  0.000000  1.0
   -0.098754    0.785434  0.000000  1.0
   -0.096754    0.705434  0.000000  1.0
   -0.096754    0.707434  0.000000  1.0
   -0.096754    0.709434  0.000000  1.0
   -0.096754    0.711434  0.000000  1.0
   -0.096754    0.713434  0.000000  1.0
   -0.096754    0.715434  0.000000  1.0
   -0.096754    0.717434  0.000000  1.0
   -0.096754    0.719434  0.000000  1.0
   -0.096754    0.721434  0.000000  1.0
   -0.096754    0.723434  0.000000  1.0
   -0.096754    0.725434  0.000000  1.0
   -0.096754    0.727434  0.000000  1.0
   -0.096754    0.729434  0.000000  1.0
   -0.096754    0.731434  0.000000  1.0
   -0.096754    0.733434  0.000000  1.0
   -0.096754    0.735434  0.000000  1.0
   -0.096754    0.737434  0.000000  1.0
   -0.096754    0.739434  0.000000  1.0
   -0.096754    0.741434  0.000000  1.0
   -0.096754    0.743434  0.000000  1.0
   -0.096754    0.745434  0.000000  1.0
   -0.096754    0.747434  0.000000  1.0
   -0.096754    0.749434  0.000000  1.0
   -0.096754    0.751434  0.000000  1.0
   -0.096754    0.753434  0.000000  1.0
   -0.096754    0.755434  0.000000  1.0
   -0.096754    0.757434  0.000000  1.0
   -0.096754    0.759434  0.000000  1.0
   -0.096754    0.761434  0.000000  1.0
   -0.096754    0.763434  0.000000  1.0
   -0.096754    0.765434  0.000000  1.0
   -0.096754    0.767434  0.000000  1.0
   -0.096754    0.769434  0.000000  1.0
   -0.096754    0.771434  0.000000  1.0
   -0.096754    0.773434  0.000000  1.0
   -0.096754    0.775434  0.000000  1.0
   -0.096754    0.777434  0.000000  1.0
   -0.096754    0.779434  0.000000  1.0
   -0.096754    0.781434  0.000000  1.0
   -0.096754    0.783434  0.000000  1.0
   -0.096754    0.785434  0.000000  1.0
   -0.094754    0.705434  0.000000  1.0
   -0.094754    0.707434  0.000000  1.0
   -0.094754    0.709434  0.000000  1.0
   -0.094754    0.711434  0.000000  1.0
   -0.094754    0.713434  0.000000  1.0
   -0.094754    0.715434  0.000000  1.0
   -0.094754    0.717434  0.000000  1.0
   -0.094754    0.719434  0.000000  1.0
   -0.094754    0.721434  0.000000  1.0
   -0.094754    0.723434  0.000000  1.0
   -0.094754    0.725434  0.000000  1.0
   -0.094754    0.727434  0.000000  1.0
   -0.094754    0.729434  0.000000  1.0
   -0.094754    0.731434  0.000000  1.0
   -0.094754    0.733434  0.000000  1.0
   -0.094754    0.735434  0.000000  1.0
   -0.094754    0.737434  0.000000  1.0
   -0.094754    0.739434  0.000000  1.0
   -0.094754    0.741434  0.000000  1.0
   -0.094754    0.743434  0.000000  1.0
   -0.094754    0.745434  0.000000  1.0
   -0.094754    0.747434  0.000000  1.0
   -0.094754    0.749434  0.000000  1.0
   -0.094754    0.751434  0.000000  1.0
   -0.094754    0.753434  0.000000  1.0
   -0.094754    0.755434  0.000000  1.0
   -0.094754    0.757434  0.000000  1.0
   -0.094754    0.759434  0.000000  1.0
   -0.094754    0.761434  0.000000  1.0
   -0.094754    0.763434  0.000000  1.0
   -0.094754    0.765434  0.000000  1.0
   -0.094754    0.767434  0.000000  1.0
   -0.094754    0.769434  0.000000  1.0
   -0.094754    0.771434  0.000000  1.0
   -0.094754    0.773434  0.000000  1.0
   -0.094754    0.775434  0.000000  1.0
   -0.094754    0.777434  0.000000  1.0
   -0.094754    0.779434  0.000000  1.0
   -0.094754    0.781434  0.000000  1.0
   -0.094754    0.783434  0.000000  1.0
   -0.094754    0.785434  0.000000  1.0
   -0.092754    0.705434  0.000000  1.0
   -0.092754    0.707434  0.000000  1.0
   -0.092754    0.709434  0.000000  1.0
   -0.092754    0.711434  0.000000  1.0
   -0.092754    0.713434  0.000000  1.0
   -0.092754    0.715434  0.000000  1.0
   -0.092754    0.717434  0.000000  1.0
   -0.092754    0.719434  0.000000  1.0
   -0.092754    0.721434  0.000000  1.0
   -0.092754    0.723434  0.000000  1.0
   -0.092754    0.725434  0.000000  1.0
   -0.092754    0.727434  0.000000  1.0
   -0.092754    0.729434  0.000000  1.0
   -0.092754    0.731434  0.000000  1.0
   -0.092754    0.733434  0.000000  1.0
   -0.092754    0.735434  0.000000  1.0
   -0.092754    0.737434  0.000000  1.0
   -0.092754    0.739434  0.000000  1.0
   -0.092754    0.741434  0.000000  1.0
   -0.092754    0.743434  0.000000  1.0
   -0.092754    0.745434  0.000000  1.0
   -0.092754    0.747434  0.000000  1.0
   -0.092754    0.749434  0.000000  1.0
   -0.092754    0.751434  0.000000  1.0
   -0.092754    0.753434  0.000000  1.0
   -0.092754    0.755434  0.000000  1.0
   -0.092754    0.757434  0.000000  1.0
   -0.092754    0.759434  0.000000  1.0
   -0.092754    0.761434  0.000000  1.0
   -0.092754    0.763434  0.000000  1.0
   -0.092754    0.765434  0.000000  1.0
   -0.092754    0.767434  0.000000  1.0
   -0.092754    0.769434  0.000000  1.0
   -0.092754    0.771434  0.000000  1.0
   -0.092754    0.773434  0.000000  1.0
   -0.092754    0.775434  0.000000  1.0
   -0.092754    0.777434  0.000000  1.0
   -0.092754    0.779434  0.000000  1.0
   -0.092754    0.781434  0.000000  1.0
   -0.092754    0.783434  0.000000  1.0
   -0.092754    0.785434  0.000000  1.0
   -0.090754    0.705434  0.000000  1.0
   -0.090754    0.707434  0.000000  1.0
   -0.090754    0.709434  0.000000  1.0
   -0.090754    0.711434  0.000000  1.0
   -0.090754    0.713434  0.000000  1.0
   -0.090754    0.715434  0.000000  1.0
   -0.090754    0.717434  0.000000  1.0
   -0.090754    0.719434  0.000000  1.0
   -0.090754    0.721434  0.000000  1.0
   -0.090754    0.723434  0.000000  1.0
   -0.090754    0.725434  0.000000  1.0
   -0.090754    0.727434  0.000000  1.0
   -0.090754    0.729434  0.000000  1.0
   -0.090754    0.731434  0.000000  1.0
   -0.090754    0.733434  0.000000  1.0
   -0.090754    0.735434  0.000000  1.0
   -0.090754    0.737434  0.000000  1.0
   -0.090754    0.739434  0.000000  1.0
   -0.090754    0.741434  0.000000  1.0
   -0.090754    0.743434  0.000000  1.0
   -0.090754    0.745434  0.000000  1.0
   -0.090754    0.747434  0.000000  1.0
   -0.090754    0.749434  0.000000  1.0
   -0.090754    0.751434  0.000000  1.0
   -0.090754    0.753434  0.000000  1.0
   -0.090754    0.755434  0.000000  1.0
   -0.090754    0.757434  0.000000  1.0
   -0.090754    0.759434  0.000000  1.0
   -0.090754    0.761434  0.000000  1.0
   -0.090754    0.763434  0.000000  1.0
   -0.090754    0.765434  0.000000  1.0
   -0.090754    0.767434  0.000000  1.0
   -0.090754    0.769434  0.000000  1.0
   -0.090754    0.771434  0.000000  1.0
   -0.090754    0.773434  0.000000  1.0
   -0.090754    0.775434  0.000000  1.0
   -0.090754    0.777434  0.000000  1.0
   -0.090754    0.779434  0.000000  1.0
   -0.090754    0.781434  0.000000  1.0
   -0.090754    0.783434  0.000000  1.0
   -0.090754    0.785434  0.000000  1.0
   -0.088754    0.705434  0.000000  1.0
   -0.088754    0.707434  0.000000  1.0
   -0.088754    0.709434  0.000000  1.0
   -0.088754    0.711434  0.000000  1.0
   -0.088754    0.713434  0.000000  1.0
   -0.088754    0.715434  0.000000  1.0
   -0.088754    0.717434  0.000000  1.0
   -0.088754    0.719434  0.000000  1.0
   -0.088754    0.721434  0.000000  1.0
   -0.088754    0.723434  0.000000  1.0
   -0.088754    0.725434  0.000000  1.0
   -0.088754    0.727434  0.000000  1.0
   -0.088754    0.729434  0.000000  1.0
   -0.088754    0.731434  0.000000  1.0
   -0.088754    0.733434  0.000000  1.0
   -0.088754    0.735434  0.000000  1.0
   -0.088754    0.737434  0.000000  1.0
   -0.088754    0.739434  0.000000  1.0
   -0.088754    0.741434  0.000000  1.0
   -0.088754    0.743434  0.000000  1.0
   -0.088754    0.745434  0.000000  1.0
   -0.088754    0.747434  0.000000  1.0
   -0.088754    0.749434  0.000000  1.0
   -0.088754    0.751434  0.000000  1.0
   -0.088754    0.753434  0.000000  1.0
   -0.088754    0.755434  0.000000  1.0
   -0.088754    0.757434  0.000000  1.0
   -0.088754    0.759434  0.000000  1.0
   -0.088754    0.761434  0.000000  1.0
   -0.088754    0.763434  0.000000  1.0
   -0.088754    0.765434  0.000000  1.0
   -0.088754    0.767434  0.000000  1.0
   -0.088754    0.769434  0.000000  1.0
   -0.088754    0.771434  0.000000  1.0
   -0.088754    0.773434  0.000000  1.0
   -0.088754    0.775434  0.000000  1.0
   -0.088754    0.777434  0.000000  1.0
   -0.088754    0.779434  0.000000  1.0
   -0.088754    0.781434  0.000000  1.0
   -0.088754    0.783434  0.000000  1.0
   -0.088754    0.785434  0.000000  1.0
   -0.086754    0.705434  0.000000  1.0
   -0.086754    0.707434  0.000000  1.0
   -0.086754    0.709434  0.000000  1.0
   -0.086754    0.711434  0.000000  1.0
   -0.086754    0.713434  0.000000  1.0
   -0.086754    0.715434  0.000000  1.0
   -0.086754    0.717434  0.000000  1.0
   -0.086754    0.719434  0.000000  1.0
   -0.086754    0.721434  0.000000  1.0
   -0.086754    0.723434  0.000000  1.0
   -0.086754    0.725434  0.000000  1.0
   -0.086754    0.727434  0.000000  1.0
   -0.086754    0.729434  0.000000  1.0
   -0.086754    0.731434  0.000000  1.0
   -0.086754    0.733434  0.000000  1.0
   -0.086754    0.735434  0.000000  1.0
   -0.086754    0.737434  0.000000  1.0
   -0.086754    0.739434  0.000000  1.0
   -0.086754    0.741434  0.000000  1.0
   -0.086754    0.743434  0.000000  1.0
   -0.086754    0.745434  0.000000  1.0
   -0.086754    0.747434  0.000000  1.0
   -0.086754    0.749434  0.000000  1.0
   -0.086754    0.751434  0.000000  1.0
   -0.086754    0.753434  0.000000  1.0
   -0.086754    0.755434  0.000000  1.0
   -0.086754    0.757434  0.000000  1.0
   -0.086754    0.759434  0.000000  1.0
   -0.086754    0.761434  0.000000  1.0
   -0.086754    0.763434  0.000000  1.0
   -0.086754    0.765434  0.000000  1.0
   -0.086754    0.767434  0.000000  1.0
   -0.086754    0.769434  0.000000  1.0
   -0.086754    0.771434  0.000000  1.0
   -0.086754    0.773434  0.000000  1.0
   -0.086754    0.775434  0.000000  1.0
   -0.086754    0.777434  0.000000  1.0
   -0.086754    0.779434  0.000000  1.0
   -0.086754    0.781434  0.000000  1.0
   -0.086754    0.783434  0.000000  1.0
   -0.086754    0.785434  0.000000  1.0
   -0.084754    0.705434  0.000000  1.0
   -0.084754    0.707434  0.000000  1.0
   -0.084754    0.709434  0.000000  1.0
   -0.084754    0.711434  0.000000  1.0
   -0.084754    0.713434  0.000000  1.0
   -0.084754    0.715434  0.000000  1.0
   -0.084754    0.717434  0.000000  1.0
   -0.084754    0.719434  0.000000  1.0
   -0.084754    0.721434  0.000000  1.0
   -0.084754    0.723434  0.000000  1.0
   -0.084754    0.725434  0.000000  1.0
   -0.084754    0.727434  0.000000  1.0
   -0.084754    0.729434  0.000000  1.0
   -0.084754    0.731434  0.000000  1.0
   -0.084754    0.733434  0.000000  1.0
   -0.084754    0.735434  0.000000  1.0
   -0.084754    0.737434  0.000000  1.0
   -0.084754    0.739434  0.000000  1.0
   -0.084754    0.741434  0.000000  1.0
   -0.084754    0.743434  0.000000  1.0
   -0.084754    0.745434  0.000000  1.0
   -0.084754    0.747434  0.000000  1.0
   -0.084754    0.749434  0.000000  1.0
   -0.084754    0.751434  0.000000  1.0
   -0.084754    0.753434  0.000000  1.0
   -0.084754    0.755434  0.000000  1.0
   -0.084754    0.757434  0.000000  1.0
   -0.084754    0.759434  0.000000  1.0
   -0.084754    0.761434  0.000000  1.0
   -0.084754    0.763434  0.000000  1.0
   -0.084754    0.765434  0.000000  1.0
   -0.084754    0.767434  0.000000  1.0
   -0.084754    0.769434  0.000000  1.0
   -0.084754    0.771434  0.000000  1.0
   -0.084754    0.773434  0.000000  1.0
   -0.084754    0.775434  0.000000  1.0
   -0.084754    0.777434  0.000000  1.0
   -0.084754    0.779434  0.000000  1.0
   -0.084754    0.781434  0.000000  1.0
   -0.084754    0.783434  0.000000  1.0
   -0.084754    0.785434  0.000000  1.0
   -0.082754    0.705434  0.000000  1.0
   -0.082754    0.707434  0.000000  1.0
   -0.082754    0.709434  0.000000  1.0
   -0.082754    0.711434  0.000000  1.0
   -0.082754    0.713434  0.000000  1.0
   -0.082754    0.715434  0.000000  1.0
   -0.082754    0.717434  0.000000  1.0
   -0.082754    0.719434  0.000000  1.0
   -0.082754    0.721434  0.000000  1.0
   -0.082754    0.723434  0.000000  1.0
   -0.082754    0.725434  0.000000  1.0
   -0.082754    0.727434  0.000000  1.0
   -0.082754    0.729434  0.000000  1.0
   -0.082754    0.731434  0.000000  1.0
   -0.082754    0.733434  0.000000  1.0
   -0.082754    0.735434  0.000000  1.0
   -0.082754    0.737434  0.000000  1.0
   -0.082754    0.739434  0.000000  1.0
   -0.082754    0.741434  0.000000  1.0
   -0.082754    0.743434  0.000000  1.0
   -0.082754    0.745434  0.000000  1.0
   -0.082754    0.747434  0.000000  1.0
   -0.082754    0.749434  0.000000  1.0
   -0.082754    0.751434  0.000000  1.0
   -0.082754    0.753434  0.000000  1.0
   -0.082754    0.755434  0.000000  1.0
   -0.082754    0.757434  0.000000  1.0
   -0.082754    0.759434  0.000000  1.0
   -0.082754    0.761434  0.000000  1.0
   -0.082754    0.763434  0.000000  1.0
   -0.082754    0.765434  0.000000  1.0
   -0.082754    0.767434  0.000000  1.0
   -0.082754    0.769434  0.000000  1.0
   -0.082754    0.771434  0.000000  1.0
   -0.082754    0.773434  0.000000  1.0
   -0.082754    0.775434  0.000000  1.0
   -0.082754    0.777434  0.000000  1.0
   -0.082754    0.779434  0.000000  1.0
   -0.082754    0.781434  0.000000  1.0
   -0.082754    0.783434  0.000000  1.0
   -0.082754    0.785434  0.000000  1.0
   -0.080754    0.705434  0.000000  1.0
   -0.080754    0.707434  0.000000  1.0
   -0.080754    0.709434  0.000000  1.0
   -0.080754    0.711434  0.000000  1.0
   -0.080754    0.713434  0.000000  1.0
   -0.080754    0.715434  0.000000  1.0
   -0.080754    0.717434  0.000000  1.0
   -0.080754    0.719434  0.000000  1.0
   -0.080754    0.721434  0.000000  1.0
   -0.080754    0.723434  0.000000  1.0
   -0.080754    0.725434  0.000000  1.0
   -0.080754    0.727434  0.000000  1.0
   -0.080754    0.729434  0.000000  1.0
   -0.080754    0.731434  0.000000  1.0
   -0.080754    0.733434  0.000000  1.0
   -0.080754    0.735434  0.000000  1.0
   -0.080754    0.737434  0.000000  1.0
   -0.080754    0.739434  0.000000  1.0
   -0.080754    0.741434  0.000000  1.0
   -0.080754    0.743434  0.000000  1.0
   -0.080754    0.745434  0.000000  1.0
   -0.080754    0.747434  0.000000  1.0
   -0.080754    0.749434  0.000000  1.0
   -0.080754    0.751434  0.000000  1.0
   -0.080754    0.753434  0.000000  1.0
   -0.080754    0.755434  0.000000  1.0
   -0.080754    0.757434  0.000000  1.0
   -0.080754    0.759434  0.000000  1.0
   -0.080754    0.761434  0.000000  1.0
   -0.080754    0.763434  0.000000  1.0
   -0.080754    0.765434  0.000000  1.0
   -0.080754    0.767434  0.000000  1.0
   -0.080754    0.769434  0.000000  1.0
   -0.080754    0.771434  0.000000  1.0
   -0.080754    0.773434  0.000000  1.0
   -0.080754    0.775434  0.000000  1.0
   -0.080754    0.777434  0.000000  1.0
   -0.080754    0.779434  0.000000  1.0
   -0.080754    0.781434  0.000000  1.0
   -0.080754    0.783434  0.000000  1.0
   -0.080754    0.785434  0.000000  1.0
   -0.078754    0.705434  0.000000  1.0
   -0.078754    0.707434  0.000000  1.0
   -0.078754    0.709434  0.000000  1.0
   -0.078754    0.711434  0.000000  1.0
   -0.078754    0.713434  0.000000  1.0
   -0.078754    0.715434  0.000000  1.0
   -0.078754    0.717434  0.000000  1.0
   -0.078754    0.719434  0.000000  1.0
   -0.078754    0.721434  0.000000  1.0
   -0.078754    0.723434  0.000000  1.0
   -0.078754    0.725434  0.000000  1.0
   -0.078754    0.727434  0.000000  1.0
   -0.078754    0.729434  0.000000  1.0
   -0.078754    0.731434  0.000000  1.0
   -0.078754    0.733434  0.000000  1.0
   -0.078754    0.735434  0.000000  1.0
   -0.078754    0.737434  0.000000  1.0
   -0.078754    0.739434  0.000000  1.0
   -0.078754    0.741434  0.000000  1.0
   -0.078754    0.743434  0.000000  1.0
   -0.078754    0.745434  0.000000  1.0
   -0.078754    0.747434  0.000000  1.0
   -0.078754    0.749434  0.000000  1.0
   -0.078754    0.751434  0.000000  1.0
   -0.078754    0.753434  0.000000  1.0
   -0.078754    0.755434  0.000000  1.0
   -0.078754    0.757434  0.000000  1.0
   -0.078754    0.759434  0.000000  1.0
   -0.078754    0.761434  0.000000  1.0
   -0.078754    0.763434  0.000000  1.0
   -0.078754    0.765434  0.000000  1.0
   -0.078754    0.767434  0.000000  1.0
   -0.078754    0.769434  0.000000  1.0
   -0.078754    0.771434  0.000000  1.0
   -0.078754    0.773434  0.000000  1.0
   -0.078754    0.775434  0.000000  1.0
   -0.078754    0.777434  0.000000  1.0
   -0.078754    0.779434  0.000000  1.0
   -0.078754    0.781434  0.000000  1.0
   -0.078754    0.783434  0.000000  1.0
   -0.078754    0.785434  0.000000  1.0
   -0.076754    0.705434  0.000000  1.0
   -0.076754    0.707434  0.000000  1.0
   -0.076754    0.709434  0.000000  1.0
   -0.076754    0.711434  0.000000  1.0
   -0.076754    0.713434  0.000000  1.0
   -0.076754    0.715434  0.000000  1.0
   -0.076754    0.717434  0.000000  1.0
   -0.076754    0.719434  0.000000  1.0
   -0.076754    0.721434  0.000000  1.0
   -0.076754    0.723434  0.000000  1.0
   -0.076754    0.725434  0.000000  1.0
   -0.076754    0.727434  0.000000  1.0
   -0.076754    0.729434  0.000000  1.0
   -0.076754    0.731434  0.000000  1.0
   -0.076754    0.733434  0.000000  1.0
   -0.076754    0.735434  0.000000  1.0
   -0.076754    0.737434  0.000000  1.0
   -0.076754    0.739434  0.000000  1.0
   -0.076754    0.741434  0.000000  1.0
   -0.076754    0.743434  0.000000  1.0
   -0.076754    0.745434  0.000000  1.0
   -0.076754    0.747434  0.000000  1.0
   -0.076754    0.749434  0.000000  1.0
   -0.076754    0.751434  0.000000  1.0
   -0.076754    0.753434  0.000000  1.0
   -0.076754    0.755434  0.000000  1.0
   -0.076754    0.757434  0.000000  1.0
   -0.076754    0.759434  0.000000  1.0
   -0.076754    0.761434  0.000000  1.0
   -0.076754    0.763434  0.000000  1.0
   -0.076754    0.765434  0.000000  1.0
   -0.076754    0.767434  0.000000  1.0
   -0.076754    0.769434  0.000000  1.0
   -0.076754    0.771434  0.000000  1.0
   -0.076754    0.773434  0.000000  1.0
   -0.076754    0.775434  0.000000  1.0
   -0.076754    0.777434  0.000000  1.0
   -0.076754    0.779434  0.000000  1.0
   -0.076754    0.781434  0.000000  1.0
   -0.076754    0.783434  0.000000  1.0
   -0.076754    0.785434  0.000000  1.0
   -0.074754    0.705434  0.000000  1.0
   -0.074754    0.707434  0.000000  1.0
   -0.074754    0.709434  0.000000  1.0
   -0.074754    0.711434  0.000000  1.0
   -0.074754    0.713434  0.000000  1.0
   -0.074754    0.715434  0.000000  1.0
   -0.074754    0.717434  0.000000  1.0
   -0.074754    0.719434  0.000000  1.0
   -0.074754    0.721434  0.000000  1.0
   -0.074754    0.723434  0.000000  1.0
   -0.074754    0.725434  0.000000  1.0
   -0.074754    0.727434  0.000000  1.0
   -0.074754    0.729434  0.000000  1.0
   -0.074754    0.731434  0.000000  1.0
   -0.074754    0.733434  0.000000  1.0
   -0.074754    0.735434  0.000000  1.0
   -0.074754    0.737434  0.000000  1.0
   -0.074754    0.739434  0.000000  1.0
   -0.074754    0.741434  0.000000  1.0
   -0.074754    0.743434  0.000000  1.0
   -0.074754    0.745434  0.000000  1.0
   -0.074754    0.747434  0.000000  1.0
   -0.074754    0.749434  0.000000  1.0
   -0.074754    0.751434  0.000000  1.0
   -0.074754    0.753434  0.000000  1.0
   -0.074754    0.755434  0.000000  1.0
   -0.074754    0.757434  0.000000  1.0
   -0.074754    0.759434  0.000000  1.0
   -0.074754    0.761434  0.000000  1.0
   -0.074754    0.763434  0.000000  1.0
   -0.074754    0.765434  0.000000  1.0
   -0.074754    0.767434  0.000000  1.0
   -0.074754    0.769434  0.000000  1.0
   -0.074754    0.771434  0.000000  1.0
   -0.074754    0.773434  0.000000  1.0
   -0.074754    0.775434  0.000000  1.0
   -0.074754    0.777434  0.000000  1.0
   -0.074754    0.779434  0.000000  1.0
   -0.074754    0.781434  0.000000  1.0
   -0.074754    0.783434  0.000000  1.0
   -0.074754    0.785434  0.000000  1.0
