&CONTROL
  calculation = 'bands'
  prefix = 'graphene26.4lower'
  outdir = './tmp'
  pseudo_dir = './'
  verbosity = 'high'
/
&SYSTEM
  ibrav = 0
  nat = 2
  ntyp = 1
  ecutwfc = 40.0
  nosym = .true.
  noinv = .true.
  nbnd = 8
/
&ELECTRONS
/
ATOMIC_SPECIES
  C  12.011 C.pbe-n-kjpaw_psl.1.0.0.UPF
CELL_PARAMETERS {bohr}
  5.847167  0.000000  0.000000
  2.923584  3.831659  0.000000
  0.000000  0.000000  28.346456
ATOMIC_POSITIONS {crystal}
  C  0.000122  -0.000170  0.000000
  C  0.333211  0.333503  0.000000
K_POINTS {tpiba}
1681
   -0.007213   -0.790499  0.000000  1.0
   -0.007213   -0.788499  0.000000  1.0
   -0.007213   -0.786499  0.000000  1.0
   -0.007213   -0.784499  0.000000  1.0
   -0.007213   -0.782499  0.000000  1.0
   -0.007213   -0.780499  0.000000  1.0
   -0.007213   -0.778499  0.000000  1.0
   -0.007213   -0.776499  0.000000  1.0
   -0.007213   -0.774499  0.000000  1.0
   -0.007213   -0.772499  0.000000  1.0
   -0.007213   -0.770499  0.000000  1.0
   -0.007213   -0.768499  0.000000  1.0
   -0.007213   -0.766499  0.000000  1.0
   -0.007213   -0.764499  0.000000  1.0
   -0.007213   -0.762499  0.000000  1.0
   -0.007213   -0.760499  0.000000  1.0
   -0.007213   -0.758499  0.000000  1.0
   -0.007213   -0.756499  0.000000  1.0
   -0.007213   -0.754499  0.000000  1.0
   -0.007213   -0.752499  0.000000  1.0
   -0.007213   -0.750499  0.000000  1.0
   -0.007213   -0.748499  0.000000  1.0
   -0.007213   -0.746499  0.000000  1.0
   -0.007213   -0.744499  0.000000  1.0
   -0.007213   -0.742499  0.000000  1.0
   -0.007213   -0.740499  0.000000  1.0
   -0.007213   -0.738499  0.000000  1.0
   -0.007213   -0.736499  0.000000  1.0
   -0.007213   -0.734499  0.000000  1.0
   -0.007213   -0.732499  0.000000  1.0
   -0.007213   -0.730499  0.000000  1.0
   -0.007213   -0.728499  0.000000  1.0
   -0.007213   -0.726499  0.000000  1.0
   -0.007213   -0.724499  0.000000  1.0
   -0.007213   -0.722499  0.000000  1.0
   -0.007213   -0.720499  0.000000  1.0
   -0.007213   -0.718499  0.000000  1.0
   -0.007213   -0.716499  0.000000  1.0
   -0.007213   -0.714499  0.000000  1.0
   -0.007213   -0.712499  0.000000  1.0
   -0.007213   -0.710499  0.000000  1.0
   -0.005213   -0.790499  0.000000  1.0
   -0.005213   -0.788499  0.000000  1.0
   -0.005213   -0.786499  0.000000  1.0
   -0.005213   -0.784499  0.000000  1.0
   -0.005213   -0.782499  0.000000  1.0
   -0.005213   -0.780499  0.000000  1.0
   -0.005213   -0.778499  0.000000  1.0
   -0.005213   -0.776499  0.000000  1.0
   -0.005213   -0.774499  0.000000  1.0
   -0.005213   -0.772499  0.000000  1.0
   -0.005213   -0.770499  0.000000  1.0
   -0.005213   -0.768499  0.000000  1.0
   -0.005213   -0.766499  0.000000  1.0
   -0.005213   -0.764499  0.000000  1.0
   -0.005213   -0.762499  0.000000  1.0
   -0.005213   -0.760499  0.000000  1.0
   -0.005213   -0.758499  0.000000  1.0
   -0.005213   -0.756499  0.000000  1.0
   -0.005213   -0.754499  0.000000  1.0
   -0.005213   -0.752499  0.000000  1.0
   -0.005213   -0.750499  0.000000  1.0
   -0.005213   -0.748499  0.000000  1.0
   -0.005213   -0.746499  0.000000  1.0
   -0.005213   -0.744499  0.000000  1.0
   -0.005213   -0.742499  0.000000  1.0
   -0.005213   -0.740499  0.000000  1.0
   -0.005213   -0.738499  0.000000  1.0
   -0.005213   -0.736499  0.000000  1.0
   -0.005213   -0.734499  0.000000  1.0
   -0.005213   -0.732499  0.000000  1.0
   -0.005213   -0.730499  0.000000  1.0
   -0.005213   -0.728499  0.000000  1.0
   -0.005213   -0.726499  0.000000  1.0
   -0.005213   -0.724499  0.000000  1.0
   -0.005213   -0.722499  0.000000  1.0
   -0.005213   -0.720499  0.000000  1.0
   -0.005213   -0.718499  0.000000  1.0
   -0.005213   -0.716499  0.000000  1.0
   -0.005213   -0.714499  0.000000  1.0
   -0.005213   -0.712499  0.000000  1.0
   -0.005213   -0.710499  0.000000  1.0
   -0.003213   -0.790499  0.000000  1.0
   -0.003213   -0.788499  0.000000  1.0
   -0.003213   -0.786499  0.000000  1.0
   -0.003213   -0.784499  0.000000  1.0
   -0.003213   -0.782499  0.000000  1.0
   -0.003213   -0.780499  0.000000  1.0
   -0.003213   -0.778499  0.000000  1.0
   -0.003213   -0.776499  0.000000  1.0
   -0.003213   -0.774499  0.000000  1.0
   -0.003213   -0.772499  0.000000  1.0
   -0.003213   -0.770499  0.000000  1.0
   -0.003213   -0.768499  0.000000  1.0
   -0.003213   -0.766499  0.000000  1.0
   -0.003213   -0.764499  0.000000  1.0
   -0.003213   -0.762499  0.000000  1.0
   -0.003213   -0.760499  0.000000  1.0
   -0.003213   -0.758499  0.000000  1.0
   -0.003213   -0.756499  0.000000  1.0
   -0.003213   -0.754499  0.000000  1.0
   -0.003213   -0.752499  0.000000  1.0
   -0.003213   -0.750499  0.000000  1.0
   -0.003213   -0.748499  0.000000  1.0
   -0.003213   -0.746499  0.000000  1.0
   -0.003213   -0.744499  0.000000  1.0
   -0.003213   -0.742499  0.000000  1.0
   -0.003213   -0.740499  0.000000  1.0
   -0.003213   -0.738499  0.000000  1.0
   -0.003213   -0.736499  0.000000  1.0
   -0.003213   -0.734499  0.000000  1.0
   -0.003213   -0.732499  0.000000  1.0
   -0.003213   -0.730499  0.000000  1.0
   -0.003213   -0.728499  0.000000  1.0
   -0.003213   -0.726499  0.000000  1.0
   -0.003213   -0.724499  0.000000  1.0
   -0.003213   -0.722499  0.000000  1.0
   -0.003213   -0.720499  0.000000  1.0
   -0.003213   -0.718499  0.000000  1.0
   -0.003213   -0.716499  0.000000  1.0
   -0.003213   -0.714499  0.000000  1.0
   -0.003213   -0.712499  0.000000  1.0
   -0.003213   -0.710499  0.000000  1.0
   -0.001213   -0.790499  0.000000  1.0
   -0.001213   -0.788499  0.000000  1.0
   -0.001213   -0.786499  0.000000  1.0
   -0.001213   -0.784499  0.000000  1.0
   -0.001213   -0.782499  0.000000  1.0
   -0.001213   -0.780499  0.000000  1.0
   -0.001213   -0.778499  0.000000  1.0
   -0.001213   -0.776499  0.000000  1.0
   -0.001213   -0.774499  0.000000  1.0
   -0.001213   -0.772499  0.000000  1.0
   -0.001213   -0.770499  0.000000  1.0
   -0.001213   -0.768499  0.000000  1.0
   -0.001213   -0.766499  0.000000  1.0
   -0.001213   -0.764499  0.000000  1.0
   -0.001213   -0.762499  0.000000  1.0
   -0.001213   -0.760499  0.000000  1.0
   -0.001213   -0.758499  0.000000  1.0
   -0.001213   -0.756499  0.000000  1.0
   -0.001213   -0.754499  0.000000  1.0
   -0.001213   -0.752499  0.000000  1.0
   -0.001213   -0.750499  0.000000  1.0
   -0.001213   -0.748499  0.000000  1.0
   -0.001213   -0.746499  0.000000  1.0
   -0.001213   -0.744499  0.000000  1.0
   -0.001213   -0.742499  0.000000  1.0
   -0.001213   -0.740499  0.000000  1.0
   -0.001213   -0.738499  0.000000  1.0
   -0.001213   -0.736499  0.000000  1.0
   -0.001213   -0.734499  0.000000  1.0
   -0.001213   -0.732499  0.000000  1.0
   -0.001213   -0.730499  0.000000  1.0
   -0.001213   -0.728499  0.000000  1.0
   -0.001213   -0.726499  0.000000  1.0
   -0.001213   -0.724499  0.000000  1.0
   -0.001213   -0.722499  0.000000  1.0
   -0.001213   -0.720499  0.000000  1.0
   -0.001213   -0.718499  0.000000  1.0
   -0.001213   -0.716499  0.000000  1.0
   -0.001213   -0.714499  0.000000  1.0
   -0.001213   -0.712499  0.000000  1.0
   -0.001213   -0.710499  0.000000  1.0
    0.000787   -0.790499  0.000000  1.0
    0.000787   -0.788499  0.000000  1.0
    0.000787   -0.786499  0.000000  1.0
    0.000787   -0.784499  0.000000  1.0
    0.000787   -0.782499  0.000000  1.0
    0.000787   -0.780499  0.000000  1.0
    0.000787   -0.778499  0.000000  1.0
    0.000787   -0.776499  0.000000  1.0
    0.000787   -0.774499  0.000000  1.0
    0.000787   -0.772499  0.000000  1.0
    0.000787   -0.770499  0.000000  1.0
    0.000787   -0.768499  0.000000  1.0
    0.000787   -0.766499  0.000000  1.0
    0.000787   -0.764499  0.000000  1.0
    0.000787   -0.762499  0.000000  1.0
    0.000787   -0.760499  0.000000  1.0
    0.000787   -0.758499  0.000000  1.0
    0.000787   -0.756499  0.000000  1.0
    0.000787   -0.754499  0.000000  1.0
    0.000787   -0.752499  0.000000  1.0
    0.000787   -0.750499  0.000000  1.0
    0.000787   -0.748499  0.000000  1.0
    0.000787   -0.746499  0.000000  1.0
    0.000787   -0.744499  0.000000  1.0
    0.000787   -0.742499  0.000000  1.0
    0.000787   -0.740499  0.000000  1.0
    0.000787   -0.738499  0.000000  1.0
    0.000787   -0.736499  0.000000  1.0
    0.000787   -0.734499  0.000000  1.0
    0.000787   -0.732499  0.000000  1.0
    0.000787   -0.730499  0.000000  1.0
    0.000787   -0.728499  0.000000  1.0
    0.000787   -0.726499  0.000000  1.0
    0.000787   -0.724499  0.000000  1.0
    0.000787   -0.722499  0.000000  1.0
    0.000787   -0.720499  0.000000  1.0
    0.000787   -0.718499  0.000000  1.0
    0.000787   -0.716499  0.000000  1.0
    0.000787   -0.714499  0.000000  1.0
    0.000787   -0.712499  0.000000  1.0
    0.000787   -0.710499  0.000000  1.0
    0.002787   -0.790499  0.000000  1.0
    0.002787   -0.788499  0.000000  1.0
    0.002787   -0.786499  0.000000  1.0
    0.002787   -0.784499  0.000000  1.0
    0.002787   -0.782499  0.000000  1.0
    0.002787   -0.780499  0.000000  1.0
    0.002787   -0.778499  0.000000  1.0
    0.002787   -0.776499  0.000000  1.0
    0.002787   -0.774499  0.000000  1.0
    0.002787   -0.772499  0.000000  1.0
    0.002787   -0.770499  0.000000  1.0
    0.002787   -0.768499  0.000000  1.0
    0.002787   -0.766499  0.000000  1.0
    0.002787   -0.764499  0.000000  1.0
    0.002787   -0.762499  0.000000  1.0
    0.002787   -0.760499  0.000000  1.0
    0.002787   -0.758499  0.000000  1.0
    0.002787   -0.756499  0.000000  1.0
    0.002787   -0.754499  0.000000  1.0
    0.002787   -0.752499  0.000000  1.0
    0.002787   -0.750499  0.000000  1.0
    0.002787   -0.748499  0.000000  1.0
    0.002787   -0.746499  0.000000  1.0
    0.002787   -0.744499  0.000000  1.0
    0.002787   -0.742499  0.000000  1.0
    0.002787   -0.740499  0.000000  1.0
    0.002787   -0.738499  0.000000  1.0
    0.002787   -0.736499  0.000000  1.0
    0.002787   -0.734499  0.000000  1.0
    0.002787   -0.732499  0.000000  1.0
    0.002787   -0.730499  0.000000  1.0
    0.002787   -0.728499  0.000000  1.0
    0.002787   -0.726499  0.000000  1.0
    0.002787   -0.724499  0.000000  1.0
    0.002787   -0.722499  0.000000  1.0
    0.002787   -0.720499  0.000000  1.0
    0.002787   -0.718499  0.000000  1.0
    0.002787   -0.716499  0.000000  1.0
    0.002787   -0.714499  0.000000  1.0
    0.002787   -0.712499  0.000000  1.0
    0.002787   -0.710499  0.000000  1.0
    0.004787   -0.790499  0.000000  1.0
    0.004787   -0.788499  0.000000  1.0
    0.004787   -0.786499  0.000000  1.0
    0.004787   -0.784499  0.000000  1.0
    0.004787   -0.782499  0.000000  1.0
    0.004787   -0.780499  0.000000  1.0
    0.004787   -0.778499  0.000000  1.0
    0.004787   -0.776499  0.000000  1.0
    0.004787   -0.774499  0.000000  1.0
    0.004787   -0.772499  0.000000  1.0
    0.004787   -0.770499  0.000000  1.0
    0.004787   -0.768499  0.000000  1.0
    0.004787   -0.766499  0.000000  1.0
    0.004787   -0.764499  0.000000  1.0
    0.004787   -0.762499  0.000000  1.0
    0.004787   -0.760499  0.000000  1.0
    0.004787   -0.758499  0.000000  1.0
    0.004787   -0.756499  0.000000  1.0
    0.004787   -0.754499  0.000000  1.0
    0.004787   -0.752499  0.000000  1.0
    0.004787   -0.750499  0.000000  1.0
    0.004787   -0.748499  0.000000  1.0
    0.004787   -0.746499  0.000000  1.0
    0.004787   -0.744499  0.000000  1.0
    0.004787   -0.742499  0.000000  1.0
    0.004787   -0.740499  0.000000  1.0
    0.004787   -0.738499  0.000000  1.0
    0.004787   -0.736499  0.000000  1.0
    0.004787   -0.734499  0.000000  1.0
    0.004787   -0.732499  0.000000  1.0
    0.004787   -0.730499  0.000000  1.0
    0.004787   -0.728499  0.000000  1.0
    0.004787   -0.726499  0.000000  1.0
    0.004787   -0.724499  0.000000  1.0
    0.004787   -0.722499  0.000000  1.0
    0.004787   -0.720499  0.000000  1.0
    0.004787   -0.718499  0.000000  1.0
    0.004787   -0.716499  0.000000  1.0
    0.004787   -0.714499  0.000000  1.0
    0.004787   -0.712499  0.000000  1.0
    0.004787   -0.710499  0.000000  1.0
    0.006787   -0.790499  0.000000  1.0
    0.006787   -0.788499  0.000000  1.0
    0.006787   -0.786499  0.000000  1.0
    0.006787   -0.784499  0.000000  1.0
    0.006787   -0.782499  0.000000  1.0
    0.006787   -0.780499  0.000000  1.0
    0.006787   -0.778499  0.000000  1.0
    0.006787   -0.776499  0.000000  1.0
    0.006787   -0.774499  0.000000  1.0
    0.006787   -0.772499  0.000000  1.0
    0.006787   -0.770499  0.000000  1.0
    0.006787   -0.768499  0.000000  1.0
    0.006787   -0.766499  0.000000  1.0
    0.006787   -0.764499  0.000000  1.0
    0.006787   -0.762499  0.000000  1.0
    0.006787   -0.760499  0.000000  1.0
    0.006787   -0.758499  0.000000  1.0
    0.006787   -0.756499  0.000000  1.0
    0.006787   -0.754499  0.000000  1.0
    0.006787   -0.752499  0.000000  1.0
    0.006787   -0.750499  0.000000  1.0
    0.006787   -0.748499  0.000000  1.0
    0.006787   -0.746499  0.000000  1.0
    0.006787   -0.744499  0.000000  1.0
    0.006787   -0.742499  0.000000  1.0
    0.006787   -0.740499  0.000000  1.0
    0.006787   -0.738499  0.000000  1.0
    0.006787   -0.736499  0.000000  1.0
    0.006787   -0.734499  0.000000  1.0
    0.006787   -0.732499  0.000000  1.0
    0.006787   -0.730499  0.000000  1.0
    0.006787   -0.728499  0.000000  1.0
    0.006787   -0.726499  0.000000  1.0
    0.006787   -0.724499  0.000000  1.0
    0.006787   -0.722499  0.000000  1.0
    0.006787   -0.720499  0.000000  1.0
    0.006787   -0.718499  0.000000  1.0
    0.006787   -0.716499  0.000000  1.0
    0.006787   -0.714499  0.000000  1.0
    0.006787   -0.712499  0.000000  1.0
    0.006787   -0.710499  0.000000  1.0
    0.008787   -0.790499  0.000000  1.0
    0.008787   -0.788499  0.000000  1.0
    0.008787   -0.786499  0.000000  1.0
    0.008787   -0.784499  0.000000  1.0
    0.008787   -0.782499  0.000000  1.0
    0.008787   -0.780499  0.000000  1.0
    0.008787   -0.778499  0.000000  1.0
    0.008787   -0.776499  0.000000  1.0
    0.008787   -0.774499  0.000000  1.0
    0.008787   -0.772499  0.000000  1.0
    0.008787   -0.770499  0.000000  1.0
    0.008787   -0.768499  0.000000  1.0
    0.008787   -0.766499  0.000000  1.0
    0.008787   -0.764499  0.000000  1.0
    0.008787   -0.762499  0.000000  1.0
    0.008787   -0.760499  0.000000  1.0
    0.008787   -0.758499  0.000000  1.0
    0.008787   -0.756499  0.000000  1.0
    0.008787   -0.754499  0.000000  1.0
    0.008787   -0.752499  0.000000  1.0
    0.008787   -0.750499  0.000000  1.0
    0.008787   -0.748499  0.000000  1.0
    0.008787   -0.746499  0.000000  1.0
    0.008787   -0.744499  0.000000  1.0
    0.008787   -0.742499  0.000000  1.0
    0.008787   -0.740499  0.000000  1.0
    0.008787   -0.738499  0.000000  1.0
    0.008787   -0.736499  0.000000  1.0
    0.008787   -0.734499  0.000000  1.0
    0.008787   -0.732499  0.000000  1.0
    0.008787   -0.730499  0.000000  1.0
    0.008787   -0.728499  0.000000  1.0
    0.008787   -0.726499  0.000000  1.0
    0.008787   -0.724499  0.000000  1.0
    0.008787   -0.722499  0.000000  1.0
    0.008787   -0.720499  0.000000  1.0
    0.008787   -0.718499  0.000000  1.0
    0.008787   -0.716499  0.000000  1.0
    0.008787   -0.714499  0.000000  1.0
    0.008787   -0.712499  0.000000  1.0
    0.008787   -0.710499  0.000000  1.0
    0.010787   -0.790499  0.000000  1.0
    0.010787   -0.788499  0.000000  1.0
    0.010787   -0.786499  0.000000  1.0
    0.010787   -0.784499  0.000000  1.0
    0.010787   -0.782499  0.000000  1.0
    0.010787   -0.780499  0.000000  1.0
    0.010787   -0.778499  0.000000  1.0
    0.010787   -0.776499  0.000000  1.0
    0.010787   -0.774499  0.000000  1.0
    0.010787   -0.772499  0.000000  1.0
    0.010787   -0.770499  0.000000  1.0
    0.010787   -0.768499  0.000000  1.0
    0.010787   -0.766499  0.000000  1.0
    0.010787   -0.764499  0.000000  1.0
    0.010787   -0.762499  0.000000  1.0
    0.010787   -0.760499  0.000000  1.0
    0.010787   -0.758499  0.000000  1.0
    0.010787   -0.756499  0.000000  1.0
    0.010787   -0.754499  0.000000  1.0
    0.010787   -0.752499  0.000000  1.0
    0.010787   -0.750499  0.000000  1.0
    0.010787   -0.748499  0.000000  1.0
    0.010787   -0.746499  0.000000  1.0
    0.010787   -0.744499  0.000000  1.0
    0.010787   -0.742499  0.000000  1.0
    0.010787   -0.740499  0.000000  1.0
    0.010787   -0.738499  0.000000  1.0
    0.010787   -0.736499  0.000000  1.0
    0.010787   -0.734499  0.000000  1.0
    0.010787   -0.732499  0.000000  1.0
    0.010787   -0.730499  0.000000  1.0
    0.010787   -0.728499  0.000000  1.0
    0.010787   -0.726499  0.000000  1.0
    0.010787   -0.724499  0.000000  1.0
    0.010787   -0.722499  0.000000  1.0
    0.010787   -0.720499  0.000000  1.0
    0.010787   -0.718499  0.000000  1.0
    0.010787   -0.716499  0.000000  1.0
    0.010787   -0.714499  0.000000  1.0
    0.010787   -0.712499  0.000000  1.0
    0.010787   -0.710499  0.000000  1.0
    0.012787   -0.790499  0.000000  1.0
    0.012787   -0.788499  0.000000  1.0
    0.012787   -0.786499  0.000000  1.0
    0.012787   -0.784499  0.000000  1.0
    0.012787   -0.782499  0.000000  1.0
    0.012787   -0.780499  0.000000  1.0
    0.012787   -0.778499  0.000000  1.0
    0.012787   -0.776499  0.000000  1.0
    0.012787   -0.774499  0.000000  1.0
    0.012787   -0.772499  0.000000  1.0
    0.012787   -0.770499  0.000000  1.0
    0.012787   -0.768499  0.000000  1.0
    0.012787   -0.766499  0.000000  1.0
    0.012787   -0.764499  0.000000  1.0
    0.012787   -0.762499  0.000000  1.0
    0.012787   -0.760499  0.000000  1.0
    0.012787   -0.758499  0.000000  1.0
    0.012787   -0.756499  0.000000  1.0
    0.012787   -0.754499  0.000000  1.0
    0.012787   -0.752499  0.000000  1.0
    0.012787   -0.750499  0.000000  1.0
    0.012787   -0.748499  0.000000  1.0
    0.012787   -0.746499  0.000000  1.0
    0.012787   -0.744499  0.000000  1.0
    0.012787   -0.742499  0.000000  1.0
    0.012787   -0.740499  0.000000  1.0
    0.012787   -0.738499  0.000000  1.0
    0.012787   -0.736499  0.000000  1.0
    0.012787   -0.734499  0.000000  1.0
    0.012787   -0.732499  0.000000  1.0
    0.012787   -0.730499  0.000000  1.0
    0.012787   -0.728499  0.000000  1.0
    0.012787   -0.726499  0.000000  1.0
    0.012787   -0.724499  0.000000  1.0
    0.012787   -0.722499  0.000000  1.0
    0.012787   -0.720499  0.000000  1.0
    0.012787   -0.718499  0.000000  1.0
    0.012787   -0.716499  0.000000  1.0
    0.012787   -0.714499  0.000000  1.0
    0.012787   -0.712499  0.000000  1.0
    0.012787   -0.710499  0.000000  1.0
    0.014787   -0.790499  0.000000  1.0
    0.014787   -0.788499  0.000000  1.0
    0.014787   -0.786499  0.000000  1.0
    0.014787   -0.784499  0.000000  1.0
    0.014787   -0.782499  0.000000  1.0
    0.014787   -0.780499  0.000000  1.0
    0.014787   -0.778499  0.000000  1.0
    0.014787   -0.776499  0.000000  1.0
    0.014787   -0.774499  0.000000  1.0
    0.014787   -0.772499  0.000000  1.0
    0.014787   -0.770499  0.000000  1.0
    0.014787   -0.768499  0.000000  1.0
    0.014787   -0.766499  0.000000  1.0
    0.014787   -0.764499  0.000000  1.0
    0.014787   -0.762499  0.000000  1.0
    0.014787   -0.760499  0.000000  1.0
    0.014787   -0.758499  0.000000  1.0
    0.014787   -0.756499  0.000000  1.0
    0.014787   -0.754499  0.000000  1.0
    0.014787   -0.752499  0.000000  1.0
    0.014787   -0.750499  0.000000  1.0
    0.014787   -0.748499  0.000000  1.0
    0.014787   -0.746499  0.000000  1.0
    0.014787   -0.744499  0.000000  1.0
    0.014787   -0.742499  0.000000  1.0
    0.014787   -0.740499  0.000000  1.0
    0.014787   -0.738499  0.000000  1.0
    0.014787   -0.736499  0.000000  1.0
    0.014787   -0.734499  0.000000  1.0
    0.014787   -0.732499  0.000000  1.0
    0.014787   -0.730499  0.000000  1.0
    0.014787   -0.728499  0.000000  1.0
    0.014787   -0.726499  0.000000  1.0
    0.014787   -0.724499  0.000000  1.0
    0.014787   -0.722499  0.000000  1.0
    0.014787   -0.720499  0.000000  1.0
    0.014787   -0.718499  0.000000  1.0
    0.014787   -0.716499  0.000000  1.0
    0.014787   -0.714499  0.000000  1.0
    0.014787   -0.712499  0.000000  1.0
    0.014787   -0.710499  0.000000  1.0
    0.016787   -0.790499  0.000000  1.0
    0.016787   -0.788499  0.000000  1.0
    0.016787   -0.786499  0.000000  1.0
    0.016787   -0.784499  0.000000  1.0
    0.016787   -0.782499  0.000000  1.0
    0.016787   -0.780499  0.000000  1.0
    0.016787   -0.778499  0.000000  1.0
    0.016787   -0.776499  0.000000  1.0
    0.016787   -0.774499  0.000000  1.0
    0.016787   -0.772499  0.000000  1.0
    0.016787   -0.770499  0.000000  1.0
    0.016787   -0.768499  0.000000  1.0
    0.016787   -0.766499  0.000000  1.0
    0.016787   -0.764499  0.000000  1.0
    0.016787   -0.762499  0.000000  1.0
    0.016787   -0.760499  0.000000  1.0
    0.016787   -0.758499  0.000000  1.0
    0.016787   -0.756499  0.000000  1.0
    0.016787   -0.754499  0.000000  1.0
    0.016787   -0.752499  0.000000  1.0
    0.016787   -0.750499  0.000000  1.0
    0.016787   -0.748499  0.000000  1.0
    0.016787   -0.746499  0.000000  1.0
    0.016787   -0.744499  0.000000  1.0
    0.016787   -0.742499  0.000000  1.0
    0.016787   -0.740499  0.000000  1.0
    0.016787   -0.738499  0.000000  1.0
    0.016787   -0.736499  0.000000  1.0
    0.016787   -0.734499  0.000000  1.0
    0.016787   -0.732499  0.000000  1.0
    0.016787   -0.730499  0.000000  1.0
    0.016787   -0.728499  0.000000  1.0
    0.016787   -0.726499  0.000000  1.0
    0.016787   -0.724499  0.000000  1.0
    0.016787   -0.722499  0.000000  1.0
    0.016787   -0.720499  0.000000  1.0
    0.016787   -0.718499  0.000000  1.0
    0.016787   -0.716499  0.000000  1.0
    0.016787   -0.714499  0.000000  1.0
    0.016787   -0.712499  0.000000  1.0
    0.016787   -0.710499  0.000000  1.0
    0.018787   -0.790499  0.000000  1.0
    0.018787   -0.788499  0.000000  1.0
    0.018787   -0.786499  0.000000  1.0
    0.018787   -0.784499  0.000000  1.0
    0.018787   -0.782499  0.000000  1.0
    0.018787   -0.780499  0.000000  1.0
    0.018787   -0.778499  0.000000  1.0
    0.018787   -0.776499  0.000000  1.0
    0.018787   -0.774499  0.000000  1.0
    0.018787   -0.772499  0.000000  1.0
    0.018787   -0.770499  0.000000  1.0
    0.018787   -0.768499  0.000000  1.0
    0.018787   -0.766499  0.000000  1.0
    0.018787   -0.764499  0.000000  1.0
    0.018787   -0.762499  0.000000  1.0
    0.018787   -0.760499  0.000000  1.0
    0.018787   -0.758499  0.000000  1.0
    0.018787   -0.756499  0.000000  1.0
    0.018787   -0.754499  0.000000  1.0
    0.018787   -0.752499  0.000000  1.0
    0.018787   -0.750499  0.000000  1.0
    0.018787   -0.748499  0.000000  1.0
    0.018787   -0.746499  0.000000  1.0
    0.018787   -0.744499  0.000000  1.0
    0.018787   -0.742499  0.000000  1.0
    0.018787   -0.740499  0.000000  1.0
    0.018787   -0.738499  0.000000  1.0
    0.018787   -0.736499  0.000000  1.0
    0.018787   -0.734499  0.000000  1.0
    0.018787   -0.732499  0.000000  1.0
    0.018787   -0.730499  0.000000  1.0
    0.018787   -0.728499  0.000000  1.0
    0.018787   -0.726499  0.000000  1.0
    0.018787   -0.724499  0.000000  1.0
    0.018787   -0.722499  0.000000  1.0
    0.018787   -0.720499  0.000000  1.0
    0.018787   -0.718499  0.000000  1.0
    0.018787   -0.716499  0.000000  1.0
    0.018787   -0.714499  0.000000  1.0
    0.018787   -0.712499  0.000000  1.0
    0.018787   -0.710499  0.000000  1.0
    0.020787   -0.790499  0.000000  1.0
    0.020787   -0.788499  0.000000  1.0
    0.020787   -0.786499  0.000000  1.0
    0.020787   -0.784499  0.000000  1.0
    0.020787   -0.782499  0.000000  1.0
    0.020787   -0.780499  0.000000  1.0
    0.020787   -0.778499  0.000000  1.0
    0.020787   -0.776499  0.000000  1.0
    0.020787   -0.774499  0.000000  1.0
    0.020787   -0.772499  0.000000  1.0
    0.020787   -0.770499  0.000000  1.0
    0.020787   -0.768499  0.000000  1.0
    0.020787   -0.766499  0.000000  1.0
    0.020787   -0.764499  0.000000  1.0
    0.020787   -0.762499  0.000000  1.0
    0.020787   -0.760499  0.000000  1.0
    0.020787   -0.758499  0.000000  1.0
    0.020787   -0.756499  0.000000  1.0
    0.020787   -0.754499  0.000000  1.0
    0.020787   -0.752499  0.000000  1.0
    0.020787   -0.750499  0.000000  1.0
    0.020787   -0.748499  0.000000  1.0
    0.020787   -0.746499  0.000000  1.0
    0.020787   -0.744499  0.000000  1.0
    0.020787   -0.742499  0.000000  1.0
    0.020787   -0.740499  0.000000  1.0
    0.020787   -0.738499  0.000000  1.0
    0.020787   -0.736499  0.000000  1.0
    0.020787   -0.734499  0.000000  1.0
    0.020787   -0.732499  0.000000  1.0
    0.020787   -0.730499  0.000000  1.0
    0.020787   -0.728499  0.000000  1.0
    0.020787   -0.726499  0.000000  1.0
    0.020787   -0.724499  0.000000  1.0
    0.020787   -0.722499  0.000000  1.0
    0.020787   -0.720499  0.000000  1.0
    0.020787   -0.718499  0.000000  1.0
    0.020787   -0.716499  0.000000  1.0
    0.020787   -0.714499  0.000000  1.0
    0.020787   -0.712499  0.000000  1.0
    0.020787   -0.710499  0.000000  1.0
    0.022787   -0.790499  0.000000  1.0
    0.022787   -0.788499  0.000000  1.0
    0.022787   -0.786499  0.000000  1.0
    0.022787   -0.784499  0.000000  1.0
    0.022787   -0.782499  0.000000  1.0
    0.022787   -0.780499  0.000000  1.0
    0.022787   -0.778499  0.000000  1.0
    0.022787   -0.776499  0.000000  1.0
    0.022787   -0.774499  0.000000  1.0
    0.022787   -0.772499  0.000000  1.0
    0.022787   -0.770499  0.000000  1.0
    0.022787   -0.768499  0.000000  1.0
    0.022787   -0.766499  0.000000  1.0
    0.022787   -0.764499  0.000000  1.0
    0.022787   -0.762499  0.000000  1.0
    0.022787   -0.760499  0.000000  1.0
    0.022787   -0.758499  0.000000  1.0
    0.022787   -0.756499  0.000000  1.0
    0.022787   -0.754499  0.000000  1.0
    0.022787   -0.752499  0.000000  1.0
    0.022787   -0.750499  0.000000  1.0
    0.022787   -0.748499  0.000000  1.0
    0.022787   -0.746499  0.000000  1.0
    0.022787   -0.744499  0.000000  1.0
    0.022787   -0.742499  0.000000  1.0
    0.022787   -0.740499  0.000000  1.0
    0.022787   -0.738499  0.000000  1.0
    0.022787   -0.736499  0.000000  1.0
    0.022787   -0.734499  0.000000  1.0
    0.022787   -0.732499  0.000000  1.0
    0.022787   -0.730499  0.000000  1.0
    0.022787   -0.728499  0.000000  1.0
    0.022787   -0.726499  0.000000  1.0
    0.022787   -0.724499  0.000000  1.0
    0.022787   -0.722499  0.000000  1.0
    0.022787   -0.720499  0.000000  1.0
    0.022787   -0.718499  0.000000  1.0
    0.022787   -0.716499  0.000000  1.0
    0.022787   -0.714499  0.000000  1.0
    0.022787   -0.712499  0.000000  1.0
    0.022787   -0.710499  0.000000  1.0
    0.024787   -0.790499  0.000000  1.0
    0.024787   -0.788499  0.000000  1.0
    0.024787   -0.786499  0.000000  1.0
    0.024787   -0.784499  0.000000  1.0
    0.024787   -0.782499  0.000000  1.0
    0.024787   -0.780499  0.000000  1.0
    0.024787   -0.778499  0.000000  1.0
    0.024787   -0.776499  0.000000  1.0
    0.024787   -0.774499  0.000000  1.0
    0.024787   -0.772499  0.000000  1.0
    0.024787   -0.770499  0.000000  1.0
    0.024787   -0.768499  0.000000  1.0
    0.024787   -0.766499  0.000000  1.0
    0.024787   -0.764499  0.000000  1.0
    0.024787   -0.762499  0.000000  1.0
    0.024787   -0.760499  0.000000  1.0
    0.024787   -0.758499  0.000000  1.0
    0.024787   -0.756499  0.000000  1.0
    0.024787   -0.754499  0.000000  1.0
    0.024787   -0.752499  0.000000  1.0
    0.024787   -0.750499  0.000000  1.0
    0.024787   -0.748499  0.000000  1.0
    0.024787   -0.746499  0.000000  1.0
    0.024787   -0.744499  0.000000  1.0
    0.024787   -0.742499  0.000000  1.0
    0.024787   -0.740499  0.000000  1.0
    0.024787   -0.738499  0.000000  1.0
    0.024787   -0.736499  0.000000  1.0
    0.024787   -0.734499  0.000000  1.0
    0.024787   -0.732499  0.000000  1.0
    0.024787   -0.730499  0.000000  1.0
    0.024787   -0.728499  0.000000  1.0
    0.024787   -0.726499  0.000000  1.0
    0.024787   -0.724499  0.000000  1.0
    0.024787   -0.722499  0.000000  1.0
    0.024787   -0.720499  0.000000  1.0
    0.024787   -0.718499  0.000000  1.0
    0.024787   -0.716499  0.000000  1.0
    0.024787   -0.714499  0.000000  1.0
    0.024787   -0.712499  0.000000  1.0
    0.024787   -0.710499  0.000000  1.0
    0.026787   -0.790499  0.000000  1.0
    0.026787   -0.788499  0.000000  1.0
    0.026787   -0.786499  0.000000  1.0
    0.026787   -0.784499  0.000000  1.0
    0.026787   -0.782499  0.000000  1.0
    0.026787   -0.780499  0.000000  1.0
    0.026787   -0.778499  0.000000  1.0
    0.026787   -0.776499  0.000000  1.0
    0.026787   -0.774499  0.000000  1.0
    0.026787   -0.772499  0.000000  1.0
    0.026787   -0.770499  0.000000  1.0
    0.026787   -0.768499  0.000000  1.0
    0.026787   -0.766499  0.000000  1.0
    0.026787   -0.764499  0.000000  1.0
    0.026787   -0.762499  0.000000  1.0
    0.026787   -0.760499  0.000000  1.0
    0.026787   -0.758499  0.000000  1.0
    0.026787   -0.756499  0.000000  1.0
    0.026787   -0.754499  0.000000  1.0
    0.026787   -0.752499  0.000000  1.0
    0.026787   -0.750499  0.000000  1.0
    0.026787   -0.748499  0.000000  1.0
    0.026787   -0.746499  0.000000  1.0
    0.026787   -0.744499  0.000000  1.0
    0.026787   -0.742499  0.000000  1.0
    0.026787   -0.740499  0.000000  1.0
    0.026787   -0.738499  0.000000  1.0
    0.026787   -0.736499  0.000000  1.0
    0.026787   -0.734499  0.000000  1.0
    0.026787   -0.732499  0.000000  1.0
    0.026787   -0.730499  0.000000  1.0
    0.026787   -0.728499  0.000000  1.0
    0.026787   -0.726499  0.000000  1.0
    0.026787   -0.724499  0.000000  1.0
    0.026787   -0.722499  0.000000  1.0
    0.026787   -0.720499  0.000000  1.0
    0.026787   -0.718499  0.000000  1.0
    0.026787   -0.716499  0.000000  1.0
    0.026787   -0.714499  0.000000  1.0
    0.026787   -0.712499  0.000000  1.0
    0.026787   -0.710499  0.000000  1.0
    0.028787   -0.790499  0.000000  1.0
    0.028787   -0.788499  0.000000  1.0
    0.028787   -0.786499  0.000000  1.0
    0.028787   -0.784499  0.000000  1.0
    0.028787   -0.782499  0.000000  1.0
    0.028787   -0.780499  0.000000  1.0
    0.028787   -0.778499  0.000000  1.0
    0.028787   -0.776499  0.000000  1.0
    0.028787   -0.774499  0.000000  1.0
    0.028787   -0.772499  0.000000  1.0
    0.028787   -0.770499  0.000000  1.0
    0.028787   -0.768499  0.000000  1.0
    0.028787   -0.766499  0.000000  1.0
    0.028787   -0.764499  0.000000  1.0
    0.028787   -0.762499  0.000000  1.0
    0.028787   -0.760499  0.000000  1.0
    0.028787   -0.758499  0.000000  1.0
    0.028787   -0.756499  0.000000  1.0
    0.028787   -0.754499  0.000000  1.0
    0.028787   -0.752499  0.000000  1.0
    0.028787   -0.750499  0.000000  1.0
    0.028787   -0.748499  0.000000  1.0
    0.028787   -0.746499  0.000000  1.0
    0.028787   -0.744499  0.000000  1.0
    0.028787   -0.742499  0.000000  1.0
    0.028787   -0.740499  0.000000  1.0
    0.028787   -0.738499  0.000000  1.0
    0.028787   -0.736499  0.000000  1.0
    0.028787   -0.734499  0.000000  1.0
    0.028787   -0.732499  0.000000  1.0
    0.028787   -0.730499  0.000000  1.0
    0.028787   -0.728499  0.000000  1.0
    0.028787   -0.726499  0.000000  1.0
    0.028787   -0.724499  0.000000  1.0
    0.028787   -0.722499  0.000000  1.0
    0.028787   -0.720499  0.000000  1.0
    0.028787   -0.718499  0.000000  1.0
    0.028787   -0.716499  0.000000  1.0
    0.028787   -0.714499  0.000000  1.0
    0.028787   -0.712499  0.000000  1.0
    0.028787   -0.710499  0.000000  1.0
    0.030787   -0.790499  0.000000  1.0
    0.030787   -0.788499  0.000000  1.0
    0.030787   -0.786499  0.000000  1.0
    0.030787   -0.784499  0.000000  1.0
    0.030787   -0.782499  0.000000  1.0
    0.030787   -0.780499  0.000000  1.0
    0.030787   -0.778499  0.000000  1.0
    0.030787   -0.776499  0.000000  1.0
    0.030787   -0.774499  0.000000  1.0
    0.030787   -0.772499  0.000000  1.0
    0.030787   -0.770499  0.000000  1.0
    0.030787   -0.768499  0.000000  1.0
    0.030787   -0.766499  0.000000  1.0
    0.030787   -0.764499  0.000000  1.0
    0.030787   -0.762499  0.000000  1.0
    0.030787   -0.760499  0.000000  1.0
    0.030787   -0.758499  0.000000  1.0
    0.030787   -0.756499  0.000000  1.0
    0.030787   -0.754499  0.000000  1.0
    0.030787   -0.752499  0.000000  1.0
    0.030787   -0.750499  0.000000  1.0
    0.030787   -0.748499  0.000000  1.0
    0.030787   -0.746499  0.000000  1.0
    0.030787   -0.744499  0.000000  1.0
    0.030787   -0.742499  0.000000  1.0
    0.030787   -0.740499  0.000000  1.0
    0.030787   -0.738499  0.000000  1.0
    0.030787   -0.736499  0.000000  1.0
    0.030787   -0.734499  0.000000  1.0
    0.030787   -0.732499  0.000000  1.0
    0.030787   -0.730499  0.000000  1.0
    0.030787   -0.728499  0.000000  1.0
    0.030787   -0.726499  0.000000  1.0
    0.030787   -0.724499  0.000000  1.0
    0.030787   -0.722499  0.000000  1.0
    0.030787   -0.720499  0.000000  1.0
    0.030787   -0.718499  0.000000  1.0
    0.030787   -0.716499  0.000000  1.0
    0.030787   -0.714499  0.000000  1.0
    0.030787   -0.712499  0.000000  1.0
    0.030787   -0.710499  0.000000  1.0
    0.032787   -0.790499  0.000000  1.0
    0.032787   -0.788499  0.000000  1.0
    0.032787   -0.786499  0.000000  1.0
    0.032787   -0.784499  0.000000  1.0
    0.032787   -0.782499  0.000000  1.0
    0.032787   -0.780499  0.000000  1.0
    0.032787   -0.778499  0.000000  1.0
    0.032787   -0.776499  0.000000  1.0
    0.032787   -0.774499  0.000000  1.0
    0.032787   -0.772499  0.000000  1.0
    0.032787   -0.770499  0.000000  1.0
    0.032787   -0.768499  0.000000  1.0
    0.032787   -0.766499  0.000000  1.0
    0.032787   -0.764499  0.000000  1.0
    0.032787   -0.762499  0.000000  1.0
    0.032787   -0.760499  0.000000  1.0
    0.032787   -0.758499  0.000000  1.0
    0.032787   -0.756499  0.000000  1.0
    0.032787   -0.754499  0.000000  1.0
    0.032787   -0.752499  0.000000  1.0
    0.032787   -0.750499  0.000000  1.0
    0.032787   -0.748499  0.000000  1.0
    0.032787   -0.746499  0.000000  1.0
    0.032787   -0.744499  0.000000  1.0
    0.032787   -0.742499  0.000000  1.0
    0.032787   -0.740499  0.000000  1.0
    0.032787   -0.738499  0.000000  1.0
    0.032787   -0.736499  0.000000  1.0
    0.032787   -0.734499  0.000000  1.0
    0.032787   -0.732499  0.000000  1.0
    0.032787   -0.730499  0.000000  1.0
    0.032787   -0.728499  0.000000  1.0
    0.032787   -0.726499  0.000000  1.0
    0.032787   -0.724499  0.000000  1.0
    0.032787   -0.722499  0.000000  1.0
    0.032787   -0.720499  0.000000  1.0
    0.032787   -0.718499  0.000000  1.0
    0.032787   -0.716499  0.000000  1.0
    0.032787   -0.714499  0.000000  1.0
    0.032787   -0.712499  0.000000  1.0
    0.032787   -0.710499  0.000000  1.0
    0.034787   -0.790499  0.000000  1.0
    0.034787   -0.788499  0.000000  1.0
    0.034787   -0.786499  0.000000  1.0
    0.034787   -0.784499  0.000000  1.0
    0.034787   -0.782499  0.000000  1.0
    0.034787   -0.780499  0.000000  1.0
    0.034787   -0.778499  0.000000  1.0
    0.034787   -0.776499  0.000000  1.0
    0.034787   -0.774499  0.000000  1.0
    0.034787   -0.772499  0.000000  1.0
    0.034787   -0.770499  0.000000  1.0
    0.034787   -0.768499  0.000000  1.0
    0.034787   -0.766499  0.000000  1.0
    0.034787   -0.764499  0.000000  1.0
    0.034787   -0.762499  0.000000  1.0
    0.034787   -0.760499  0.000000  1.0
    0.034787   -0.758499  0.000000  1.0
    0.034787   -0.756499  0.000000  1.0
    0.034787   -0.754499  0.000000  1.0
    0.034787   -0.752499  0.000000  1.0
    0.034787   -0.750499  0.000000  1.0
    0.034787   -0.748499  0.000000  1.0
    0.034787   -0.746499  0.000000  1.0
    0.034787   -0.744499  0.000000  1.0
    0.034787   -0.742499  0.000000  1.0
    0.034787   -0.740499  0.000000  1.0
    0.034787   -0.738499  0.000000  1.0
    0.034787   -0.736499  0.000000  1.0
    0.034787   -0.734499  0.000000  1.0
    0.034787   -0.732499  0.000000  1.0
    0.034787   -0.730499  0.000000  1.0
    0.034787   -0.728499  0.000000  1.0
    0.034787   -0.726499  0.000000  1.0
    0.034787   -0.724499  0.000000  1.0
    0.034787   -0.722499  0.000000  1.0
    0.034787   -0.720499  0.000000  1.0
    0.034787   -0.718499  0.000000  1.0
    0.034787   -0.716499  0.000000  1.0
    0.034787   -0.714499  0.000000  1.0
    0.034787   -0.712499  0.000000  1.0
    0.034787   -0.710499  0.000000  1.0
    0.036787   -0.790499  0.000000  1.0
    0.036787   -0.788499  0.000000  1.0
    0.036787   -0.786499  0.000000  1.0
    0.036787   -0.784499  0.000000  1.0
    0.036787   -0.782499  0.000000  1.0
    0.036787   -0.780499  0.000000  1.0
    0.036787   -0.778499  0.000000  1.0
    0.036787   -0.776499  0.000000  1.0
    0.036787   -0.774499  0.000000  1.0
    0.036787   -0.772499  0.000000  1.0
    0.036787   -0.770499  0.000000  1.0
    0.036787   -0.768499  0.000000  1.0
    0.036787   -0.766499  0.000000  1.0
    0.036787   -0.764499  0.000000  1.0
    0.036787   -0.762499  0.000000  1.0
    0.036787   -0.760499  0.000000  1.0
    0.036787   -0.758499  0.000000  1.0
    0.036787   -0.756499  0.000000  1.0
    0.036787   -0.754499  0.000000  1.0
    0.036787   -0.752499  0.000000  1.0
    0.036787   -0.750499  0.000000  1.0
    0.036787   -0.748499  0.000000  1.0
    0.036787   -0.746499  0.000000  1.0
    0.036787   -0.744499  0.000000  1.0
    0.036787   -0.742499  0.000000  1.0
    0.036787   -0.740499  0.000000  1.0
    0.036787   -0.738499  0.000000  1.0
    0.036787   -0.736499  0.000000  1.0
    0.036787   -0.734499  0.000000  1.0
    0.036787   -0.732499  0.000000  1.0
    0.036787   -0.730499  0.000000  1.0
    0.036787   -0.728499  0.000000  1.0
    0.036787   -0.726499  0.000000  1.0
    0.036787   -0.724499  0.000000  1.0
    0.036787   -0.722499  0.000000  1.0
    0.036787   -0.720499  0.000000  1.0
    0.036787   -0.718499  0.000000  1.0
    0.036787   -0.716499  0.000000  1.0
    0.036787   -0.714499  0.000000  1.0
    0.036787   -0.712499  0.000000  1.0
    0.036787   -0.710499  0.000000  1.0
    0.038787   -0.790499  0.000000  1.0
    0.038787   -0.788499  0.000000  1.0
    0.038787   -0.786499  0.000000  1.0
    0.038787   -0.784499  0.000000  1.0
    0.038787   -0.782499  0.000000  1.0
    0.038787   -0.780499  0.000000  1.0
    0.038787   -0.778499  0.000000  1.0
    0.038787   -0.776499  0.000000  1.0
    0.038787   -0.774499  0.000000  1.0
    0.038787   -0.772499  0.000000  1.0
    0.038787   -0.770499  0.000000  1.0
    0.038787   -0.768499  0.000000  1.0
    0.038787   -0.766499  0.000000  1.0
    0.038787   -0.764499  0.000000  1.0
    0.038787   -0.762499  0.000000  1.0
    0.038787   -0.760499  0.000000  1.0
    0.038787   -0.758499  0.000000  1.0
    0.038787   -0.756499  0.000000  1.0
    0.038787   -0.754499  0.000000  1.0
    0.038787   -0.752499  0.000000  1.0
    0.038787   -0.750499  0.000000  1.0
    0.038787   -0.748499  0.000000  1.0
    0.038787   -0.746499  0.000000  1.0
    0.038787   -0.744499  0.000000  1.0
    0.038787   -0.742499  0.000000  1.0
    0.038787   -0.740499  0.000000  1.0
    0.038787   -0.738499  0.000000  1.0
    0.038787   -0.736499  0.000000  1.0
    0.038787   -0.734499  0.000000  1.0
    0.038787   -0.732499  0.000000  1.0
    0.038787   -0.730499  0.000000  1.0
    0.038787   -0.728499  0.000000  1.0
    0.038787   -0.726499  0.000000  1.0
    0.038787   -0.724499  0.000000  1.0
    0.038787   -0.722499  0.000000  1.0
    0.038787   -0.720499  0.000000  1.0
    0.038787   -0.718499  0.000000  1.0
    0.038787   -0.716499  0.000000  1.0
    0.038787   -0.714499  0.000000  1.0
    0.038787   -0.712499  0.000000  1.0
    0.038787   -0.710499  0.000000  1.0
    0.040787   -0.790499  0.000000  1.0
    0.040787   -0.788499  0.000000  1.0
    0.040787   -0.786499  0.000000  1.0
    0.040787   -0.784499  0.000000  1.0
    0.040787   -0.782499  0.000000  1.0
    0.040787   -0.780499  0.000000  1.0
    0.040787   -0.778499  0.000000  1.0
    0.040787   -0.776499  0.000000  1.0
    0.040787   -0.774499  0.000000  1.0
    0.040787   -0.772499  0.000000  1.0
    0.040787   -0.770499  0.000000  1.0
    0.040787   -0.768499  0.000000  1.0
    0.040787   -0.766499  0.000000  1.0
    0.040787   -0.764499  0.000000  1.0
    0.040787   -0.762499  0.000000  1.0
    0.040787   -0.760499  0.000000  1.0
    0.040787   -0.758499  0.000000  1.0
    0.040787   -0.756499  0.000000  1.0
    0.040787   -0.754499  0.000000  1.0
    0.040787   -0.752499  0.000000  1.0
    0.040787   -0.750499  0.000000  1.0
    0.040787   -0.748499  0.000000  1.0
    0.040787   -0.746499  0.000000  1.0
    0.040787   -0.744499  0.000000  1.0
    0.040787   -0.742499  0.000000  1.0
    0.040787   -0.740499  0.000000  1.0
    0.040787   -0.738499  0.000000  1.0
    0.040787   -0.736499  0.000000  1.0
    0.040787   -0.734499  0.000000  1.0
    0.040787   -0.732499  0.000000  1.0
    0.040787   -0.730499  0.000000  1.0
    0.040787   -0.728499  0.000000  1.0
    0.040787   -0.726499  0.000000  1.0
    0.040787   -0.724499  0.000000  1.0
    0.040787   -0.722499  0.000000  1.0
    0.040787   -0.720499  0.000000  1.0
    0.040787   -0.718499  0.000000  1.0
    0.040787   -0.716499  0.000000  1.0
    0.040787   -0.714499  0.000000  1.0
    0.040787   -0.712499  0.000000  1.0
    0.040787   -0.710499  0.000000  1.0
    0.042787   -0.790499  0.000000  1.0
    0.042787   -0.788499  0.000000  1.0
    0.042787   -0.786499  0.000000  1.0
    0.042787   -0.784499  0.000000  1.0
    0.042787   -0.782499  0.000000  1.0
    0.042787   -0.780499  0.000000  1.0
    0.042787   -0.778499  0.000000  1.0
    0.042787   -0.776499  0.000000  1.0
    0.042787   -0.774499  0.000000  1.0
    0.042787   -0.772499  0.000000  1.0
    0.042787   -0.770499  0.000000  1.0
    0.042787   -0.768499  0.000000  1.0
    0.042787   -0.766499  0.000000  1.0
    0.042787   -0.764499  0.000000  1.0
    0.042787   -0.762499  0.000000  1.0
    0.042787   -0.760499  0.000000  1.0
    0.042787   -0.758499  0.000000  1.0
    0.042787   -0.756499  0.000000  1.0
    0.042787   -0.754499  0.000000  1.0
    0.042787   -0.752499  0.000000  1.0
    0.042787   -0.750499  0.000000  1.0
    0.042787   -0.748499  0.000000  1.0
    0.042787   -0.746499  0.000000  1.0
    0.042787   -0.744499  0.000000  1.0
    0.042787   -0.742499  0.000000  1.0
    0.042787   -0.740499  0.000000  1.0
    0.042787   -0.738499  0.000000  1.0
    0.042787   -0.736499  0.000000  1.0
    0.042787   -0.734499  0.000000  1.0
    0.042787   -0.732499  0.000000  1.0
    0.042787   -0.730499  0.000000  1.0
    0.042787   -0.728499  0.000000  1.0
    0.042787   -0.726499  0.000000  1.0
    0.042787   -0.724499  0.000000  1.0
    0.042787   -0.722499  0.000000  1.0
    0.042787   -0.720499  0.000000  1.0
    0.042787   -0.718499  0.000000  1.0
    0.042787   -0.716499  0.000000  1.0
    0.042787   -0.714499  0.000000  1.0
    0.042787   -0.712499  0.000000  1.0
    0.042787   -0.710499  0.000000  1.0
    0.044787   -0.790499  0.000000  1.0
    0.044787   -0.788499  0.000000  1.0
    0.044787   -0.786499  0.000000  1.0
    0.044787   -0.784499  0.000000  1.0
    0.044787   -0.782499  0.000000  1.0
    0.044787   -0.780499  0.000000  1.0
    0.044787   -0.778499  0.000000  1.0
    0.044787   -0.776499  0.000000  1.0
    0.044787   -0.774499  0.000000  1.0
    0.044787   -0.772499  0.000000  1.0
    0.044787   -0.770499  0.000000  1.0
    0.044787   -0.768499  0.000000  1.0
    0.044787   -0.766499  0.000000  1.0
    0.044787   -0.764499  0.000000  1.0
    0.044787   -0.762499  0.000000  1.0
    0.044787   -0.760499  0.000000  1.0
    0.044787   -0.758499  0.000000  1.0
    0.044787   -0.756499  0.000000  1.0
    0.044787   -0.754499  0.000000  1.0
    0.044787   -0.752499  0.000000  1.0
    0.044787   -0.750499  0.000000  1.0
    0.044787   -0.748499  0.000000  1.0
    0.044787   -0.746499  0.000000  1.0
    0.044787   -0.744499  0.000000  1.0
    0.044787   -0.742499  0.000000  1.0
    0.044787   -0.740499  0.000000  1.0
    0.044787   -0.738499  0.000000  1.0
    0.044787   -0.736499  0.000000  1.0
    0.044787   -0.734499  0.000000  1.0
    0.044787   -0.732499  0.000000  1.0
    0.044787   -0.730499  0.000000  1.0
    0.044787   -0.728499  0.000000  1.0
    0.044787   -0.726499  0.000000  1.0
    0.044787   -0.724499  0.000000  1.0
    0.044787   -0.722499  0.000000  1.0
    0.044787   -0.720499  0.000000  1.0
    0.044787   -0.718499  0.000000  1.0
    0.044787   -0.716499  0.000000  1.0
    0.044787   -0.714499  0.000000  1.0
    0.044787   -0.712499  0.000000  1.0
    0.044787   -0.710499  0.000000  1.0
    0.046787   -0.790499  0.000000  1.0
    0.046787   -0.788499  0.000000  1.0
    0.046787   -0.786499  0.000000  1.0
    0.046787   -0.784499  0.000000  1.0
    0.046787   -0.782499  0.000000  1.0
    0.046787   -0.780499  0.000000  1.0
    0.046787   -0.778499  0.000000  1.0
    0.046787   -0.776499  0.000000  1.0
    0.046787   -0.774499  0.000000  1.0
    0.046787   -0.772499  0.000000  1.0
    0.046787   -0.770499  0.000000  1.0
    0.046787   -0.768499  0.000000  1.0
    0.046787   -0.766499  0.000000  1.0
    0.046787   -0.764499  0.000000  1.0
    0.046787   -0.762499  0.000000  1.0
    0.046787   -0.760499  0.000000  1.0
    0.046787   -0.758499  0.000000  1.0
    0.046787   -0.756499  0.000000  1.0
    0.046787   -0.754499  0.000000  1.0
    0.046787   -0.752499  0.000000  1.0
    0.046787   -0.750499  0.000000  1.0
    0.046787   -0.748499  0.000000  1.0
    0.046787   -0.746499  0.000000  1.0
    0.046787   -0.744499  0.000000  1.0
    0.046787   -0.742499  0.000000  1.0
    0.046787   -0.740499  0.000000  1.0
    0.046787   -0.738499  0.000000  1.0
    0.046787   -0.736499  0.000000  1.0
    0.046787   -0.734499  0.000000  1.0
    0.046787   -0.732499  0.000000  1.0
    0.046787   -0.730499  0.000000  1.0
    0.046787   -0.728499  0.000000  1.0
    0.046787   -0.726499  0.000000  1.0
    0.046787   -0.724499  0.000000  1.0
    0.046787   -0.722499  0.000000  1.0
    0.046787   -0.720499  0.000000  1.0
    0.046787   -0.718499  0.000000  1.0
    0.046787   -0.716499  0.000000  1.0
    0.046787   -0.714499  0.000000  1.0
    0.046787   -0.712499  0.000000  1.0
    0.046787   -0.710499  0.000000  1.0
    0.048787   -0.790499  0.000000  1.0
    0.048787   -0.788499  0.000000  1.0
    0.048787   -0.786499  0.000000  1.0
    0.048787   -0.784499  0.000000  1.0
    0.048787   -0.782499  0.000000  1.0
    0.048787   -0.780499  0.000000  1.0
    0.048787   -0.778499  0.000000  1.0
    0.048787   -0.776499  0.000000  1.0
    0.048787   -0.774499  0.000000  1.0
    0.048787   -0.772499  0.000000  1.0
    0.048787   -0.770499  0.000000  1.0
    0.048787   -0.768499  0.000000  1.0
    0.048787   -0.766499  0.000000  1.0
    0.048787   -0.764499  0.000000  1.0
    0.048787   -0.762499  0.000000  1.0
    0.048787   -0.760499  0.000000  1.0
    0.048787   -0.758499  0.000000  1.0
    0.048787   -0.756499  0.000000  1.0
    0.048787   -0.754499  0.000000  1.0
    0.048787   -0.752499  0.000000  1.0
    0.048787   -0.750499  0.000000  1.0
    0.048787   -0.748499  0.000000  1.0
    0.048787   -0.746499  0.000000  1.0
    0.048787   -0.744499  0.000000  1.0
    0.048787   -0.742499  0.000000  1.0
    0.048787   -0.740499  0.000000  1.0
    0.048787   -0.738499  0.000000  1.0
    0.048787   -0.736499  0.000000  1.0
    0.048787   -0.734499  0.000000  1.0
    0.048787   -0.732499  0.000000  1.0
    0.048787   -0.730499  0.000000  1.0
    0.048787   -0.728499  0.000000  1.0
    0.048787   -0.726499  0.000000  1.0
    0.048787   -0.724499  0.000000  1.0
    0.048787   -0.722499  0.000000  1.0
    0.048787   -0.720499  0.000000  1.0
    0.048787   -0.718499  0.000000  1.0
    0.048787   -0.716499  0.000000  1.0
    0.048787   -0.714499  0.000000  1.0
    0.048787   -0.712499  0.000000  1.0
    0.048787   -0.710499  0.000000  1.0
    0.050787   -0.790499  0.000000  1.0
    0.050787   -0.788499  0.000000  1.0
    0.050787   -0.786499  0.000000  1.0
    0.050787   -0.784499  0.000000  1.0
    0.050787   -0.782499  0.000000  1.0
    0.050787   -0.780499  0.000000  1.0
    0.050787   -0.778499  0.000000  1.0
    0.050787   -0.776499  0.000000  1.0
    0.050787   -0.774499  0.000000  1.0
    0.050787   -0.772499  0.000000  1.0
    0.050787   -0.770499  0.000000  1.0
    0.050787   -0.768499  0.000000  1.0
    0.050787   -0.766499  0.000000  1.0
    0.050787   -0.764499  0.000000  1.0
    0.050787   -0.762499  0.000000  1.0
    0.050787   -0.760499  0.000000  1.0
    0.050787   -0.758499  0.000000  1.0
    0.050787   -0.756499  0.000000  1.0
    0.050787   -0.754499  0.000000  1.0
    0.050787   -0.752499  0.000000  1.0
    0.050787   -0.750499  0.000000  1.0
    0.050787   -0.748499  0.000000  1.0
    0.050787   -0.746499  0.000000  1.0
    0.050787   -0.744499  0.000000  1.0
    0.050787   -0.742499  0.000000  1.0
    0.050787   -0.740499  0.000000  1.0
    0.050787   -0.738499  0.000000  1.0
    0.050787   -0.736499  0.000000  1.0
    0.050787   -0.734499  0.000000  1.0
    0.050787   -0.732499  0.000000  1.0
    0.050787   -0.730499  0.000000  1.0
    0.050787   -0.728499  0.000000  1.0
    0.050787   -0.726499  0.000000  1.0
    0.050787   -0.724499  0.000000  1.0
    0.050787   -0.722499  0.000000  1.0
    0.050787   -0.720499  0.000000  1.0
    0.050787   -0.718499  0.000000  1.0
    0.050787   -0.716499  0.000000  1.0
    0.050787   -0.714499  0.000000  1.0
    0.050787   -0.712499  0.000000  1.0
    0.050787   -0.710499  0.000000  1.0
    0.052787   -0.790499  0.000000  1.0
    0.052787   -0.788499  0.000000  1.0
    0.052787   -0.786499  0.000000  1.0
    0.052787   -0.784499  0.000000  1.0
    0.052787   -0.782499  0.000000  1.0
    0.052787   -0.780499  0.000000  1.0
    0.052787   -0.778499  0.000000  1.0
    0.052787   -0.776499  0.000000  1.0
    0.052787   -0.774499  0.000000  1.0
    0.052787   -0.772499  0.000000  1.0
    0.052787   -0.770499  0.000000  1.0
    0.052787   -0.768499  0.000000  1.0
    0.052787   -0.766499  0.000000  1.0
    0.052787   -0.764499  0.000000  1.0
    0.052787   -0.762499  0.000000  1.0
    0.052787   -0.760499  0.000000  1.0
    0.052787   -0.758499  0.000000  1.0
    0.052787   -0.756499  0.000000  1.0
    0.052787   -0.754499  0.000000  1.0
    0.052787   -0.752499  0.000000  1.0
    0.052787   -0.750499  0.000000  1.0
    0.052787   -0.748499  0.000000  1.0
    0.052787   -0.746499  0.000000  1.0
    0.052787   -0.744499  0.000000  1.0
    0.052787   -0.742499  0.000000  1.0
    0.052787   -0.740499  0.000000  1.0
    0.052787   -0.738499  0.000000  1.0
    0.052787   -0.736499  0.000000  1.0
    0.052787   -0.734499  0.000000  1.0
    0.052787   -0.732499  0.000000  1.0
    0.052787   -0.730499  0.000000  1.0
    0.052787   -0.728499  0.000000  1.0
    0.052787   -0.726499  0.000000  1.0
    0.052787   -0.724499  0.000000  1.0
    0.052787   -0.722499  0.000000  1.0
    0.052787   -0.720499  0.000000  1.0
    0.052787   -0.718499  0.000000  1.0
    0.052787   -0.716499  0.000000  1.0
    0.052787   -0.714499  0.000000  1.0
    0.052787   -0.712499  0.000000  1.0
    0.052787   -0.710499  0.000000  1.0
    0.054787   -0.790499  0.000000  1.0
    0.054787   -0.788499  0.000000  1.0
    0.054787   -0.786499  0.000000  1.0
    0.054787   -0.784499  0.000000  1.0
    0.054787   -0.782499  0.000000  1.0
    0.054787   -0.780499  0.000000  1.0
    0.054787   -0.778499  0.000000  1.0
    0.054787   -0.776499  0.000000  1.0
    0.054787   -0.774499  0.000000  1.0
    0.054787   -0.772499  0.000000  1.0
    0.054787   -0.770499  0.000000  1.0
    0.054787   -0.768499  0.000000  1.0
    0.054787   -0.766499  0.000000  1.0
    0.054787   -0.764499  0.000000  1.0
    0.054787   -0.762499  0.000000  1.0
    0.054787   -0.760499  0.000000  1.0
    0.054787   -0.758499  0.000000  1.0
    0.054787   -0.756499  0.000000  1.0
    0.054787   -0.754499  0.000000  1.0
    0.054787   -0.752499  0.000000  1.0
    0.054787   -0.750499  0.000000  1.0
    0.054787   -0.748499  0.000000  1.0
    0.054787   -0.746499  0.000000  1.0
    0.054787   -0.744499  0.000000  1.0
    0.054787   -0.742499  0.000000  1.0
    0.054787   -0.740499  0.000000  1.0
    0.054787   -0.738499  0.000000  1.0
    0.054787   -0.736499  0.000000  1.0
    0.054787   -0.734499  0.000000  1.0
    0.054787   -0.732499  0.000000  1.0
    0.054787   -0.730499  0.000000  1.0
    0.054787   -0.728499  0.000000  1.0
    0.054787   -0.726499  0.000000  1.0
    0.054787   -0.724499  0.000000  1.0
    0.054787   -0.722499  0.000000  1.0
    0.054787   -0.720499  0.000000  1.0
    0.054787   -0.718499  0.000000  1.0
    0.054787   -0.716499  0.000000  1.0
    0.054787   -0.714499  0.000000  1.0
    0.054787   -0.712499  0.000000  1.0
    0.054787   -0.710499  0.000000  1.0
    0.056787   -0.790499  0.000000  1.0
    0.056787   -0.788499  0.000000  1.0
    0.056787   -0.786499  0.000000  1.0
    0.056787   -0.784499  0.000000  1.0
    0.056787   -0.782499  0.000000  1.0
    0.056787   -0.780499  0.000000  1.0
    0.056787   -0.778499  0.000000  1.0
    0.056787   -0.776499  0.000000  1.0
    0.056787   -0.774499  0.000000  1.0
    0.056787   -0.772499  0.000000  1.0
    0.056787   -0.770499  0.000000  1.0
    0.056787   -0.768499  0.000000  1.0
    0.056787   -0.766499  0.000000  1.0
    0.056787   -0.764499  0.000000  1.0
    0.056787   -0.762499  0.000000  1.0
    0.056787   -0.760499  0.000000  1.0
    0.056787   -0.758499  0.000000  1.0
    0.056787   -0.756499  0.000000  1.0
    0.056787   -0.754499  0.000000  1.0
    0.056787   -0.752499  0.000000  1.0
    0.056787   -0.750499  0.000000  1.0
    0.056787   -0.748499  0.000000  1.0
    0.056787   -0.746499  0.000000  1.0
    0.056787   -0.744499  0.000000  1.0
    0.056787   -0.742499  0.000000  1.0
    0.056787   -0.740499  0.000000  1.0
    0.056787   -0.738499  0.000000  1.0
    0.056787   -0.736499  0.000000  1.0
    0.056787   -0.734499  0.000000  1.0
    0.056787   -0.732499  0.000000  1.0
    0.056787   -0.730499  0.000000  1.0
    0.056787   -0.728499  0.000000  1.0
    0.056787   -0.726499  0.000000  1.0
    0.056787   -0.724499  0.000000  1.0
    0.056787   -0.722499  0.000000  1.0
    0.056787   -0.720499  0.000000  1.0
    0.056787   -0.718499  0.000000  1.0
    0.056787   -0.716499  0.000000  1.0
    0.056787   -0.714499  0.000000  1.0
    0.056787   -0.712499  0.000000  1.0
    0.056787   -0.710499  0.000000  1.0
    0.058787   -0.790499  0.000000  1.0
    0.058787   -0.788499  0.000000  1.0
    0.058787   -0.786499  0.000000  1.0
    0.058787   -0.784499  0.000000  1.0
    0.058787   -0.782499  0.000000  1.0
    0.058787   -0.780499  0.000000  1.0
    0.058787   -0.778499  0.000000  1.0
    0.058787   -0.776499  0.000000  1.0
    0.058787   -0.774499  0.000000  1.0
    0.058787   -0.772499  0.000000  1.0
    0.058787   -0.770499  0.000000  1.0
    0.058787   -0.768499  0.000000  1.0
    0.058787   -0.766499  0.000000  1.0
    0.058787   -0.764499  0.000000  1.0
    0.058787   -0.762499  0.000000  1.0
    0.058787   -0.760499  0.000000  1.0
    0.058787   -0.758499  0.000000  1.0
    0.058787   -0.756499  0.000000  1.0
    0.058787   -0.754499  0.000000  1.0
    0.058787   -0.752499  0.000000  1.0
    0.058787   -0.750499  0.000000  1.0
    0.058787   -0.748499  0.000000  1.0
    0.058787   -0.746499  0.000000  1.0
    0.058787   -0.744499  0.000000  1.0
    0.058787   -0.742499  0.000000  1.0
    0.058787   -0.740499  0.000000  1.0
    0.058787   -0.738499  0.000000  1.0
    0.058787   -0.736499  0.000000  1.0
    0.058787   -0.734499  0.000000  1.0
    0.058787   -0.732499  0.000000  1.0
    0.058787   -0.730499  0.000000  1.0
    0.058787   -0.728499  0.000000  1.0
    0.058787   -0.726499  0.000000  1.0
    0.058787   -0.724499  0.000000  1.0
    0.058787   -0.722499  0.000000  1.0
    0.058787   -0.720499  0.000000  1.0
    0.058787   -0.718499  0.000000  1.0
    0.058787   -0.716499  0.000000  1.0
    0.058787   -0.714499  0.000000  1.0
    0.058787   -0.712499  0.000000  1.0
    0.058787   -0.710499  0.000000  1.0
    0.060787   -0.790499  0.000000  1.0
    0.060787   -0.788499  0.000000  1.0
    0.060787   -0.786499  0.000000  1.0
    0.060787   -0.784499  0.000000  1.0
    0.060787   -0.782499  0.000000  1.0
    0.060787   -0.780499  0.000000  1.0
    0.060787   -0.778499  0.000000  1.0
    0.060787   -0.776499  0.000000  1.0
    0.060787   -0.774499  0.000000  1.0
    0.060787   -0.772499  0.000000  1.0
    0.060787   -0.770499  0.000000  1.0
    0.060787   -0.768499  0.000000  1.0
    0.060787   -0.766499  0.000000  1.0
    0.060787   -0.764499  0.000000  1.0
    0.060787   -0.762499  0.000000  1.0
    0.060787   -0.760499  0.000000  1.0
    0.060787   -0.758499  0.000000  1.0
    0.060787   -0.756499  0.000000  1.0
    0.060787   -0.754499  0.000000  1.0
    0.060787   -0.752499  0.000000  1.0
    0.060787   -0.750499  0.000000  1.0
    0.060787   -0.748499  0.000000  1.0
    0.060787   -0.746499  0.000000  1.0
    0.060787   -0.744499  0.000000  1.0
    0.060787   -0.742499  0.000000  1.0
    0.060787   -0.740499  0.000000  1.0
    0.060787   -0.738499  0.000000  1.0
    0.060787   -0.736499  0.000000  1.0
    0.060787   -0.734499  0.000000  1.0
    0.060787   -0.732499  0.000000  1.0
    0.060787   -0.730499  0.000000  1.0
    0.060787   -0.728499  0.000000  1.0
    0.060787   -0.726499  0.000000  1.0
    0.060787   -0.724499  0.000000  1.0
    0.060787   -0.722499  0.000000  1.0
    0.060787   -0.720499  0.000000  1.0
    0.060787   -0.718499  0.000000  1.0
    0.060787   -0.716499  0.000000  1.0
    0.060787   -0.714499  0.000000  1.0
    0.060787   -0.712499  0.000000  1.0
    0.060787   -0.710499  0.000000  1.0
    0.062787   -0.790499  0.000000  1.0
    0.062787   -0.788499  0.000000  1.0
    0.062787   -0.786499  0.000000  1.0
    0.062787   -0.784499  0.000000  1.0
    0.062787   -0.782499  0.000000  1.0
    0.062787   -0.780499  0.000000  1.0
    0.062787   -0.778499  0.000000  1.0
    0.062787   -0.776499  0.000000  1.0
    0.062787   -0.774499  0.000000  1.0
    0.062787   -0.772499  0.000000  1.0
    0.062787   -0.770499  0.000000  1.0
    0.062787   -0.768499  0.000000  1.0
    0.062787   -0.766499  0.000000  1.0
    0.062787   -0.764499  0.000000  1.0
    0.062787   -0.762499  0.000000  1.0
    0.062787   -0.760499  0.000000  1.0
    0.062787   -0.758499  0.000000  1.0
    0.062787   -0.756499  0.000000  1.0
    0.062787   -0.754499  0.000000  1.0
    0.062787   -0.752499  0.000000  1.0
    0.062787   -0.750499  0.000000  1.0
    0.062787   -0.748499  0.000000  1.0
    0.062787   -0.746499  0.000000  1.0
    0.062787   -0.744499  0.000000  1.0
    0.062787   -0.742499  0.000000  1.0
    0.062787   -0.740499  0.000000  1.0
    0.062787   -0.738499  0.000000  1.0
    0.062787   -0.736499  0.000000  1.0
    0.062787   -0.734499  0.000000  1.0
    0.062787   -0.732499  0.000000  1.0
    0.062787   -0.730499  0.000000  1.0
    0.062787   -0.728499  0.000000  1.0
    0.062787   -0.726499  0.000000  1.0
    0.062787   -0.724499  0.000000  1.0
    0.062787   -0.722499  0.000000  1.0
    0.062787   -0.720499  0.000000  1.0
    0.062787   -0.718499  0.000000  1.0
    0.062787   -0.716499  0.000000  1.0
    0.062787   -0.714499  0.000000  1.0
    0.062787   -0.712499  0.000000  1.0
    0.062787   -0.710499  0.000000  1.0
    0.064787   -0.790499  0.000000  1.0
    0.064787   -0.788499  0.000000  1.0
    0.064787   -0.786499  0.000000  1.0
    0.064787   -0.784499  0.000000  1.0
    0.064787   -0.782499  0.000000  1.0
    0.064787   -0.780499  0.000000  1.0
    0.064787   -0.778499  0.000000  1.0
    0.064787   -0.776499  0.000000  1.0
    0.064787   -0.774499  0.000000  1.0
    0.064787   -0.772499  0.000000  1.0
    0.064787   -0.770499  0.000000  1.0
    0.064787   -0.768499  0.000000  1.0
    0.064787   -0.766499  0.000000  1.0
    0.064787   -0.764499  0.000000  1.0
    0.064787   -0.762499  0.000000  1.0
    0.064787   -0.760499  0.000000  1.0
    0.064787   -0.758499  0.000000  1.0
    0.064787   -0.756499  0.000000  1.0
    0.064787   -0.754499  0.000000  1.0
    0.064787   -0.752499  0.000000  1.0
    0.064787   -0.750499  0.000000  1.0
    0.064787   -0.748499  0.000000  1.0
    0.064787   -0.746499  0.000000  1.0
    0.064787   -0.744499  0.000000  1.0
    0.064787   -0.742499  0.000000  1.0
    0.064787   -0.740499  0.000000  1.0
    0.064787   -0.738499  0.000000  1.0
    0.064787   -0.736499  0.000000  1.0
    0.064787   -0.734499  0.000000  1.0
    0.064787   -0.732499  0.000000  1.0
    0.064787   -0.730499  0.000000  1.0
    0.064787   -0.728499  0.000000  1.0
    0.064787   -0.726499  0.000000  1.0
    0.064787   -0.724499  0.000000  1.0
    0.064787   -0.722499  0.000000  1.0
    0.064787   -0.720499  0.000000  1.0
    0.064787   -0.718499  0.000000  1.0
    0.064787   -0.716499  0.000000  1.0
    0.064787   -0.714499  0.000000  1.0
    0.064787   -0.712499  0.000000  1.0
    0.064787   -0.710499  0.000000  1.0
    0.066787   -0.790499  0.000000  1.0
    0.066787   -0.788499  0.000000  1.0
    0.066787   -0.786499  0.000000  1.0
    0.066787   -0.784499  0.000000  1.0
    0.066787   -0.782499  0.000000  1.0
    0.066787   -0.780499  0.000000  1.0
    0.066787   -0.778499  0.000000  1.0
    0.066787   -0.776499  0.000000  1.0
    0.066787   -0.774499  0.000000  1.0
    0.066787   -0.772499  0.000000  1.0
    0.066787   -0.770499  0.000000  1.0
    0.066787   -0.768499  0.000000  1.0
    0.066787   -0.766499  0.000000  1.0
    0.066787   -0.764499  0.000000  1.0
    0.066787   -0.762499  0.000000  1.0
    0.066787   -0.760499  0.000000  1.0
    0.066787   -0.758499  0.000000  1.0
    0.066787   -0.756499  0.000000  1.0
    0.066787   -0.754499  0.000000  1.0
    0.066787   -0.752499  0.000000  1.0
    0.066787   -0.750499  0.000000  1.0
    0.066787   -0.748499  0.000000  1.0
    0.066787   -0.746499  0.000000  1.0
    0.066787   -0.744499  0.000000  1.0
    0.066787   -0.742499  0.000000  1.0
    0.066787   -0.740499  0.000000  1.0
    0.066787   -0.738499  0.000000  1.0
    0.066787   -0.736499  0.000000  1.0
    0.066787   -0.734499  0.000000  1.0
    0.066787   -0.732499  0.000000  1.0
    0.066787   -0.730499  0.000000  1.0
    0.066787   -0.728499  0.000000  1.0
    0.066787   -0.726499  0.000000  1.0
    0.066787   -0.724499  0.000000  1.0
    0.066787   -0.722499  0.000000  1.0
    0.066787   -0.720499  0.000000  1.0
    0.066787   -0.718499  0.000000  1.0
    0.066787   -0.716499  0.000000  1.0
    0.066787   -0.714499  0.000000  1.0
    0.066787   -0.712499  0.000000  1.0
    0.066787   -0.710499  0.000000  1.0
    0.068787   -0.790499  0.000000  1.0
    0.068787   -0.788499  0.000000  1.0
    0.068787   -0.786499  0.000000  1.0
    0.068787   -0.784499  0.000000  1.0
    0.068787   -0.782499  0.000000  1.0
    0.068787   -0.780499  0.000000  1.0
    0.068787   -0.778499  0.000000  1.0
    0.068787   -0.776499  0.000000  1.0
    0.068787   -0.774499  0.000000  1.0
    0.068787   -0.772499  0.000000  1.0
    0.068787   -0.770499  0.000000  1.0
    0.068787   -0.768499  0.000000  1.0
    0.068787   -0.766499  0.000000  1.0
    0.068787   -0.764499  0.000000  1.0
    0.068787   -0.762499  0.000000  1.0
    0.068787   -0.760499  0.000000  1.0
    0.068787   -0.758499  0.000000  1.0
    0.068787   -0.756499  0.000000  1.0
    0.068787   -0.754499  0.000000  1.0
    0.068787   -0.752499  0.000000  1.0
    0.068787   -0.750499  0.000000  1.0
    0.068787   -0.748499  0.000000  1.0
    0.068787   -0.746499  0.000000  1.0
    0.068787   -0.744499  0.000000  1.0
    0.068787   -0.742499  0.000000  1.0
    0.068787   -0.740499  0.000000  1.0
    0.068787   -0.738499  0.000000  1.0
    0.068787   -0.736499  0.000000  1.0
    0.068787   -0.734499  0.000000  1.0
    0.068787   -0.732499  0.000000  1.0
    0.068787   -0.730499  0.000000  1.0
    0.068787   -0.728499  0.000000  1.0
    0.068787   -0.726499  0.000000  1.0
    0.068787   -0.724499  0.000000  1.0
    0.068787   -0.722499  0.000000  1.0
    0.068787   -0.720499  0.000000  1.0
    0.068787   -0.718499  0.000000  1.0
    0.068787   -0.716499  0.000000  1.0
    0.068787   -0.714499  0.000000  1.0
    0.068787   -0.712499  0.000000  1.0
    0.068787   -0.710499  0.000000  1.0
    0.070787   -0.790499  0.000000  1.0
    0.070787   -0.788499  0.000000  1.0
    0.070787   -0.786499  0.000000  1.0
    0.070787   -0.784499  0.000000  1.0
    0.070787   -0.782499  0.000000  1.0
    0.070787   -0.780499  0.000000  1.0
    0.070787   -0.778499  0.000000  1.0
    0.070787   -0.776499  0.000000  1.0
    0.070787   -0.774499  0.000000  1.0
    0.070787   -0.772499  0.000000  1.0
    0.070787   -0.770499  0.000000  1.0
    0.070787   -0.768499  0.000000  1.0
    0.070787   -0.766499  0.000000  1.0
    0.070787   -0.764499  0.000000  1.0
    0.070787   -0.762499  0.000000  1.0
    0.070787   -0.760499  0.000000  1.0
    0.070787   -0.758499  0.000000  1.0
    0.070787   -0.756499  0.000000  1.0
    0.070787   -0.754499  0.000000  1.0
    0.070787   -0.752499  0.000000  1.0
    0.070787   -0.750499  0.000000  1.0
    0.070787   -0.748499  0.000000  1.0
    0.070787   -0.746499  0.000000  1.0
    0.070787   -0.744499  0.000000  1.0
    0.070787   -0.742499  0.000000  1.0
    0.070787   -0.740499  0.000000  1.0
    0.070787   -0.738499  0.000000  1.0
    0.070787   -0.736499  0.000000  1.0
    0.070787   -0.734499  0.000000  1.0
    0.070787   -0.732499  0.000000  1.0
    0.070787   -0.730499  0.000000  1.0
    0.070787   -0.728499  0.000000  1.0
    0.070787   -0.726499  0.000000  1.0
    0.070787   -0.724499  0.000000  1.0
    0.070787   -0.722499  0.000000  1.0
    0.070787   -0.720499  0.000000  1.0
    0.070787   -0.718499  0.000000  1.0
    0.070787   -0.716499  0.000000  1.0
    0.070787   -0.714499  0.000000  1.0
    0.070787   -0.712499  0.000000  1.0
    0.070787   -0.710499  0.000000  1.0
    0.072787   -0.790499  0.000000  1.0
    0.072787   -0.788499  0.000000  1.0
    0.072787   -0.786499  0.000000  1.0
    0.072787   -0.784499  0.000000  1.0
    0.072787   -0.782499  0.000000  1.0
    0.072787   -0.780499  0.000000  1.0
    0.072787   -0.778499  0.000000  1.0
    0.072787   -0.776499  0.000000  1.0
    0.072787   -0.774499  0.000000  1.0
    0.072787   -0.772499  0.000000  1.0
    0.072787   -0.770499  0.000000  1.0
    0.072787   -0.768499  0.000000  1.0
    0.072787   -0.766499  0.000000  1.0
    0.072787   -0.764499  0.000000  1.0
    0.072787   -0.762499  0.000000  1.0
    0.072787   -0.760499  0.000000  1.0
    0.072787   -0.758499  0.000000  1.0
    0.072787   -0.756499  0.000000  1.0
    0.072787   -0.754499  0.000000  1.0
    0.072787   -0.752499  0.000000  1.0
    0.072787   -0.750499  0.000000  1.0
    0.072787   -0.748499  0.000000  1.0
    0.072787   -0.746499  0.000000  1.0
    0.072787   -0.744499  0.000000  1.0
    0.072787   -0.742499  0.000000  1.0
    0.072787   -0.740499  0.000000  1.0
    0.072787   -0.738499  0.000000  1.0
    0.072787   -0.736499  0.000000  1.0
    0.072787   -0.734499  0.000000  1.0
    0.072787   -0.732499  0.000000  1.0
    0.072787   -0.730499  0.000000  1.0
    0.072787   -0.728499  0.000000  1.0
    0.072787   -0.726499  0.000000  1.0
    0.072787   -0.724499  0.000000  1.0
    0.072787   -0.722499  0.000000  1.0
    0.072787   -0.720499  0.000000  1.0
    0.072787   -0.718499  0.000000  1.0
    0.072787   -0.716499  0.000000  1.0
    0.072787   -0.714499  0.000000  1.0
    0.072787   -0.712499  0.000000  1.0
    0.072787   -0.710499  0.000000  1.0
