&CONTROL
  calculation = 'bands'
  prefix = 'graphene26.7upper'
  outdir = './tmp'
  pseudo_dir = './'
  verbosity = 'high'
/
&SYSTEM
  ibrav = 0
  nat = 2
  ntyp = 1
  ecutwfc = 40.0
  nosym = .true.
  noinv = .true.
  nbnd = 8
/
&ELECTRONS
/
ATOMIC_SPECIES
  C  12.011 C.pbe-n-kjpaw_psl.1.0.0.UPF
CELL_PARAMETERS {bohr}
  5.861045  0.000000  0.000000
  2.930523  3.829676  0.000000
  0.000000  0.000000  28.346456
ATOMIC_POSITIONS {crystal}
  C  0.000122  -0.000170  0.000000
  C  0.333211  0.333503  0.000000
K_POINTS {tpiba}
1681
   -0.023607    0.700125  0.000000  1.0
   -0.023607    0.702125  0.000000  1.0
   -0.023607    0.704125  0.000000  1.0
   -0.023607    0.706125  0.000000  1.0
   -0.023607    0.708125  0.000000  1.0
   -0.023607    0.710125  0.000000  1.0
   -0.023607    0.712125  0.000000  1.0
   -0.023607    0.714125  0.000000  1.0
   -0.023607    0.716125  0.000000  1.0
   -0.023607    0.718125  0.000000  1.0
   -0.023607    0.720125  0.000000  1.0
   -0.023607    0.722125  0.000000  1.0
   -0.023607    0.724125  0.000000  1.0
   -0.023607    0.726125  0.000000  1.0
   -0.023607    0.728125  0.000000  1.0
   -0.023607    0.730125  0.000000  1.0
   -0.023607    0.732125  0.000000  1.0
   -0.023607    0.734125  0.000000  1.0
   -0.023607    0.736125  0.000000  1.0
   -0.023607    0.738125  0.000000  1.0
   -0.023607    0.740125  0.000000  1.0
   -0.023607    0.742125  0.000000  1.0
   -0.023607    0.744125  0.000000  1.0
   -0.023607    0.746125  0.000000  1.0
   -0.023607    0.748125  0.000000  1.0
   -0.023607    0.750125  0.000000  1.0
   -0.023607    0.752125  0.000000  1.0
   -0.023607    0.754125  0.000000  1.0
   -0.023607    0.756125  0.000000  1.0
   -0.023607    0.758125  0.000000  1.0
   -0.023607    0.760125  0.000000  1.0
   -0.023607    0.762125  0.000000  1.0
   -0.023607    0.764125  0.000000  1.0
   -0.023607    0.766125  0.000000  1.0
   -0.023607    0.768125  0.000000  1.0
   -0.023607    0.770125  0.000000  1.0
   -0.023607    0.772125  0.000000  1.0
   -0.023607    0.774125  0.000000  1.0
   -0.023607    0.776125  0.000000  1.0
   -0.023607    0.778125  0.000000  1.0
   -0.023607    0.780125  0.000000  1.0
   -0.021607    0.700125  0.000000  1.0
   -0.021607    0.702125  0.000000  1.0
   -0.021607    0.704125  0.000000  1.0
   -0.021607    0.706125  0.000000  1.0
   -0.021607    0.708125  0.000000  1.0
   -0.021607    0.710125  0.000000  1.0
   -0.021607    0.712125  0.000000  1.0
   -0.021607    0.714125  0.000000  1.0
   -0.021607    0.716125  0.000000  1.0
   -0.021607    0.718125  0.000000  1.0
   -0.021607    0.720125  0.000000  1.0
   -0.021607    0.722125  0.000000  1.0
   -0.021607    0.724125  0.000000  1.0
   -0.021607    0.726125  0.000000  1.0
   -0.021607    0.728125  0.000000  1.0
   -0.021607    0.730125  0.000000  1.0
   -0.021607    0.732125  0.000000  1.0
   -0.021607    0.734125  0.000000  1.0
   -0.021607    0.736125  0.000000  1.0
   -0.021607    0.738125  0.000000  1.0
   -0.021607    0.740125  0.000000  1.0
   -0.021607    0.742125  0.000000  1.0
   -0.021607    0.744125  0.000000  1.0
   -0.021607    0.746125  0.000000  1.0
   -0.021607    0.748125  0.000000  1.0
   -0.021607    0.750125  0.000000  1.0
   -0.021607    0.752125  0.000000  1.0
   -0.021607    0.754125  0.000000  1.0
   -0.021607    0.756125  0.000000  1.0
   -0.021607    0.758125  0.000000  1.0
   -0.021607    0.760125  0.000000  1.0
   -0.021607    0.762125  0.000000  1.0
   -0.021607    0.764125  0.000000  1.0
   -0.021607    0.766125  0.000000  1.0
   -0.021607    0.768125  0.000000  1.0
   -0.021607    0.770125  0.000000  1.0
   -0.021607    0.772125  0.000000  1.0
   -0.021607    0.774125  0.000000  1.0
   -0.021607    0.776125  0.000000  1.0
   -0.021607    0.778125  0.000000  1.0
   -0.021607    0.780125  0.000000  1.0
   -0.019607    0.700125  0.000000  1.0
   -0.019607    0.702125  0.000000  1.0
   -0.019607    0.704125  0.000000  1.0
   -0.019607    0.706125  0.000000  1.0
   -0.019607    0.708125  0.000000  1.0
   -0.019607    0.710125  0.000000  1.0
   -0.019607    0.712125  0.000000  1.0
   -0.019607    0.714125  0.000000  1.0
   -0.019607    0.716125  0.000000  1.0
   -0.019607    0.718125  0.000000  1.0
   -0.019607    0.720125  0.000000  1.0
   -0.019607    0.722125  0.000000  1.0
   -0.019607    0.724125  0.000000  1.0
   -0.019607    0.726125  0.000000  1.0
   -0.019607    0.728125  0.000000  1.0
   -0.019607    0.730125  0.000000  1.0
   -0.019607    0.732125  0.000000  1.0
   -0.019607    0.734125  0.000000  1.0
   -0.019607    0.736125  0.000000  1.0
   -0.019607    0.738125  0.000000  1.0
   -0.019607    0.740125  0.000000  1.0
   -0.019607    0.742125  0.000000  1.0
   -0.019607    0.744125  0.000000  1.0
   -0.019607    0.746125  0.000000  1.0
   -0.019607    0.748125  0.000000  1.0
   -0.019607    0.750125  0.000000  1.0
   -0.019607    0.752125  0.000000  1.0
   -0.019607    0.754125  0.000000  1.0
   -0.019607    0.756125  0.000000  1.0
   -0.019607    0.758125  0.000000  1.0
   -0.019607    0.760125  0.000000  1.0
   -0.019607    0.762125  0.000000  1.0
   -0.019607    0.764125  0.000000  1.0
   -0.019607    0.766125  0.000000  1.0
   -0.019607    0.768125  0.000000  1.0
   -0.019607    0.770125  0.000000  1.0
   -0.019607    0.772125  0.000000  1.0
   -0.019607    0.774125  0.000000  1.0
   -0.019607    0.776125  0.000000  1.0
   -0.019607    0.778125  0.000000  1.0
   -0.019607    0.780125  0.000000  1.0
   -0.017607    0.700125  0.000000  1.0
   -0.017607    0.702125  0.000000  1.0
   -0.017607    0.704125  0.000000  1.0
   -0.017607    0.706125  0.000000  1.0
   -0.017607    0.708125  0.000000  1.0
   -0.017607    0.710125  0.000000  1.0
   -0.017607    0.712125  0.000000  1.0
   -0.017607    0.714125  0.000000  1.0
   -0.017607    0.716125  0.000000  1.0
   -0.017607    0.718125  0.000000  1.0
   -0.017607    0.720125  0.000000  1.0
   -0.017607    0.722125  0.000000  1.0
   -0.017607    0.724125  0.000000  1.0
   -0.017607    0.726125  0.000000  1.0
   -0.017607    0.728125  0.000000  1.0
   -0.017607    0.730125  0.000000  1.0
   -0.017607    0.732125  0.000000  1.0
   -0.017607    0.734125  0.000000  1.0
   -0.017607    0.736125  0.000000  1.0
   -0.017607    0.738125  0.000000  1.0
   -0.017607    0.740125  0.000000  1.0
   -0.017607    0.742125  0.000000  1.0
   -0.017607    0.744125  0.000000  1.0
   -0.017607    0.746125  0.000000  1.0
   -0.017607    0.748125  0.000000  1.0
   -0.017607    0.750125  0.000000  1.0
   -0.017607    0.752125  0.000000  1.0
   -0.017607    0.754125  0.000000  1.0
   -0.017607    0.756125  0.000000  1.0
   -0.017607    0.758125  0.000000  1.0
   -0.017607    0.760125  0.000000  1.0
   -0.017607    0.762125  0.000000  1.0
   -0.017607    0.764125  0.000000  1.0
   -0.017607    0.766125  0.000000  1.0
   -0.017607    0.768125  0.000000  1.0
   -0.017607    0.770125  0.000000  1.0
   -0.017607    0.772125  0.000000  1.0
   -0.017607    0.774125  0.000000  1.0
   -0.017607    0.776125  0.000000  1.0
   -0.017607    0.778125  0.000000  1.0
   -0.017607    0.780125  0.000000  1.0
   -0.015607    0.700125  0.000000  1.0
   -0.015607    0.702125  0.000000  1.0
   -0.015607    0.704125  0.000000  1.0
   -0.015607    0.706125  0.000000  1.0
   -0.015607    0.708125  0.000000  1.0
   -0.015607    0.710125  0.000000  1.0
   -0.015607    0.712125  0.000000  1.0
   -0.015607    0.714125  0.000000  1.0
   -0.015607    0.716125  0.000000  1.0
   -0.015607    0.718125  0.000000  1.0
   -0.015607    0.720125  0.000000  1.0
   -0.015607    0.722125  0.000000  1.0
   -0.015607    0.724125  0.000000  1.0
   -0.015607    0.726125  0.000000  1.0
   -0.015607    0.728125  0.000000  1.0
   -0.015607    0.730125  0.000000  1.0
   -0.015607    0.732125  0.000000  1.0
   -0.015607    0.734125  0.000000  1.0
   -0.015607    0.736125  0.000000  1.0
   -0.015607    0.738125  0.000000  1.0
   -0.015607    0.740125  0.000000  1.0
   -0.015607    0.742125  0.000000  1.0
   -0.015607    0.744125  0.000000  1.0
   -0.015607    0.746125  0.000000  1.0
   -0.015607    0.748125  0.000000  1.0
   -0.015607    0.750125  0.000000  1.0
   -0.015607    0.752125  0.000000  1.0
   -0.015607    0.754125  0.000000  1.0
   -0.015607    0.756125  0.000000  1.0
   -0.015607    0.758125  0.000000  1.0
   -0.015607    0.760125  0.000000  1.0
   -0.015607    0.762125  0.000000  1.0
   -0.015607    0.764125  0.000000  1.0
   -0.015607    0.766125  0.000000  1.0
   -0.015607    0.768125  0.000000  1.0
   -0.015607    0.770125  0.000000  1.0
   -0.015607    0.772125  0.000000  1.0
   -0.015607    0.774125  0.000000  1.0
   -0.015607    0.776125  0.000000  1.0
   -0.015607    0.778125  0.000000  1.0
   -0.015607    0.780125  0.000000  1.0
   -0.013607    0.700125  0.000000  1.0
   -0.013607    0.702125  0.000000  1.0
   -0.013607    0.704125  0.000000  1.0
   -0.013607    0.706125  0.000000  1.0
   -0.013607    0.708125  0.000000  1.0
   -0.013607    0.710125  0.000000  1.0
   -0.013607    0.712125  0.000000  1.0
   -0.013607    0.714125  0.000000  1.0
   -0.013607    0.716125  0.000000  1.0
   -0.013607    0.718125  0.000000  1.0
   -0.013607    0.720125  0.000000  1.0
   -0.013607    0.722125  0.000000  1.0
   -0.013607    0.724125  0.000000  1.0
   -0.013607    0.726125  0.000000  1.0
   -0.013607    0.728125  0.000000  1.0
   -0.013607    0.730125  0.000000  1.0
   -0.013607    0.732125  0.000000  1.0
   -0.013607    0.734125  0.000000  1.0
   -0.013607    0.736125  0.000000  1.0
   -0.013607    0.738125  0.000000  1.0
   -0.013607    0.740125  0.000000  1.0
   -0.013607    0.742125  0.000000  1.0
   -0.013607    0.744125  0.000000  1.0
   -0.013607    0.746125  0.000000  1.0
   -0.013607    0.748125  0.000000  1.0
   -0.013607    0.750125  0.000000  1.0
   -0.013607    0.752125  0.000000  1.0
   -0.013607    0.754125  0.000000  1.0
   -0.013607    0.756125  0.000000  1.0
   -0.013607    0.758125  0.000000  1.0
   -0.013607    0.760125  0.000000  1.0
   -0.013607    0.762125  0.000000  1.0
   -0.013607    0.764125  0.000000  1.0
   -0.013607    0.766125  0.000000  1.0
   -0.013607    0.768125  0.000000  1.0
   -0.013607    0.770125  0.000000  1.0
   -0.013607    0.772125  0.000000  1.0
   -0.013607    0.774125  0.000000  1.0
   -0.013607    0.776125  0.000000  1.0
   -0.013607    0.778125  0.000000  1.0
   -0.013607    0.780125  0.000000  1.0
   -0.011607    0.700125  0.000000  1.0
   -0.011607    0.702125  0.000000  1.0
   -0.011607    0.704125  0.000000  1.0
   -0.011607    0.706125  0.000000  1.0
   -0.011607    0.708125  0.000000  1.0
   -0.011607    0.710125  0.000000  1.0
   -0.011607    0.712125  0.000000  1.0
   -0.011607    0.714125  0.000000  1.0
   -0.011607    0.716125  0.000000  1.0
   -0.011607    0.718125  0.000000  1.0
   -0.011607    0.720125  0.000000  1.0
   -0.011607    0.722125  0.000000  1.0
   -0.011607    0.724125  0.000000  1.0
   -0.011607    0.726125  0.000000  1.0
   -0.011607    0.728125  0.000000  1.0
   -0.011607    0.730125  0.000000  1.0
   -0.011607    0.732125  0.000000  1.0
   -0.011607    0.734125  0.000000  1.0
   -0.011607    0.736125  0.000000  1.0
   -0.011607    0.738125  0.000000  1.0
   -0.011607    0.740125  0.000000  1.0
   -0.011607    0.742125  0.000000  1.0
   -0.011607    0.744125  0.000000  1.0
   -0.011607    0.746125  0.000000  1.0
   -0.011607    0.748125  0.000000  1.0
   -0.011607    0.750125  0.000000  1.0
   -0.011607    0.752125  0.000000  1.0
   -0.011607    0.754125  0.000000  1.0
   -0.011607    0.756125  0.000000  1.0
   -0.011607    0.758125  0.000000  1.0
   -0.011607    0.760125  0.000000  1.0
   -0.011607    0.762125  0.000000  1.0
   -0.011607    0.764125  0.000000  1.0
   -0.011607    0.766125  0.000000  1.0
   -0.011607    0.768125  0.000000  1.0
   -0.011607    0.770125  0.000000  1.0
   -0.011607    0.772125  0.000000  1.0
   -0.011607    0.774125  0.000000  1.0
   -0.011607    0.776125  0.000000  1.0
   -0.011607    0.778125  0.000000  1.0
   -0.011607    0.780125  0.000000  1.0
   -0.009607    0.700125  0.000000  1.0
   -0.009607    0.702125  0.000000  1.0
   -0.009607    0.704125  0.000000  1.0
   -0.009607    0.706125  0.000000  1.0
   -0.009607    0.708125  0.000000  1.0
   -0.009607    0.710125  0.000000  1.0
   -0.009607    0.712125  0.000000  1.0
   -0.009607    0.714125  0.000000  1.0
   -0.009607    0.716125  0.000000  1.0
   -0.009607    0.718125  0.000000  1.0
   -0.009607    0.720125  0.000000  1.0
   -0.009607    0.722125  0.000000  1.0
   -0.009607    0.724125  0.000000  1.0
   -0.009607    0.726125  0.000000  1.0
   -0.009607    0.728125  0.000000  1.0
   -0.009607    0.730125  0.000000  1.0
   -0.009607    0.732125  0.000000  1.0
   -0.009607    0.734125  0.000000  1.0
   -0.009607    0.736125  0.000000  1.0
   -0.009607    0.738125  0.000000  1.0
   -0.009607    0.740125  0.000000  1.0
   -0.009607    0.742125  0.000000  1.0
   -0.009607    0.744125  0.000000  1.0
   -0.009607    0.746125  0.000000  1.0
   -0.009607    0.748125  0.000000  1.0
   -0.009607    0.750125  0.000000  1.0
   -0.009607    0.752125  0.000000  1.0
   -0.009607    0.754125  0.000000  1.0
   -0.009607    0.756125  0.000000  1.0
   -0.009607    0.758125  0.000000  1.0
   -0.009607    0.760125  0.000000  1.0
   -0.009607    0.762125  0.000000  1.0
   -0.009607    0.764125  0.000000  1.0
   -0.009607    0.766125  0.000000  1.0
   -0.009607    0.768125  0.000000  1.0
   -0.009607    0.770125  0.000000  1.0
   -0.009607    0.772125  0.000000  1.0
   -0.009607    0.774125  0.000000  1.0
   -0.009607    0.776125  0.000000  1.0
   -0.009607    0.778125  0.000000  1.0
   -0.009607    0.780125  0.000000  1.0
   -0.007607    0.700125  0.000000  1.0
   -0.007607    0.702125  0.000000  1.0
   -0.007607    0.704125  0.000000  1.0
   -0.007607    0.706125  0.000000  1.0
   -0.007607    0.708125  0.000000  1.0
   -0.007607    0.710125  0.000000  1.0
   -0.007607    0.712125  0.000000  1.0
   -0.007607    0.714125  0.000000  1.0
   -0.007607    0.716125  0.000000  1.0
   -0.007607    0.718125  0.000000  1.0
   -0.007607    0.720125  0.000000  1.0
   -0.007607    0.722125  0.000000  1.0
   -0.007607    0.724125  0.000000  1.0
   -0.007607    0.726125  0.000000  1.0
   -0.007607    0.728125  0.000000  1.0
   -0.007607    0.730125  0.000000  1.0
   -0.007607    0.732125  0.000000  1.0
   -0.007607    0.734125  0.000000  1.0
   -0.007607    0.736125  0.000000  1.0
   -0.007607    0.738125  0.000000  1.0
   -0.007607    0.740125  0.000000  1.0
   -0.007607    0.742125  0.000000  1.0
   -0.007607    0.744125  0.000000  1.0
   -0.007607    0.746125  0.000000  1.0
   -0.007607    0.748125  0.000000  1.0
   -0.007607    0.750125  0.000000  1.0
   -0.007607    0.752125  0.000000  1.0
   -0.007607    0.754125  0.000000  1.0
   -0.007607    0.756125  0.000000  1.0
   -0.007607    0.758125  0.000000  1.0
   -0.007607    0.760125  0.000000  1.0
   -0.007607    0.762125  0.000000  1.0
   -0.007607    0.764125  0.000000  1.0
   -0.007607    0.766125  0.000000  1.0
   -0.007607    0.768125  0.000000  1.0
   -0.007607    0.770125  0.000000  1.0
   -0.007607    0.772125  0.000000  1.0
   -0.007607    0.774125  0.000000  1.0
   -0.007607    0.776125  0.000000  1.0
   -0.007607    0.778125  0.000000  1.0
   -0.007607    0.780125  0.000000  1.0
   -0.005607    0.700125  0.000000  1.0
   -0.005607    0.702125  0.000000  1.0
   -0.005607    0.704125  0.000000  1.0
   -0.005607    0.706125  0.000000  1.0
   -0.005607    0.708125  0.000000  1.0
   -0.005607    0.710125  0.000000  1.0
   -0.005607    0.712125  0.000000  1.0
   -0.005607    0.714125  0.000000  1.0
   -0.005607    0.716125  0.000000  1.0
   -0.005607    0.718125  0.000000  1.0
   -0.005607    0.720125  0.000000  1.0
   -0.005607    0.722125  0.000000  1.0
   -0.005607    0.724125  0.000000  1.0
   -0.005607    0.726125  0.000000  1.0
   -0.005607    0.728125  0.000000  1.0
   -0.005607    0.730125  0.000000  1.0
   -0.005607    0.732125  0.000000  1.0
   -0.005607    0.734125  0.000000  1.0
   -0.005607    0.736125  0.000000  1.0
   -0.005607    0.738125  0.000000  1.0
   -0.005607    0.740125  0.000000  1.0
   -0.005607    0.742125  0.000000  1.0
   -0.005607    0.744125  0.000000  1.0
   -0.005607    0.746125  0.000000  1.0
   -0.005607    0.748125  0.000000  1.0
   -0.005607    0.750125  0.000000  1.0
   -0.005607    0.752125  0.000000  1.0
   -0.005607    0.754125  0.000000  1.0
   -0.005607    0.756125  0.000000  1.0
   -0.005607    0.758125  0.000000  1.0
   -0.005607    0.760125  0.000000  1.0
   -0.005607    0.762125  0.000000  1.0
   -0.005607    0.764125  0.000000  1.0
   -0.005607    0.766125  0.000000  1.0
   -0.005607    0.768125  0.000000  1.0
   -0.005607    0.770125  0.000000  1.0
   -0.005607    0.772125  0.000000  1.0
   -0.005607    0.774125  0.000000  1.0
   -0.005607    0.776125  0.000000  1.0
   -0.005607    0.778125  0.000000  1.0
   -0.005607    0.780125  0.000000  1.0
   -0.003607    0.700125  0.000000  1.0
   -0.003607    0.702125  0.000000  1.0
   -0.003607    0.704125  0.000000  1.0
   -0.003607    0.706125  0.000000  1.0
   -0.003607    0.708125  0.000000  1.0
   -0.003607    0.710125  0.000000  1.0
   -0.003607    0.712125  0.000000  1.0
   -0.003607    0.714125  0.000000  1.0
   -0.003607    0.716125  0.000000  1.0
   -0.003607    0.718125  0.000000  1.0
   -0.003607    0.720125  0.000000  1.0
   -0.003607    0.722125  0.000000  1.0
   -0.003607    0.724125  0.000000  1.0
   -0.003607    0.726125  0.000000  1.0
   -0.003607    0.728125  0.000000  1.0
   -0.003607    0.730125  0.000000  1.0
   -0.003607    0.732125  0.000000  1.0
   -0.003607    0.734125  0.000000  1.0
   -0.003607    0.736125  0.000000  1.0
   -0.003607    0.738125  0.000000  1.0
   -0.003607    0.740125  0.000000  1.0
   -0.003607    0.742125  0.000000  1.0
   -0.003607    0.744125  0.000000  1.0
   -0.003607    0.746125  0.000000  1.0
   -0.003607    0.748125  0.000000  1.0
   -0.003607    0.750125  0.000000  1.0
   -0.003607    0.752125  0.000000  1.0
   -0.003607    0.754125  0.000000  1.0
   -0.003607    0.756125  0.000000  1.0
   -0.003607    0.758125  0.000000  1.0
   -0.003607    0.760125  0.000000  1.0
   -0.003607    0.762125  0.000000  1.0
   -0.003607    0.764125  0.000000  1.0
   -0.003607    0.766125  0.000000  1.0
   -0.003607    0.768125  0.000000  1.0
   -0.003607    0.770125  0.000000  1.0
   -0.003607    0.772125  0.000000  1.0
   -0.003607    0.774125  0.000000  1.0
   -0.003607    0.776125  0.000000  1.0
   -0.003607    0.778125  0.000000  1.0
   -0.003607    0.780125  0.000000  1.0
   -0.001607    0.700125  0.000000  1.0
   -0.001607    0.702125  0.000000  1.0
   -0.001607    0.704125  0.000000  1.0
   -0.001607    0.706125  0.000000  1.0
   -0.001607    0.708125  0.000000  1.0
   -0.001607    0.710125  0.000000  1.0
   -0.001607    0.712125  0.000000  1.0
   -0.001607    0.714125  0.000000  1.0
   -0.001607    0.716125  0.000000  1.0
   -0.001607    0.718125  0.000000  1.0
   -0.001607    0.720125  0.000000  1.0
   -0.001607    0.722125  0.000000  1.0
   -0.001607    0.724125  0.000000  1.0
   -0.001607    0.726125  0.000000  1.0
   -0.001607    0.728125  0.000000  1.0
   -0.001607    0.730125  0.000000  1.0
   -0.001607    0.732125  0.000000  1.0
   -0.001607    0.734125  0.000000  1.0
   -0.001607    0.736125  0.000000  1.0
   -0.001607    0.738125  0.000000  1.0
   -0.001607    0.740125  0.000000  1.0
   -0.001607    0.742125  0.000000  1.0
   -0.001607    0.744125  0.000000  1.0
   -0.001607    0.746125  0.000000  1.0
   -0.001607    0.748125  0.000000  1.0
   -0.001607    0.750125  0.000000  1.0
   -0.001607    0.752125  0.000000  1.0
   -0.001607    0.754125  0.000000  1.0
   -0.001607    0.756125  0.000000  1.0
   -0.001607    0.758125  0.000000  1.0
   -0.001607    0.760125  0.000000  1.0
   -0.001607    0.762125  0.000000  1.0
   -0.001607    0.764125  0.000000  1.0
   -0.001607    0.766125  0.000000  1.0
   -0.001607    0.768125  0.000000  1.0
   -0.001607    0.770125  0.000000  1.0
   -0.001607    0.772125  0.000000  1.0
   -0.001607    0.774125  0.000000  1.0
   -0.001607    0.776125  0.000000  1.0
   -0.001607    0.778125  0.000000  1.0
   -0.001607    0.780125  0.000000  1.0
    0.000393    0.700125  0.000000  1.0
    0.000393    0.702125  0.000000  1.0
    0.000393    0.704125  0.000000  1.0
    0.000393    0.706125  0.000000  1.0
    0.000393    0.708125  0.000000  1.0
    0.000393    0.710125  0.000000  1.0
    0.000393    0.712125  0.000000  1.0
    0.000393    0.714125  0.000000  1.0
    0.000393    0.716125  0.000000  1.0
    0.000393    0.718125  0.000000  1.0
    0.000393    0.720125  0.000000  1.0
    0.000393    0.722125  0.000000  1.0
    0.000393    0.724125  0.000000  1.0
    0.000393    0.726125  0.000000  1.0
    0.000393    0.728125  0.000000  1.0
    0.000393    0.730125  0.000000  1.0
    0.000393    0.732125  0.000000  1.0
    0.000393    0.734125  0.000000  1.0
    0.000393    0.736125  0.000000  1.0
    0.000393    0.738125  0.000000  1.0
    0.000393    0.740125  0.000000  1.0
    0.000393    0.742125  0.000000  1.0
    0.000393    0.744125  0.000000  1.0
    0.000393    0.746125  0.000000  1.0
    0.000393    0.748125  0.000000  1.0
    0.000393    0.750125  0.000000  1.0
    0.000393    0.752125  0.000000  1.0
    0.000393    0.754125  0.000000  1.0
    0.000393    0.756125  0.000000  1.0
    0.000393    0.758125  0.000000  1.0
    0.000393    0.760125  0.000000  1.0
    0.000393    0.762125  0.000000  1.0
    0.000393    0.764125  0.000000  1.0
    0.000393    0.766125  0.000000  1.0
    0.000393    0.768125  0.000000  1.0
    0.000393    0.770125  0.000000  1.0
    0.000393    0.772125  0.000000  1.0
    0.000393    0.774125  0.000000  1.0
    0.000393    0.776125  0.000000  1.0
    0.000393    0.778125  0.000000  1.0
    0.000393    0.780125  0.000000  1.0
    0.002393    0.700125  0.000000  1.0
    0.002393    0.702125  0.000000  1.0
    0.002393    0.704125  0.000000  1.0
    0.002393    0.706125  0.000000  1.0
    0.002393    0.708125  0.000000  1.0
    0.002393    0.710125  0.000000  1.0
    0.002393    0.712125  0.000000  1.0
    0.002393    0.714125  0.000000  1.0
    0.002393    0.716125  0.000000  1.0
    0.002393    0.718125  0.000000  1.0
    0.002393    0.720125  0.000000  1.0
    0.002393    0.722125  0.000000  1.0
    0.002393    0.724125  0.000000  1.0
    0.002393    0.726125  0.000000  1.0
    0.002393    0.728125  0.000000  1.0
    0.002393    0.730125  0.000000  1.0
    0.002393    0.732125  0.000000  1.0
    0.002393    0.734125  0.000000  1.0
    0.002393    0.736125  0.000000  1.0
    0.002393    0.738125  0.000000  1.0
    0.002393    0.740125  0.000000  1.0
    0.002393    0.742125  0.000000  1.0
    0.002393    0.744125  0.000000  1.0
    0.002393    0.746125  0.000000  1.0
    0.002393    0.748125  0.000000  1.0
    0.002393    0.750125  0.000000  1.0
    0.002393    0.752125  0.000000  1.0
    0.002393    0.754125  0.000000  1.0
    0.002393    0.756125  0.000000  1.0
    0.002393    0.758125  0.000000  1.0
    0.002393    0.760125  0.000000  1.0
    0.002393    0.762125  0.000000  1.0
    0.002393    0.764125  0.000000  1.0
    0.002393    0.766125  0.000000  1.0
    0.002393    0.768125  0.000000  1.0
    0.002393    0.770125  0.000000  1.0
    0.002393    0.772125  0.000000  1.0
    0.002393    0.774125  0.000000  1.0
    0.002393    0.776125  0.000000  1.0
    0.002393    0.778125  0.000000  1.0
    0.002393    0.780125  0.000000  1.0
    0.004393    0.700125  0.000000  1.0
    0.004393    0.702125  0.000000  1.0
    0.004393    0.704125  0.000000  1.0
    0.004393    0.706125  0.000000  1.0
    0.004393    0.708125  0.000000  1.0
    0.004393    0.710125  0.000000  1.0
    0.004393    0.712125  0.000000  1.0
    0.004393    0.714125  0.000000  1.0
    0.004393    0.716125  0.000000  1.0
    0.004393    0.718125  0.000000  1.0
    0.004393    0.720125  0.000000  1.0
    0.004393    0.722125  0.000000  1.0
    0.004393    0.724125  0.000000  1.0
    0.004393    0.726125  0.000000  1.0
    0.004393    0.728125  0.000000  1.0
    0.004393    0.730125  0.000000  1.0
    0.004393    0.732125  0.000000  1.0
    0.004393    0.734125  0.000000  1.0
    0.004393    0.736125  0.000000  1.0
    0.004393    0.738125  0.000000  1.0
    0.004393    0.740125  0.000000  1.0
    0.004393    0.742125  0.000000  1.0
    0.004393    0.744125  0.000000  1.0
    0.004393    0.746125  0.000000  1.0
    0.004393    0.748125  0.000000  1.0
    0.004393    0.750125  0.000000  1.0
    0.004393    0.752125  0.000000  1.0
    0.004393    0.754125  0.000000  1.0
    0.004393    0.756125  0.000000  1.0
    0.004393    0.758125  0.000000  1.0
    0.004393    0.760125  0.000000  1.0
    0.004393    0.762125  0.000000  1.0
    0.004393    0.764125  0.000000  1.0
    0.004393    0.766125  0.000000  1.0
    0.004393    0.768125  0.000000  1.0
    0.004393    0.770125  0.000000  1.0
    0.004393    0.772125  0.000000  1.0
    0.004393    0.774125  0.000000  1.0
    0.004393    0.776125  0.000000  1.0
    0.004393    0.778125  0.000000  1.0
    0.004393    0.780125  0.000000  1.0
    0.006393    0.700125  0.000000  1.0
    0.006393    0.702125  0.000000  1.0
    0.006393    0.704125  0.000000  1.0
    0.006393    0.706125  0.000000  1.0
    0.006393    0.708125  0.000000  1.0
    0.006393    0.710125  0.000000  1.0
    0.006393    0.712125  0.000000  1.0
    0.006393    0.714125  0.000000  1.0
    0.006393    0.716125  0.000000  1.0
    0.006393    0.718125  0.000000  1.0
    0.006393    0.720125  0.000000  1.0
    0.006393    0.722125  0.000000  1.0
    0.006393    0.724125  0.000000  1.0
    0.006393    0.726125  0.000000  1.0
    0.006393    0.728125  0.000000  1.0
    0.006393    0.730125  0.000000  1.0
    0.006393    0.732125  0.000000  1.0
    0.006393    0.734125  0.000000  1.0
    0.006393    0.736125  0.000000  1.0
    0.006393    0.738125  0.000000  1.0
    0.006393    0.740125  0.000000  1.0
    0.006393    0.742125  0.000000  1.0
    0.006393    0.744125  0.000000  1.0
    0.006393    0.746125  0.000000  1.0
    0.006393    0.748125  0.000000  1.0
    0.006393    0.750125  0.000000  1.0
    0.006393    0.752125  0.000000  1.0
    0.006393    0.754125  0.000000  1.0
    0.006393    0.756125  0.000000  1.0
    0.006393    0.758125  0.000000  1.0
    0.006393    0.760125  0.000000  1.0
    0.006393    0.762125  0.000000  1.0
    0.006393    0.764125  0.000000  1.0
    0.006393    0.766125  0.000000  1.0
    0.006393    0.768125  0.000000  1.0
    0.006393    0.770125  0.000000  1.0
    0.006393    0.772125  0.000000  1.0
    0.006393    0.774125  0.000000  1.0
    0.006393    0.776125  0.000000  1.0
    0.006393    0.778125  0.000000  1.0
    0.006393    0.780125  0.000000  1.0
    0.008393    0.700125  0.000000  1.0
    0.008393    0.702125  0.000000  1.0
    0.008393    0.704125  0.000000  1.0
    0.008393    0.706125  0.000000  1.0
    0.008393    0.708125  0.000000  1.0
    0.008393    0.710125  0.000000  1.0
    0.008393    0.712125  0.000000  1.0
    0.008393    0.714125  0.000000  1.0
    0.008393    0.716125  0.000000  1.0
    0.008393    0.718125  0.000000  1.0
    0.008393    0.720125  0.000000  1.0
    0.008393    0.722125  0.000000  1.0
    0.008393    0.724125  0.000000  1.0
    0.008393    0.726125  0.000000  1.0
    0.008393    0.728125  0.000000  1.0
    0.008393    0.730125  0.000000  1.0
    0.008393    0.732125  0.000000  1.0
    0.008393    0.734125  0.000000  1.0
    0.008393    0.736125  0.000000  1.0
    0.008393    0.738125  0.000000  1.0
    0.008393    0.740125  0.000000  1.0
    0.008393    0.742125  0.000000  1.0
    0.008393    0.744125  0.000000  1.0
    0.008393    0.746125  0.000000  1.0
    0.008393    0.748125  0.000000  1.0
    0.008393    0.750125  0.000000  1.0
    0.008393    0.752125  0.000000  1.0
    0.008393    0.754125  0.000000  1.0
    0.008393    0.756125  0.000000  1.0
    0.008393    0.758125  0.000000  1.0
    0.008393    0.760125  0.000000  1.0
    0.008393    0.762125  0.000000  1.0
    0.008393    0.764125  0.000000  1.0
    0.008393    0.766125  0.000000  1.0
    0.008393    0.768125  0.000000  1.0
    0.008393    0.770125  0.000000  1.0
    0.008393    0.772125  0.000000  1.0
    0.008393    0.774125  0.000000  1.0
    0.008393    0.776125  0.000000  1.0
    0.008393    0.778125  0.000000  1.0
    0.008393    0.780125  0.000000  1.0
    0.010393    0.700125  0.000000  1.0
    0.010393    0.702125  0.000000  1.0
    0.010393    0.704125  0.000000  1.0
    0.010393    0.706125  0.000000  1.0
    0.010393    0.708125  0.000000  1.0
    0.010393    0.710125  0.000000  1.0
    0.010393    0.712125  0.000000  1.0
    0.010393    0.714125  0.000000  1.0
    0.010393    0.716125  0.000000  1.0
    0.010393    0.718125  0.000000  1.0
    0.010393    0.720125  0.000000  1.0
    0.010393    0.722125  0.000000  1.0
    0.010393    0.724125  0.000000  1.0
    0.010393    0.726125  0.000000  1.0
    0.010393    0.728125  0.000000  1.0
    0.010393    0.730125  0.000000  1.0
    0.010393    0.732125  0.000000  1.0
    0.010393    0.734125  0.000000  1.0
    0.010393    0.736125  0.000000  1.0
    0.010393    0.738125  0.000000  1.0
    0.010393    0.740125  0.000000  1.0
    0.010393    0.742125  0.000000  1.0
    0.010393    0.744125  0.000000  1.0
    0.010393    0.746125  0.000000  1.0
    0.010393    0.748125  0.000000  1.0
    0.010393    0.750125  0.000000  1.0
    0.010393    0.752125  0.000000  1.0
    0.010393    0.754125  0.000000  1.0
    0.010393    0.756125  0.000000  1.0
    0.010393    0.758125  0.000000  1.0
    0.010393    0.760125  0.000000  1.0
    0.010393    0.762125  0.000000  1.0
    0.010393    0.764125  0.000000  1.0
    0.010393    0.766125  0.000000  1.0
    0.010393    0.768125  0.000000  1.0
    0.010393    0.770125  0.000000  1.0
    0.010393    0.772125  0.000000  1.0
    0.010393    0.774125  0.000000  1.0
    0.010393    0.776125  0.000000  1.0
    0.010393    0.778125  0.000000  1.0
    0.010393    0.780125  0.000000  1.0
    0.012393    0.700125  0.000000  1.0
    0.012393    0.702125  0.000000  1.0
    0.012393    0.704125  0.000000  1.0
    0.012393    0.706125  0.000000  1.0
    0.012393    0.708125  0.000000  1.0
    0.012393    0.710125  0.000000  1.0
    0.012393    0.712125  0.000000  1.0
    0.012393    0.714125  0.000000  1.0
    0.012393    0.716125  0.000000  1.0
    0.012393    0.718125  0.000000  1.0
    0.012393    0.720125  0.000000  1.0
    0.012393    0.722125  0.000000  1.0
    0.012393    0.724125  0.000000  1.0
    0.012393    0.726125  0.000000  1.0
    0.012393    0.728125  0.000000  1.0
    0.012393    0.730125  0.000000  1.0
    0.012393    0.732125  0.000000  1.0
    0.012393    0.734125  0.000000  1.0
    0.012393    0.736125  0.000000  1.0
    0.012393    0.738125  0.000000  1.0
    0.012393    0.740125  0.000000  1.0
    0.012393    0.742125  0.000000  1.0
    0.012393    0.744125  0.000000  1.0
    0.012393    0.746125  0.000000  1.0
    0.012393    0.748125  0.000000  1.0
    0.012393    0.750125  0.000000  1.0
    0.012393    0.752125  0.000000  1.0
    0.012393    0.754125  0.000000  1.0
    0.012393    0.756125  0.000000  1.0
    0.012393    0.758125  0.000000  1.0
    0.012393    0.760125  0.000000  1.0
    0.012393    0.762125  0.000000  1.0
    0.012393    0.764125  0.000000  1.0
    0.012393    0.766125  0.000000  1.0
    0.012393    0.768125  0.000000  1.0
    0.012393    0.770125  0.000000  1.0
    0.012393    0.772125  0.000000  1.0
    0.012393    0.774125  0.000000  1.0
    0.012393    0.776125  0.000000  1.0
    0.012393    0.778125  0.000000  1.0
    0.012393    0.780125  0.000000  1.0
    0.014393    0.700125  0.000000  1.0
    0.014393    0.702125  0.000000  1.0
    0.014393    0.704125  0.000000  1.0
    0.014393    0.706125  0.000000  1.0
    0.014393    0.708125  0.000000  1.0
    0.014393    0.710125  0.000000  1.0
    0.014393    0.712125  0.000000  1.0
    0.014393    0.714125  0.000000  1.0
    0.014393    0.716125  0.000000  1.0
    0.014393    0.718125  0.000000  1.0
    0.014393    0.720125  0.000000  1.0
    0.014393    0.722125  0.000000  1.0
    0.014393    0.724125  0.000000  1.0
    0.014393    0.726125  0.000000  1.0
    0.014393    0.728125  0.000000  1.0
    0.014393    0.730125  0.000000  1.0
    0.014393    0.732125  0.000000  1.0
    0.014393    0.734125  0.000000  1.0
    0.014393    0.736125  0.000000  1.0
    0.014393    0.738125  0.000000  1.0
    0.014393    0.740125  0.000000  1.0
    0.014393    0.742125  0.000000  1.0
    0.014393    0.744125  0.000000  1.0
    0.014393    0.746125  0.000000  1.0
    0.014393    0.748125  0.000000  1.0
    0.014393    0.750125  0.000000  1.0
    0.014393    0.752125  0.000000  1.0
    0.014393    0.754125  0.000000  1.0
    0.014393    0.756125  0.000000  1.0
    0.014393    0.758125  0.000000  1.0
    0.014393    0.760125  0.000000  1.0
    0.014393    0.762125  0.000000  1.0
    0.014393    0.764125  0.000000  1.0
    0.014393    0.766125  0.000000  1.0
    0.014393    0.768125  0.000000  1.0
    0.014393    0.770125  0.000000  1.0
    0.014393    0.772125  0.000000  1.0
    0.014393    0.774125  0.000000  1.0
    0.014393    0.776125  0.000000  1.0
    0.014393    0.778125  0.000000  1.0
    0.014393    0.780125  0.000000  1.0
    0.016393    0.700125  0.000000  1.0
    0.016393    0.702125  0.000000  1.0
    0.016393    0.704125  0.000000  1.0
    0.016393    0.706125  0.000000  1.0
    0.016393    0.708125  0.000000  1.0
    0.016393    0.710125  0.000000  1.0
    0.016393    0.712125  0.000000  1.0
    0.016393    0.714125  0.000000  1.0
    0.016393    0.716125  0.000000  1.0
    0.016393    0.718125  0.000000  1.0
    0.016393    0.720125  0.000000  1.0
    0.016393    0.722125  0.000000  1.0
    0.016393    0.724125  0.000000  1.0
    0.016393    0.726125  0.000000  1.0
    0.016393    0.728125  0.000000  1.0
    0.016393    0.730125  0.000000  1.0
    0.016393    0.732125  0.000000  1.0
    0.016393    0.734125  0.000000  1.0
    0.016393    0.736125  0.000000  1.0
    0.016393    0.738125  0.000000  1.0
    0.016393    0.740125  0.000000  1.0
    0.016393    0.742125  0.000000  1.0
    0.016393    0.744125  0.000000  1.0
    0.016393    0.746125  0.000000  1.0
    0.016393    0.748125  0.000000  1.0
    0.016393    0.750125  0.000000  1.0
    0.016393    0.752125  0.000000  1.0
    0.016393    0.754125  0.000000  1.0
    0.016393    0.756125  0.000000  1.0
    0.016393    0.758125  0.000000  1.0
    0.016393    0.760125  0.000000  1.0
    0.016393    0.762125  0.000000  1.0
    0.016393    0.764125  0.000000  1.0
    0.016393    0.766125  0.000000  1.0
    0.016393    0.768125  0.000000  1.0
    0.016393    0.770125  0.000000  1.0
    0.016393    0.772125  0.000000  1.0
    0.016393    0.774125  0.000000  1.0
    0.016393    0.776125  0.000000  1.0
    0.016393    0.778125  0.000000  1.0
    0.016393    0.780125  0.000000  1.0
    0.018393    0.700125  0.000000  1.0
    0.018393    0.702125  0.000000  1.0
    0.018393    0.704125  0.000000  1.0
    0.018393    0.706125  0.000000  1.0
    0.018393    0.708125  0.000000  1.0
    0.018393    0.710125  0.000000  1.0
    0.018393    0.712125  0.000000  1.0
    0.018393    0.714125  0.000000  1.0
    0.018393    0.716125  0.000000  1.0
    0.018393    0.718125  0.000000  1.0
    0.018393    0.720125  0.000000  1.0
    0.018393    0.722125  0.000000  1.0
    0.018393    0.724125  0.000000  1.0
    0.018393    0.726125  0.000000  1.0
    0.018393    0.728125  0.000000  1.0
    0.018393    0.730125  0.000000  1.0
    0.018393    0.732125  0.000000  1.0
    0.018393    0.734125  0.000000  1.0
    0.018393    0.736125  0.000000  1.0
    0.018393    0.738125  0.000000  1.0
    0.018393    0.740125  0.000000  1.0
    0.018393    0.742125  0.000000  1.0
    0.018393    0.744125  0.000000  1.0
    0.018393    0.746125  0.000000  1.0
    0.018393    0.748125  0.000000  1.0
    0.018393    0.750125  0.000000  1.0
    0.018393    0.752125  0.000000  1.0
    0.018393    0.754125  0.000000  1.0
    0.018393    0.756125  0.000000  1.0
    0.018393    0.758125  0.000000  1.0
    0.018393    0.760125  0.000000  1.0
    0.018393    0.762125  0.000000  1.0
    0.018393    0.764125  0.000000  1.0
    0.018393    0.766125  0.000000  1.0
    0.018393    0.768125  0.000000  1.0
    0.018393    0.770125  0.000000  1.0
    0.018393    0.772125  0.000000  1.0
    0.018393    0.774125  0.000000  1.0
    0.018393    0.776125  0.000000  1.0
    0.018393    0.778125  0.000000  1.0
    0.018393    0.780125  0.000000  1.0
    0.020393    0.700125  0.000000  1.0
    0.020393    0.702125  0.000000  1.0
    0.020393    0.704125  0.000000  1.0
    0.020393    0.706125  0.000000  1.0
    0.020393    0.708125  0.000000  1.0
    0.020393    0.710125  0.000000  1.0
    0.020393    0.712125  0.000000  1.0
    0.020393    0.714125  0.000000  1.0
    0.020393    0.716125  0.000000  1.0
    0.020393    0.718125  0.000000  1.0
    0.020393    0.720125  0.000000  1.0
    0.020393    0.722125  0.000000  1.0
    0.020393    0.724125  0.000000  1.0
    0.020393    0.726125  0.000000  1.0
    0.020393    0.728125  0.000000  1.0
    0.020393    0.730125  0.000000  1.0
    0.020393    0.732125  0.000000  1.0
    0.020393    0.734125  0.000000  1.0
    0.020393    0.736125  0.000000  1.0
    0.020393    0.738125  0.000000  1.0
    0.020393    0.740125  0.000000  1.0
    0.020393    0.742125  0.000000  1.0
    0.020393    0.744125  0.000000  1.0
    0.020393    0.746125  0.000000  1.0
    0.020393    0.748125  0.000000  1.0
    0.020393    0.750125  0.000000  1.0
    0.020393    0.752125  0.000000  1.0
    0.020393    0.754125  0.000000  1.0
    0.020393    0.756125  0.000000  1.0
    0.020393    0.758125  0.000000  1.0
    0.020393    0.760125  0.000000  1.0
    0.020393    0.762125  0.000000  1.0
    0.020393    0.764125  0.000000  1.0
    0.020393    0.766125  0.000000  1.0
    0.020393    0.768125  0.000000  1.0
    0.020393    0.770125  0.000000  1.0
    0.020393    0.772125  0.000000  1.0
    0.020393    0.774125  0.000000  1.0
    0.020393    0.776125  0.000000  1.0
    0.020393    0.778125  0.000000  1.0
    0.020393    0.780125  0.000000  1.0
    0.022393    0.700125  0.000000  1.0
    0.022393    0.702125  0.000000  1.0
    0.022393    0.704125  0.000000  1.0
    0.022393    0.706125  0.000000  1.0
    0.022393    0.708125  0.000000  1.0
    0.022393    0.710125  0.000000  1.0
    0.022393    0.712125  0.000000  1.0
    0.022393    0.714125  0.000000  1.0
    0.022393    0.716125  0.000000  1.0
    0.022393    0.718125  0.000000  1.0
    0.022393    0.720125  0.000000  1.0
    0.022393    0.722125  0.000000  1.0
    0.022393    0.724125  0.000000  1.0
    0.022393    0.726125  0.000000  1.0
    0.022393    0.728125  0.000000  1.0
    0.022393    0.730125  0.000000  1.0
    0.022393    0.732125  0.000000  1.0
    0.022393    0.734125  0.000000  1.0
    0.022393    0.736125  0.000000  1.0
    0.022393    0.738125  0.000000  1.0
    0.022393    0.740125  0.000000  1.0
    0.022393    0.742125  0.000000  1.0
    0.022393    0.744125  0.000000  1.0
    0.022393    0.746125  0.000000  1.0
    0.022393    0.748125  0.000000  1.0
    0.022393    0.750125  0.000000  1.0
    0.022393    0.752125  0.000000  1.0
    0.022393    0.754125  0.000000  1.0
    0.022393    0.756125  0.000000  1.0
    0.022393    0.758125  0.000000  1.0
    0.022393    0.760125  0.000000  1.0
    0.022393    0.762125  0.000000  1.0
    0.022393    0.764125  0.000000  1.0
    0.022393    0.766125  0.000000  1.0
    0.022393    0.768125  0.000000  1.0
    0.022393    0.770125  0.000000  1.0
    0.022393    0.772125  0.000000  1.0
    0.022393    0.774125  0.000000  1.0
    0.022393    0.776125  0.000000  1.0
    0.022393    0.778125  0.000000  1.0
    0.022393    0.780125  0.000000  1.0
    0.024393    0.700125  0.000000  1.0
    0.024393    0.702125  0.000000  1.0
    0.024393    0.704125  0.000000  1.0
    0.024393    0.706125  0.000000  1.0
    0.024393    0.708125  0.000000  1.0
    0.024393    0.710125  0.000000  1.0
    0.024393    0.712125  0.000000  1.0
    0.024393    0.714125  0.000000  1.0
    0.024393    0.716125  0.000000  1.0
    0.024393    0.718125  0.000000  1.0
    0.024393    0.720125  0.000000  1.0
    0.024393    0.722125  0.000000  1.0
    0.024393    0.724125  0.000000  1.0
    0.024393    0.726125  0.000000  1.0
    0.024393    0.728125  0.000000  1.0
    0.024393    0.730125  0.000000  1.0
    0.024393    0.732125  0.000000  1.0
    0.024393    0.734125  0.000000  1.0
    0.024393    0.736125  0.000000  1.0
    0.024393    0.738125  0.000000  1.0
    0.024393    0.740125  0.000000  1.0
    0.024393    0.742125  0.000000  1.0
    0.024393    0.744125  0.000000  1.0
    0.024393    0.746125  0.000000  1.0
    0.024393    0.748125  0.000000  1.0
    0.024393    0.750125  0.000000  1.0
    0.024393    0.752125  0.000000  1.0
    0.024393    0.754125  0.000000  1.0
    0.024393    0.756125  0.000000  1.0
    0.024393    0.758125  0.000000  1.0
    0.024393    0.760125  0.000000  1.0
    0.024393    0.762125  0.000000  1.0
    0.024393    0.764125  0.000000  1.0
    0.024393    0.766125  0.000000  1.0
    0.024393    0.768125  0.000000  1.0
    0.024393    0.770125  0.000000  1.0
    0.024393    0.772125  0.000000  1.0
    0.024393    0.774125  0.000000  1.0
    0.024393    0.776125  0.000000  1.0
    0.024393    0.778125  0.000000  1.0
    0.024393    0.780125  0.000000  1.0
    0.026393    0.700125  0.000000  1.0
    0.026393    0.702125  0.000000  1.0
    0.026393    0.704125  0.000000  1.0
    0.026393    0.706125  0.000000  1.0
    0.026393    0.708125  0.000000  1.0
    0.026393    0.710125  0.000000  1.0
    0.026393    0.712125  0.000000  1.0
    0.026393    0.714125  0.000000  1.0
    0.026393    0.716125  0.000000  1.0
    0.026393    0.718125  0.000000  1.0
    0.026393    0.720125  0.000000  1.0
    0.026393    0.722125  0.000000  1.0
    0.026393    0.724125  0.000000  1.0
    0.026393    0.726125  0.000000  1.0
    0.026393    0.728125  0.000000  1.0
    0.026393    0.730125  0.000000  1.0
    0.026393    0.732125  0.000000  1.0
    0.026393    0.734125  0.000000  1.0
    0.026393    0.736125  0.000000  1.0
    0.026393    0.738125  0.000000  1.0
    0.026393    0.740125  0.000000  1.0
    0.026393    0.742125  0.000000  1.0
    0.026393    0.744125  0.000000  1.0
    0.026393    0.746125  0.000000  1.0
    0.026393    0.748125  0.000000  1.0
    0.026393    0.750125  0.000000  1.0
    0.026393    0.752125  0.000000  1.0
    0.026393    0.754125  0.000000  1.0
    0.026393    0.756125  0.000000  1.0
    0.026393    0.758125  0.000000  1.0
    0.026393    0.760125  0.000000  1.0
    0.026393    0.762125  0.000000  1.0
    0.026393    0.764125  0.000000  1.0
    0.026393    0.766125  0.000000  1.0
    0.026393    0.768125  0.000000  1.0
    0.026393    0.770125  0.000000  1.0
    0.026393    0.772125  0.000000  1.0
    0.026393    0.774125  0.000000  1.0
    0.026393    0.776125  0.000000  1.0
    0.026393    0.778125  0.000000  1.0
    0.026393    0.780125  0.000000  1.0
    0.028393    0.700125  0.000000  1.0
    0.028393    0.702125  0.000000  1.0
    0.028393    0.704125  0.000000  1.0
    0.028393    0.706125  0.000000  1.0
    0.028393    0.708125  0.000000  1.0
    0.028393    0.710125  0.000000  1.0
    0.028393    0.712125  0.000000  1.0
    0.028393    0.714125  0.000000  1.0
    0.028393    0.716125  0.000000  1.0
    0.028393    0.718125  0.000000  1.0
    0.028393    0.720125  0.000000  1.0
    0.028393    0.722125  0.000000  1.0
    0.028393    0.724125  0.000000  1.0
    0.028393    0.726125  0.000000  1.0
    0.028393    0.728125  0.000000  1.0
    0.028393    0.730125  0.000000  1.0
    0.028393    0.732125  0.000000  1.0
    0.028393    0.734125  0.000000  1.0
    0.028393    0.736125  0.000000  1.0
    0.028393    0.738125  0.000000  1.0
    0.028393    0.740125  0.000000  1.0
    0.028393    0.742125  0.000000  1.0
    0.028393    0.744125  0.000000  1.0
    0.028393    0.746125  0.000000  1.0
    0.028393    0.748125  0.000000  1.0
    0.028393    0.750125  0.000000  1.0
    0.028393    0.752125  0.000000  1.0
    0.028393    0.754125  0.000000  1.0
    0.028393    0.756125  0.000000  1.0
    0.028393    0.758125  0.000000  1.0
    0.028393    0.760125  0.000000  1.0
    0.028393    0.762125  0.000000  1.0
    0.028393    0.764125  0.000000  1.0
    0.028393    0.766125  0.000000  1.0
    0.028393    0.768125  0.000000  1.0
    0.028393    0.770125  0.000000  1.0
    0.028393    0.772125  0.000000  1.0
    0.028393    0.774125  0.000000  1.0
    0.028393    0.776125  0.000000  1.0
    0.028393    0.778125  0.000000  1.0
    0.028393    0.780125  0.000000  1.0
    0.030393    0.700125  0.000000  1.0
    0.030393    0.702125  0.000000  1.0
    0.030393    0.704125  0.000000  1.0
    0.030393    0.706125  0.000000  1.0
    0.030393    0.708125  0.000000  1.0
    0.030393    0.710125  0.000000  1.0
    0.030393    0.712125  0.000000  1.0
    0.030393    0.714125  0.000000  1.0
    0.030393    0.716125  0.000000  1.0
    0.030393    0.718125  0.000000  1.0
    0.030393    0.720125  0.000000  1.0
    0.030393    0.722125  0.000000  1.0
    0.030393    0.724125  0.000000  1.0
    0.030393    0.726125  0.000000  1.0
    0.030393    0.728125  0.000000  1.0
    0.030393    0.730125  0.000000  1.0
    0.030393    0.732125  0.000000  1.0
    0.030393    0.734125  0.000000  1.0
    0.030393    0.736125  0.000000  1.0
    0.030393    0.738125  0.000000  1.0
    0.030393    0.740125  0.000000  1.0
    0.030393    0.742125  0.000000  1.0
    0.030393    0.744125  0.000000  1.0
    0.030393    0.746125  0.000000  1.0
    0.030393    0.748125  0.000000  1.0
    0.030393    0.750125  0.000000  1.0
    0.030393    0.752125  0.000000  1.0
    0.030393    0.754125  0.000000  1.0
    0.030393    0.756125  0.000000  1.0
    0.030393    0.758125  0.000000  1.0
    0.030393    0.760125  0.000000  1.0
    0.030393    0.762125  0.000000  1.0
    0.030393    0.764125  0.000000  1.0
    0.030393    0.766125  0.000000  1.0
    0.030393    0.768125  0.000000  1.0
    0.030393    0.770125  0.000000  1.0
    0.030393    0.772125  0.000000  1.0
    0.030393    0.774125  0.000000  1.0
    0.030393    0.776125  0.000000  1.0
    0.030393    0.778125  0.000000  1.0
    0.030393    0.780125  0.000000  1.0
    0.032393    0.700125  0.000000  1.0
    0.032393    0.702125  0.000000  1.0
    0.032393    0.704125  0.000000  1.0
    0.032393    0.706125  0.000000  1.0
    0.032393    0.708125  0.000000  1.0
    0.032393    0.710125  0.000000  1.0
    0.032393    0.712125  0.000000  1.0
    0.032393    0.714125  0.000000  1.0
    0.032393    0.716125  0.000000  1.0
    0.032393    0.718125  0.000000  1.0
    0.032393    0.720125  0.000000  1.0
    0.032393    0.722125  0.000000  1.0
    0.032393    0.724125  0.000000  1.0
    0.032393    0.726125  0.000000  1.0
    0.032393    0.728125  0.000000  1.0
    0.032393    0.730125  0.000000  1.0
    0.032393    0.732125  0.000000  1.0
    0.032393    0.734125  0.000000  1.0
    0.032393    0.736125  0.000000  1.0
    0.032393    0.738125  0.000000  1.0
    0.032393    0.740125  0.000000  1.0
    0.032393    0.742125  0.000000  1.0
    0.032393    0.744125  0.000000  1.0
    0.032393    0.746125  0.000000  1.0
    0.032393    0.748125  0.000000  1.0
    0.032393    0.750125  0.000000  1.0
    0.032393    0.752125  0.000000  1.0
    0.032393    0.754125  0.000000  1.0
    0.032393    0.756125  0.000000  1.0
    0.032393    0.758125  0.000000  1.0
    0.032393    0.760125  0.000000  1.0
    0.032393    0.762125  0.000000  1.0
    0.032393    0.764125  0.000000  1.0
    0.032393    0.766125  0.000000  1.0
    0.032393    0.768125  0.000000  1.0
    0.032393    0.770125  0.000000  1.0
    0.032393    0.772125  0.000000  1.0
    0.032393    0.774125  0.000000  1.0
    0.032393    0.776125  0.000000  1.0
    0.032393    0.778125  0.000000  1.0
    0.032393    0.780125  0.000000  1.0
    0.034393    0.700125  0.000000  1.0
    0.034393    0.702125  0.000000  1.0
    0.034393    0.704125  0.000000  1.0
    0.034393    0.706125  0.000000  1.0
    0.034393    0.708125  0.000000  1.0
    0.034393    0.710125  0.000000  1.0
    0.034393    0.712125  0.000000  1.0
    0.034393    0.714125  0.000000  1.0
    0.034393    0.716125  0.000000  1.0
    0.034393    0.718125  0.000000  1.0
    0.034393    0.720125  0.000000  1.0
    0.034393    0.722125  0.000000  1.0
    0.034393    0.724125  0.000000  1.0
    0.034393    0.726125  0.000000  1.0
    0.034393    0.728125  0.000000  1.0
    0.034393    0.730125  0.000000  1.0
    0.034393    0.732125  0.000000  1.0
    0.034393    0.734125  0.000000  1.0
    0.034393    0.736125  0.000000  1.0
    0.034393    0.738125  0.000000  1.0
    0.034393    0.740125  0.000000  1.0
    0.034393    0.742125  0.000000  1.0
    0.034393    0.744125  0.000000  1.0
    0.034393    0.746125  0.000000  1.0
    0.034393    0.748125  0.000000  1.0
    0.034393    0.750125  0.000000  1.0
    0.034393    0.752125  0.000000  1.0
    0.034393    0.754125  0.000000  1.0
    0.034393    0.756125  0.000000  1.0
    0.034393    0.758125  0.000000  1.0
    0.034393    0.760125  0.000000  1.0
    0.034393    0.762125  0.000000  1.0
    0.034393    0.764125  0.000000  1.0
    0.034393    0.766125  0.000000  1.0
    0.034393    0.768125  0.000000  1.0
    0.034393    0.770125  0.000000  1.0
    0.034393    0.772125  0.000000  1.0
    0.034393    0.774125  0.000000  1.0
    0.034393    0.776125  0.000000  1.0
    0.034393    0.778125  0.000000  1.0
    0.034393    0.780125  0.000000  1.0
    0.036393    0.700125  0.000000  1.0
    0.036393    0.702125  0.000000  1.0
    0.036393    0.704125  0.000000  1.0
    0.036393    0.706125  0.000000  1.0
    0.036393    0.708125  0.000000  1.0
    0.036393    0.710125  0.000000  1.0
    0.036393    0.712125  0.000000  1.0
    0.036393    0.714125  0.000000  1.0
    0.036393    0.716125  0.000000  1.0
    0.036393    0.718125  0.000000  1.0
    0.036393    0.720125  0.000000  1.0
    0.036393    0.722125  0.000000  1.0
    0.036393    0.724125  0.000000  1.0
    0.036393    0.726125  0.000000  1.0
    0.036393    0.728125  0.000000  1.0
    0.036393    0.730125  0.000000  1.0
    0.036393    0.732125  0.000000  1.0
    0.036393    0.734125  0.000000  1.0
    0.036393    0.736125  0.000000  1.0
    0.036393    0.738125  0.000000  1.0
    0.036393    0.740125  0.000000  1.0
    0.036393    0.742125  0.000000  1.0
    0.036393    0.744125  0.000000  1.0
    0.036393    0.746125  0.000000  1.0
    0.036393    0.748125  0.000000  1.0
    0.036393    0.750125  0.000000  1.0
    0.036393    0.752125  0.000000  1.0
    0.036393    0.754125  0.000000  1.0
    0.036393    0.756125  0.000000  1.0
    0.036393    0.758125  0.000000  1.0
    0.036393    0.760125  0.000000  1.0
    0.036393    0.762125  0.000000  1.0
    0.036393    0.764125  0.000000  1.0
    0.036393    0.766125  0.000000  1.0
    0.036393    0.768125  0.000000  1.0
    0.036393    0.770125  0.000000  1.0
    0.036393    0.772125  0.000000  1.0
    0.036393    0.774125  0.000000  1.0
    0.036393    0.776125  0.000000  1.0
    0.036393    0.778125  0.000000  1.0
    0.036393    0.780125  0.000000  1.0
    0.038393    0.700125  0.000000  1.0
    0.038393    0.702125  0.000000  1.0
    0.038393    0.704125  0.000000  1.0
    0.038393    0.706125  0.000000  1.0
    0.038393    0.708125  0.000000  1.0
    0.038393    0.710125  0.000000  1.0
    0.038393    0.712125  0.000000  1.0
    0.038393    0.714125  0.000000  1.0
    0.038393    0.716125  0.000000  1.0
    0.038393    0.718125  0.000000  1.0
    0.038393    0.720125  0.000000  1.0
    0.038393    0.722125  0.000000  1.0
    0.038393    0.724125  0.000000  1.0
    0.038393    0.726125  0.000000  1.0
    0.038393    0.728125  0.000000  1.0
    0.038393    0.730125  0.000000  1.0
    0.038393    0.732125  0.000000  1.0
    0.038393    0.734125  0.000000  1.0
    0.038393    0.736125  0.000000  1.0
    0.038393    0.738125  0.000000  1.0
    0.038393    0.740125  0.000000  1.0
    0.038393    0.742125  0.000000  1.0
    0.038393    0.744125  0.000000  1.0
    0.038393    0.746125  0.000000  1.0
    0.038393    0.748125  0.000000  1.0
    0.038393    0.750125  0.000000  1.0
    0.038393    0.752125  0.000000  1.0
    0.038393    0.754125  0.000000  1.0
    0.038393    0.756125  0.000000  1.0
    0.038393    0.758125  0.000000  1.0
    0.038393    0.760125  0.000000  1.0
    0.038393    0.762125  0.000000  1.0
    0.038393    0.764125  0.000000  1.0
    0.038393    0.766125  0.000000  1.0
    0.038393    0.768125  0.000000  1.0
    0.038393    0.770125  0.000000  1.0
    0.038393    0.772125  0.000000  1.0
    0.038393    0.774125  0.000000  1.0
    0.038393    0.776125  0.000000  1.0
    0.038393    0.778125  0.000000  1.0
    0.038393    0.780125  0.000000  1.0
    0.040393    0.700125  0.000000  1.0
    0.040393    0.702125  0.000000  1.0
    0.040393    0.704125  0.000000  1.0
    0.040393    0.706125  0.000000  1.0
    0.040393    0.708125  0.000000  1.0
    0.040393    0.710125  0.000000  1.0
    0.040393    0.712125  0.000000  1.0
    0.040393    0.714125  0.000000  1.0
    0.040393    0.716125  0.000000  1.0
    0.040393    0.718125  0.000000  1.0
    0.040393    0.720125  0.000000  1.0
    0.040393    0.722125  0.000000  1.0
    0.040393    0.724125  0.000000  1.0
    0.040393    0.726125  0.000000  1.0
    0.040393    0.728125  0.000000  1.0
    0.040393    0.730125  0.000000  1.0
    0.040393    0.732125  0.000000  1.0
    0.040393    0.734125  0.000000  1.0
    0.040393    0.736125  0.000000  1.0
    0.040393    0.738125  0.000000  1.0
    0.040393    0.740125  0.000000  1.0
    0.040393    0.742125  0.000000  1.0
    0.040393    0.744125  0.000000  1.0
    0.040393    0.746125  0.000000  1.0
    0.040393    0.748125  0.000000  1.0
    0.040393    0.750125  0.000000  1.0
    0.040393    0.752125  0.000000  1.0
    0.040393    0.754125  0.000000  1.0
    0.040393    0.756125  0.000000  1.0
    0.040393    0.758125  0.000000  1.0
    0.040393    0.760125  0.000000  1.0
    0.040393    0.762125  0.000000  1.0
    0.040393    0.764125  0.000000  1.0
    0.040393    0.766125  0.000000  1.0
    0.040393    0.768125  0.000000  1.0
    0.040393    0.770125  0.000000  1.0
    0.040393    0.772125  0.000000  1.0
    0.040393    0.774125  0.000000  1.0
    0.040393    0.776125  0.000000  1.0
    0.040393    0.778125  0.000000  1.0
    0.040393    0.780125  0.000000  1.0
    0.042393    0.700125  0.000000  1.0
    0.042393    0.702125  0.000000  1.0
    0.042393    0.704125  0.000000  1.0
    0.042393    0.706125  0.000000  1.0
    0.042393    0.708125  0.000000  1.0
    0.042393    0.710125  0.000000  1.0
    0.042393    0.712125  0.000000  1.0
    0.042393    0.714125  0.000000  1.0
    0.042393    0.716125  0.000000  1.0
    0.042393    0.718125  0.000000  1.0
    0.042393    0.720125  0.000000  1.0
    0.042393    0.722125  0.000000  1.0
    0.042393    0.724125  0.000000  1.0
    0.042393    0.726125  0.000000  1.0
    0.042393    0.728125  0.000000  1.0
    0.042393    0.730125  0.000000  1.0
    0.042393    0.732125  0.000000  1.0
    0.042393    0.734125  0.000000  1.0
    0.042393    0.736125  0.000000  1.0
    0.042393    0.738125  0.000000  1.0
    0.042393    0.740125  0.000000  1.0
    0.042393    0.742125  0.000000  1.0
    0.042393    0.744125  0.000000  1.0
    0.042393    0.746125  0.000000  1.0
    0.042393    0.748125  0.000000  1.0
    0.042393    0.750125  0.000000  1.0
    0.042393    0.752125  0.000000  1.0
    0.042393    0.754125  0.000000  1.0
    0.042393    0.756125  0.000000  1.0
    0.042393    0.758125  0.000000  1.0
    0.042393    0.760125  0.000000  1.0
    0.042393    0.762125  0.000000  1.0
    0.042393    0.764125  0.000000  1.0
    0.042393    0.766125  0.000000  1.0
    0.042393    0.768125  0.000000  1.0
    0.042393    0.770125  0.000000  1.0
    0.042393    0.772125  0.000000  1.0
    0.042393    0.774125  0.000000  1.0
    0.042393    0.776125  0.000000  1.0
    0.042393    0.778125  0.000000  1.0
    0.042393    0.780125  0.000000  1.0
    0.044393    0.700125  0.000000  1.0
    0.044393    0.702125  0.000000  1.0
    0.044393    0.704125  0.000000  1.0
    0.044393    0.706125  0.000000  1.0
    0.044393    0.708125  0.000000  1.0
    0.044393    0.710125  0.000000  1.0
    0.044393    0.712125  0.000000  1.0
    0.044393    0.714125  0.000000  1.0
    0.044393    0.716125  0.000000  1.0
    0.044393    0.718125  0.000000  1.0
    0.044393    0.720125  0.000000  1.0
    0.044393    0.722125  0.000000  1.0
    0.044393    0.724125  0.000000  1.0
    0.044393    0.726125  0.000000  1.0
    0.044393    0.728125  0.000000  1.0
    0.044393    0.730125  0.000000  1.0
    0.044393    0.732125  0.000000  1.0
    0.044393    0.734125  0.000000  1.0
    0.044393    0.736125  0.000000  1.0
    0.044393    0.738125  0.000000  1.0
    0.044393    0.740125  0.000000  1.0
    0.044393    0.742125  0.000000  1.0
    0.044393    0.744125  0.000000  1.0
    0.044393    0.746125  0.000000  1.0
    0.044393    0.748125  0.000000  1.0
    0.044393    0.750125  0.000000  1.0
    0.044393    0.752125  0.000000  1.0
    0.044393    0.754125  0.000000  1.0
    0.044393    0.756125  0.000000  1.0
    0.044393    0.758125  0.000000  1.0
    0.044393    0.760125  0.000000  1.0
    0.044393    0.762125  0.000000  1.0
    0.044393    0.764125  0.000000  1.0
    0.044393    0.766125  0.000000  1.0
    0.044393    0.768125  0.000000  1.0
    0.044393    0.770125  0.000000  1.0
    0.044393    0.772125  0.000000  1.0
    0.044393    0.774125  0.000000  1.0
    0.044393    0.776125  0.000000  1.0
    0.044393    0.778125  0.000000  1.0
    0.044393    0.780125  0.000000  1.0
    0.046393    0.700125  0.000000  1.0
    0.046393    0.702125  0.000000  1.0
    0.046393    0.704125  0.000000  1.0
    0.046393    0.706125  0.000000  1.0
    0.046393    0.708125  0.000000  1.0
    0.046393    0.710125  0.000000  1.0
    0.046393    0.712125  0.000000  1.0
    0.046393    0.714125  0.000000  1.0
    0.046393    0.716125  0.000000  1.0
    0.046393    0.718125  0.000000  1.0
    0.046393    0.720125  0.000000  1.0
    0.046393    0.722125  0.000000  1.0
    0.046393    0.724125  0.000000  1.0
    0.046393    0.726125  0.000000  1.0
    0.046393    0.728125  0.000000  1.0
    0.046393    0.730125  0.000000  1.0
    0.046393    0.732125  0.000000  1.0
    0.046393    0.734125  0.000000  1.0
    0.046393    0.736125  0.000000  1.0
    0.046393    0.738125  0.000000  1.0
    0.046393    0.740125  0.000000  1.0
    0.046393    0.742125  0.000000  1.0
    0.046393    0.744125  0.000000  1.0
    0.046393    0.746125  0.000000  1.0
    0.046393    0.748125  0.000000  1.0
    0.046393    0.750125  0.000000  1.0
    0.046393    0.752125  0.000000  1.0
    0.046393    0.754125  0.000000  1.0
    0.046393    0.756125  0.000000  1.0
    0.046393    0.758125  0.000000  1.0
    0.046393    0.760125  0.000000  1.0
    0.046393    0.762125  0.000000  1.0
    0.046393    0.764125  0.000000  1.0
    0.046393    0.766125  0.000000  1.0
    0.046393    0.768125  0.000000  1.0
    0.046393    0.770125  0.000000  1.0
    0.046393    0.772125  0.000000  1.0
    0.046393    0.774125  0.000000  1.0
    0.046393    0.776125  0.000000  1.0
    0.046393    0.778125  0.000000  1.0
    0.046393    0.780125  0.000000  1.0
    0.048393    0.700125  0.000000  1.0
    0.048393    0.702125  0.000000  1.0
    0.048393    0.704125  0.000000  1.0
    0.048393    0.706125  0.000000  1.0
    0.048393    0.708125  0.000000  1.0
    0.048393    0.710125  0.000000  1.0
    0.048393    0.712125  0.000000  1.0
    0.048393    0.714125  0.000000  1.0
    0.048393    0.716125  0.000000  1.0
    0.048393    0.718125  0.000000  1.0
    0.048393    0.720125  0.000000  1.0
    0.048393    0.722125  0.000000  1.0
    0.048393    0.724125  0.000000  1.0
    0.048393    0.726125  0.000000  1.0
    0.048393    0.728125  0.000000  1.0
    0.048393    0.730125  0.000000  1.0
    0.048393    0.732125  0.000000  1.0
    0.048393    0.734125  0.000000  1.0
    0.048393    0.736125  0.000000  1.0
    0.048393    0.738125  0.000000  1.0
    0.048393    0.740125  0.000000  1.0
    0.048393    0.742125  0.000000  1.0
    0.048393    0.744125  0.000000  1.0
    0.048393    0.746125  0.000000  1.0
    0.048393    0.748125  0.000000  1.0
    0.048393    0.750125  0.000000  1.0
    0.048393    0.752125  0.000000  1.0
    0.048393    0.754125  0.000000  1.0
    0.048393    0.756125  0.000000  1.0
    0.048393    0.758125  0.000000  1.0
    0.048393    0.760125  0.000000  1.0
    0.048393    0.762125  0.000000  1.0
    0.048393    0.764125  0.000000  1.0
    0.048393    0.766125  0.000000  1.0
    0.048393    0.768125  0.000000  1.0
    0.048393    0.770125  0.000000  1.0
    0.048393    0.772125  0.000000  1.0
    0.048393    0.774125  0.000000  1.0
    0.048393    0.776125  0.000000  1.0
    0.048393    0.778125  0.000000  1.0
    0.048393    0.780125  0.000000  1.0
    0.050393    0.700125  0.000000  1.0
    0.050393    0.702125  0.000000  1.0
    0.050393    0.704125  0.000000  1.0
    0.050393    0.706125  0.000000  1.0
    0.050393    0.708125  0.000000  1.0
    0.050393    0.710125  0.000000  1.0
    0.050393    0.712125  0.000000  1.0
    0.050393    0.714125  0.000000  1.0
    0.050393    0.716125  0.000000  1.0
    0.050393    0.718125  0.000000  1.0
    0.050393    0.720125  0.000000  1.0
    0.050393    0.722125  0.000000  1.0
    0.050393    0.724125  0.000000  1.0
    0.050393    0.726125  0.000000  1.0
    0.050393    0.728125  0.000000  1.0
    0.050393    0.730125  0.000000  1.0
    0.050393    0.732125  0.000000  1.0
    0.050393    0.734125  0.000000  1.0
    0.050393    0.736125  0.000000  1.0
    0.050393    0.738125  0.000000  1.0
    0.050393    0.740125  0.000000  1.0
    0.050393    0.742125  0.000000  1.0
    0.050393    0.744125  0.000000  1.0
    0.050393    0.746125  0.000000  1.0
    0.050393    0.748125  0.000000  1.0
    0.050393    0.750125  0.000000  1.0
    0.050393    0.752125  0.000000  1.0
    0.050393    0.754125  0.000000  1.0
    0.050393    0.756125  0.000000  1.0
    0.050393    0.758125  0.000000  1.0
    0.050393    0.760125  0.000000  1.0
    0.050393    0.762125  0.000000  1.0
    0.050393    0.764125  0.000000  1.0
    0.050393    0.766125  0.000000  1.0
    0.050393    0.768125  0.000000  1.0
    0.050393    0.770125  0.000000  1.0
    0.050393    0.772125  0.000000  1.0
    0.050393    0.774125  0.000000  1.0
    0.050393    0.776125  0.000000  1.0
    0.050393    0.778125  0.000000  1.0
    0.050393    0.780125  0.000000  1.0
    0.052393    0.700125  0.000000  1.0
    0.052393    0.702125  0.000000  1.0
    0.052393    0.704125  0.000000  1.0
    0.052393    0.706125  0.000000  1.0
    0.052393    0.708125  0.000000  1.0
    0.052393    0.710125  0.000000  1.0
    0.052393    0.712125  0.000000  1.0
    0.052393    0.714125  0.000000  1.0
    0.052393    0.716125  0.000000  1.0
    0.052393    0.718125  0.000000  1.0
    0.052393    0.720125  0.000000  1.0
    0.052393    0.722125  0.000000  1.0
    0.052393    0.724125  0.000000  1.0
    0.052393    0.726125  0.000000  1.0
    0.052393    0.728125  0.000000  1.0
    0.052393    0.730125  0.000000  1.0
    0.052393    0.732125  0.000000  1.0
    0.052393    0.734125  0.000000  1.0
    0.052393    0.736125  0.000000  1.0
    0.052393    0.738125  0.000000  1.0
    0.052393    0.740125  0.000000  1.0
    0.052393    0.742125  0.000000  1.0
    0.052393    0.744125  0.000000  1.0
    0.052393    0.746125  0.000000  1.0
    0.052393    0.748125  0.000000  1.0
    0.052393    0.750125  0.000000  1.0
    0.052393    0.752125  0.000000  1.0
    0.052393    0.754125  0.000000  1.0
    0.052393    0.756125  0.000000  1.0
    0.052393    0.758125  0.000000  1.0
    0.052393    0.760125  0.000000  1.0
    0.052393    0.762125  0.000000  1.0
    0.052393    0.764125  0.000000  1.0
    0.052393    0.766125  0.000000  1.0
    0.052393    0.768125  0.000000  1.0
    0.052393    0.770125  0.000000  1.0
    0.052393    0.772125  0.000000  1.0
    0.052393    0.774125  0.000000  1.0
    0.052393    0.776125  0.000000  1.0
    0.052393    0.778125  0.000000  1.0
    0.052393    0.780125  0.000000  1.0
    0.054393    0.700125  0.000000  1.0
    0.054393    0.702125  0.000000  1.0
    0.054393    0.704125  0.000000  1.0
    0.054393    0.706125  0.000000  1.0
    0.054393    0.708125  0.000000  1.0
    0.054393    0.710125  0.000000  1.0
    0.054393    0.712125  0.000000  1.0
    0.054393    0.714125  0.000000  1.0
    0.054393    0.716125  0.000000  1.0
    0.054393    0.718125  0.000000  1.0
    0.054393    0.720125  0.000000  1.0
    0.054393    0.722125  0.000000  1.0
    0.054393    0.724125  0.000000  1.0
    0.054393    0.726125  0.000000  1.0
    0.054393    0.728125  0.000000  1.0
    0.054393    0.730125  0.000000  1.0
    0.054393    0.732125  0.000000  1.0
    0.054393    0.734125  0.000000  1.0
    0.054393    0.736125  0.000000  1.0
    0.054393    0.738125  0.000000  1.0
    0.054393    0.740125  0.000000  1.0
    0.054393    0.742125  0.000000  1.0
    0.054393    0.744125  0.000000  1.0
    0.054393    0.746125  0.000000  1.0
    0.054393    0.748125  0.000000  1.0
    0.054393    0.750125  0.000000  1.0
    0.054393    0.752125  0.000000  1.0
    0.054393    0.754125  0.000000  1.0
    0.054393    0.756125  0.000000  1.0
    0.054393    0.758125  0.000000  1.0
    0.054393    0.760125  0.000000  1.0
    0.054393    0.762125  0.000000  1.0
    0.054393    0.764125  0.000000  1.0
    0.054393    0.766125  0.000000  1.0
    0.054393    0.768125  0.000000  1.0
    0.054393    0.770125  0.000000  1.0
    0.054393    0.772125  0.000000  1.0
    0.054393    0.774125  0.000000  1.0
    0.054393    0.776125  0.000000  1.0
    0.054393    0.778125  0.000000  1.0
    0.054393    0.780125  0.000000  1.0
    0.056393    0.700125  0.000000  1.0
    0.056393    0.702125  0.000000  1.0
    0.056393    0.704125  0.000000  1.0
    0.056393    0.706125  0.000000  1.0
    0.056393    0.708125  0.000000  1.0
    0.056393    0.710125  0.000000  1.0
    0.056393    0.712125  0.000000  1.0
    0.056393    0.714125  0.000000  1.0
    0.056393    0.716125  0.000000  1.0
    0.056393    0.718125  0.000000  1.0
    0.056393    0.720125  0.000000  1.0
    0.056393    0.722125  0.000000  1.0
    0.056393    0.724125  0.000000  1.0
    0.056393    0.726125  0.000000  1.0
    0.056393    0.728125  0.000000  1.0
    0.056393    0.730125  0.000000  1.0
    0.056393    0.732125  0.000000  1.0
    0.056393    0.734125  0.000000  1.0
    0.056393    0.736125  0.000000  1.0
    0.056393    0.738125  0.000000  1.0
    0.056393    0.740125  0.000000  1.0
    0.056393    0.742125  0.000000  1.0
    0.056393    0.744125  0.000000  1.0
    0.056393    0.746125  0.000000  1.0
    0.056393    0.748125  0.000000  1.0
    0.056393    0.750125  0.000000  1.0
    0.056393    0.752125  0.000000  1.0
    0.056393    0.754125  0.000000  1.0
    0.056393    0.756125  0.000000  1.0
    0.056393    0.758125  0.000000  1.0
    0.056393    0.760125  0.000000  1.0
    0.056393    0.762125  0.000000  1.0
    0.056393    0.764125  0.000000  1.0
    0.056393    0.766125  0.000000  1.0
    0.056393    0.768125  0.000000  1.0
    0.056393    0.770125  0.000000  1.0
    0.056393    0.772125  0.000000  1.0
    0.056393    0.774125  0.000000  1.0
    0.056393    0.776125  0.000000  1.0
    0.056393    0.778125  0.000000  1.0
    0.056393    0.780125  0.000000  1.0
