&CONTROL
  calculation = 'bands'
  prefix = 'graphene20.0upper'
  outdir = './tmp'
  pseudo_dir = './'
  verbosity = 'high'
/
&SYSTEM
  ibrav = 0
  nat = 2
  ntyp = 1
  ecutwfc = 40.0
  nosym = .true.
  noinv = .true.
  nbnd = 8
/
&ELECTRONS
/
ATOMIC_SPECIES
  C  12.011 C.pbe-n-kjpaw_psl.1.0.0.UPF
CELL_PARAMETERS {bohr}
  5.551108  0.000000  0.000000
  2.775554  3.873964  0.000000
  0.000000  0.000000  28.346456
ATOMIC_POSITIONS {crystal}
  C  -0.001020  0.002146  0.000000
  C  0.334353  0.331187  0.000000
K_POINTS {tpiba}
1681
   -0.220328    0.676464  0.000000  1.0
   -0.220328    0.678464  0.000000  1.0
   -0.220328    0.680464  0.000000  1.0
   -0.220328    0.682464  0.000000  1.0
   -0.220328    0.684464  0.000000  1.0
   -0.220328    0.686464  0.000000  1.0
   -0.220328    0.688464  0.000000  1.0
   -0.220328    0.690464  0.000000  1.0
   -0.220328    0.692464  0.000000  1.0
   -0.220328    0.694464  0.000000  1.0
   -0.220328    0.696464  0.000000  1.0
   -0.220328    0.698464  0.000000  1.0
   -0.220328    0.700464  0.000000  1.0
   -0.220328    0.702464  0.000000  1.0
   -0.220328    0.704464  0.000000  1.0
   -0.220328    0.706464  0.000000  1.0
   -0.220328    0.708464  0.000000  1.0
   -0.220328    0.710464  0.000000  1.0
   -0.220328    0.712464  0.000000  1.0
   -0.220328    0.714464  0.000000  1.0
   -0.220328    0.716464  0.000000  1.0
   -0.220328    0.718464  0.000000  1.0
   -0.220328    0.720464  0.000000  1.0
   -0.220328    0.722464  0.000000  1.0
   -0.220328    0.724464  0.000000  1.0
   -0.220328    0.726464  0.000000  1.0
   -0.220328    0.728464  0.000000  1.0
   -0.220328    0.730464  0.000000  1.0
   -0.220328    0.732464  0.000000  1.0
   -0.220328    0.734464  0.000000  1.0
   -0.220328    0.736464  0.000000  1.0
   -0.220328    0.738464  0.000000  1.0
   -0.220328    0.740464  0.000000  1.0
   -0.220328    0.742464  0.000000  1.0
   -0.220328    0.744464  0.000000  1.0
   -0.220328    0.746464  0.000000  1.0
   -0.220328    0.748464  0.000000  1.0
   -0.220328    0.750464  0.000000  1.0
   -0.220328    0.752464  0.000000  1.0
   -0.220328    0.754464  0.000000  1.0
   -0.220328    0.756464  0.000000  1.0
   -0.218328    0.676464  0.000000  1.0
   -0.218328    0.678464  0.000000  1.0
   -0.218328    0.680464  0.000000  1.0
   -0.218328    0.682464  0.000000  1.0
   -0.218328    0.684464  0.000000  1.0
   -0.218328    0.686464  0.000000  1.0
   -0.218328    0.688464  0.000000  1.0
   -0.218328    0.690464  0.000000  1.0
   -0.218328    0.692464  0.000000  1.0
   -0.218328    0.694464  0.000000  1.0
   -0.218328    0.696464  0.000000  1.0
   -0.218328    0.698464  0.000000  1.0
   -0.218328    0.700464  0.000000  1.0
   -0.218328    0.702464  0.000000  1.0
   -0.218328    0.704464  0.000000  1.0
   -0.218328    0.706464  0.000000  1.0
   -0.218328    0.708464  0.000000  1.0
   -0.218328    0.710464  0.000000  1.0
   -0.218328    0.712464  0.000000  1.0
   -0.218328    0.714464  0.000000  1.0
   -0.218328    0.716464  0.000000  1.0
   -0.218328    0.718464  0.000000  1.0
   -0.218328    0.720464  0.000000  1.0
   -0.218328    0.722464  0.000000  1.0
   -0.218328    0.724464  0.000000  1.0
   -0.218328    0.726464  0.000000  1.0
   -0.218328    0.728464  0.000000  1.0
   -0.218328    0.730464  0.000000  1.0
   -0.218328    0.732464  0.000000  1.0
   -0.218328    0.734464  0.000000  1.0
   -0.218328    0.736464  0.000000  1.0
   -0.218328    0.738464  0.000000  1.0
   -0.218328    0.740464  0.000000  1.0
   -0.218328    0.742464  0.000000  1.0
   -0.218328    0.744464  0.000000  1.0
   -0.218328    0.746464  0.000000  1.0
   -0.218328    0.748464  0.000000  1.0
   -0.218328    0.750464  0.000000  1.0
   -0.218328    0.752464  0.000000  1.0
   -0.218328    0.754464  0.000000  1.0
   -0.218328    0.756464  0.000000  1.0
   -0.216328    0.676464  0.000000  1.0
   -0.216328    0.678464  0.000000  1.0
   -0.216328    0.680464  0.000000  1.0
   -0.216328    0.682464  0.000000  1.0
   -0.216328    0.684464  0.000000  1.0
   -0.216328    0.686464  0.000000  1.0
   -0.216328    0.688464  0.000000  1.0
   -0.216328    0.690464  0.000000  1.0
   -0.216328    0.692464  0.000000  1.0
   -0.216328    0.694464  0.000000  1.0
   -0.216328    0.696464  0.000000  1.0
   -0.216328    0.698464  0.000000  1.0
   -0.216328    0.700464  0.000000  1.0
   -0.216328    0.702464  0.000000  1.0
   -0.216328    0.704464  0.000000  1.0
   -0.216328    0.706464  0.000000  1.0
   -0.216328    0.708464  0.000000  1.0
   -0.216328    0.710464  0.000000  1.0
   -0.216328    0.712464  0.000000  1.0
   -0.216328    0.714464  0.000000  1.0
   -0.216328    0.716464  0.000000  1.0
   -0.216328    0.718464  0.000000  1.0
   -0.216328    0.720464  0.000000  1.0
   -0.216328    0.722464  0.000000  1.0
   -0.216328    0.724464  0.000000  1.0
   -0.216328    0.726464  0.000000  1.0
   -0.216328    0.728464  0.000000  1.0
   -0.216328    0.730464  0.000000  1.0
   -0.216328    0.732464  0.000000  1.0
   -0.216328    0.734464  0.000000  1.0
   -0.216328    0.736464  0.000000  1.0
   -0.216328    0.738464  0.000000  1.0
   -0.216328    0.740464  0.000000  1.0
   -0.216328    0.742464  0.000000  1.0
   -0.216328    0.744464  0.000000  1.0
   -0.216328    0.746464  0.000000  1.0
   -0.216328    0.748464  0.000000  1.0
   -0.216328    0.750464  0.000000  1.0
   -0.216328    0.752464  0.000000  1.0
   -0.216328    0.754464  0.000000  1.0
   -0.216328    0.756464  0.000000  1.0
   -0.214328    0.676464  0.000000  1.0
   -0.214328    0.678464  0.000000  1.0
   -0.214328    0.680464  0.000000  1.0
   -0.214328    0.682464  0.000000  1.0
   -0.214328    0.684464  0.000000  1.0
   -0.214328    0.686464  0.000000  1.0
   -0.214328    0.688464  0.000000  1.0
   -0.214328    0.690464  0.000000  1.0
   -0.214328    0.692464  0.000000  1.0
   -0.214328    0.694464  0.000000  1.0
   -0.214328    0.696464  0.000000  1.0
   -0.214328    0.698464  0.000000  1.0
   -0.214328    0.700464  0.000000  1.0
   -0.214328    0.702464  0.000000  1.0
   -0.214328    0.704464  0.000000  1.0
   -0.214328    0.706464  0.000000  1.0
   -0.214328    0.708464  0.000000  1.0
   -0.214328    0.710464  0.000000  1.0
   -0.214328    0.712464  0.000000  1.0
   -0.214328    0.714464  0.000000  1.0
   -0.214328    0.716464  0.000000  1.0
   -0.214328    0.718464  0.000000  1.0
   -0.214328    0.720464  0.000000  1.0
   -0.214328    0.722464  0.000000  1.0
   -0.214328    0.724464  0.000000  1.0
   -0.214328    0.726464  0.000000  1.0
   -0.214328    0.728464  0.000000  1.0
   -0.214328    0.730464  0.000000  1.0
   -0.214328    0.732464  0.000000  1.0
   -0.214328    0.734464  0.000000  1.0
   -0.214328    0.736464  0.000000  1.0
   -0.214328    0.738464  0.000000  1.0
   -0.214328    0.740464  0.000000  1.0
   -0.214328    0.742464  0.000000  1.0
   -0.214328    0.744464  0.000000  1.0
   -0.214328    0.746464  0.000000  1.0
   -0.214328    0.748464  0.000000  1.0
   -0.214328    0.750464  0.000000  1.0
   -0.214328    0.752464  0.000000  1.0
   -0.214328    0.754464  0.000000  1.0
   -0.214328    0.756464  0.000000  1.0
   -0.212328    0.676464  0.000000  1.0
   -0.212328    0.678464  0.000000  1.0
   -0.212328    0.680464  0.000000  1.0
   -0.212328    0.682464  0.000000  1.0
   -0.212328    0.684464  0.000000  1.0
   -0.212328    0.686464  0.000000  1.0
   -0.212328    0.688464  0.000000  1.0
   -0.212328    0.690464  0.000000  1.0
   -0.212328    0.692464  0.000000  1.0
   -0.212328    0.694464  0.000000  1.0
   -0.212328    0.696464  0.000000  1.0
   -0.212328    0.698464  0.000000  1.0
   -0.212328    0.700464  0.000000  1.0
   -0.212328    0.702464  0.000000  1.0
   -0.212328    0.704464  0.000000  1.0
   -0.212328    0.706464  0.000000  1.0
   -0.212328    0.708464  0.000000  1.0
   -0.212328    0.710464  0.000000  1.0
   -0.212328    0.712464  0.000000  1.0
   -0.212328    0.714464  0.000000  1.0
   -0.212328    0.716464  0.000000  1.0
   -0.212328    0.718464  0.000000  1.0
   -0.212328    0.720464  0.000000  1.0
   -0.212328    0.722464  0.000000  1.0
   -0.212328    0.724464  0.000000  1.0
   -0.212328    0.726464  0.000000  1.0
   -0.212328    0.728464  0.000000  1.0
   -0.212328    0.730464  0.000000  1.0
   -0.212328    0.732464  0.000000  1.0
   -0.212328    0.734464  0.000000  1.0
   -0.212328    0.736464  0.000000  1.0
   -0.212328    0.738464  0.000000  1.0
   -0.212328    0.740464  0.000000  1.0
   -0.212328    0.742464  0.000000  1.0
   -0.212328    0.744464  0.000000  1.0
   -0.212328    0.746464  0.000000  1.0
   -0.212328    0.748464  0.000000  1.0
   -0.212328    0.750464  0.000000  1.0
   -0.212328    0.752464  0.000000  1.0
   -0.212328    0.754464  0.000000  1.0
   -0.212328    0.756464  0.000000  1.0
   -0.210328    0.676464  0.000000  1.0
   -0.210328    0.678464  0.000000  1.0
   -0.210328    0.680464  0.000000  1.0
   -0.210328    0.682464  0.000000  1.0
   -0.210328    0.684464  0.000000  1.0
   -0.210328    0.686464  0.000000  1.0
   -0.210328    0.688464  0.000000  1.0
   -0.210328    0.690464  0.000000  1.0
   -0.210328    0.692464  0.000000  1.0
   -0.210328    0.694464  0.000000  1.0
   -0.210328    0.696464  0.000000  1.0
   -0.210328    0.698464  0.000000  1.0
   -0.210328    0.700464  0.000000  1.0
   -0.210328    0.702464  0.000000  1.0
   -0.210328    0.704464  0.000000  1.0
   -0.210328    0.706464  0.000000  1.0
   -0.210328    0.708464  0.000000  1.0
   -0.210328    0.710464  0.000000  1.0
   -0.210328    0.712464  0.000000  1.0
   -0.210328    0.714464  0.000000  1.0
   -0.210328    0.716464  0.000000  1.0
   -0.210328    0.718464  0.000000  1.0
   -0.210328    0.720464  0.000000  1.0
   -0.210328    0.722464  0.000000  1.0
   -0.210328    0.724464  0.000000  1.0
   -0.210328    0.726464  0.000000  1.0
   -0.210328    0.728464  0.000000  1.0
   -0.210328    0.730464  0.000000  1.0
   -0.210328    0.732464  0.000000  1.0
   -0.210328    0.734464  0.000000  1.0
   -0.210328    0.736464  0.000000  1.0
   -0.210328    0.738464  0.000000  1.0
   -0.210328    0.740464  0.000000  1.0
   -0.210328    0.742464  0.000000  1.0
   -0.210328    0.744464  0.000000  1.0
   -0.210328    0.746464  0.000000  1.0
   -0.210328    0.748464  0.000000  1.0
   -0.210328    0.750464  0.000000  1.0
   -0.210328    0.752464  0.000000  1.0
   -0.210328    0.754464  0.000000  1.0
   -0.210328    0.756464  0.000000  1.0
   -0.208328    0.676464  0.000000  1.0
   -0.208328    0.678464  0.000000  1.0
   -0.208328    0.680464  0.000000  1.0
   -0.208328    0.682464  0.000000  1.0
   -0.208328    0.684464  0.000000  1.0
   -0.208328    0.686464  0.000000  1.0
   -0.208328    0.688464  0.000000  1.0
   -0.208328    0.690464  0.000000  1.0
   -0.208328    0.692464  0.000000  1.0
   -0.208328    0.694464  0.000000  1.0
   -0.208328    0.696464  0.000000  1.0
   -0.208328    0.698464  0.000000  1.0
   -0.208328    0.700464  0.000000  1.0
   -0.208328    0.702464  0.000000  1.0
   -0.208328    0.704464  0.000000  1.0
   -0.208328    0.706464  0.000000  1.0
   -0.208328    0.708464  0.000000  1.0
   -0.208328    0.710464  0.000000  1.0
   -0.208328    0.712464  0.000000  1.0
   -0.208328    0.714464  0.000000  1.0
   -0.208328    0.716464  0.000000  1.0
   -0.208328    0.718464  0.000000  1.0
   -0.208328    0.720464  0.000000  1.0
   -0.208328    0.722464  0.000000  1.0
   -0.208328    0.724464  0.000000  1.0
   -0.208328    0.726464  0.000000  1.0
   -0.208328    0.728464  0.000000  1.0
   -0.208328    0.730464  0.000000  1.0
   -0.208328    0.732464  0.000000  1.0
   -0.208328    0.734464  0.000000  1.0
   -0.208328    0.736464  0.000000  1.0
   -0.208328    0.738464  0.000000  1.0
   -0.208328    0.740464  0.000000  1.0
   -0.208328    0.742464  0.000000  1.0
   -0.208328    0.744464  0.000000  1.0
   -0.208328    0.746464  0.000000  1.0
   -0.208328    0.748464  0.000000  1.0
   -0.208328    0.750464  0.000000  1.0
   -0.208328    0.752464  0.000000  1.0
   -0.208328    0.754464  0.000000  1.0
   -0.208328    0.756464  0.000000  1.0
   -0.206328    0.676464  0.000000  1.0
   -0.206328    0.678464  0.000000  1.0
   -0.206328    0.680464  0.000000  1.0
   -0.206328    0.682464  0.000000  1.0
   -0.206328    0.684464  0.000000  1.0
   -0.206328    0.686464  0.000000  1.0
   -0.206328    0.688464  0.000000  1.0
   -0.206328    0.690464  0.000000  1.0
   -0.206328    0.692464  0.000000  1.0
   -0.206328    0.694464  0.000000  1.0
   -0.206328    0.696464  0.000000  1.0
   -0.206328    0.698464  0.000000  1.0
   -0.206328    0.700464  0.000000  1.0
   -0.206328    0.702464  0.000000  1.0
   -0.206328    0.704464  0.000000  1.0
   -0.206328    0.706464  0.000000  1.0
   -0.206328    0.708464  0.000000  1.0
   -0.206328    0.710464  0.000000  1.0
   -0.206328    0.712464  0.000000  1.0
   -0.206328    0.714464  0.000000  1.0
   -0.206328    0.716464  0.000000  1.0
   -0.206328    0.718464  0.000000  1.0
   -0.206328    0.720464  0.000000  1.0
   -0.206328    0.722464  0.000000  1.0
   -0.206328    0.724464  0.000000  1.0
   -0.206328    0.726464  0.000000  1.0
   -0.206328    0.728464  0.000000  1.0
   -0.206328    0.730464  0.000000  1.0
   -0.206328    0.732464  0.000000  1.0
   -0.206328    0.734464  0.000000  1.0
   -0.206328    0.736464  0.000000  1.0
   -0.206328    0.738464  0.000000  1.0
   -0.206328    0.740464  0.000000  1.0
   -0.206328    0.742464  0.000000  1.0
   -0.206328    0.744464  0.000000  1.0
   -0.206328    0.746464  0.000000  1.0
   -0.206328    0.748464  0.000000  1.0
   -0.206328    0.750464  0.000000  1.0
   -0.206328    0.752464  0.000000  1.0
   -0.206328    0.754464  0.000000  1.0
   -0.206328    0.756464  0.000000  1.0
   -0.204328    0.676464  0.000000  1.0
   -0.204328    0.678464  0.000000  1.0
   -0.204328    0.680464  0.000000  1.0
   -0.204328    0.682464  0.000000  1.0
   -0.204328    0.684464  0.000000  1.0
   -0.204328    0.686464  0.000000  1.0
   -0.204328    0.688464  0.000000  1.0
   -0.204328    0.690464  0.000000  1.0
   -0.204328    0.692464  0.000000  1.0
   -0.204328    0.694464  0.000000  1.0
   -0.204328    0.696464  0.000000  1.0
   -0.204328    0.698464  0.000000  1.0
   -0.204328    0.700464  0.000000  1.0
   -0.204328    0.702464  0.000000  1.0
   -0.204328    0.704464  0.000000  1.0
   -0.204328    0.706464  0.000000  1.0
   -0.204328    0.708464  0.000000  1.0
   -0.204328    0.710464  0.000000  1.0
   -0.204328    0.712464  0.000000  1.0
   -0.204328    0.714464  0.000000  1.0
   -0.204328    0.716464  0.000000  1.0
   -0.204328    0.718464  0.000000  1.0
   -0.204328    0.720464  0.000000  1.0
   -0.204328    0.722464  0.000000  1.0
   -0.204328    0.724464  0.000000  1.0
   -0.204328    0.726464  0.000000  1.0
   -0.204328    0.728464  0.000000  1.0
   -0.204328    0.730464  0.000000  1.0
   -0.204328    0.732464  0.000000  1.0
   -0.204328    0.734464  0.000000  1.0
   -0.204328    0.736464  0.000000  1.0
   -0.204328    0.738464  0.000000  1.0
   -0.204328    0.740464  0.000000  1.0
   -0.204328    0.742464  0.000000  1.0
   -0.204328    0.744464  0.000000  1.0
   -0.204328    0.746464  0.000000  1.0
   -0.204328    0.748464  0.000000  1.0
   -0.204328    0.750464  0.000000  1.0
   -0.204328    0.752464  0.000000  1.0
   -0.204328    0.754464  0.000000  1.0
   -0.204328    0.756464  0.000000  1.0
   -0.202328    0.676464  0.000000  1.0
   -0.202328    0.678464  0.000000  1.0
   -0.202328    0.680464  0.000000  1.0
   -0.202328    0.682464  0.000000  1.0
   -0.202328    0.684464  0.000000  1.0
   -0.202328    0.686464  0.000000  1.0
   -0.202328    0.688464  0.000000  1.0
   -0.202328    0.690464  0.000000  1.0
   -0.202328    0.692464  0.000000  1.0
   -0.202328    0.694464  0.000000  1.0
   -0.202328    0.696464  0.000000  1.0
   -0.202328    0.698464  0.000000  1.0
   -0.202328    0.700464  0.000000  1.0
   -0.202328    0.702464  0.000000  1.0
   -0.202328    0.704464  0.000000  1.0
   -0.202328    0.706464  0.000000  1.0
   -0.202328    0.708464  0.000000  1.0
   -0.202328    0.710464  0.000000  1.0
   -0.202328    0.712464  0.000000  1.0
   -0.202328    0.714464  0.000000  1.0
   -0.202328    0.716464  0.000000  1.0
   -0.202328    0.718464  0.000000  1.0
   -0.202328    0.720464  0.000000  1.0
   -0.202328    0.722464  0.000000  1.0
   -0.202328    0.724464  0.000000  1.0
   -0.202328    0.726464  0.000000  1.0
   -0.202328    0.728464  0.000000  1.0
   -0.202328    0.730464  0.000000  1.0
   -0.202328    0.732464  0.000000  1.0
   -0.202328    0.734464  0.000000  1.0
   -0.202328    0.736464  0.000000  1.0
   -0.202328    0.738464  0.000000  1.0
   -0.202328    0.740464  0.000000  1.0
   -0.202328    0.742464  0.000000  1.0
   -0.202328    0.744464  0.000000  1.0
   -0.202328    0.746464  0.000000  1.0
   -0.202328    0.748464  0.000000  1.0
   -0.202328    0.750464  0.000000  1.0
   -0.202328    0.752464  0.000000  1.0
   -0.202328    0.754464  0.000000  1.0
   -0.202328    0.756464  0.000000  1.0
   -0.200328    0.676464  0.000000  1.0
   -0.200328    0.678464  0.000000  1.0
   -0.200328    0.680464  0.000000  1.0
   -0.200328    0.682464  0.000000  1.0
   -0.200328    0.684464  0.000000  1.0
   -0.200328    0.686464  0.000000  1.0
   -0.200328    0.688464  0.000000  1.0
   -0.200328    0.690464  0.000000  1.0
   -0.200328    0.692464  0.000000  1.0
   -0.200328    0.694464  0.000000  1.0
   -0.200328    0.696464  0.000000  1.0
   -0.200328    0.698464  0.000000  1.0
   -0.200328    0.700464  0.000000  1.0
   -0.200328    0.702464  0.000000  1.0
   -0.200328    0.704464  0.000000  1.0
   -0.200328    0.706464  0.000000  1.0
   -0.200328    0.708464  0.000000  1.0
   -0.200328    0.710464  0.000000  1.0
   -0.200328    0.712464  0.000000  1.0
   -0.200328    0.714464  0.000000  1.0
   -0.200328    0.716464  0.000000  1.0
   -0.200328    0.718464  0.000000  1.0
   -0.200328    0.720464  0.000000  1.0
   -0.200328    0.722464  0.000000  1.0
   -0.200328    0.724464  0.000000  1.0
   -0.200328    0.726464  0.000000  1.0
   -0.200328    0.728464  0.000000  1.0
   -0.200328    0.730464  0.000000  1.0
   -0.200328    0.732464  0.000000  1.0
   -0.200328    0.734464  0.000000  1.0
   -0.200328    0.736464  0.000000  1.0
   -0.200328    0.738464  0.000000  1.0
   -0.200328    0.740464  0.000000  1.0
   -0.200328    0.742464  0.000000  1.0
   -0.200328    0.744464  0.000000  1.0
   -0.200328    0.746464  0.000000  1.0
   -0.200328    0.748464  0.000000  1.0
   -0.200328    0.750464  0.000000  1.0
   -0.200328    0.752464  0.000000  1.0
   -0.200328    0.754464  0.000000  1.0
   -0.200328    0.756464  0.000000  1.0
   -0.198328    0.676464  0.000000  1.0
   -0.198328    0.678464  0.000000  1.0
   -0.198328    0.680464  0.000000  1.0
   -0.198328    0.682464  0.000000  1.0
   -0.198328    0.684464  0.000000  1.0
   -0.198328    0.686464  0.000000  1.0
   -0.198328    0.688464  0.000000  1.0
   -0.198328    0.690464  0.000000  1.0
   -0.198328    0.692464  0.000000  1.0
   -0.198328    0.694464  0.000000  1.0
   -0.198328    0.696464  0.000000  1.0
   -0.198328    0.698464  0.000000  1.0
   -0.198328    0.700464  0.000000  1.0
   -0.198328    0.702464  0.000000  1.0
   -0.198328    0.704464  0.000000  1.0
   -0.198328    0.706464  0.000000  1.0
   -0.198328    0.708464  0.000000  1.0
   -0.198328    0.710464  0.000000  1.0
   -0.198328    0.712464  0.000000  1.0
   -0.198328    0.714464  0.000000  1.0
   -0.198328    0.716464  0.000000  1.0
   -0.198328    0.718464  0.000000  1.0
   -0.198328    0.720464  0.000000  1.0
   -0.198328    0.722464  0.000000  1.0
   -0.198328    0.724464  0.000000  1.0
   -0.198328    0.726464  0.000000  1.0
   -0.198328    0.728464  0.000000  1.0
   -0.198328    0.730464  0.000000  1.0
   -0.198328    0.732464  0.000000  1.0
   -0.198328    0.734464  0.000000  1.0
   -0.198328    0.736464  0.000000  1.0
   -0.198328    0.738464  0.000000  1.0
   -0.198328    0.740464  0.000000  1.0
   -0.198328    0.742464  0.000000  1.0
   -0.198328    0.744464  0.000000  1.0
   -0.198328    0.746464  0.000000  1.0
   -0.198328    0.748464  0.000000  1.0
   -0.198328    0.750464  0.000000  1.0
   -0.198328    0.752464  0.000000  1.0
   -0.198328    0.754464  0.000000  1.0
   -0.198328    0.756464  0.000000  1.0
   -0.196328    0.676464  0.000000  1.0
   -0.196328    0.678464  0.000000  1.0
   -0.196328    0.680464  0.000000  1.0
   -0.196328    0.682464  0.000000  1.0
   -0.196328    0.684464  0.000000  1.0
   -0.196328    0.686464  0.000000  1.0
   -0.196328    0.688464  0.000000  1.0
   -0.196328    0.690464  0.000000  1.0
   -0.196328    0.692464  0.000000  1.0
   -0.196328    0.694464  0.000000  1.0
   -0.196328    0.696464  0.000000  1.0
   -0.196328    0.698464  0.000000  1.0
   -0.196328    0.700464  0.000000  1.0
   -0.196328    0.702464  0.000000  1.0
   -0.196328    0.704464  0.000000  1.0
   -0.196328    0.706464  0.000000  1.0
   -0.196328    0.708464  0.000000  1.0
   -0.196328    0.710464  0.000000  1.0
   -0.196328    0.712464  0.000000  1.0
   -0.196328    0.714464  0.000000  1.0
   -0.196328    0.716464  0.000000  1.0
   -0.196328    0.718464  0.000000  1.0
   -0.196328    0.720464  0.000000  1.0
   -0.196328    0.722464  0.000000  1.0
   -0.196328    0.724464  0.000000  1.0
   -0.196328    0.726464  0.000000  1.0
   -0.196328    0.728464  0.000000  1.0
   -0.196328    0.730464  0.000000  1.0
   -0.196328    0.732464  0.000000  1.0
   -0.196328    0.734464  0.000000  1.0
   -0.196328    0.736464  0.000000  1.0
   -0.196328    0.738464  0.000000  1.0
   -0.196328    0.740464  0.000000  1.0
   -0.196328    0.742464  0.000000  1.0
   -0.196328    0.744464  0.000000  1.0
   -0.196328    0.746464  0.000000  1.0
   -0.196328    0.748464  0.000000  1.0
   -0.196328    0.750464  0.000000  1.0
   -0.196328    0.752464  0.000000  1.0
   -0.196328    0.754464  0.000000  1.0
   -0.196328    0.756464  0.000000  1.0
   -0.194328    0.676464  0.000000  1.0
   -0.194328    0.678464  0.000000  1.0
   -0.194328    0.680464  0.000000  1.0
   -0.194328    0.682464  0.000000  1.0
   -0.194328    0.684464  0.000000  1.0
   -0.194328    0.686464  0.000000  1.0
   -0.194328    0.688464  0.000000  1.0
   -0.194328    0.690464  0.000000  1.0
   -0.194328    0.692464  0.000000  1.0
   -0.194328    0.694464  0.000000  1.0
   -0.194328    0.696464  0.000000  1.0
   -0.194328    0.698464  0.000000  1.0
   -0.194328    0.700464  0.000000  1.0
   -0.194328    0.702464  0.000000  1.0
   -0.194328    0.704464  0.000000  1.0
   -0.194328    0.706464  0.000000  1.0
   -0.194328    0.708464  0.000000  1.0
   -0.194328    0.710464  0.000000  1.0
   -0.194328    0.712464  0.000000  1.0
   -0.194328    0.714464  0.000000  1.0
   -0.194328    0.716464  0.000000  1.0
   -0.194328    0.718464  0.000000  1.0
   -0.194328    0.720464  0.000000  1.0
   -0.194328    0.722464  0.000000  1.0
   -0.194328    0.724464  0.000000  1.0
   -0.194328    0.726464  0.000000  1.0
   -0.194328    0.728464  0.000000  1.0
   -0.194328    0.730464  0.000000  1.0
   -0.194328    0.732464  0.000000  1.0
   -0.194328    0.734464  0.000000  1.0
   -0.194328    0.736464  0.000000  1.0
   -0.194328    0.738464  0.000000  1.0
   -0.194328    0.740464  0.000000  1.0
   -0.194328    0.742464  0.000000  1.0
   -0.194328    0.744464  0.000000  1.0
   -0.194328    0.746464  0.000000  1.0
   -0.194328    0.748464  0.000000  1.0
   -0.194328    0.750464  0.000000  1.0
   -0.194328    0.752464  0.000000  1.0
   -0.194328    0.754464  0.000000  1.0
   -0.194328    0.756464  0.000000  1.0
   -0.192328    0.676464  0.000000  1.0
   -0.192328    0.678464  0.000000  1.0
   -0.192328    0.680464  0.000000  1.0
   -0.192328    0.682464  0.000000  1.0
   -0.192328    0.684464  0.000000  1.0
   -0.192328    0.686464  0.000000  1.0
   -0.192328    0.688464  0.000000  1.0
   -0.192328    0.690464  0.000000  1.0
   -0.192328    0.692464  0.000000  1.0
   -0.192328    0.694464  0.000000  1.0
   -0.192328    0.696464  0.000000  1.0
   -0.192328    0.698464  0.000000  1.0
   -0.192328    0.700464  0.000000  1.0
   -0.192328    0.702464  0.000000  1.0
   -0.192328    0.704464  0.000000  1.0
   -0.192328    0.706464  0.000000  1.0
   -0.192328    0.708464  0.000000  1.0
   -0.192328    0.710464  0.000000  1.0
   -0.192328    0.712464  0.000000  1.0
   -0.192328    0.714464  0.000000  1.0
   -0.192328    0.716464  0.000000  1.0
   -0.192328    0.718464  0.000000  1.0
   -0.192328    0.720464  0.000000  1.0
   -0.192328    0.722464  0.000000  1.0
   -0.192328    0.724464  0.000000  1.0
   -0.192328    0.726464  0.000000  1.0
   -0.192328    0.728464  0.000000  1.0
   -0.192328    0.730464  0.000000  1.0
   -0.192328    0.732464  0.000000  1.0
   -0.192328    0.734464  0.000000  1.0
   -0.192328    0.736464  0.000000  1.0
   -0.192328    0.738464  0.000000  1.0
   -0.192328    0.740464  0.000000  1.0
   -0.192328    0.742464  0.000000  1.0
   -0.192328    0.744464  0.000000  1.0
   -0.192328    0.746464  0.000000  1.0
   -0.192328    0.748464  0.000000  1.0
   -0.192328    0.750464  0.000000  1.0
   -0.192328    0.752464  0.000000  1.0
   -0.192328    0.754464  0.000000  1.0
   -0.192328    0.756464  0.000000  1.0
   -0.190328    0.676464  0.000000  1.0
   -0.190328    0.678464  0.000000  1.0
   -0.190328    0.680464  0.000000  1.0
   -0.190328    0.682464  0.000000  1.0
   -0.190328    0.684464  0.000000  1.0
   -0.190328    0.686464  0.000000  1.0
   -0.190328    0.688464  0.000000  1.0
   -0.190328    0.690464  0.000000  1.0
   -0.190328    0.692464  0.000000  1.0
   -0.190328    0.694464  0.000000  1.0
   -0.190328    0.696464  0.000000  1.0
   -0.190328    0.698464  0.000000  1.0
   -0.190328    0.700464  0.000000  1.0
   -0.190328    0.702464  0.000000  1.0
   -0.190328    0.704464  0.000000  1.0
   -0.190328    0.706464  0.000000  1.0
   -0.190328    0.708464  0.000000  1.0
   -0.190328    0.710464  0.000000  1.0
   -0.190328    0.712464  0.000000  1.0
   -0.190328    0.714464  0.000000  1.0
   -0.190328    0.716464  0.000000  1.0
   -0.190328    0.718464  0.000000  1.0
   -0.190328    0.720464  0.000000  1.0
   -0.190328    0.722464  0.000000  1.0
   -0.190328    0.724464  0.000000  1.0
   -0.190328    0.726464  0.000000  1.0
   -0.190328    0.728464  0.000000  1.0
   -0.190328    0.730464  0.000000  1.0
   -0.190328    0.732464  0.000000  1.0
   -0.190328    0.734464  0.000000  1.0
   -0.190328    0.736464  0.000000  1.0
   -0.190328    0.738464  0.000000  1.0
   -0.190328    0.740464  0.000000  1.0
   -0.190328    0.742464  0.000000  1.0
   -0.190328    0.744464  0.000000  1.0
   -0.190328    0.746464  0.000000  1.0
   -0.190328    0.748464  0.000000  1.0
   -0.190328    0.750464  0.000000  1.0
   -0.190328    0.752464  0.000000  1.0
   -0.190328    0.754464  0.000000  1.0
   -0.190328    0.756464  0.000000  1.0
   -0.188328    0.676464  0.000000  1.0
   -0.188328    0.678464  0.000000  1.0
   -0.188328    0.680464  0.000000  1.0
   -0.188328    0.682464  0.000000  1.0
   -0.188328    0.684464  0.000000  1.0
   -0.188328    0.686464  0.000000  1.0
   -0.188328    0.688464  0.000000  1.0
   -0.188328    0.690464  0.000000  1.0
   -0.188328    0.692464  0.000000  1.0
   -0.188328    0.694464  0.000000  1.0
   -0.188328    0.696464  0.000000  1.0
   -0.188328    0.698464  0.000000  1.0
   -0.188328    0.700464  0.000000  1.0
   -0.188328    0.702464  0.000000  1.0
   -0.188328    0.704464  0.000000  1.0
   -0.188328    0.706464  0.000000  1.0
   -0.188328    0.708464  0.000000  1.0
   -0.188328    0.710464  0.000000  1.0
   -0.188328    0.712464  0.000000  1.0
   -0.188328    0.714464  0.000000  1.0
   -0.188328    0.716464  0.000000  1.0
   -0.188328    0.718464  0.000000  1.0
   -0.188328    0.720464  0.000000  1.0
   -0.188328    0.722464  0.000000  1.0
   -0.188328    0.724464  0.000000  1.0
   -0.188328    0.726464  0.000000  1.0
   -0.188328    0.728464  0.000000  1.0
   -0.188328    0.730464  0.000000  1.0
   -0.188328    0.732464  0.000000  1.0
   -0.188328    0.734464  0.000000  1.0
   -0.188328    0.736464  0.000000  1.0
   -0.188328    0.738464  0.000000  1.0
   -0.188328    0.740464  0.000000  1.0
   -0.188328    0.742464  0.000000  1.0
   -0.188328    0.744464  0.000000  1.0
   -0.188328    0.746464  0.000000  1.0
   -0.188328    0.748464  0.000000  1.0
   -0.188328    0.750464  0.000000  1.0
   -0.188328    0.752464  0.000000  1.0
   -0.188328    0.754464  0.000000  1.0
   -0.188328    0.756464  0.000000  1.0
   -0.186328    0.676464  0.000000  1.0
   -0.186328    0.678464  0.000000  1.0
   -0.186328    0.680464  0.000000  1.0
   -0.186328    0.682464  0.000000  1.0
   -0.186328    0.684464  0.000000  1.0
   -0.186328    0.686464  0.000000  1.0
   -0.186328    0.688464  0.000000  1.0
   -0.186328    0.690464  0.000000  1.0
   -0.186328    0.692464  0.000000  1.0
   -0.186328    0.694464  0.000000  1.0
   -0.186328    0.696464  0.000000  1.0
   -0.186328    0.698464  0.000000  1.0
   -0.186328    0.700464  0.000000  1.0
   -0.186328    0.702464  0.000000  1.0
   -0.186328    0.704464  0.000000  1.0
   -0.186328    0.706464  0.000000  1.0
   -0.186328    0.708464  0.000000  1.0
   -0.186328    0.710464  0.000000  1.0
   -0.186328    0.712464  0.000000  1.0
   -0.186328    0.714464  0.000000  1.0
   -0.186328    0.716464  0.000000  1.0
   -0.186328    0.718464  0.000000  1.0
   -0.186328    0.720464  0.000000  1.0
   -0.186328    0.722464  0.000000  1.0
   -0.186328    0.724464  0.000000  1.0
   -0.186328    0.726464  0.000000  1.0
   -0.186328    0.728464  0.000000  1.0
   -0.186328    0.730464  0.000000  1.0
   -0.186328    0.732464  0.000000  1.0
   -0.186328    0.734464  0.000000  1.0
   -0.186328    0.736464  0.000000  1.0
   -0.186328    0.738464  0.000000  1.0
   -0.186328    0.740464  0.000000  1.0
   -0.186328    0.742464  0.000000  1.0
   -0.186328    0.744464  0.000000  1.0
   -0.186328    0.746464  0.000000  1.0
   -0.186328    0.748464  0.000000  1.0
   -0.186328    0.750464  0.000000  1.0
   -0.186328    0.752464  0.000000  1.0
   -0.186328    0.754464  0.000000  1.0
   -0.186328    0.756464  0.000000  1.0
   -0.184328    0.676464  0.000000  1.0
   -0.184328    0.678464  0.000000  1.0
   -0.184328    0.680464  0.000000  1.0
   -0.184328    0.682464  0.000000  1.0
   -0.184328    0.684464  0.000000  1.0
   -0.184328    0.686464  0.000000  1.0
   -0.184328    0.688464  0.000000  1.0
   -0.184328    0.690464  0.000000  1.0
   -0.184328    0.692464  0.000000  1.0
   -0.184328    0.694464  0.000000  1.0
   -0.184328    0.696464  0.000000  1.0
   -0.184328    0.698464  0.000000  1.0
   -0.184328    0.700464  0.000000  1.0
   -0.184328    0.702464  0.000000  1.0
   -0.184328    0.704464  0.000000  1.0
   -0.184328    0.706464  0.000000  1.0
   -0.184328    0.708464  0.000000  1.0
   -0.184328    0.710464  0.000000  1.0
   -0.184328    0.712464  0.000000  1.0
   -0.184328    0.714464  0.000000  1.0
   -0.184328    0.716464  0.000000  1.0
   -0.184328    0.718464  0.000000  1.0
   -0.184328    0.720464  0.000000  1.0
   -0.184328    0.722464  0.000000  1.0
   -0.184328    0.724464  0.000000  1.0
   -0.184328    0.726464  0.000000  1.0
   -0.184328    0.728464  0.000000  1.0
   -0.184328    0.730464  0.000000  1.0
   -0.184328    0.732464  0.000000  1.0
   -0.184328    0.734464  0.000000  1.0
   -0.184328    0.736464  0.000000  1.0
   -0.184328    0.738464  0.000000  1.0
   -0.184328    0.740464  0.000000  1.0
   -0.184328    0.742464  0.000000  1.0
   -0.184328    0.744464  0.000000  1.0
   -0.184328    0.746464  0.000000  1.0
   -0.184328    0.748464  0.000000  1.0
   -0.184328    0.750464  0.000000  1.0
   -0.184328    0.752464  0.000000  1.0
   -0.184328    0.754464  0.000000  1.0
   -0.184328    0.756464  0.000000  1.0
   -0.182328    0.676464  0.000000  1.0
   -0.182328    0.678464  0.000000  1.0
   -0.182328    0.680464  0.000000  1.0
   -0.182328    0.682464  0.000000  1.0
   -0.182328    0.684464  0.000000  1.0
   -0.182328    0.686464  0.000000  1.0
   -0.182328    0.688464  0.000000  1.0
   -0.182328    0.690464  0.000000  1.0
   -0.182328    0.692464  0.000000  1.0
   -0.182328    0.694464  0.000000  1.0
   -0.182328    0.696464  0.000000  1.0
   -0.182328    0.698464  0.000000  1.0
   -0.182328    0.700464  0.000000  1.0
   -0.182328    0.702464  0.000000  1.0
   -0.182328    0.704464  0.000000  1.0
   -0.182328    0.706464  0.000000  1.0
   -0.182328    0.708464  0.000000  1.0
   -0.182328    0.710464  0.000000  1.0
   -0.182328    0.712464  0.000000  1.0
   -0.182328    0.714464  0.000000  1.0
   -0.182328    0.716464  0.000000  1.0
   -0.182328    0.718464  0.000000  1.0
   -0.182328    0.720464  0.000000  1.0
   -0.182328    0.722464  0.000000  1.0
   -0.182328    0.724464  0.000000  1.0
   -0.182328    0.726464  0.000000  1.0
   -0.182328    0.728464  0.000000  1.0
   -0.182328    0.730464  0.000000  1.0
   -0.182328    0.732464  0.000000  1.0
   -0.182328    0.734464  0.000000  1.0
   -0.182328    0.736464  0.000000  1.0
   -0.182328    0.738464  0.000000  1.0
   -0.182328    0.740464  0.000000  1.0
   -0.182328    0.742464  0.000000  1.0
   -0.182328    0.744464  0.000000  1.0
   -0.182328    0.746464  0.000000  1.0
   -0.182328    0.748464  0.000000  1.0
   -0.182328    0.750464  0.000000  1.0
   -0.182328    0.752464  0.000000  1.0
   -0.182328    0.754464  0.000000  1.0
   -0.182328    0.756464  0.000000  1.0
   -0.180328    0.676464  0.000000  1.0
   -0.180328    0.678464  0.000000  1.0
   -0.180328    0.680464  0.000000  1.0
   -0.180328    0.682464  0.000000  1.0
   -0.180328    0.684464  0.000000  1.0
   -0.180328    0.686464  0.000000  1.0
   -0.180328    0.688464  0.000000  1.0
   -0.180328    0.690464  0.000000  1.0
   -0.180328    0.692464  0.000000  1.0
   -0.180328    0.694464  0.000000  1.0
   -0.180328    0.696464  0.000000  1.0
   -0.180328    0.698464  0.000000  1.0
   -0.180328    0.700464  0.000000  1.0
   -0.180328    0.702464  0.000000  1.0
   -0.180328    0.704464  0.000000  1.0
   -0.180328    0.706464  0.000000  1.0
   -0.180328    0.708464  0.000000  1.0
   -0.180328    0.710464  0.000000  1.0
   -0.180328    0.712464  0.000000  1.0
   -0.180328    0.714464  0.000000  1.0
   -0.180328    0.716464  0.000000  1.0
   -0.180328    0.718464  0.000000  1.0
   -0.180328    0.720464  0.000000  1.0
   -0.180328    0.722464  0.000000  1.0
   -0.180328    0.724464  0.000000  1.0
   -0.180328    0.726464  0.000000  1.0
   -0.180328    0.728464  0.000000  1.0
   -0.180328    0.730464  0.000000  1.0
   -0.180328    0.732464  0.000000  1.0
   -0.180328    0.734464  0.000000  1.0
   -0.180328    0.736464  0.000000  1.0
   -0.180328    0.738464  0.000000  1.0
   -0.180328    0.740464  0.000000  1.0
   -0.180328    0.742464  0.000000  1.0
   -0.180328    0.744464  0.000000  1.0
   -0.180328    0.746464  0.000000  1.0
   -0.180328    0.748464  0.000000  1.0
   -0.180328    0.750464  0.000000  1.0
   -0.180328    0.752464  0.000000  1.0
   -0.180328    0.754464  0.000000  1.0
   -0.180328    0.756464  0.000000  1.0
   -0.178328    0.676464  0.000000  1.0
   -0.178328    0.678464  0.000000  1.0
   -0.178328    0.680464  0.000000  1.0
   -0.178328    0.682464  0.000000  1.0
   -0.178328    0.684464  0.000000  1.0
   -0.178328    0.686464  0.000000  1.0
   -0.178328    0.688464  0.000000  1.0
   -0.178328    0.690464  0.000000  1.0
   -0.178328    0.692464  0.000000  1.0
   -0.178328    0.694464  0.000000  1.0
   -0.178328    0.696464  0.000000  1.0
   -0.178328    0.698464  0.000000  1.0
   -0.178328    0.700464  0.000000  1.0
   -0.178328    0.702464  0.000000  1.0
   -0.178328    0.704464  0.000000  1.0
   -0.178328    0.706464  0.000000  1.0
   -0.178328    0.708464  0.000000  1.0
   -0.178328    0.710464  0.000000  1.0
   -0.178328    0.712464  0.000000  1.0
   -0.178328    0.714464  0.000000  1.0
   -0.178328    0.716464  0.000000  1.0
   -0.178328    0.718464  0.000000  1.0
   -0.178328    0.720464  0.000000  1.0
   -0.178328    0.722464  0.000000  1.0
   -0.178328    0.724464  0.000000  1.0
   -0.178328    0.726464  0.000000  1.0
   -0.178328    0.728464  0.000000  1.0
   -0.178328    0.730464  0.000000  1.0
   -0.178328    0.732464  0.000000  1.0
   -0.178328    0.734464  0.000000  1.0
   -0.178328    0.736464  0.000000  1.0
   -0.178328    0.738464  0.000000  1.0
   -0.178328    0.740464  0.000000  1.0
   -0.178328    0.742464  0.000000  1.0
   -0.178328    0.744464  0.000000  1.0
   -0.178328    0.746464  0.000000  1.0
   -0.178328    0.748464  0.000000  1.0
   -0.178328    0.750464  0.000000  1.0
   -0.178328    0.752464  0.000000  1.0
   -0.178328    0.754464  0.000000  1.0
   -0.178328    0.756464  0.000000  1.0
   -0.176328    0.676464  0.000000  1.0
   -0.176328    0.678464  0.000000  1.0
   -0.176328    0.680464  0.000000  1.0
   -0.176328    0.682464  0.000000  1.0
   -0.176328    0.684464  0.000000  1.0
   -0.176328    0.686464  0.000000  1.0
   -0.176328    0.688464  0.000000  1.0
   -0.176328    0.690464  0.000000  1.0
   -0.176328    0.692464  0.000000  1.0
   -0.176328    0.694464  0.000000  1.0
   -0.176328    0.696464  0.000000  1.0
   -0.176328    0.698464  0.000000  1.0
   -0.176328    0.700464  0.000000  1.0
   -0.176328    0.702464  0.000000  1.0
   -0.176328    0.704464  0.000000  1.0
   -0.176328    0.706464  0.000000  1.0
   -0.176328    0.708464  0.000000  1.0
   -0.176328    0.710464  0.000000  1.0
   -0.176328    0.712464  0.000000  1.0
   -0.176328    0.714464  0.000000  1.0
   -0.176328    0.716464  0.000000  1.0
   -0.176328    0.718464  0.000000  1.0
   -0.176328    0.720464  0.000000  1.0
   -0.176328    0.722464  0.000000  1.0
   -0.176328    0.724464  0.000000  1.0
   -0.176328    0.726464  0.000000  1.0
   -0.176328    0.728464  0.000000  1.0
   -0.176328    0.730464  0.000000  1.0
   -0.176328    0.732464  0.000000  1.0
   -0.176328    0.734464  0.000000  1.0
   -0.176328    0.736464  0.000000  1.0
   -0.176328    0.738464  0.000000  1.0
   -0.176328    0.740464  0.000000  1.0
   -0.176328    0.742464  0.000000  1.0
   -0.176328    0.744464  0.000000  1.0
   -0.176328    0.746464  0.000000  1.0
   -0.176328    0.748464  0.000000  1.0
   -0.176328    0.750464  0.000000  1.0
   -0.176328    0.752464  0.000000  1.0
   -0.176328    0.754464  0.000000  1.0
   -0.176328    0.756464  0.000000  1.0
   -0.174328    0.676464  0.000000  1.0
   -0.174328    0.678464  0.000000  1.0
   -0.174328    0.680464  0.000000  1.0
   -0.174328    0.682464  0.000000  1.0
   -0.174328    0.684464  0.000000  1.0
   -0.174328    0.686464  0.000000  1.0
   -0.174328    0.688464  0.000000  1.0
   -0.174328    0.690464  0.000000  1.0
   -0.174328    0.692464  0.000000  1.0
   -0.174328    0.694464  0.000000  1.0
   -0.174328    0.696464  0.000000  1.0
   -0.174328    0.698464  0.000000  1.0
   -0.174328    0.700464  0.000000  1.0
   -0.174328    0.702464  0.000000  1.0
   -0.174328    0.704464  0.000000  1.0
   -0.174328    0.706464  0.000000  1.0
   -0.174328    0.708464  0.000000  1.0
   -0.174328    0.710464  0.000000  1.0
   -0.174328    0.712464  0.000000  1.0
   -0.174328    0.714464  0.000000  1.0
   -0.174328    0.716464  0.000000  1.0
   -0.174328    0.718464  0.000000  1.0
   -0.174328    0.720464  0.000000  1.0
   -0.174328    0.722464  0.000000  1.0
   -0.174328    0.724464  0.000000  1.0
   -0.174328    0.726464  0.000000  1.0
   -0.174328    0.728464  0.000000  1.0
   -0.174328    0.730464  0.000000  1.0
   -0.174328    0.732464  0.000000  1.0
   -0.174328    0.734464  0.000000  1.0
   -0.174328    0.736464  0.000000  1.0
   -0.174328    0.738464  0.000000  1.0
   -0.174328    0.740464  0.000000  1.0
   -0.174328    0.742464  0.000000  1.0
   -0.174328    0.744464  0.000000  1.0
   -0.174328    0.746464  0.000000  1.0
   -0.174328    0.748464  0.000000  1.0
   -0.174328    0.750464  0.000000  1.0
   -0.174328    0.752464  0.000000  1.0
   -0.174328    0.754464  0.000000  1.0
   -0.174328    0.756464  0.000000  1.0
   -0.172328    0.676464  0.000000  1.0
   -0.172328    0.678464  0.000000  1.0
   -0.172328    0.680464  0.000000  1.0
   -0.172328    0.682464  0.000000  1.0
   -0.172328    0.684464  0.000000  1.0
   -0.172328    0.686464  0.000000  1.0
   -0.172328    0.688464  0.000000  1.0
   -0.172328    0.690464  0.000000  1.0
   -0.172328    0.692464  0.000000  1.0
   -0.172328    0.694464  0.000000  1.0
   -0.172328    0.696464  0.000000  1.0
   -0.172328    0.698464  0.000000  1.0
   -0.172328    0.700464  0.000000  1.0
   -0.172328    0.702464  0.000000  1.0
   -0.172328    0.704464  0.000000  1.0
   -0.172328    0.706464  0.000000  1.0
   -0.172328    0.708464  0.000000  1.0
   -0.172328    0.710464  0.000000  1.0
   -0.172328    0.712464  0.000000  1.0
   -0.172328    0.714464  0.000000  1.0
   -0.172328    0.716464  0.000000  1.0
   -0.172328    0.718464  0.000000  1.0
   -0.172328    0.720464  0.000000  1.0
   -0.172328    0.722464  0.000000  1.0
   -0.172328    0.724464  0.000000  1.0
   -0.172328    0.726464  0.000000  1.0
   -0.172328    0.728464  0.000000  1.0
   -0.172328    0.730464  0.000000  1.0
   -0.172328    0.732464  0.000000  1.0
   -0.172328    0.734464  0.000000  1.0
   -0.172328    0.736464  0.000000  1.0
   -0.172328    0.738464  0.000000  1.0
   -0.172328    0.740464  0.000000  1.0
   -0.172328    0.742464  0.000000  1.0
   -0.172328    0.744464  0.000000  1.0
   -0.172328    0.746464  0.000000  1.0
   -0.172328    0.748464  0.000000  1.0
   -0.172328    0.750464  0.000000  1.0
   -0.172328    0.752464  0.000000  1.0
   -0.172328    0.754464  0.000000  1.0
   -0.172328    0.756464  0.000000  1.0
   -0.170328    0.676464  0.000000  1.0
   -0.170328    0.678464  0.000000  1.0
   -0.170328    0.680464  0.000000  1.0
   -0.170328    0.682464  0.000000  1.0
   -0.170328    0.684464  0.000000  1.0
   -0.170328    0.686464  0.000000  1.0
   -0.170328    0.688464  0.000000  1.0
   -0.170328    0.690464  0.000000  1.0
   -0.170328    0.692464  0.000000  1.0
   -0.170328    0.694464  0.000000  1.0
   -0.170328    0.696464  0.000000  1.0
   -0.170328    0.698464  0.000000  1.0
   -0.170328    0.700464  0.000000  1.0
   -0.170328    0.702464  0.000000  1.0
   -0.170328    0.704464  0.000000  1.0
   -0.170328    0.706464  0.000000  1.0
   -0.170328    0.708464  0.000000  1.0
   -0.170328    0.710464  0.000000  1.0
   -0.170328    0.712464  0.000000  1.0
   -0.170328    0.714464  0.000000  1.0
   -0.170328    0.716464  0.000000  1.0
   -0.170328    0.718464  0.000000  1.0
   -0.170328    0.720464  0.000000  1.0
   -0.170328    0.722464  0.000000  1.0
   -0.170328    0.724464  0.000000  1.0
   -0.170328    0.726464  0.000000  1.0
   -0.170328    0.728464  0.000000  1.0
   -0.170328    0.730464  0.000000  1.0
   -0.170328    0.732464  0.000000  1.0
   -0.170328    0.734464  0.000000  1.0
   -0.170328    0.736464  0.000000  1.0
   -0.170328    0.738464  0.000000  1.0
   -0.170328    0.740464  0.000000  1.0
   -0.170328    0.742464  0.000000  1.0
   -0.170328    0.744464  0.000000  1.0
   -0.170328    0.746464  0.000000  1.0
   -0.170328    0.748464  0.000000  1.0
   -0.170328    0.750464  0.000000  1.0
   -0.170328    0.752464  0.000000  1.0
   -0.170328    0.754464  0.000000  1.0
   -0.170328    0.756464  0.000000  1.0
   -0.168328    0.676464  0.000000  1.0
   -0.168328    0.678464  0.000000  1.0
   -0.168328    0.680464  0.000000  1.0
   -0.168328    0.682464  0.000000  1.0
   -0.168328    0.684464  0.000000  1.0
   -0.168328    0.686464  0.000000  1.0
   -0.168328    0.688464  0.000000  1.0
   -0.168328    0.690464  0.000000  1.0
   -0.168328    0.692464  0.000000  1.0
   -0.168328    0.694464  0.000000  1.0
   -0.168328    0.696464  0.000000  1.0
   -0.168328    0.698464  0.000000  1.0
   -0.168328    0.700464  0.000000  1.0
   -0.168328    0.702464  0.000000  1.0
   -0.168328    0.704464  0.000000  1.0
   -0.168328    0.706464  0.000000  1.0
   -0.168328    0.708464  0.000000  1.0
   -0.168328    0.710464  0.000000  1.0
   -0.168328    0.712464  0.000000  1.0
   -0.168328    0.714464  0.000000  1.0
   -0.168328    0.716464  0.000000  1.0
   -0.168328    0.718464  0.000000  1.0
   -0.168328    0.720464  0.000000  1.0
   -0.168328    0.722464  0.000000  1.0
   -0.168328    0.724464  0.000000  1.0
   -0.168328    0.726464  0.000000  1.0
   -0.168328    0.728464  0.000000  1.0
   -0.168328    0.730464  0.000000  1.0
   -0.168328    0.732464  0.000000  1.0
   -0.168328    0.734464  0.000000  1.0
   -0.168328    0.736464  0.000000  1.0
   -0.168328    0.738464  0.000000  1.0
   -0.168328    0.740464  0.000000  1.0
   -0.168328    0.742464  0.000000  1.0
   -0.168328    0.744464  0.000000  1.0
   -0.168328    0.746464  0.000000  1.0
   -0.168328    0.748464  0.000000  1.0
   -0.168328    0.750464  0.000000  1.0
   -0.168328    0.752464  0.000000  1.0
   -0.168328    0.754464  0.000000  1.0
   -0.168328    0.756464  0.000000  1.0
   -0.166328    0.676464  0.000000  1.0
   -0.166328    0.678464  0.000000  1.0
   -0.166328    0.680464  0.000000  1.0
   -0.166328    0.682464  0.000000  1.0
   -0.166328    0.684464  0.000000  1.0
   -0.166328    0.686464  0.000000  1.0
   -0.166328    0.688464  0.000000  1.0
   -0.166328    0.690464  0.000000  1.0
   -0.166328    0.692464  0.000000  1.0
   -0.166328    0.694464  0.000000  1.0
   -0.166328    0.696464  0.000000  1.0
   -0.166328    0.698464  0.000000  1.0
   -0.166328    0.700464  0.000000  1.0
   -0.166328    0.702464  0.000000  1.0
   -0.166328    0.704464  0.000000  1.0
   -0.166328    0.706464  0.000000  1.0
   -0.166328    0.708464  0.000000  1.0
   -0.166328    0.710464  0.000000  1.0
   -0.166328    0.712464  0.000000  1.0
   -0.166328    0.714464  0.000000  1.0
   -0.166328    0.716464  0.000000  1.0
   -0.166328    0.718464  0.000000  1.0
   -0.166328    0.720464  0.000000  1.0
   -0.166328    0.722464  0.000000  1.0
   -0.166328    0.724464  0.000000  1.0
   -0.166328    0.726464  0.000000  1.0
   -0.166328    0.728464  0.000000  1.0
   -0.166328    0.730464  0.000000  1.0
   -0.166328    0.732464  0.000000  1.0
   -0.166328    0.734464  0.000000  1.0
   -0.166328    0.736464  0.000000  1.0
   -0.166328    0.738464  0.000000  1.0
   -0.166328    0.740464  0.000000  1.0
   -0.166328    0.742464  0.000000  1.0
   -0.166328    0.744464  0.000000  1.0
   -0.166328    0.746464  0.000000  1.0
   -0.166328    0.748464  0.000000  1.0
   -0.166328    0.750464  0.000000  1.0
   -0.166328    0.752464  0.000000  1.0
   -0.166328    0.754464  0.000000  1.0
   -0.166328    0.756464  0.000000  1.0
   -0.164328    0.676464  0.000000  1.0
   -0.164328    0.678464  0.000000  1.0
   -0.164328    0.680464  0.000000  1.0
   -0.164328    0.682464  0.000000  1.0
   -0.164328    0.684464  0.000000  1.0
   -0.164328    0.686464  0.000000  1.0
   -0.164328    0.688464  0.000000  1.0
   -0.164328    0.690464  0.000000  1.0
   -0.164328    0.692464  0.000000  1.0
   -0.164328    0.694464  0.000000  1.0
   -0.164328    0.696464  0.000000  1.0
   -0.164328    0.698464  0.000000  1.0
   -0.164328    0.700464  0.000000  1.0
   -0.164328    0.702464  0.000000  1.0
   -0.164328    0.704464  0.000000  1.0
   -0.164328    0.706464  0.000000  1.0
   -0.164328    0.708464  0.000000  1.0
   -0.164328    0.710464  0.000000  1.0
   -0.164328    0.712464  0.000000  1.0
   -0.164328    0.714464  0.000000  1.0
   -0.164328    0.716464  0.000000  1.0
   -0.164328    0.718464  0.000000  1.0
   -0.164328    0.720464  0.000000  1.0
   -0.164328    0.722464  0.000000  1.0
   -0.164328    0.724464  0.000000  1.0
   -0.164328    0.726464  0.000000  1.0
   -0.164328    0.728464  0.000000  1.0
   -0.164328    0.730464  0.000000  1.0
   -0.164328    0.732464  0.000000  1.0
   -0.164328    0.734464  0.000000  1.0
   -0.164328    0.736464  0.000000  1.0
   -0.164328    0.738464  0.000000  1.0
   -0.164328    0.740464  0.000000  1.0
   -0.164328    0.742464  0.000000  1.0
   -0.164328    0.744464  0.000000  1.0
   -0.164328    0.746464  0.000000  1.0
   -0.164328    0.748464  0.000000  1.0
   -0.164328    0.750464  0.000000  1.0
   -0.164328    0.752464  0.000000  1.0
   -0.164328    0.754464  0.000000  1.0
   -0.164328    0.756464  0.000000  1.0
   -0.162328    0.676464  0.000000  1.0
   -0.162328    0.678464  0.000000  1.0
   -0.162328    0.680464  0.000000  1.0
   -0.162328    0.682464  0.000000  1.0
   -0.162328    0.684464  0.000000  1.0
   -0.162328    0.686464  0.000000  1.0
   -0.162328    0.688464  0.000000  1.0
   -0.162328    0.690464  0.000000  1.0
   -0.162328    0.692464  0.000000  1.0
   -0.162328    0.694464  0.000000  1.0
   -0.162328    0.696464  0.000000  1.0
   -0.162328    0.698464  0.000000  1.0
   -0.162328    0.700464  0.000000  1.0
   -0.162328    0.702464  0.000000  1.0
   -0.162328    0.704464  0.000000  1.0
   -0.162328    0.706464  0.000000  1.0
   -0.162328    0.708464  0.000000  1.0
   -0.162328    0.710464  0.000000  1.0
   -0.162328    0.712464  0.000000  1.0
   -0.162328    0.714464  0.000000  1.0
   -0.162328    0.716464  0.000000  1.0
   -0.162328    0.718464  0.000000  1.0
   -0.162328    0.720464  0.000000  1.0
   -0.162328    0.722464  0.000000  1.0
   -0.162328    0.724464  0.000000  1.0
   -0.162328    0.726464  0.000000  1.0
   -0.162328    0.728464  0.000000  1.0
   -0.162328    0.730464  0.000000  1.0
   -0.162328    0.732464  0.000000  1.0
   -0.162328    0.734464  0.000000  1.0
   -0.162328    0.736464  0.000000  1.0
   -0.162328    0.738464  0.000000  1.0
   -0.162328    0.740464  0.000000  1.0
   -0.162328    0.742464  0.000000  1.0
   -0.162328    0.744464  0.000000  1.0
   -0.162328    0.746464  0.000000  1.0
   -0.162328    0.748464  0.000000  1.0
   -0.162328    0.750464  0.000000  1.0
   -0.162328    0.752464  0.000000  1.0
   -0.162328    0.754464  0.000000  1.0
   -0.162328    0.756464  0.000000  1.0
   -0.160328    0.676464  0.000000  1.0
   -0.160328    0.678464  0.000000  1.0
   -0.160328    0.680464  0.000000  1.0
   -0.160328    0.682464  0.000000  1.0
   -0.160328    0.684464  0.000000  1.0
   -0.160328    0.686464  0.000000  1.0
   -0.160328    0.688464  0.000000  1.0
   -0.160328    0.690464  0.000000  1.0
   -0.160328    0.692464  0.000000  1.0
   -0.160328    0.694464  0.000000  1.0
   -0.160328    0.696464  0.000000  1.0
   -0.160328    0.698464  0.000000  1.0
   -0.160328    0.700464  0.000000  1.0
   -0.160328    0.702464  0.000000  1.0
   -0.160328    0.704464  0.000000  1.0
   -0.160328    0.706464  0.000000  1.0
   -0.160328    0.708464  0.000000  1.0
   -0.160328    0.710464  0.000000  1.0
   -0.160328    0.712464  0.000000  1.0
   -0.160328    0.714464  0.000000  1.0
   -0.160328    0.716464  0.000000  1.0
   -0.160328    0.718464  0.000000  1.0
   -0.160328    0.720464  0.000000  1.0
   -0.160328    0.722464  0.000000  1.0
   -0.160328    0.724464  0.000000  1.0
   -0.160328    0.726464  0.000000  1.0
   -0.160328    0.728464  0.000000  1.0
   -0.160328    0.730464  0.000000  1.0
   -0.160328    0.732464  0.000000  1.0
   -0.160328    0.734464  0.000000  1.0
   -0.160328    0.736464  0.000000  1.0
   -0.160328    0.738464  0.000000  1.0
   -0.160328    0.740464  0.000000  1.0
   -0.160328    0.742464  0.000000  1.0
   -0.160328    0.744464  0.000000  1.0
   -0.160328    0.746464  0.000000  1.0
   -0.160328    0.748464  0.000000  1.0
   -0.160328    0.750464  0.000000  1.0
   -0.160328    0.752464  0.000000  1.0
   -0.160328    0.754464  0.000000  1.0
   -0.160328    0.756464  0.000000  1.0
   -0.158328    0.676464  0.000000  1.0
   -0.158328    0.678464  0.000000  1.0
   -0.158328    0.680464  0.000000  1.0
   -0.158328    0.682464  0.000000  1.0
   -0.158328    0.684464  0.000000  1.0
   -0.158328    0.686464  0.000000  1.0
   -0.158328    0.688464  0.000000  1.0
   -0.158328    0.690464  0.000000  1.0
   -0.158328    0.692464  0.000000  1.0
   -0.158328    0.694464  0.000000  1.0
   -0.158328    0.696464  0.000000  1.0
   -0.158328    0.698464  0.000000  1.0
   -0.158328    0.700464  0.000000  1.0
   -0.158328    0.702464  0.000000  1.0
   -0.158328    0.704464  0.000000  1.0
   -0.158328    0.706464  0.000000  1.0
   -0.158328    0.708464  0.000000  1.0
   -0.158328    0.710464  0.000000  1.0
   -0.158328    0.712464  0.000000  1.0
   -0.158328    0.714464  0.000000  1.0
   -0.158328    0.716464  0.000000  1.0
   -0.158328    0.718464  0.000000  1.0
   -0.158328    0.720464  0.000000  1.0
   -0.158328    0.722464  0.000000  1.0
   -0.158328    0.724464  0.000000  1.0
   -0.158328    0.726464  0.000000  1.0
   -0.158328    0.728464  0.000000  1.0
   -0.158328    0.730464  0.000000  1.0
   -0.158328    0.732464  0.000000  1.0
   -0.158328    0.734464  0.000000  1.0
   -0.158328    0.736464  0.000000  1.0
   -0.158328    0.738464  0.000000  1.0
   -0.158328    0.740464  0.000000  1.0
   -0.158328    0.742464  0.000000  1.0
   -0.158328    0.744464  0.000000  1.0
   -0.158328    0.746464  0.000000  1.0
   -0.158328    0.748464  0.000000  1.0
   -0.158328    0.750464  0.000000  1.0
   -0.158328    0.752464  0.000000  1.0
   -0.158328    0.754464  0.000000  1.0
   -0.158328    0.756464  0.000000  1.0
   -0.156328    0.676464  0.000000  1.0
   -0.156328    0.678464  0.000000  1.0
   -0.156328    0.680464  0.000000  1.0
   -0.156328    0.682464  0.000000  1.0
   -0.156328    0.684464  0.000000  1.0
   -0.156328    0.686464  0.000000  1.0
   -0.156328    0.688464  0.000000  1.0
   -0.156328    0.690464  0.000000  1.0
   -0.156328    0.692464  0.000000  1.0
   -0.156328    0.694464  0.000000  1.0
   -0.156328    0.696464  0.000000  1.0
   -0.156328    0.698464  0.000000  1.0
   -0.156328    0.700464  0.000000  1.0
   -0.156328    0.702464  0.000000  1.0
   -0.156328    0.704464  0.000000  1.0
   -0.156328    0.706464  0.000000  1.0
   -0.156328    0.708464  0.000000  1.0
   -0.156328    0.710464  0.000000  1.0
   -0.156328    0.712464  0.000000  1.0
   -0.156328    0.714464  0.000000  1.0
   -0.156328    0.716464  0.000000  1.0
   -0.156328    0.718464  0.000000  1.0
   -0.156328    0.720464  0.000000  1.0
   -0.156328    0.722464  0.000000  1.0
   -0.156328    0.724464  0.000000  1.0
   -0.156328    0.726464  0.000000  1.0
   -0.156328    0.728464  0.000000  1.0
   -0.156328    0.730464  0.000000  1.0
   -0.156328    0.732464  0.000000  1.0
   -0.156328    0.734464  0.000000  1.0
   -0.156328    0.736464  0.000000  1.0
   -0.156328    0.738464  0.000000  1.0
   -0.156328    0.740464  0.000000  1.0
   -0.156328    0.742464  0.000000  1.0
   -0.156328    0.744464  0.000000  1.0
   -0.156328    0.746464  0.000000  1.0
   -0.156328    0.748464  0.000000  1.0
   -0.156328    0.750464  0.000000  1.0
   -0.156328    0.752464  0.000000  1.0
   -0.156328    0.754464  0.000000  1.0
   -0.156328    0.756464  0.000000  1.0
   -0.154328    0.676464  0.000000  1.0
   -0.154328    0.678464  0.000000  1.0
   -0.154328    0.680464  0.000000  1.0
   -0.154328    0.682464  0.000000  1.0
   -0.154328    0.684464  0.000000  1.0
   -0.154328    0.686464  0.000000  1.0
   -0.154328    0.688464  0.000000  1.0
   -0.154328    0.690464  0.000000  1.0
   -0.154328    0.692464  0.000000  1.0
   -0.154328    0.694464  0.000000  1.0
   -0.154328    0.696464  0.000000  1.0
   -0.154328    0.698464  0.000000  1.0
   -0.154328    0.700464  0.000000  1.0
   -0.154328    0.702464  0.000000  1.0
   -0.154328    0.704464  0.000000  1.0
   -0.154328    0.706464  0.000000  1.0
   -0.154328    0.708464  0.000000  1.0
   -0.154328    0.710464  0.000000  1.0
   -0.154328    0.712464  0.000000  1.0
   -0.154328    0.714464  0.000000  1.0
   -0.154328    0.716464  0.000000  1.0
   -0.154328    0.718464  0.000000  1.0
   -0.154328    0.720464  0.000000  1.0
   -0.154328    0.722464  0.000000  1.0
   -0.154328    0.724464  0.000000  1.0
   -0.154328    0.726464  0.000000  1.0
   -0.154328    0.728464  0.000000  1.0
   -0.154328    0.730464  0.000000  1.0
   -0.154328    0.732464  0.000000  1.0
   -0.154328    0.734464  0.000000  1.0
   -0.154328    0.736464  0.000000  1.0
   -0.154328    0.738464  0.000000  1.0
   -0.154328    0.740464  0.000000  1.0
   -0.154328    0.742464  0.000000  1.0
   -0.154328    0.744464  0.000000  1.0
   -0.154328    0.746464  0.000000  1.0
   -0.154328    0.748464  0.000000  1.0
   -0.154328    0.750464  0.000000  1.0
   -0.154328    0.752464  0.000000  1.0
   -0.154328    0.754464  0.000000  1.0
   -0.154328    0.756464  0.000000  1.0
   -0.152328    0.676464  0.000000  1.0
   -0.152328    0.678464  0.000000  1.0
   -0.152328    0.680464  0.000000  1.0
   -0.152328    0.682464  0.000000  1.0
   -0.152328    0.684464  0.000000  1.0
   -0.152328    0.686464  0.000000  1.0
   -0.152328    0.688464  0.000000  1.0
   -0.152328    0.690464  0.000000  1.0
   -0.152328    0.692464  0.000000  1.0
   -0.152328    0.694464  0.000000  1.0
   -0.152328    0.696464  0.000000  1.0
   -0.152328    0.698464  0.000000  1.0
   -0.152328    0.700464  0.000000  1.0
   -0.152328    0.702464  0.000000  1.0
   -0.152328    0.704464  0.000000  1.0
   -0.152328    0.706464  0.000000  1.0
   -0.152328    0.708464  0.000000  1.0
   -0.152328    0.710464  0.000000  1.0
   -0.152328    0.712464  0.000000  1.0
   -0.152328    0.714464  0.000000  1.0
   -0.152328    0.716464  0.000000  1.0
   -0.152328    0.718464  0.000000  1.0
   -0.152328    0.720464  0.000000  1.0
   -0.152328    0.722464  0.000000  1.0
   -0.152328    0.724464  0.000000  1.0
   -0.152328    0.726464  0.000000  1.0
   -0.152328    0.728464  0.000000  1.0
   -0.152328    0.730464  0.000000  1.0
   -0.152328    0.732464  0.000000  1.0
   -0.152328    0.734464  0.000000  1.0
   -0.152328    0.736464  0.000000  1.0
   -0.152328    0.738464  0.000000  1.0
   -0.152328    0.740464  0.000000  1.0
   -0.152328    0.742464  0.000000  1.0
   -0.152328    0.744464  0.000000  1.0
   -0.152328    0.746464  0.000000  1.0
   -0.152328    0.748464  0.000000  1.0
   -0.152328    0.750464  0.000000  1.0
   -0.152328    0.752464  0.000000  1.0
   -0.152328    0.754464  0.000000  1.0
   -0.152328    0.756464  0.000000  1.0
   -0.150328    0.676464  0.000000  1.0
   -0.150328    0.678464  0.000000  1.0
   -0.150328    0.680464  0.000000  1.0
   -0.150328    0.682464  0.000000  1.0
   -0.150328    0.684464  0.000000  1.0
   -0.150328    0.686464  0.000000  1.0
   -0.150328    0.688464  0.000000  1.0
   -0.150328    0.690464  0.000000  1.0
   -0.150328    0.692464  0.000000  1.0
   -0.150328    0.694464  0.000000  1.0
   -0.150328    0.696464  0.000000  1.0
   -0.150328    0.698464  0.000000  1.0
   -0.150328    0.700464  0.000000  1.0
   -0.150328    0.702464  0.000000  1.0
   -0.150328    0.704464  0.000000  1.0
   -0.150328    0.706464  0.000000  1.0
   -0.150328    0.708464  0.000000  1.0
   -0.150328    0.710464  0.000000  1.0
   -0.150328    0.712464  0.000000  1.0
   -0.150328    0.714464  0.000000  1.0
   -0.150328    0.716464  0.000000  1.0
   -0.150328    0.718464  0.000000  1.0
   -0.150328    0.720464  0.000000  1.0
   -0.150328    0.722464  0.000000  1.0
   -0.150328    0.724464  0.000000  1.0
   -0.150328    0.726464  0.000000  1.0
   -0.150328    0.728464  0.000000  1.0
   -0.150328    0.730464  0.000000  1.0
   -0.150328    0.732464  0.000000  1.0
   -0.150328    0.734464  0.000000  1.0
   -0.150328    0.736464  0.000000  1.0
   -0.150328    0.738464  0.000000  1.0
   -0.150328    0.740464  0.000000  1.0
   -0.150328    0.742464  0.000000  1.0
   -0.150328    0.744464  0.000000  1.0
   -0.150328    0.746464  0.000000  1.0
   -0.150328    0.748464  0.000000  1.0
   -0.150328    0.750464  0.000000  1.0
   -0.150328    0.752464  0.000000  1.0
   -0.150328    0.754464  0.000000  1.0
   -0.150328    0.756464  0.000000  1.0
   -0.148328    0.676464  0.000000  1.0
   -0.148328    0.678464  0.000000  1.0
   -0.148328    0.680464  0.000000  1.0
   -0.148328    0.682464  0.000000  1.0
   -0.148328    0.684464  0.000000  1.0
   -0.148328    0.686464  0.000000  1.0
   -0.148328    0.688464  0.000000  1.0
   -0.148328    0.690464  0.000000  1.0
   -0.148328    0.692464  0.000000  1.0
   -0.148328    0.694464  0.000000  1.0
   -0.148328    0.696464  0.000000  1.0
   -0.148328    0.698464  0.000000  1.0
   -0.148328    0.700464  0.000000  1.0
   -0.148328    0.702464  0.000000  1.0
   -0.148328    0.704464  0.000000  1.0
   -0.148328    0.706464  0.000000  1.0
   -0.148328    0.708464  0.000000  1.0
   -0.148328    0.710464  0.000000  1.0
   -0.148328    0.712464  0.000000  1.0
   -0.148328    0.714464  0.000000  1.0
   -0.148328    0.716464  0.000000  1.0
   -0.148328    0.718464  0.000000  1.0
   -0.148328    0.720464  0.000000  1.0
   -0.148328    0.722464  0.000000  1.0
   -0.148328    0.724464  0.000000  1.0
   -0.148328    0.726464  0.000000  1.0
   -0.148328    0.728464  0.000000  1.0
   -0.148328    0.730464  0.000000  1.0
   -0.148328    0.732464  0.000000  1.0
   -0.148328    0.734464  0.000000  1.0
   -0.148328    0.736464  0.000000  1.0
   -0.148328    0.738464  0.000000  1.0
   -0.148328    0.740464  0.000000  1.0
   -0.148328    0.742464  0.000000  1.0
   -0.148328    0.744464  0.000000  1.0
   -0.148328    0.746464  0.000000  1.0
   -0.148328    0.748464  0.000000  1.0
   -0.148328    0.750464  0.000000  1.0
   -0.148328    0.752464  0.000000  1.0
   -0.148328    0.754464  0.000000  1.0
   -0.148328    0.756464  0.000000  1.0
   -0.146328    0.676464  0.000000  1.0
   -0.146328    0.678464  0.000000  1.0
   -0.146328    0.680464  0.000000  1.0
   -0.146328    0.682464  0.000000  1.0
   -0.146328    0.684464  0.000000  1.0
   -0.146328    0.686464  0.000000  1.0
   -0.146328    0.688464  0.000000  1.0
   -0.146328    0.690464  0.000000  1.0
   -0.146328    0.692464  0.000000  1.0
   -0.146328    0.694464  0.000000  1.0
   -0.146328    0.696464  0.000000  1.0
   -0.146328    0.698464  0.000000  1.0
   -0.146328    0.700464  0.000000  1.0
   -0.146328    0.702464  0.000000  1.0
   -0.146328    0.704464  0.000000  1.0
   -0.146328    0.706464  0.000000  1.0
   -0.146328    0.708464  0.000000  1.0
   -0.146328    0.710464  0.000000  1.0
   -0.146328    0.712464  0.000000  1.0
   -0.146328    0.714464  0.000000  1.0
   -0.146328    0.716464  0.000000  1.0
   -0.146328    0.718464  0.000000  1.0
   -0.146328    0.720464  0.000000  1.0
   -0.146328    0.722464  0.000000  1.0
   -0.146328    0.724464  0.000000  1.0
   -0.146328    0.726464  0.000000  1.0
   -0.146328    0.728464  0.000000  1.0
   -0.146328    0.730464  0.000000  1.0
   -0.146328    0.732464  0.000000  1.0
   -0.146328    0.734464  0.000000  1.0
   -0.146328    0.736464  0.000000  1.0
   -0.146328    0.738464  0.000000  1.0
   -0.146328    0.740464  0.000000  1.0
   -0.146328    0.742464  0.000000  1.0
   -0.146328    0.744464  0.000000  1.0
   -0.146328    0.746464  0.000000  1.0
   -0.146328    0.748464  0.000000  1.0
   -0.146328    0.750464  0.000000  1.0
   -0.146328    0.752464  0.000000  1.0
   -0.146328    0.754464  0.000000  1.0
   -0.146328    0.756464  0.000000  1.0
   -0.144328    0.676464  0.000000  1.0
   -0.144328    0.678464  0.000000  1.0
   -0.144328    0.680464  0.000000  1.0
   -0.144328    0.682464  0.000000  1.0
   -0.144328    0.684464  0.000000  1.0
   -0.144328    0.686464  0.000000  1.0
   -0.144328    0.688464  0.000000  1.0
   -0.144328    0.690464  0.000000  1.0
   -0.144328    0.692464  0.000000  1.0
   -0.144328    0.694464  0.000000  1.0
   -0.144328    0.696464  0.000000  1.0
   -0.144328    0.698464  0.000000  1.0
   -0.144328    0.700464  0.000000  1.0
   -0.144328    0.702464  0.000000  1.0
   -0.144328    0.704464  0.000000  1.0
   -0.144328    0.706464  0.000000  1.0
   -0.144328    0.708464  0.000000  1.0
   -0.144328    0.710464  0.000000  1.0
   -0.144328    0.712464  0.000000  1.0
   -0.144328    0.714464  0.000000  1.0
   -0.144328    0.716464  0.000000  1.0
   -0.144328    0.718464  0.000000  1.0
   -0.144328    0.720464  0.000000  1.0
   -0.144328    0.722464  0.000000  1.0
   -0.144328    0.724464  0.000000  1.0
   -0.144328    0.726464  0.000000  1.0
   -0.144328    0.728464  0.000000  1.0
   -0.144328    0.730464  0.000000  1.0
   -0.144328    0.732464  0.000000  1.0
   -0.144328    0.734464  0.000000  1.0
   -0.144328    0.736464  0.000000  1.0
   -0.144328    0.738464  0.000000  1.0
   -0.144328    0.740464  0.000000  1.0
   -0.144328    0.742464  0.000000  1.0
   -0.144328    0.744464  0.000000  1.0
   -0.144328    0.746464  0.000000  1.0
   -0.144328    0.748464  0.000000  1.0
   -0.144328    0.750464  0.000000  1.0
   -0.144328    0.752464  0.000000  1.0
   -0.144328    0.754464  0.000000  1.0
   -0.144328    0.756464  0.000000  1.0
   -0.142328    0.676464  0.000000  1.0
   -0.142328    0.678464  0.000000  1.0
   -0.142328    0.680464  0.000000  1.0
   -0.142328    0.682464  0.000000  1.0
   -0.142328    0.684464  0.000000  1.0
   -0.142328    0.686464  0.000000  1.0
   -0.142328    0.688464  0.000000  1.0
   -0.142328    0.690464  0.000000  1.0
   -0.142328    0.692464  0.000000  1.0
   -0.142328    0.694464  0.000000  1.0
   -0.142328    0.696464  0.000000  1.0
   -0.142328    0.698464  0.000000  1.0
   -0.142328    0.700464  0.000000  1.0
   -0.142328    0.702464  0.000000  1.0
   -0.142328    0.704464  0.000000  1.0
   -0.142328    0.706464  0.000000  1.0
   -0.142328    0.708464  0.000000  1.0
   -0.142328    0.710464  0.000000  1.0
   -0.142328    0.712464  0.000000  1.0
   -0.142328    0.714464  0.000000  1.0
   -0.142328    0.716464  0.000000  1.0
   -0.142328    0.718464  0.000000  1.0
   -0.142328    0.720464  0.000000  1.0
   -0.142328    0.722464  0.000000  1.0
   -0.142328    0.724464  0.000000  1.0
   -0.142328    0.726464  0.000000  1.0
   -0.142328    0.728464  0.000000  1.0
   -0.142328    0.730464  0.000000  1.0
   -0.142328    0.732464  0.000000  1.0
   -0.142328    0.734464  0.000000  1.0
   -0.142328    0.736464  0.000000  1.0
   -0.142328    0.738464  0.000000  1.0
   -0.142328    0.740464  0.000000  1.0
   -0.142328    0.742464  0.000000  1.0
   -0.142328    0.744464  0.000000  1.0
   -0.142328    0.746464  0.000000  1.0
   -0.142328    0.748464  0.000000  1.0
   -0.142328    0.750464  0.000000  1.0
   -0.142328    0.752464  0.000000  1.0
   -0.142328    0.754464  0.000000  1.0
   -0.142328    0.756464  0.000000  1.0
   -0.140328    0.676464  0.000000  1.0
   -0.140328    0.678464  0.000000  1.0
   -0.140328    0.680464  0.000000  1.0
   -0.140328    0.682464  0.000000  1.0
   -0.140328    0.684464  0.000000  1.0
   -0.140328    0.686464  0.000000  1.0
   -0.140328    0.688464  0.000000  1.0
   -0.140328    0.690464  0.000000  1.0
   -0.140328    0.692464  0.000000  1.0
   -0.140328    0.694464  0.000000  1.0
   -0.140328    0.696464  0.000000  1.0
   -0.140328    0.698464  0.000000  1.0
   -0.140328    0.700464  0.000000  1.0
   -0.140328    0.702464  0.000000  1.0
   -0.140328    0.704464  0.000000  1.0
   -0.140328    0.706464  0.000000  1.0
   -0.140328    0.708464  0.000000  1.0
   -0.140328    0.710464  0.000000  1.0
   -0.140328    0.712464  0.000000  1.0
   -0.140328    0.714464  0.000000  1.0
   -0.140328    0.716464  0.000000  1.0
   -0.140328    0.718464  0.000000  1.0
   -0.140328    0.720464  0.000000  1.0
   -0.140328    0.722464  0.000000  1.0
   -0.140328    0.724464  0.000000  1.0
   -0.140328    0.726464  0.000000  1.0
   -0.140328    0.728464  0.000000  1.0
   -0.140328    0.730464  0.000000  1.0
   -0.140328    0.732464  0.000000  1.0
   -0.140328    0.734464  0.000000  1.0
   -0.140328    0.736464  0.000000  1.0
   -0.140328    0.738464  0.000000  1.0
   -0.140328    0.740464  0.000000  1.0
   -0.140328    0.742464  0.000000  1.0
   -0.140328    0.744464  0.000000  1.0
   -0.140328    0.746464  0.000000  1.0
   -0.140328    0.748464  0.000000  1.0
   -0.140328    0.750464  0.000000  1.0
   -0.140328    0.752464  0.000000  1.0
   -0.140328    0.754464  0.000000  1.0
   -0.140328    0.756464  0.000000  1.0
