&CONTROL
  calculation = 'bands'
  prefix = 'graphene26.5lower'
  outdir = './tmp'
  pseudo_dir = './'
  verbosity = 'high'
/
&SYSTEM
  ibrav = 0
  nat = 2
  ntyp = 1
  ecutwfc = 40.0
  nosym = .true.
  noinv = .true.
  nbnd = 8
/
&ELECTRONS
/
ATOMIC_SPECIES
  C  12.011 C.pbe-n-kjpaw_psl.1.0.0.UPF
CELL_PARAMETERS {bohr}
  5.851793  0.000000  0.000000
  2.925897  3.830998  0.000000
  0.000000  0.000000  28.346456
ATOMIC_POSITIONS {crystal}
  C  0.000122  -0.000170  0.000000
  C  0.333211  0.333503  0.000000
K_POINTS {tpiba}
1681
   -0.007213   -0.791222  0.000000  1.0
   -0.007213   -0.789222  0.000000  1.0
   -0.007213   -0.787222  0.000000  1.0
   -0.007213   -0.785222  0.000000  1.0
   -0.007213   -0.783222  0.000000  1.0
   -0.007213   -0.781222  0.000000  1.0
   -0.007213   -0.779222  0.000000  1.0
   -0.007213   -0.777222  0.000000  1.0
   -0.007213   -0.775222  0.000000  1.0
   -0.007213   -0.773222  0.000000  1.0
   -0.007213   -0.771222  0.000000  1.0
   -0.007213   -0.769222  0.000000  1.0
   -0.007213   -0.767222  0.000000  1.0
   -0.007213   -0.765222  0.000000  1.0
   -0.007213   -0.763222  0.000000  1.0
   -0.007213   -0.761222  0.000000  1.0
   -0.007213   -0.759222  0.000000  1.0
   -0.007213   -0.757222  0.000000  1.0
   -0.007213   -0.755222  0.000000  1.0
   -0.007213   -0.753222  0.000000  1.0
   -0.007213   -0.751222  0.000000  1.0
   -0.007213   -0.749222  0.000000  1.0
   -0.007213   -0.747222  0.000000  1.0
   -0.007213   -0.745222  0.000000  1.0
   -0.007213   -0.743222  0.000000  1.0
   -0.007213   -0.741222  0.000000  1.0
   -0.007213   -0.739222  0.000000  1.0
   -0.007213   -0.737222  0.000000  1.0
   -0.007213   -0.735222  0.000000  1.0
   -0.007213   -0.733222  0.000000  1.0
   -0.007213   -0.731222  0.000000  1.0
   -0.007213   -0.729222  0.000000  1.0
   -0.007213   -0.727222  0.000000  1.0
   -0.007213   -0.725222  0.000000  1.0
   -0.007213   -0.723222  0.000000  1.0
   -0.007213   -0.721222  0.000000  1.0
   -0.007213   -0.719222  0.000000  1.0
   -0.007213   -0.717222  0.000000  1.0
   -0.007213   -0.715222  0.000000  1.0
   -0.007213   -0.713222  0.000000  1.0
   -0.007213   -0.711222  0.000000  1.0
   -0.005213   -0.791222  0.000000  1.0
   -0.005213   -0.789222  0.000000  1.0
   -0.005213   -0.787222  0.000000  1.0
   -0.005213   -0.785222  0.000000  1.0
   -0.005213   -0.783222  0.000000  1.0
   -0.005213   -0.781222  0.000000  1.0
   -0.005213   -0.779222  0.000000  1.0
   -0.005213   -0.777222  0.000000  1.0
   -0.005213   -0.775222  0.000000  1.0
   -0.005213   -0.773222  0.000000  1.0
   -0.005213   -0.771222  0.000000  1.0
   -0.005213   -0.769222  0.000000  1.0
   -0.005213   -0.767222  0.000000  1.0
   -0.005213   -0.765222  0.000000  1.0
   -0.005213   -0.763222  0.000000  1.0
   -0.005213   -0.761222  0.000000  1.0
   -0.005213   -0.759222  0.000000  1.0
   -0.005213   -0.757222  0.000000  1.0
   -0.005213   -0.755222  0.000000  1.0
   -0.005213   -0.753222  0.000000  1.0
   -0.005213   -0.751222  0.000000  1.0
   -0.005213   -0.749222  0.000000  1.0
   -0.005213   -0.747222  0.000000  1.0
   -0.005213   -0.745222  0.000000  1.0
   -0.005213   -0.743222  0.000000  1.0
   -0.005213   -0.741222  0.000000  1.0
   -0.005213   -0.739222  0.000000  1.0
   -0.005213   -0.737222  0.000000  1.0
   -0.005213   -0.735222  0.000000  1.0
   -0.005213   -0.733222  0.000000  1.0
   -0.005213   -0.731222  0.000000  1.0
   -0.005213   -0.729222  0.000000  1.0
   -0.005213   -0.727222  0.000000  1.0
   -0.005213   -0.725222  0.000000  1.0
   -0.005213   -0.723222  0.000000  1.0
   -0.005213   -0.721222  0.000000  1.0
   -0.005213   -0.719222  0.000000  1.0
   -0.005213   -0.717222  0.000000  1.0
   -0.005213   -0.715222  0.000000  1.0
   -0.005213   -0.713222  0.000000  1.0
   -0.005213   -0.711222  0.000000  1.0
   -0.003213   -0.791222  0.000000  1.0
   -0.003213   -0.789222  0.000000  1.0
   -0.003213   -0.787222  0.000000  1.0
   -0.003213   -0.785222  0.000000  1.0
   -0.003213   -0.783222  0.000000  1.0
   -0.003213   -0.781222  0.000000  1.0
   -0.003213   -0.779222  0.000000  1.0
   -0.003213   -0.777222  0.000000  1.0
   -0.003213   -0.775222  0.000000  1.0
   -0.003213   -0.773222  0.000000  1.0
   -0.003213   -0.771222  0.000000  1.0
   -0.003213   -0.769222  0.000000  1.0
   -0.003213   -0.767222  0.000000  1.0
   -0.003213   -0.765222  0.000000  1.0
   -0.003213   -0.763222  0.000000  1.0
   -0.003213   -0.761222  0.000000  1.0
   -0.003213   -0.759222  0.000000  1.0
   -0.003213   -0.757222  0.000000  1.0
   -0.003213   -0.755222  0.000000  1.0
   -0.003213   -0.753222  0.000000  1.0
   -0.003213   -0.751222  0.000000  1.0
   -0.003213   -0.749222  0.000000  1.0
   -0.003213   -0.747222  0.000000  1.0
   -0.003213   -0.745222  0.000000  1.0
   -0.003213   -0.743222  0.000000  1.0
   -0.003213   -0.741222  0.000000  1.0
   -0.003213   -0.739222  0.000000  1.0
   -0.003213   -0.737222  0.000000  1.0
   -0.003213   -0.735222  0.000000  1.0
   -0.003213   -0.733222  0.000000  1.0
   -0.003213   -0.731222  0.000000  1.0
   -0.003213   -0.729222  0.000000  1.0
   -0.003213   -0.727222  0.000000  1.0
   -0.003213   -0.725222  0.000000  1.0
   -0.003213   -0.723222  0.000000  1.0
   -0.003213   -0.721222  0.000000  1.0
   -0.003213   -0.719222  0.000000  1.0
   -0.003213   -0.717222  0.000000  1.0
   -0.003213   -0.715222  0.000000  1.0
   -0.003213   -0.713222  0.000000  1.0
   -0.003213   -0.711222  0.000000  1.0
   -0.001213   -0.791222  0.000000  1.0
   -0.001213   -0.789222  0.000000  1.0
   -0.001213   -0.787222  0.000000  1.0
   -0.001213   -0.785222  0.000000  1.0
   -0.001213   -0.783222  0.000000  1.0
   -0.001213   -0.781222  0.000000  1.0
   -0.001213   -0.779222  0.000000  1.0
   -0.001213   -0.777222  0.000000  1.0
   -0.001213   -0.775222  0.000000  1.0
   -0.001213   -0.773222  0.000000  1.0
   -0.001213   -0.771222  0.000000  1.0
   -0.001213   -0.769222  0.000000  1.0
   -0.001213   -0.767222  0.000000  1.0
   -0.001213   -0.765222  0.000000  1.0
   -0.001213   -0.763222  0.000000  1.0
   -0.001213   -0.761222  0.000000  1.0
   -0.001213   -0.759222  0.000000  1.0
   -0.001213   -0.757222  0.000000  1.0
   -0.001213   -0.755222  0.000000  1.0
   -0.001213   -0.753222  0.000000  1.0
   -0.001213   -0.751222  0.000000  1.0
   -0.001213   -0.749222  0.000000  1.0
   -0.001213   -0.747222  0.000000  1.0
   -0.001213   -0.745222  0.000000  1.0
   -0.001213   -0.743222  0.000000  1.0
   -0.001213   -0.741222  0.000000  1.0
   -0.001213   -0.739222  0.000000  1.0
   -0.001213   -0.737222  0.000000  1.0
   -0.001213   -0.735222  0.000000  1.0
   -0.001213   -0.733222  0.000000  1.0
   -0.001213   -0.731222  0.000000  1.0
   -0.001213   -0.729222  0.000000  1.0
   -0.001213   -0.727222  0.000000  1.0
   -0.001213   -0.725222  0.000000  1.0
   -0.001213   -0.723222  0.000000  1.0
   -0.001213   -0.721222  0.000000  1.0
   -0.001213   -0.719222  0.000000  1.0
   -0.001213   -0.717222  0.000000  1.0
   -0.001213   -0.715222  0.000000  1.0
   -0.001213   -0.713222  0.000000  1.0
   -0.001213   -0.711222  0.000000  1.0
    0.000787   -0.791222  0.000000  1.0
    0.000787   -0.789222  0.000000  1.0
    0.000787   -0.787222  0.000000  1.0
    0.000787   -0.785222  0.000000  1.0
    0.000787   -0.783222  0.000000  1.0
    0.000787   -0.781222  0.000000  1.0
    0.000787   -0.779222  0.000000  1.0
    0.000787   -0.777222  0.000000  1.0
    0.000787   -0.775222  0.000000  1.0
    0.000787   -0.773222  0.000000  1.0
    0.000787   -0.771222  0.000000  1.0
    0.000787   -0.769222  0.000000  1.0
    0.000787   -0.767222  0.000000  1.0
    0.000787   -0.765222  0.000000  1.0
    0.000787   -0.763222  0.000000  1.0
    0.000787   -0.761222  0.000000  1.0
    0.000787   -0.759222  0.000000  1.0
    0.000787   -0.757222  0.000000  1.0
    0.000787   -0.755222  0.000000  1.0
    0.000787   -0.753222  0.000000  1.0
    0.000787   -0.751222  0.000000  1.0
    0.000787   -0.749222  0.000000  1.0
    0.000787   -0.747222  0.000000  1.0
    0.000787   -0.745222  0.000000  1.0
    0.000787   -0.743222  0.000000  1.0
    0.000787   -0.741222  0.000000  1.0
    0.000787   -0.739222  0.000000  1.0
    0.000787   -0.737222  0.000000  1.0
    0.000787   -0.735222  0.000000  1.0
    0.000787   -0.733222  0.000000  1.0
    0.000787   -0.731222  0.000000  1.0
    0.000787   -0.729222  0.000000  1.0
    0.000787   -0.727222  0.000000  1.0
    0.000787   -0.725222  0.000000  1.0
    0.000787   -0.723222  0.000000  1.0
    0.000787   -0.721222  0.000000  1.0
    0.000787   -0.719222  0.000000  1.0
    0.000787   -0.717222  0.000000  1.0
    0.000787   -0.715222  0.000000  1.0
    0.000787   -0.713222  0.000000  1.0
    0.000787   -0.711222  0.000000  1.0
    0.002787   -0.791222  0.000000  1.0
    0.002787   -0.789222  0.000000  1.0
    0.002787   -0.787222  0.000000  1.0
    0.002787   -0.785222  0.000000  1.0
    0.002787   -0.783222  0.000000  1.0
    0.002787   -0.781222  0.000000  1.0
    0.002787   -0.779222  0.000000  1.0
    0.002787   -0.777222  0.000000  1.0
    0.002787   -0.775222  0.000000  1.0
    0.002787   -0.773222  0.000000  1.0
    0.002787   -0.771222  0.000000  1.0
    0.002787   -0.769222  0.000000  1.0
    0.002787   -0.767222  0.000000  1.0
    0.002787   -0.765222  0.000000  1.0
    0.002787   -0.763222  0.000000  1.0
    0.002787   -0.761222  0.000000  1.0
    0.002787   -0.759222  0.000000  1.0
    0.002787   -0.757222  0.000000  1.0
    0.002787   -0.755222  0.000000  1.0
    0.002787   -0.753222  0.000000  1.0
    0.002787   -0.751222  0.000000  1.0
    0.002787   -0.749222  0.000000  1.0
    0.002787   -0.747222  0.000000  1.0
    0.002787   -0.745222  0.000000  1.0
    0.002787   -0.743222  0.000000  1.0
    0.002787   -0.741222  0.000000  1.0
    0.002787   -0.739222  0.000000  1.0
    0.002787   -0.737222  0.000000  1.0
    0.002787   -0.735222  0.000000  1.0
    0.002787   -0.733222  0.000000  1.0
    0.002787   -0.731222  0.000000  1.0
    0.002787   -0.729222  0.000000  1.0
    0.002787   -0.727222  0.000000  1.0
    0.002787   -0.725222  0.000000  1.0
    0.002787   -0.723222  0.000000  1.0
    0.002787   -0.721222  0.000000  1.0
    0.002787   -0.719222  0.000000  1.0
    0.002787   -0.717222  0.000000  1.0
    0.002787   -0.715222  0.000000  1.0
    0.002787   -0.713222  0.000000  1.0
    0.002787   -0.711222  0.000000  1.0
    0.004787   -0.791222  0.000000  1.0
    0.004787   -0.789222  0.000000  1.0
    0.004787   -0.787222  0.000000  1.0
    0.004787   -0.785222  0.000000  1.0
    0.004787   -0.783222  0.000000  1.0
    0.004787   -0.781222  0.000000  1.0
    0.004787   -0.779222  0.000000  1.0
    0.004787   -0.777222  0.000000  1.0
    0.004787   -0.775222  0.000000  1.0
    0.004787   -0.773222  0.000000  1.0
    0.004787   -0.771222  0.000000  1.0
    0.004787   -0.769222  0.000000  1.0
    0.004787   -0.767222  0.000000  1.0
    0.004787   -0.765222  0.000000  1.0
    0.004787   -0.763222  0.000000  1.0
    0.004787   -0.761222  0.000000  1.0
    0.004787   -0.759222  0.000000  1.0
    0.004787   -0.757222  0.000000  1.0
    0.004787   -0.755222  0.000000  1.0
    0.004787   -0.753222  0.000000  1.0
    0.004787   -0.751222  0.000000  1.0
    0.004787   -0.749222  0.000000  1.0
    0.004787   -0.747222  0.000000  1.0
    0.004787   -0.745222  0.000000  1.0
    0.004787   -0.743222  0.000000  1.0
    0.004787   -0.741222  0.000000  1.0
    0.004787   -0.739222  0.000000  1.0
    0.004787   -0.737222  0.000000  1.0
    0.004787   -0.735222  0.000000  1.0
    0.004787   -0.733222  0.000000  1.0
    0.004787   -0.731222  0.000000  1.0
    0.004787   -0.729222  0.000000  1.0
    0.004787   -0.727222  0.000000  1.0
    0.004787   -0.725222  0.000000  1.0
    0.004787   -0.723222  0.000000  1.0
    0.004787   -0.721222  0.000000  1.0
    0.004787   -0.719222  0.000000  1.0
    0.004787   -0.717222  0.000000  1.0
    0.004787   -0.715222  0.000000  1.0
    0.004787   -0.713222  0.000000  1.0
    0.004787   -0.711222  0.000000  1.0
    0.006787   -0.791222  0.000000  1.0
    0.006787   -0.789222  0.000000  1.0
    0.006787   -0.787222  0.000000  1.0
    0.006787   -0.785222  0.000000  1.0
    0.006787   -0.783222  0.000000  1.0
    0.006787   -0.781222  0.000000  1.0
    0.006787   -0.779222  0.000000  1.0
    0.006787   -0.777222  0.000000  1.0
    0.006787   -0.775222  0.000000  1.0
    0.006787   -0.773222  0.000000  1.0
    0.006787   -0.771222  0.000000  1.0
    0.006787   -0.769222  0.000000  1.0
    0.006787   -0.767222  0.000000  1.0
    0.006787   -0.765222  0.000000  1.0
    0.006787   -0.763222  0.000000  1.0
    0.006787   -0.761222  0.000000  1.0
    0.006787   -0.759222  0.000000  1.0
    0.006787   -0.757222  0.000000  1.0
    0.006787   -0.755222  0.000000  1.0
    0.006787   -0.753222  0.000000  1.0
    0.006787   -0.751222  0.000000  1.0
    0.006787   -0.749222  0.000000  1.0
    0.006787   -0.747222  0.000000  1.0
    0.006787   -0.745222  0.000000  1.0
    0.006787   -0.743222  0.000000  1.0
    0.006787   -0.741222  0.000000  1.0
    0.006787   -0.739222  0.000000  1.0
    0.006787   -0.737222  0.000000  1.0
    0.006787   -0.735222  0.000000  1.0
    0.006787   -0.733222  0.000000  1.0
    0.006787   -0.731222  0.000000  1.0
    0.006787   -0.729222  0.000000  1.0
    0.006787   -0.727222  0.000000  1.0
    0.006787   -0.725222  0.000000  1.0
    0.006787   -0.723222  0.000000  1.0
    0.006787   -0.721222  0.000000  1.0
    0.006787   -0.719222  0.000000  1.0
    0.006787   -0.717222  0.000000  1.0
    0.006787   -0.715222  0.000000  1.0
    0.006787   -0.713222  0.000000  1.0
    0.006787   -0.711222  0.000000  1.0
    0.008787   -0.791222  0.000000  1.0
    0.008787   -0.789222  0.000000  1.0
    0.008787   -0.787222  0.000000  1.0
    0.008787   -0.785222  0.000000  1.0
    0.008787   -0.783222  0.000000  1.0
    0.008787   -0.781222  0.000000  1.0
    0.008787   -0.779222  0.000000  1.0
    0.008787   -0.777222  0.000000  1.0
    0.008787   -0.775222  0.000000  1.0
    0.008787   -0.773222  0.000000  1.0
    0.008787   -0.771222  0.000000  1.0
    0.008787   -0.769222  0.000000  1.0
    0.008787   -0.767222  0.000000  1.0
    0.008787   -0.765222  0.000000  1.0
    0.008787   -0.763222  0.000000  1.0
    0.008787   -0.761222  0.000000  1.0
    0.008787   -0.759222  0.000000  1.0
    0.008787   -0.757222  0.000000  1.0
    0.008787   -0.755222  0.000000  1.0
    0.008787   -0.753222  0.000000  1.0
    0.008787   -0.751222  0.000000  1.0
    0.008787   -0.749222  0.000000  1.0
    0.008787   -0.747222  0.000000  1.0
    0.008787   -0.745222  0.000000  1.0
    0.008787   -0.743222  0.000000  1.0
    0.008787   -0.741222  0.000000  1.0
    0.008787   -0.739222  0.000000  1.0
    0.008787   -0.737222  0.000000  1.0
    0.008787   -0.735222  0.000000  1.0
    0.008787   -0.733222  0.000000  1.0
    0.008787   -0.731222  0.000000  1.0
    0.008787   -0.729222  0.000000  1.0
    0.008787   -0.727222  0.000000  1.0
    0.008787   -0.725222  0.000000  1.0
    0.008787   -0.723222  0.000000  1.0
    0.008787   -0.721222  0.000000  1.0
    0.008787   -0.719222  0.000000  1.0
    0.008787   -0.717222  0.000000  1.0
    0.008787   -0.715222  0.000000  1.0
    0.008787   -0.713222  0.000000  1.0
    0.008787   -0.711222  0.000000  1.0
    0.010787   -0.791222  0.000000  1.0
    0.010787   -0.789222  0.000000  1.0
    0.010787   -0.787222  0.000000  1.0
    0.010787   -0.785222  0.000000  1.0
    0.010787   -0.783222  0.000000  1.0
    0.010787   -0.781222  0.000000  1.0
    0.010787   -0.779222  0.000000  1.0
    0.010787   -0.777222  0.000000  1.0
    0.010787   -0.775222  0.000000  1.0
    0.010787   -0.773222  0.000000  1.0
    0.010787   -0.771222  0.000000  1.0
    0.010787   -0.769222  0.000000  1.0
    0.010787   -0.767222  0.000000  1.0
    0.010787   -0.765222  0.000000  1.0
    0.010787   -0.763222  0.000000  1.0
    0.010787   -0.761222  0.000000  1.0
    0.010787   -0.759222  0.000000  1.0
    0.010787   -0.757222  0.000000  1.0
    0.010787   -0.755222  0.000000  1.0
    0.010787   -0.753222  0.000000  1.0
    0.010787   -0.751222  0.000000  1.0
    0.010787   -0.749222  0.000000  1.0
    0.010787   -0.747222  0.000000  1.0
    0.010787   -0.745222  0.000000  1.0
    0.010787   -0.743222  0.000000  1.0
    0.010787   -0.741222  0.000000  1.0
    0.010787   -0.739222  0.000000  1.0
    0.010787   -0.737222  0.000000  1.0
    0.010787   -0.735222  0.000000  1.0
    0.010787   -0.733222  0.000000  1.0
    0.010787   -0.731222  0.000000  1.0
    0.010787   -0.729222  0.000000  1.0
    0.010787   -0.727222  0.000000  1.0
    0.010787   -0.725222  0.000000  1.0
    0.010787   -0.723222  0.000000  1.0
    0.010787   -0.721222  0.000000  1.0
    0.010787   -0.719222  0.000000  1.0
    0.010787   -0.717222  0.000000  1.0
    0.010787   -0.715222  0.000000  1.0
    0.010787   -0.713222  0.000000  1.0
    0.010787   -0.711222  0.000000  1.0
    0.012787   -0.791222  0.000000  1.0
    0.012787   -0.789222  0.000000  1.0
    0.012787   -0.787222  0.000000  1.0
    0.012787   -0.785222  0.000000  1.0
    0.012787   -0.783222  0.000000  1.0
    0.012787   -0.781222  0.000000  1.0
    0.012787   -0.779222  0.000000  1.0
    0.012787   -0.777222  0.000000  1.0
    0.012787   -0.775222  0.000000  1.0
    0.012787   -0.773222  0.000000  1.0
    0.012787   -0.771222  0.000000  1.0
    0.012787   -0.769222  0.000000  1.0
    0.012787   -0.767222  0.000000  1.0
    0.012787   -0.765222  0.000000  1.0
    0.012787   -0.763222  0.000000  1.0
    0.012787   -0.761222  0.000000  1.0
    0.012787   -0.759222  0.000000  1.0
    0.012787   -0.757222  0.000000  1.0
    0.012787   -0.755222  0.000000  1.0
    0.012787   -0.753222  0.000000  1.0
    0.012787   -0.751222  0.000000  1.0
    0.012787   -0.749222  0.000000  1.0
    0.012787   -0.747222  0.000000  1.0
    0.012787   -0.745222  0.000000  1.0
    0.012787   -0.743222  0.000000  1.0
    0.012787   -0.741222  0.000000  1.0
    0.012787   -0.739222  0.000000  1.0
    0.012787   -0.737222  0.000000  1.0
    0.012787   -0.735222  0.000000  1.0
    0.012787   -0.733222  0.000000  1.0
    0.012787   -0.731222  0.000000  1.0
    0.012787   -0.729222  0.000000  1.0
    0.012787   -0.727222  0.000000  1.0
    0.012787   -0.725222  0.000000  1.0
    0.012787   -0.723222  0.000000  1.0
    0.012787   -0.721222  0.000000  1.0
    0.012787   -0.719222  0.000000  1.0
    0.012787   -0.717222  0.000000  1.0
    0.012787   -0.715222  0.000000  1.0
    0.012787   -0.713222  0.000000  1.0
    0.012787   -0.711222  0.000000  1.0
    0.014787   -0.791222  0.000000  1.0
    0.014787   -0.789222  0.000000  1.0
    0.014787   -0.787222  0.000000  1.0
    0.014787   -0.785222  0.000000  1.0
    0.014787   -0.783222  0.000000  1.0
    0.014787   -0.781222  0.000000  1.0
    0.014787   -0.779222  0.000000  1.0
    0.014787   -0.777222  0.000000  1.0
    0.014787   -0.775222  0.000000  1.0
    0.014787   -0.773222  0.000000  1.0
    0.014787   -0.771222  0.000000  1.0
    0.014787   -0.769222  0.000000  1.0
    0.014787   -0.767222  0.000000  1.0
    0.014787   -0.765222  0.000000  1.0
    0.014787   -0.763222  0.000000  1.0
    0.014787   -0.761222  0.000000  1.0
    0.014787   -0.759222  0.000000  1.0
    0.014787   -0.757222  0.000000  1.0
    0.014787   -0.755222  0.000000  1.0
    0.014787   -0.753222  0.000000  1.0
    0.014787   -0.751222  0.000000  1.0
    0.014787   -0.749222  0.000000  1.0
    0.014787   -0.747222  0.000000  1.0
    0.014787   -0.745222  0.000000  1.0
    0.014787   -0.743222  0.000000  1.0
    0.014787   -0.741222  0.000000  1.0
    0.014787   -0.739222  0.000000  1.0
    0.014787   -0.737222  0.000000  1.0
    0.014787   -0.735222  0.000000  1.0
    0.014787   -0.733222  0.000000  1.0
    0.014787   -0.731222  0.000000  1.0
    0.014787   -0.729222  0.000000  1.0
    0.014787   -0.727222  0.000000  1.0
    0.014787   -0.725222  0.000000  1.0
    0.014787   -0.723222  0.000000  1.0
    0.014787   -0.721222  0.000000  1.0
    0.014787   -0.719222  0.000000  1.0
    0.014787   -0.717222  0.000000  1.0
    0.014787   -0.715222  0.000000  1.0
    0.014787   -0.713222  0.000000  1.0
    0.014787   -0.711222  0.000000  1.0
    0.016787   -0.791222  0.000000  1.0
    0.016787   -0.789222  0.000000  1.0
    0.016787   -0.787222  0.000000  1.0
    0.016787   -0.785222  0.000000  1.0
    0.016787   -0.783222  0.000000  1.0
    0.016787   -0.781222  0.000000  1.0
    0.016787   -0.779222  0.000000  1.0
    0.016787   -0.777222  0.000000  1.0
    0.016787   -0.775222  0.000000  1.0
    0.016787   -0.773222  0.000000  1.0
    0.016787   -0.771222  0.000000  1.0
    0.016787   -0.769222  0.000000  1.0
    0.016787   -0.767222  0.000000  1.0
    0.016787   -0.765222  0.000000  1.0
    0.016787   -0.763222  0.000000  1.0
    0.016787   -0.761222  0.000000  1.0
    0.016787   -0.759222  0.000000  1.0
    0.016787   -0.757222  0.000000  1.0
    0.016787   -0.755222  0.000000  1.0
    0.016787   -0.753222  0.000000  1.0
    0.016787   -0.751222  0.000000  1.0
    0.016787   -0.749222  0.000000  1.0
    0.016787   -0.747222  0.000000  1.0
    0.016787   -0.745222  0.000000  1.0
    0.016787   -0.743222  0.000000  1.0
    0.016787   -0.741222  0.000000  1.0
    0.016787   -0.739222  0.000000  1.0
    0.016787   -0.737222  0.000000  1.0
    0.016787   -0.735222  0.000000  1.0
    0.016787   -0.733222  0.000000  1.0
    0.016787   -0.731222  0.000000  1.0
    0.016787   -0.729222  0.000000  1.0
    0.016787   -0.727222  0.000000  1.0
    0.016787   -0.725222  0.000000  1.0
    0.016787   -0.723222  0.000000  1.0
    0.016787   -0.721222  0.000000  1.0
    0.016787   -0.719222  0.000000  1.0
    0.016787   -0.717222  0.000000  1.0
    0.016787   -0.715222  0.000000  1.0
    0.016787   -0.713222  0.000000  1.0
    0.016787   -0.711222  0.000000  1.0
    0.018787   -0.791222  0.000000  1.0
    0.018787   -0.789222  0.000000  1.0
    0.018787   -0.787222  0.000000  1.0
    0.018787   -0.785222  0.000000  1.0
    0.018787   -0.783222  0.000000  1.0
    0.018787   -0.781222  0.000000  1.0
    0.018787   -0.779222  0.000000  1.0
    0.018787   -0.777222  0.000000  1.0
    0.018787   -0.775222  0.000000  1.0
    0.018787   -0.773222  0.000000  1.0
    0.018787   -0.771222  0.000000  1.0
    0.018787   -0.769222  0.000000  1.0
    0.018787   -0.767222  0.000000  1.0
    0.018787   -0.765222  0.000000  1.0
    0.018787   -0.763222  0.000000  1.0
    0.018787   -0.761222  0.000000  1.0
    0.018787   -0.759222  0.000000  1.0
    0.018787   -0.757222  0.000000  1.0
    0.018787   -0.755222  0.000000  1.0
    0.018787   -0.753222  0.000000  1.0
    0.018787   -0.751222  0.000000  1.0
    0.018787   -0.749222  0.000000  1.0
    0.018787   -0.747222  0.000000  1.0
    0.018787   -0.745222  0.000000  1.0
    0.018787   -0.743222  0.000000  1.0
    0.018787   -0.741222  0.000000  1.0
    0.018787   -0.739222  0.000000  1.0
    0.018787   -0.737222  0.000000  1.0
    0.018787   -0.735222  0.000000  1.0
    0.018787   -0.733222  0.000000  1.0
    0.018787   -0.731222  0.000000  1.0
    0.018787   -0.729222  0.000000  1.0
    0.018787   -0.727222  0.000000  1.0
    0.018787   -0.725222  0.000000  1.0
    0.018787   -0.723222  0.000000  1.0
    0.018787   -0.721222  0.000000  1.0
    0.018787   -0.719222  0.000000  1.0
    0.018787   -0.717222  0.000000  1.0
    0.018787   -0.715222  0.000000  1.0
    0.018787   -0.713222  0.000000  1.0
    0.018787   -0.711222  0.000000  1.0
    0.020787   -0.791222  0.000000  1.0
    0.020787   -0.789222  0.000000  1.0
    0.020787   -0.787222  0.000000  1.0
    0.020787   -0.785222  0.000000  1.0
    0.020787   -0.783222  0.000000  1.0
    0.020787   -0.781222  0.000000  1.0
    0.020787   -0.779222  0.000000  1.0
    0.020787   -0.777222  0.000000  1.0
    0.020787   -0.775222  0.000000  1.0
    0.020787   -0.773222  0.000000  1.0
    0.020787   -0.771222  0.000000  1.0
    0.020787   -0.769222  0.000000  1.0
    0.020787   -0.767222  0.000000  1.0
    0.020787   -0.765222  0.000000  1.0
    0.020787   -0.763222  0.000000  1.0
    0.020787   -0.761222  0.000000  1.0
    0.020787   -0.759222  0.000000  1.0
    0.020787   -0.757222  0.000000  1.0
    0.020787   -0.755222  0.000000  1.0
    0.020787   -0.753222  0.000000  1.0
    0.020787   -0.751222  0.000000  1.0
    0.020787   -0.749222  0.000000  1.0
    0.020787   -0.747222  0.000000  1.0
    0.020787   -0.745222  0.000000  1.0
    0.020787   -0.743222  0.000000  1.0
    0.020787   -0.741222  0.000000  1.0
    0.020787   -0.739222  0.000000  1.0
    0.020787   -0.737222  0.000000  1.0
    0.020787   -0.735222  0.000000  1.0
    0.020787   -0.733222  0.000000  1.0
    0.020787   -0.731222  0.000000  1.0
    0.020787   -0.729222  0.000000  1.0
    0.020787   -0.727222  0.000000  1.0
    0.020787   -0.725222  0.000000  1.0
    0.020787   -0.723222  0.000000  1.0
    0.020787   -0.721222  0.000000  1.0
    0.020787   -0.719222  0.000000  1.0
    0.020787   -0.717222  0.000000  1.0
    0.020787   -0.715222  0.000000  1.0
    0.020787   -0.713222  0.000000  1.0
    0.020787   -0.711222  0.000000  1.0
    0.022787   -0.791222  0.000000  1.0
    0.022787   -0.789222  0.000000  1.0
    0.022787   -0.787222  0.000000  1.0
    0.022787   -0.785222  0.000000  1.0
    0.022787   -0.783222  0.000000  1.0
    0.022787   -0.781222  0.000000  1.0
    0.022787   -0.779222  0.000000  1.0
    0.022787   -0.777222  0.000000  1.0
    0.022787   -0.775222  0.000000  1.0
    0.022787   -0.773222  0.000000  1.0
    0.022787   -0.771222  0.000000  1.0
    0.022787   -0.769222  0.000000  1.0
    0.022787   -0.767222  0.000000  1.0
    0.022787   -0.765222  0.000000  1.0
    0.022787   -0.763222  0.000000  1.0
    0.022787   -0.761222  0.000000  1.0
    0.022787   -0.759222  0.000000  1.0
    0.022787   -0.757222  0.000000  1.0
    0.022787   -0.755222  0.000000  1.0
    0.022787   -0.753222  0.000000  1.0
    0.022787   -0.751222  0.000000  1.0
    0.022787   -0.749222  0.000000  1.0
    0.022787   -0.747222  0.000000  1.0
    0.022787   -0.745222  0.000000  1.0
    0.022787   -0.743222  0.000000  1.0
    0.022787   -0.741222  0.000000  1.0
    0.022787   -0.739222  0.000000  1.0
    0.022787   -0.737222  0.000000  1.0
    0.022787   -0.735222  0.000000  1.0
    0.022787   -0.733222  0.000000  1.0
    0.022787   -0.731222  0.000000  1.0
    0.022787   -0.729222  0.000000  1.0
    0.022787   -0.727222  0.000000  1.0
    0.022787   -0.725222  0.000000  1.0
    0.022787   -0.723222  0.000000  1.0
    0.022787   -0.721222  0.000000  1.0
    0.022787   -0.719222  0.000000  1.0
    0.022787   -0.717222  0.000000  1.0
    0.022787   -0.715222  0.000000  1.0
    0.022787   -0.713222  0.000000  1.0
    0.022787   -0.711222  0.000000  1.0
    0.024787   -0.791222  0.000000  1.0
    0.024787   -0.789222  0.000000  1.0
    0.024787   -0.787222  0.000000  1.0
    0.024787   -0.785222  0.000000  1.0
    0.024787   -0.783222  0.000000  1.0
    0.024787   -0.781222  0.000000  1.0
    0.024787   -0.779222  0.000000  1.0
    0.024787   -0.777222  0.000000  1.0
    0.024787   -0.775222  0.000000  1.0
    0.024787   -0.773222  0.000000  1.0
    0.024787   -0.771222  0.000000  1.0
    0.024787   -0.769222  0.000000  1.0
    0.024787   -0.767222  0.000000  1.0
    0.024787   -0.765222  0.000000  1.0
    0.024787   -0.763222  0.000000  1.0
    0.024787   -0.761222  0.000000  1.0
    0.024787   -0.759222  0.000000  1.0
    0.024787   -0.757222  0.000000  1.0
    0.024787   -0.755222  0.000000  1.0
    0.024787   -0.753222  0.000000  1.0
    0.024787   -0.751222  0.000000  1.0
    0.024787   -0.749222  0.000000  1.0
    0.024787   -0.747222  0.000000  1.0
    0.024787   -0.745222  0.000000  1.0
    0.024787   -0.743222  0.000000  1.0
    0.024787   -0.741222  0.000000  1.0
    0.024787   -0.739222  0.000000  1.0
    0.024787   -0.737222  0.000000  1.0
    0.024787   -0.735222  0.000000  1.0
    0.024787   -0.733222  0.000000  1.0
    0.024787   -0.731222  0.000000  1.0
    0.024787   -0.729222  0.000000  1.0
    0.024787   -0.727222  0.000000  1.0
    0.024787   -0.725222  0.000000  1.0
    0.024787   -0.723222  0.000000  1.0
    0.024787   -0.721222  0.000000  1.0
    0.024787   -0.719222  0.000000  1.0
    0.024787   -0.717222  0.000000  1.0
    0.024787   -0.715222  0.000000  1.0
    0.024787   -0.713222  0.000000  1.0
    0.024787   -0.711222  0.000000  1.0
    0.026787   -0.791222  0.000000  1.0
    0.026787   -0.789222  0.000000  1.0
    0.026787   -0.787222  0.000000  1.0
    0.026787   -0.785222  0.000000  1.0
    0.026787   -0.783222  0.000000  1.0
    0.026787   -0.781222  0.000000  1.0
    0.026787   -0.779222  0.000000  1.0
    0.026787   -0.777222  0.000000  1.0
    0.026787   -0.775222  0.000000  1.0
    0.026787   -0.773222  0.000000  1.0
    0.026787   -0.771222  0.000000  1.0
    0.026787   -0.769222  0.000000  1.0
    0.026787   -0.767222  0.000000  1.0
    0.026787   -0.765222  0.000000  1.0
    0.026787   -0.763222  0.000000  1.0
    0.026787   -0.761222  0.000000  1.0
    0.026787   -0.759222  0.000000  1.0
    0.026787   -0.757222  0.000000  1.0
    0.026787   -0.755222  0.000000  1.0
    0.026787   -0.753222  0.000000  1.0
    0.026787   -0.751222  0.000000  1.0
    0.026787   -0.749222  0.000000  1.0
    0.026787   -0.747222  0.000000  1.0
    0.026787   -0.745222  0.000000  1.0
    0.026787   -0.743222  0.000000  1.0
    0.026787   -0.741222  0.000000  1.0
    0.026787   -0.739222  0.000000  1.0
    0.026787   -0.737222  0.000000  1.0
    0.026787   -0.735222  0.000000  1.0
    0.026787   -0.733222  0.000000  1.0
    0.026787   -0.731222  0.000000  1.0
    0.026787   -0.729222  0.000000  1.0
    0.026787   -0.727222  0.000000  1.0
    0.026787   -0.725222  0.000000  1.0
    0.026787   -0.723222  0.000000  1.0
    0.026787   -0.721222  0.000000  1.0
    0.026787   -0.719222  0.000000  1.0
    0.026787   -0.717222  0.000000  1.0
    0.026787   -0.715222  0.000000  1.0
    0.026787   -0.713222  0.000000  1.0
    0.026787   -0.711222  0.000000  1.0
    0.028787   -0.791222  0.000000  1.0
    0.028787   -0.789222  0.000000  1.0
    0.028787   -0.787222  0.000000  1.0
    0.028787   -0.785222  0.000000  1.0
    0.028787   -0.783222  0.000000  1.0
    0.028787   -0.781222  0.000000  1.0
    0.028787   -0.779222  0.000000  1.0
    0.028787   -0.777222  0.000000  1.0
    0.028787   -0.775222  0.000000  1.0
    0.028787   -0.773222  0.000000  1.0
    0.028787   -0.771222  0.000000  1.0
    0.028787   -0.769222  0.000000  1.0
    0.028787   -0.767222  0.000000  1.0
    0.028787   -0.765222  0.000000  1.0
    0.028787   -0.763222  0.000000  1.0
    0.028787   -0.761222  0.000000  1.0
    0.028787   -0.759222  0.000000  1.0
    0.028787   -0.757222  0.000000  1.0
    0.028787   -0.755222  0.000000  1.0
    0.028787   -0.753222  0.000000  1.0
    0.028787   -0.751222  0.000000  1.0
    0.028787   -0.749222  0.000000  1.0
    0.028787   -0.747222  0.000000  1.0
    0.028787   -0.745222  0.000000  1.0
    0.028787   -0.743222  0.000000  1.0
    0.028787   -0.741222  0.000000  1.0
    0.028787   -0.739222  0.000000  1.0
    0.028787   -0.737222  0.000000  1.0
    0.028787   -0.735222  0.000000  1.0
    0.028787   -0.733222  0.000000  1.0
    0.028787   -0.731222  0.000000  1.0
    0.028787   -0.729222  0.000000  1.0
    0.028787   -0.727222  0.000000  1.0
    0.028787   -0.725222  0.000000  1.0
    0.028787   -0.723222  0.000000  1.0
    0.028787   -0.721222  0.000000  1.0
    0.028787   -0.719222  0.000000  1.0
    0.028787   -0.717222  0.000000  1.0
    0.028787   -0.715222  0.000000  1.0
    0.028787   -0.713222  0.000000  1.0
    0.028787   -0.711222  0.000000  1.0
    0.030787   -0.791222  0.000000  1.0
    0.030787   -0.789222  0.000000  1.0
    0.030787   -0.787222  0.000000  1.0
    0.030787   -0.785222  0.000000  1.0
    0.030787   -0.783222  0.000000  1.0
    0.030787   -0.781222  0.000000  1.0
    0.030787   -0.779222  0.000000  1.0
    0.030787   -0.777222  0.000000  1.0
    0.030787   -0.775222  0.000000  1.0
    0.030787   -0.773222  0.000000  1.0
    0.030787   -0.771222  0.000000  1.0
    0.030787   -0.769222  0.000000  1.0
    0.030787   -0.767222  0.000000  1.0
    0.030787   -0.765222  0.000000  1.0
    0.030787   -0.763222  0.000000  1.0
    0.030787   -0.761222  0.000000  1.0
    0.030787   -0.759222  0.000000  1.0
    0.030787   -0.757222  0.000000  1.0
    0.030787   -0.755222  0.000000  1.0
    0.030787   -0.753222  0.000000  1.0
    0.030787   -0.751222  0.000000  1.0
    0.030787   -0.749222  0.000000  1.0
    0.030787   -0.747222  0.000000  1.0
    0.030787   -0.745222  0.000000  1.0
    0.030787   -0.743222  0.000000  1.0
    0.030787   -0.741222  0.000000  1.0
    0.030787   -0.739222  0.000000  1.0
    0.030787   -0.737222  0.000000  1.0
    0.030787   -0.735222  0.000000  1.0
    0.030787   -0.733222  0.000000  1.0
    0.030787   -0.731222  0.000000  1.0
    0.030787   -0.729222  0.000000  1.0
    0.030787   -0.727222  0.000000  1.0
    0.030787   -0.725222  0.000000  1.0
    0.030787   -0.723222  0.000000  1.0
    0.030787   -0.721222  0.000000  1.0
    0.030787   -0.719222  0.000000  1.0
    0.030787   -0.717222  0.000000  1.0
    0.030787   -0.715222  0.000000  1.0
    0.030787   -0.713222  0.000000  1.0
    0.030787   -0.711222  0.000000  1.0
    0.032787   -0.791222  0.000000  1.0
    0.032787   -0.789222  0.000000  1.0
    0.032787   -0.787222  0.000000  1.0
    0.032787   -0.785222  0.000000  1.0
    0.032787   -0.783222  0.000000  1.0
    0.032787   -0.781222  0.000000  1.0
    0.032787   -0.779222  0.000000  1.0
    0.032787   -0.777222  0.000000  1.0
    0.032787   -0.775222  0.000000  1.0
    0.032787   -0.773222  0.000000  1.0
    0.032787   -0.771222  0.000000  1.0
    0.032787   -0.769222  0.000000  1.0
    0.032787   -0.767222  0.000000  1.0
    0.032787   -0.765222  0.000000  1.0
    0.032787   -0.763222  0.000000  1.0
    0.032787   -0.761222  0.000000  1.0
    0.032787   -0.759222  0.000000  1.0
    0.032787   -0.757222  0.000000  1.0
    0.032787   -0.755222  0.000000  1.0
    0.032787   -0.753222  0.000000  1.0
    0.032787   -0.751222  0.000000  1.0
    0.032787   -0.749222  0.000000  1.0
    0.032787   -0.747222  0.000000  1.0
    0.032787   -0.745222  0.000000  1.0
    0.032787   -0.743222  0.000000  1.0
    0.032787   -0.741222  0.000000  1.0
    0.032787   -0.739222  0.000000  1.0
    0.032787   -0.737222  0.000000  1.0
    0.032787   -0.735222  0.000000  1.0
    0.032787   -0.733222  0.000000  1.0
    0.032787   -0.731222  0.000000  1.0
    0.032787   -0.729222  0.000000  1.0
    0.032787   -0.727222  0.000000  1.0
    0.032787   -0.725222  0.000000  1.0
    0.032787   -0.723222  0.000000  1.0
    0.032787   -0.721222  0.000000  1.0
    0.032787   -0.719222  0.000000  1.0
    0.032787   -0.717222  0.000000  1.0
    0.032787   -0.715222  0.000000  1.0
    0.032787   -0.713222  0.000000  1.0
    0.032787   -0.711222  0.000000  1.0
    0.034787   -0.791222  0.000000  1.0
    0.034787   -0.789222  0.000000  1.0
    0.034787   -0.787222  0.000000  1.0
    0.034787   -0.785222  0.000000  1.0
    0.034787   -0.783222  0.000000  1.0
    0.034787   -0.781222  0.000000  1.0
    0.034787   -0.779222  0.000000  1.0
    0.034787   -0.777222  0.000000  1.0
    0.034787   -0.775222  0.000000  1.0
    0.034787   -0.773222  0.000000  1.0
    0.034787   -0.771222  0.000000  1.0
    0.034787   -0.769222  0.000000  1.0
    0.034787   -0.767222  0.000000  1.0
    0.034787   -0.765222  0.000000  1.0
    0.034787   -0.763222  0.000000  1.0
    0.034787   -0.761222  0.000000  1.0
    0.034787   -0.759222  0.000000  1.0
    0.034787   -0.757222  0.000000  1.0
    0.034787   -0.755222  0.000000  1.0
    0.034787   -0.753222  0.000000  1.0
    0.034787   -0.751222  0.000000  1.0
    0.034787   -0.749222  0.000000  1.0
    0.034787   -0.747222  0.000000  1.0
    0.034787   -0.745222  0.000000  1.0
    0.034787   -0.743222  0.000000  1.0
    0.034787   -0.741222  0.000000  1.0
    0.034787   -0.739222  0.000000  1.0
    0.034787   -0.737222  0.000000  1.0
    0.034787   -0.735222  0.000000  1.0
    0.034787   -0.733222  0.000000  1.0
    0.034787   -0.731222  0.000000  1.0
    0.034787   -0.729222  0.000000  1.0
    0.034787   -0.727222  0.000000  1.0
    0.034787   -0.725222  0.000000  1.0
    0.034787   -0.723222  0.000000  1.0
    0.034787   -0.721222  0.000000  1.0
    0.034787   -0.719222  0.000000  1.0
    0.034787   -0.717222  0.000000  1.0
    0.034787   -0.715222  0.000000  1.0
    0.034787   -0.713222  0.000000  1.0
    0.034787   -0.711222  0.000000  1.0
    0.036787   -0.791222  0.000000  1.0
    0.036787   -0.789222  0.000000  1.0
    0.036787   -0.787222  0.000000  1.0
    0.036787   -0.785222  0.000000  1.0
    0.036787   -0.783222  0.000000  1.0
    0.036787   -0.781222  0.000000  1.0
    0.036787   -0.779222  0.000000  1.0
    0.036787   -0.777222  0.000000  1.0
    0.036787   -0.775222  0.000000  1.0
    0.036787   -0.773222  0.000000  1.0
    0.036787   -0.771222  0.000000  1.0
    0.036787   -0.769222  0.000000  1.0
    0.036787   -0.767222  0.000000  1.0
    0.036787   -0.765222  0.000000  1.0
    0.036787   -0.763222  0.000000  1.0
    0.036787   -0.761222  0.000000  1.0
    0.036787   -0.759222  0.000000  1.0
    0.036787   -0.757222  0.000000  1.0
    0.036787   -0.755222  0.000000  1.0
    0.036787   -0.753222  0.000000  1.0
    0.036787   -0.751222  0.000000  1.0
    0.036787   -0.749222  0.000000  1.0
    0.036787   -0.747222  0.000000  1.0
    0.036787   -0.745222  0.000000  1.0
    0.036787   -0.743222  0.000000  1.0
    0.036787   -0.741222  0.000000  1.0
    0.036787   -0.739222  0.000000  1.0
    0.036787   -0.737222  0.000000  1.0
    0.036787   -0.735222  0.000000  1.0
    0.036787   -0.733222  0.000000  1.0
    0.036787   -0.731222  0.000000  1.0
    0.036787   -0.729222  0.000000  1.0
    0.036787   -0.727222  0.000000  1.0
    0.036787   -0.725222  0.000000  1.0
    0.036787   -0.723222  0.000000  1.0
    0.036787   -0.721222  0.000000  1.0
    0.036787   -0.719222  0.000000  1.0
    0.036787   -0.717222  0.000000  1.0
    0.036787   -0.715222  0.000000  1.0
    0.036787   -0.713222  0.000000  1.0
    0.036787   -0.711222  0.000000  1.0
    0.038787   -0.791222  0.000000  1.0
    0.038787   -0.789222  0.000000  1.0
    0.038787   -0.787222  0.000000  1.0
    0.038787   -0.785222  0.000000  1.0
    0.038787   -0.783222  0.000000  1.0
    0.038787   -0.781222  0.000000  1.0
    0.038787   -0.779222  0.000000  1.0
    0.038787   -0.777222  0.000000  1.0
    0.038787   -0.775222  0.000000  1.0
    0.038787   -0.773222  0.000000  1.0
    0.038787   -0.771222  0.000000  1.0
    0.038787   -0.769222  0.000000  1.0
    0.038787   -0.767222  0.000000  1.0
    0.038787   -0.765222  0.000000  1.0
    0.038787   -0.763222  0.000000  1.0
    0.038787   -0.761222  0.000000  1.0
    0.038787   -0.759222  0.000000  1.0
    0.038787   -0.757222  0.000000  1.0
    0.038787   -0.755222  0.000000  1.0
    0.038787   -0.753222  0.000000  1.0
    0.038787   -0.751222  0.000000  1.0
    0.038787   -0.749222  0.000000  1.0
    0.038787   -0.747222  0.000000  1.0
    0.038787   -0.745222  0.000000  1.0
    0.038787   -0.743222  0.000000  1.0
    0.038787   -0.741222  0.000000  1.0
    0.038787   -0.739222  0.000000  1.0
    0.038787   -0.737222  0.000000  1.0
    0.038787   -0.735222  0.000000  1.0
    0.038787   -0.733222  0.000000  1.0
    0.038787   -0.731222  0.000000  1.0
    0.038787   -0.729222  0.000000  1.0
    0.038787   -0.727222  0.000000  1.0
    0.038787   -0.725222  0.000000  1.0
    0.038787   -0.723222  0.000000  1.0
    0.038787   -0.721222  0.000000  1.0
    0.038787   -0.719222  0.000000  1.0
    0.038787   -0.717222  0.000000  1.0
    0.038787   -0.715222  0.000000  1.0
    0.038787   -0.713222  0.000000  1.0
    0.038787   -0.711222  0.000000  1.0
    0.040787   -0.791222  0.000000  1.0
    0.040787   -0.789222  0.000000  1.0
    0.040787   -0.787222  0.000000  1.0
    0.040787   -0.785222  0.000000  1.0
    0.040787   -0.783222  0.000000  1.0
    0.040787   -0.781222  0.000000  1.0
    0.040787   -0.779222  0.000000  1.0
    0.040787   -0.777222  0.000000  1.0
    0.040787   -0.775222  0.000000  1.0
    0.040787   -0.773222  0.000000  1.0
    0.040787   -0.771222  0.000000  1.0
    0.040787   -0.769222  0.000000  1.0
    0.040787   -0.767222  0.000000  1.0
    0.040787   -0.765222  0.000000  1.0
    0.040787   -0.763222  0.000000  1.0
    0.040787   -0.761222  0.000000  1.0
    0.040787   -0.759222  0.000000  1.0
    0.040787   -0.757222  0.000000  1.0
    0.040787   -0.755222  0.000000  1.0
    0.040787   -0.753222  0.000000  1.0
    0.040787   -0.751222  0.000000  1.0
    0.040787   -0.749222  0.000000  1.0
    0.040787   -0.747222  0.000000  1.0
    0.040787   -0.745222  0.000000  1.0
    0.040787   -0.743222  0.000000  1.0
    0.040787   -0.741222  0.000000  1.0
    0.040787   -0.739222  0.000000  1.0
    0.040787   -0.737222  0.000000  1.0
    0.040787   -0.735222  0.000000  1.0
    0.040787   -0.733222  0.000000  1.0
    0.040787   -0.731222  0.000000  1.0
    0.040787   -0.729222  0.000000  1.0
    0.040787   -0.727222  0.000000  1.0
    0.040787   -0.725222  0.000000  1.0
    0.040787   -0.723222  0.000000  1.0
    0.040787   -0.721222  0.000000  1.0
    0.040787   -0.719222  0.000000  1.0
    0.040787   -0.717222  0.000000  1.0
    0.040787   -0.715222  0.000000  1.0
    0.040787   -0.713222  0.000000  1.0
    0.040787   -0.711222  0.000000  1.0
    0.042787   -0.791222  0.000000  1.0
    0.042787   -0.789222  0.000000  1.0
    0.042787   -0.787222  0.000000  1.0
    0.042787   -0.785222  0.000000  1.0
    0.042787   -0.783222  0.000000  1.0
    0.042787   -0.781222  0.000000  1.0
    0.042787   -0.779222  0.000000  1.0
    0.042787   -0.777222  0.000000  1.0
    0.042787   -0.775222  0.000000  1.0
    0.042787   -0.773222  0.000000  1.0
    0.042787   -0.771222  0.000000  1.0
    0.042787   -0.769222  0.000000  1.0
    0.042787   -0.767222  0.000000  1.0
    0.042787   -0.765222  0.000000  1.0
    0.042787   -0.763222  0.000000  1.0
    0.042787   -0.761222  0.000000  1.0
    0.042787   -0.759222  0.000000  1.0
    0.042787   -0.757222  0.000000  1.0
    0.042787   -0.755222  0.000000  1.0
    0.042787   -0.753222  0.000000  1.0
    0.042787   -0.751222  0.000000  1.0
    0.042787   -0.749222  0.000000  1.0
    0.042787   -0.747222  0.000000  1.0
    0.042787   -0.745222  0.000000  1.0
    0.042787   -0.743222  0.000000  1.0
    0.042787   -0.741222  0.000000  1.0
    0.042787   -0.739222  0.000000  1.0
    0.042787   -0.737222  0.000000  1.0
    0.042787   -0.735222  0.000000  1.0
    0.042787   -0.733222  0.000000  1.0
    0.042787   -0.731222  0.000000  1.0
    0.042787   -0.729222  0.000000  1.0
    0.042787   -0.727222  0.000000  1.0
    0.042787   -0.725222  0.000000  1.0
    0.042787   -0.723222  0.000000  1.0
    0.042787   -0.721222  0.000000  1.0
    0.042787   -0.719222  0.000000  1.0
    0.042787   -0.717222  0.000000  1.0
    0.042787   -0.715222  0.000000  1.0
    0.042787   -0.713222  0.000000  1.0
    0.042787   -0.711222  0.000000  1.0
    0.044787   -0.791222  0.000000  1.0
    0.044787   -0.789222  0.000000  1.0
    0.044787   -0.787222  0.000000  1.0
    0.044787   -0.785222  0.000000  1.0
    0.044787   -0.783222  0.000000  1.0
    0.044787   -0.781222  0.000000  1.0
    0.044787   -0.779222  0.000000  1.0
    0.044787   -0.777222  0.000000  1.0
    0.044787   -0.775222  0.000000  1.0
    0.044787   -0.773222  0.000000  1.0
    0.044787   -0.771222  0.000000  1.0
    0.044787   -0.769222  0.000000  1.0
    0.044787   -0.767222  0.000000  1.0
    0.044787   -0.765222  0.000000  1.0
    0.044787   -0.763222  0.000000  1.0
    0.044787   -0.761222  0.000000  1.0
    0.044787   -0.759222  0.000000  1.0
    0.044787   -0.757222  0.000000  1.0
    0.044787   -0.755222  0.000000  1.0
    0.044787   -0.753222  0.000000  1.0
    0.044787   -0.751222  0.000000  1.0
    0.044787   -0.749222  0.000000  1.0
    0.044787   -0.747222  0.000000  1.0
    0.044787   -0.745222  0.000000  1.0
    0.044787   -0.743222  0.000000  1.0
    0.044787   -0.741222  0.000000  1.0
    0.044787   -0.739222  0.000000  1.0
    0.044787   -0.737222  0.000000  1.0
    0.044787   -0.735222  0.000000  1.0
    0.044787   -0.733222  0.000000  1.0
    0.044787   -0.731222  0.000000  1.0
    0.044787   -0.729222  0.000000  1.0
    0.044787   -0.727222  0.000000  1.0
    0.044787   -0.725222  0.000000  1.0
    0.044787   -0.723222  0.000000  1.0
    0.044787   -0.721222  0.000000  1.0
    0.044787   -0.719222  0.000000  1.0
    0.044787   -0.717222  0.000000  1.0
    0.044787   -0.715222  0.000000  1.0
    0.044787   -0.713222  0.000000  1.0
    0.044787   -0.711222  0.000000  1.0
    0.046787   -0.791222  0.000000  1.0
    0.046787   -0.789222  0.000000  1.0
    0.046787   -0.787222  0.000000  1.0
    0.046787   -0.785222  0.000000  1.0
    0.046787   -0.783222  0.000000  1.0
    0.046787   -0.781222  0.000000  1.0
    0.046787   -0.779222  0.000000  1.0
    0.046787   -0.777222  0.000000  1.0
    0.046787   -0.775222  0.000000  1.0
    0.046787   -0.773222  0.000000  1.0
    0.046787   -0.771222  0.000000  1.0
    0.046787   -0.769222  0.000000  1.0
    0.046787   -0.767222  0.000000  1.0
    0.046787   -0.765222  0.000000  1.0
    0.046787   -0.763222  0.000000  1.0
    0.046787   -0.761222  0.000000  1.0
    0.046787   -0.759222  0.000000  1.0
    0.046787   -0.757222  0.000000  1.0
    0.046787   -0.755222  0.000000  1.0
    0.046787   -0.753222  0.000000  1.0
    0.046787   -0.751222  0.000000  1.0
    0.046787   -0.749222  0.000000  1.0
    0.046787   -0.747222  0.000000  1.0
    0.046787   -0.745222  0.000000  1.0
    0.046787   -0.743222  0.000000  1.0
    0.046787   -0.741222  0.000000  1.0
    0.046787   -0.739222  0.000000  1.0
    0.046787   -0.737222  0.000000  1.0
    0.046787   -0.735222  0.000000  1.0
    0.046787   -0.733222  0.000000  1.0
    0.046787   -0.731222  0.000000  1.0
    0.046787   -0.729222  0.000000  1.0
    0.046787   -0.727222  0.000000  1.0
    0.046787   -0.725222  0.000000  1.0
    0.046787   -0.723222  0.000000  1.0
    0.046787   -0.721222  0.000000  1.0
    0.046787   -0.719222  0.000000  1.0
    0.046787   -0.717222  0.000000  1.0
    0.046787   -0.715222  0.000000  1.0
    0.046787   -0.713222  0.000000  1.0
    0.046787   -0.711222  0.000000  1.0
    0.048787   -0.791222  0.000000  1.0
    0.048787   -0.789222  0.000000  1.0
    0.048787   -0.787222  0.000000  1.0
    0.048787   -0.785222  0.000000  1.0
    0.048787   -0.783222  0.000000  1.0
    0.048787   -0.781222  0.000000  1.0
    0.048787   -0.779222  0.000000  1.0
    0.048787   -0.777222  0.000000  1.0
    0.048787   -0.775222  0.000000  1.0
    0.048787   -0.773222  0.000000  1.0
    0.048787   -0.771222  0.000000  1.0
    0.048787   -0.769222  0.000000  1.0
    0.048787   -0.767222  0.000000  1.0
    0.048787   -0.765222  0.000000  1.0
    0.048787   -0.763222  0.000000  1.0
    0.048787   -0.761222  0.000000  1.0
    0.048787   -0.759222  0.000000  1.0
    0.048787   -0.757222  0.000000  1.0
    0.048787   -0.755222  0.000000  1.0
    0.048787   -0.753222  0.000000  1.0
    0.048787   -0.751222  0.000000  1.0
    0.048787   -0.749222  0.000000  1.0
    0.048787   -0.747222  0.000000  1.0
    0.048787   -0.745222  0.000000  1.0
    0.048787   -0.743222  0.000000  1.0
    0.048787   -0.741222  0.000000  1.0
    0.048787   -0.739222  0.000000  1.0
    0.048787   -0.737222  0.000000  1.0
    0.048787   -0.735222  0.000000  1.0
    0.048787   -0.733222  0.000000  1.0
    0.048787   -0.731222  0.000000  1.0
    0.048787   -0.729222  0.000000  1.0
    0.048787   -0.727222  0.000000  1.0
    0.048787   -0.725222  0.000000  1.0
    0.048787   -0.723222  0.000000  1.0
    0.048787   -0.721222  0.000000  1.0
    0.048787   -0.719222  0.000000  1.0
    0.048787   -0.717222  0.000000  1.0
    0.048787   -0.715222  0.000000  1.0
    0.048787   -0.713222  0.000000  1.0
    0.048787   -0.711222  0.000000  1.0
    0.050787   -0.791222  0.000000  1.0
    0.050787   -0.789222  0.000000  1.0
    0.050787   -0.787222  0.000000  1.0
    0.050787   -0.785222  0.000000  1.0
    0.050787   -0.783222  0.000000  1.0
    0.050787   -0.781222  0.000000  1.0
    0.050787   -0.779222  0.000000  1.0
    0.050787   -0.777222  0.000000  1.0
    0.050787   -0.775222  0.000000  1.0
    0.050787   -0.773222  0.000000  1.0
    0.050787   -0.771222  0.000000  1.0
    0.050787   -0.769222  0.000000  1.0
    0.050787   -0.767222  0.000000  1.0
    0.050787   -0.765222  0.000000  1.0
    0.050787   -0.763222  0.000000  1.0
    0.050787   -0.761222  0.000000  1.0
    0.050787   -0.759222  0.000000  1.0
    0.050787   -0.757222  0.000000  1.0
    0.050787   -0.755222  0.000000  1.0
    0.050787   -0.753222  0.000000  1.0
    0.050787   -0.751222  0.000000  1.0
    0.050787   -0.749222  0.000000  1.0
    0.050787   -0.747222  0.000000  1.0
    0.050787   -0.745222  0.000000  1.0
    0.050787   -0.743222  0.000000  1.0
    0.050787   -0.741222  0.000000  1.0
    0.050787   -0.739222  0.000000  1.0
    0.050787   -0.737222  0.000000  1.0
    0.050787   -0.735222  0.000000  1.0
    0.050787   -0.733222  0.000000  1.0
    0.050787   -0.731222  0.000000  1.0
    0.050787   -0.729222  0.000000  1.0
    0.050787   -0.727222  0.000000  1.0
    0.050787   -0.725222  0.000000  1.0
    0.050787   -0.723222  0.000000  1.0
    0.050787   -0.721222  0.000000  1.0
    0.050787   -0.719222  0.000000  1.0
    0.050787   -0.717222  0.000000  1.0
    0.050787   -0.715222  0.000000  1.0
    0.050787   -0.713222  0.000000  1.0
    0.050787   -0.711222  0.000000  1.0
    0.052787   -0.791222  0.000000  1.0
    0.052787   -0.789222  0.000000  1.0
    0.052787   -0.787222  0.000000  1.0
    0.052787   -0.785222  0.000000  1.0
    0.052787   -0.783222  0.000000  1.0
    0.052787   -0.781222  0.000000  1.0
    0.052787   -0.779222  0.000000  1.0
    0.052787   -0.777222  0.000000  1.0
    0.052787   -0.775222  0.000000  1.0
    0.052787   -0.773222  0.000000  1.0
    0.052787   -0.771222  0.000000  1.0
    0.052787   -0.769222  0.000000  1.0
    0.052787   -0.767222  0.000000  1.0
    0.052787   -0.765222  0.000000  1.0
    0.052787   -0.763222  0.000000  1.0
    0.052787   -0.761222  0.000000  1.0
    0.052787   -0.759222  0.000000  1.0
    0.052787   -0.757222  0.000000  1.0
    0.052787   -0.755222  0.000000  1.0
    0.052787   -0.753222  0.000000  1.0
    0.052787   -0.751222  0.000000  1.0
    0.052787   -0.749222  0.000000  1.0
    0.052787   -0.747222  0.000000  1.0
    0.052787   -0.745222  0.000000  1.0
    0.052787   -0.743222  0.000000  1.0
    0.052787   -0.741222  0.000000  1.0
    0.052787   -0.739222  0.000000  1.0
    0.052787   -0.737222  0.000000  1.0
    0.052787   -0.735222  0.000000  1.0
    0.052787   -0.733222  0.000000  1.0
    0.052787   -0.731222  0.000000  1.0
    0.052787   -0.729222  0.000000  1.0
    0.052787   -0.727222  0.000000  1.0
    0.052787   -0.725222  0.000000  1.0
    0.052787   -0.723222  0.000000  1.0
    0.052787   -0.721222  0.000000  1.0
    0.052787   -0.719222  0.000000  1.0
    0.052787   -0.717222  0.000000  1.0
    0.052787   -0.715222  0.000000  1.0
    0.052787   -0.713222  0.000000  1.0
    0.052787   -0.711222  0.000000  1.0
    0.054787   -0.791222  0.000000  1.0
    0.054787   -0.789222  0.000000  1.0
    0.054787   -0.787222  0.000000  1.0
    0.054787   -0.785222  0.000000  1.0
    0.054787   -0.783222  0.000000  1.0
    0.054787   -0.781222  0.000000  1.0
    0.054787   -0.779222  0.000000  1.0
    0.054787   -0.777222  0.000000  1.0
    0.054787   -0.775222  0.000000  1.0
    0.054787   -0.773222  0.000000  1.0
    0.054787   -0.771222  0.000000  1.0
    0.054787   -0.769222  0.000000  1.0
    0.054787   -0.767222  0.000000  1.0
    0.054787   -0.765222  0.000000  1.0
    0.054787   -0.763222  0.000000  1.0
    0.054787   -0.761222  0.000000  1.0
    0.054787   -0.759222  0.000000  1.0
    0.054787   -0.757222  0.000000  1.0
    0.054787   -0.755222  0.000000  1.0
    0.054787   -0.753222  0.000000  1.0
    0.054787   -0.751222  0.000000  1.0
    0.054787   -0.749222  0.000000  1.0
    0.054787   -0.747222  0.000000  1.0
    0.054787   -0.745222  0.000000  1.0
    0.054787   -0.743222  0.000000  1.0
    0.054787   -0.741222  0.000000  1.0
    0.054787   -0.739222  0.000000  1.0
    0.054787   -0.737222  0.000000  1.0
    0.054787   -0.735222  0.000000  1.0
    0.054787   -0.733222  0.000000  1.0
    0.054787   -0.731222  0.000000  1.0
    0.054787   -0.729222  0.000000  1.0
    0.054787   -0.727222  0.000000  1.0
    0.054787   -0.725222  0.000000  1.0
    0.054787   -0.723222  0.000000  1.0
    0.054787   -0.721222  0.000000  1.0
    0.054787   -0.719222  0.000000  1.0
    0.054787   -0.717222  0.000000  1.0
    0.054787   -0.715222  0.000000  1.0
    0.054787   -0.713222  0.000000  1.0
    0.054787   -0.711222  0.000000  1.0
    0.056787   -0.791222  0.000000  1.0
    0.056787   -0.789222  0.000000  1.0
    0.056787   -0.787222  0.000000  1.0
    0.056787   -0.785222  0.000000  1.0
    0.056787   -0.783222  0.000000  1.0
    0.056787   -0.781222  0.000000  1.0
    0.056787   -0.779222  0.000000  1.0
    0.056787   -0.777222  0.000000  1.0
    0.056787   -0.775222  0.000000  1.0
    0.056787   -0.773222  0.000000  1.0
    0.056787   -0.771222  0.000000  1.0
    0.056787   -0.769222  0.000000  1.0
    0.056787   -0.767222  0.000000  1.0
    0.056787   -0.765222  0.000000  1.0
    0.056787   -0.763222  0.000000  1.0
    0.056787   -0.761222  0.000000  1.0
    0.056787   -0.759222  0.000000  1.0
    0.056787   -0.757222  0.000000  1.0
    0.056787   -0.755222  0.000000  1.0
    0.056787   -0.753222  0.000000  1.0
    0.056787   -0.751222  0.000000  1.0
    0.056787   -0.749222  0.000000  1.0
    0.056787   -0.747222  0.000000  1.0
    0.056787   -0.745222  0.000000  1.0
    0.056787   -0.743222  0.000000  1.0
    0.056787   -0.741222  0.000000  1.0
    0.056787   -0.739222  0.000000  1.0
    0.056787   -0.737222  0.000000  1.0
    0.056787   -0.735222  0.000000  1.0
    0.056787   -0.733222  0.000000  1.0
    0.056787   -0.731222  0.000000  1.0
    0.056787   -0.729222  0.000000  1.0
    0.056787   -0.727222  0.000000  1.0
    0.056787   -0.725222  0.000000  1.0
    0.056787   -0.723222  0.000000  1.0
    0.056787   -0.721222  0.000000  1.0
    0.056787   -0.719222  0.000000  1.0
    0.056787   -0.717222  0.000000  1.0
    0.056787   -0.715222  0.000000  1.0
    0.056787   -0.713222  0.000000  1.0
    0.056787   -0.711222  0.000000  1.0
    0.058787   -0.791222  0.000000  1.0
    0.058787   -0.789222  0.000000  1.0
    0.058787   -0.787222  0.000000  1.0
    0.058787   -0.785222  0.000000  1.0
    0.058787   -0.783222  0.000000  1.0
    0.058787   -0.781222  0.000000  1.0
    0.058787   -0.779222  0.000000  1.0
    0.058787   -0.777222  0.000000  1.0
    0.058787   -0.775222  0.000000  1.0
    0.058787   -0.773222  0.000000  1.0
    0.058787   -0.771222  0.000000  1.0
    0.058787   -0.769222  0.000000  1.0
    0.058787   -0.767222  0.000000  1.0
    0.058787   -0.765222  0.000000  1.0
    0.058787   -0.763222  0.000000  1.0
    0.058787   -0.761222  0.000000  1.0
    0.058787   -0.759222  0.000000  1.0
    0.058787   -0.757222  0.000000  1.0
    0.058787   -0.755222  0.000000  1.0
    0.058787   -0.753222  0.000000  1.0
    0.058787   -0.751222  0.000000  1.0
    0.058787   -0.749222  0.000000  1.0
    0.058787   -0.747222  0.000000  1.0
    0.058787   -0.745222  0.000000  1.0
    0.058787   -0.743222  0.000000  1.0
    0.058787   -0.741222  0.000000  1.0
    0.058787   -0.739222  0.000000  1.0
    0.058787   -0.737222  0.000000  1.0
    0.058787   -0.735222  0.000000  1.0
    0.058787   -0.733222  0.000000  1.0
    0.058787   -0.731222  0.000000  1.0
    0.058787   -0.729222  0.000000  1.0
    0.058787   -0.727222  0.000000  1.0
    0.058787   -0.725222  0.000000  1.0
    0.058787   -0.723222  0.000000  1.0
    0.058787   -0.721222  0.000000  1.0
    0.058787   -0.719222  0.000000  1.0
    0.058787   -0.717222  0.000000  1.0
    0.058787   -0.715222  0.000000  1.0
    0.058787   -0.713222  0.000000  1.0
    0.058787   -0.711222  0.000000  1.0
    0.060787   -0.791222  0.000000  1.0
    0.060787   -0.789222  0.000000  1.0
    0.060787   -0.787222  0.000000  1.0
    0.060787   -0.785222  0.000000  1.0
    0.060787   -0.783222  0.000000  1.0
    0.060787   -0.781222  0.000000  1.0
    0.060787   -0.779222  0.000000  1.0
    0.060787   -0.777222  0.000000  1.0
    0.060787   -0.775222  0.000000  1.0
    0.060787   -0.773222  0.000000  1.0
    0.060787   -0.771222  0.000000  1.0
    0.060787   -0.769222  0.000000  1.0
    0.060787   -0.767222  0.000000  1.0
    0.060787   -0.765222  0.000000  1.0
    0.060787   -0.763222  0.000000  1.0
    0.060787   -0.761222  0.000000  1.0
    0.060787   -0.759222  0.000000  1.0
    0.060787   -0.757222  0.000000  1.0
    0.060787   -0.755222  0.000000  1.0
    0.060787   -0.753222  0.000000  1.0
    0.060787   -0.751222  0.000000  1.0
    0.060787   -0.749222  0.000000  1.0
    0.060787   -0.747222  0.000000  1.0
    0.060787   -0.745222  0.000000  1.0
    0.060787   -0.743222  0.000000  1.0
    0.060787   -0.741222  0.000000  1.0
    0.060787   -0.739222  0.000000  1.0
    0.060787   -0.737222  0.000000  1.0
    0.060787   -0.735222  0.000000  1.0
    0.060787   -0.733222  0.000000  1.0
    0.060787   -0.731222  0.000000  1.0
    0.060787   -0.729222  0.000000  1.0
    0.060787   -0.727222  0.000000  1.0
    0.060787   -0.725222  0.000000  1.0
    0.060787   -0.723222  0.000000  1.0
    0.060787   -0.721222  0.000000  1.0
    0.060787   -0.719222  0.000000  1.0
    0.060787   -0.717222  0.000000  1.0
    0.060787   -0.715222  0.000000  1.0
    0.060787   -0.713222  0.000000  1.0
    0.060787   -0.711222  0.000000  1.0
    0.062787   -0.791222  0.000000  1.0
    0.062787   -0.789222  0.000000  1.0
    0.062787   -0.787222  0.000000  1.0
    0.062787   -0.785222  0.000000  1.0
    0.062787   -0.783222  0.000000  1.0
    0.062787   -0.781222  0.000000  1.0
    0.062787   -0.779222  0.000000  1.0
    0.062787   -0.777222  0.000000  1.0
    0.062787   -0.775222  0.000000  1.0
    0.062787   -0.773222  0.000000  1.0
    0.062787   -0.771222  0.000000  1.0
    0.062787   -0.769222  0.000000  1.0
    0.062787   -0.767222  0.000000  1.0
    0.062787   -0.765222  0.000000  1.0
    0.062787   -0.763222  0.000000  1.0
    0.062787   -0.761222  0.000000  1.0
    0.062787   -0.759222  0.000000  1.0
    0.062787   -0.757222  0.000000  1.0
    0.062787   -0.755222  0.000000  1.0
    0.062787   -0.753222  0.000000  1.0
    0.062787   -0.751222  0.000000  1.0
    0.062787   -0.749222  0.000000  1.0
    0.062787   -0.747222  0.000000  1.0
    0.062787   -0.745222  0.000000  1.0
    0.062787   -0.743222  0.000000  1.0
    0.062787   -0.741222  0.000000  1.0
    0.062787   -0.739222  0.000000  1.0
    0.062787   -0.737222  0.000000  1.0
    0.062787   -0.735222  0.000000  1.0
    0.062787   -0.733222  0.000000  1.0
    0.062787   -0.731222  0.000000  1.0
    0.062787   -0.729222  0.000000  1.0
    0.062787   -0.727222  0.000000  1.0
    0.062787   -0.725222  0.000000  1.0
    0.062787   -0.723222  0.000000  1.0
    0.062787   -0.721222  0.000000  1.0
    0.062787   -0.719222  0.000000  1.0
    0.062787   -0.717222  0.000000  1.0
    0.062787   -0.715222  0.000000  1.0
    0.062787   -0.713222  0.000000  1.0
    0.062787   -0.711222  0.000000  1.0
    0.064787   -0.791222  0.000000  1.0
    0.064787   -0.789222  0.000000  1.0
    0.064787   -0.787222  0.000000  1.0
    0.064787   -0.785222  0.000000  1.0
    0.064787   -0.783222  0.000000  1.0
    0.064787   -0.781222  0.000000  1.0
    0.064787   -0.779222  0.000000  1.0
    0.064787   -0.777222  0.000000  1.0
    0.064787   -0.775222  0.000000  1.0
    0.064787   -0.773222  0.000000  1.0
    0.064787   -0.771222  0.000000  1.0
    0.064787   -0.769222  0.000000  1.0
    0.064787   -0.767222  0.000000  1.0
    0.064787   -0.765222  0.000000  1.0
    0.064787   -0.763222  0.000000  1.0
    0.064787   -0.761222  0.000000  1.0
    0.064787   -0.759222  0.000000  1.0
    0.064787   -0.757222  0.000000  1.0
    0.064787   -0.755222  0.000000  1.0
    0.064787   -0.753222  0.000000  1.0
    0.064787   -0.751222  0.000000  1.0
    0.064787   -0.749222  0.000000  1.0
    0.064787   -0.747222  0.000000  1.0
    0.064787   -0.745222  0.000000  1.0
    0.064787   -0.743222  0.000000  1.0
    0.064787   -0.741222  0.000000  1.0
    0.064787   -0.739222  0.000000  1.0
    0.064787   -0.737222  0.000000  1.0
    0.064787   -0.735222  0.000000  1.0
    0.064787   -0.733222  0.000000  1.0
    0.064787   -0.731222  0.000000  1.0
    0.064787   -0.729222  0.000000  1.0
    0.064787   -0.727222  0.000000  1.0
    0.064787   -0.725222  0.000000  1.0
    0.064787   -0.723222  0.000000  1.0
    0.064787   -0.721222  0.000000  1.0
    0.064787   -0.719222  0.000000  1.0
    0.064787   -0.717222  0.000000  1.0
    0.064787   -0.715222  0.000000  1.0
    0.064787   -0.713222  0.000000  1.0
    0.064787   -0.711222  0.000000  1.0
    0.066787   -0.791222  0.000000  1.0
    0.066787   -0.789222  0.000000  1.0
    0.066787   -0.787222  0.000000  1.0
    0.066787   -0.785222  0.000000  1.0
    0.066787   -0.783222  0.000000  1.0
    0.066787   -0.781222  0.000000  1.0
    0.066787   -0.779222  0.000000  1.0
    0.066787   -0.777222  0.000000  1.0
    0.066787   -0.775222  0.000000  1.0
    0.066787   -0.773222  0.000000  1.0
    0.066787   -0.771222  0.000000  1.0
    0.066787   -0.769222  0.000000  1.0
    0.066787   -0.767222  0.000000  1.0
    0.066787   -0.765222  0.000000  1.0
    0.066787   -0.763222  0.000000  1.0
    0.066787   -0.761222  0.000000  1.0
    0.066787   -0.759222  0.000000  1.0
    0.066787   -0.757222  0.000000  1.0
    0.066787   -0.755222  0.000000  1.0
    0.066787   -0.753222  0.000000  1.0
    0.066787   -0.751222  0.000000  1.0
    0.066787   -0.749222  0.000000  1.0
    0.066787   -0.747222  0.000000  1.0
    0.066787   -0.745222  0.000000  1.0
    0.066787   -0.743222  0.000000  1.0
    0.066787   -0.741222  0.000000  1.0
    0.066787   -0.739222  0.000000  1.0
    0.066787   -0.737222  0.000000  1.0
    0.066787   -0.735222  0.000000  1.0
    0.066787   -0.733222  0.000000  1.0
    0.066787   -0.731222  0.000000  1.0
    0.066787   -0.729222  0.000000  1.0
    0.066787   -0.727222  0.000000  1.0
    0.066787   -0.725222  0.000000  1.0
    0.066787   -0.723222  0.000000  1.0
    0.066787   -0.721222  0.000000  1.0
    0.066787   -0.719222  0.000000  1.0
    0.066787   -0.717222  0.000000  1.0
    0.066787   -0.715222  0.000000  1.0
    0.066787   -0.713222  0.000000  1.0
    0.066787   -0.711222  0.000000  1.0
    0.068787   -0.791222  0.000000  1.0
    0.068787   -0.789222  0.000000  1.0
    0.068787   -0.787222  0.000000  1.0
    0.068787   -0.785222  0.000000  1.0
    0.068787   -0.783222  0.000000  1.0
    0.068787   -0.781222  0.000000  1.0
    0.068787   -0.779222  0.000000  1.0
    0.068787   -0.777222  0.000000  1.0
    0.068787   -0.775222  0.000000  1.0
    0.068787   -0.773222  0.000000  1.0
    0.068787   -0.771222  0.000000  1.0
    0.068787   -0.769222  0.000000  1.0
    0.068787   -0.767222  0.000000  1.0
    0.068787   -0.765222  0.000000  1.0
    0.068787   -0.763222  0.000000  1.0
    0.068787   -0.761222  0.000000  1.0
    0.068787   -0.759222  0.000000  1.0
    0.068787   -0.757222  0.000000  1.0
    0.068787   -0.755222  0.000000  1.0
    0.068787   -0.753222  0.000000  1.0
    0.068787   -0.751222  0.000000  1.0
    0.068787   -0.749222  0.000000  1.0
    0.068787   -0.747222  0.000000  1.0
    0.068787   -0.745222  0.000000  1.0
    0.068787   -0.743222  0.000000  1.0
    0.068787   -0.741222  0.000000  1.0
    0.068787   -0.739222  0.000000  1.0
    0.068787   -0.737222  0.000000  1.0
    0.068787   -0.735222  0.000000  1.0
    0.068787   -0.733222  0.000000  1.0
    0.068787   -0.731222  0.000000  1.0
    0.068787   -0.729222  0.000000  1.0
    0.068787   -0.727222  0.000000  1.0
    0.068787   -0.725222  0.000000  1.0
    0.068787   -0.723222  0.000000  1.0
    0.068787   -0.721222  0.000000  1.0
    0.068787   -0.719222  0.000000  1.0
    0.068787   -0.717222  0.000000  1.0
    0.068787   -0.715222  0.000000  1.0
    0.068787   -0.713222  0.000000  1.0
    0.068787   -0.711222  0.000000  1.0
    0.070787   -0.791222  0.000000  1.0
    0.070787   -0.789222  0.000000  1.0
    0.070787   -0.787222  0.000000  1.0
    0.070787   -0.785222  0.000000  1.0
    0.070787   -0.783222  0.000000  1.0
    0.070787   -0.781222  0.000000  1.0
    0.070787   -0.779222  0.000000  1.0
    0.070787   -0.777222  0.000000  1.0
    0.070787   -0.775222  0.000000  1.0
    0.070787   -0.773222  0.000000  1.0
    0.070787   -0.771222  0.000000  1.0
    0.070787   -0.769222  0.000000  1.0
    0.070787   -0.767222  0.000000  1.0
    0.070787   -0.765222  0.000000  1.0
    0.070787   -0.763222  0.000000  1.0
    0.070787   -0.761222  0.000000  1.0
    0.070787   -0.759222  0.000000  1.0
    0.070787   -0.757222  0.000000  1.0
    0.070787   -0.755222  0.000000  1.0
    0.070787   -0.753222  0.000000  1.0
    0.070787   -0.751222  0.000000  1.0
    0.070787   -0.749222  0.000000  1.0
    0.070787   -0.747222  0.000000  1.0
    0.070787   -0.745222  0.000000  1.0
    0.070787   -0.743222  0.000000  1.0
    0.070787   -0.741222  0.000000  1.0
    0.070787   -0.739222  0.000000  1.0
    0.070787   -0.737222  0.000000  1.0
    0.070787   -0.735222  0.000000  1.0
    0.070787   -0.733222  0.000000  1.0
    0.070787   -0.731222  0.000000  1.0
    0.070787   -0.729222  0.000000  1.0
    0.070787   -0.727222  0.000000  1.0
    0.070787   -0.725222  0.000000  1.0
    0.070787   -0.723222  0.000000  1.0
    0.070787   -0.721222  0.000000  1.0
    0.070787   -0.719222  0.000000  1.0
    0.070787   -0.717222  0.000000  1.0
    0.070787   -0.715222  0.000000  1.0
    0.070787   -0.713222  0.000000  1.0
    0.070787   -0.711222  0.000000  1.0
    0.072787   -0.791222  0.000000  1.0
    0.072787   -0.789222  0.000000  1.0
    0.072787   -0.787222  0.000000  1.0
    0.072787   -0.785222  0.000000  1.0
    0.072787   -0.783222  0.000000  1.0
    0.072787   -0.781222  0.000000  1.0
    0.072787   -0.779222  0.000000  1.0
    0.072787   -0.777222  0.000000  1.0
    0.072787   -0.775222  0.000000  1.0
    0.072787   -0.773222  0.000000  1.0
    0.072787   -0.771222  0.000000  1.0
    0.072787   -0.769222  0.000000  1.0
    0.072787   -0.767222  0.000000  1.0
    0.072787   -0.765222  0.000000  1.0
    0.072787   -0.763222  0.000000  1.0
    0.072787   -0.761222  0.000000  1.0
    0.072787   -0.759222  0.000000  1.0
    0.072787   -0.757222  0.000000  1.0
    0.072787   -0.755222  0.000000  1.0
    0.072787   -0.753222  0.000000  1.0
    0.072787   -0.751222  0.000000  1.0
    0.072787   -0.749222  0.000000  1.0
    0.072787   -0.747222  0.000000  1.0
    0.072787   -0.745222  0.000000  1.0
    0.072787   -0.743222  0.000000  1.0
    0.072787   -0.741222  0.000000  1.0
    0.072787   -0.739222  0.000000  1.0
    0.072787   -0.737222  0.000000  1.0
    0.072787   -0.735222  0.000000  1.0
    0.072787   -0.733222  0.000000  1.0
    0.072787   -0.731222  0.000000  1.0
    0.072787   -0.729222  0.000000  1.0
    0.072787   -0.727222  0.000000  1.0
    0.072787   -0.725222  0.000000  1.0
    0.072787   -0.723222  0.000000  1.0
    0.072787   -0.721222  0.000000  1.0
    0.072787   -0.719222  0.000000  1.0
    0.072787   -0.717222  0.000000  1.0
    0.072787   -0.715222  0.000000  1.0
    0.072787   -0.713222  0.000000  1.0
    0.072787   -0.711222  0.000000  1.0
