&CONTROL
  calculation = 'bands'
  prefix = 'graphene28.0upper'
  outdir = './tmp'
  pseudo_dir = './'
  verbosity = 'high'
/
&SYSTEM
  ibrav = 0
  nat = 2
  ntyp = 1
  ecutwfc = 40.0
  nosym = .true.
  noinv = .true.
  nbnd = 8
/
&ELECTRONS
/
ATOMIC_SPECIES
  C  12.011 C.pbe-n-kjpaw_psl.1.0.0.UPF
CELL_PARAMETERS {bohr}
  5.921182  0.000000  0.000000
  2.960591  3.821082  0.000000
  0.000000  0.000000  28.346456
ATOMIC_POSITIONS {crystal}
  C  0.000048  -0.000021  0.000000
  C  0.333285  0.333354  0.000000
K_POINTS {tpiba}
1681
   -0.105574    0.722103  0.000000  1.0
   -0.105574    0.724103  0.000000  1.0
   -0.105574    0.726103  0.000000  1.0
   -0.105574    0.728103  0.000000  1.0
   -0.105574    0.730103  0.000000  1.0
   -0.105574    0.732103  0.000000  1.0
   -0.105574    0.734103  0.000000  1.0
   -0.105574    0.736103  0.000000  1.0
   -0.105574    0.738103  0.000000  1.0
   -0.105574    0.740103  0.000000  1.0
   -0.105574    0.742103  0.000000  1.0
   -0.105574    0.744103  0.000000  1.0
   -0.105574    0.746103  0.000000  1.0
   -0.105574    0.748103  0.000000  1.0
   -0.105574    0.750103  0.000000  1.0
   -0.105574    0.752103  0.000000  1.0
   -0.105574    0.754103  0.000000  1.0
   -0.105574    0.756103  0.000000  1.0
   -0.105574    0.758103  0.000000  1.0
   -0.105574    0.760103  0.000000  1.0
   -0.105574    0.762103  0.000000  1.0
   -0.105574    0.764103  0.000000  1.0
   -0.105574    0.766103  0.000000  1.0
   -0.105574    0.768103  0.000000  1.0
   -0.105574    0.770103  0.000000  1.0
   -0.105574    0.772103  0.000000  1.0
   -0.105574    0.774103  0.000000  1.0
   -0.105574    0.776103  0.000000  1.0
   -0.105574    0.778103  0.000000  1.0
   -0.105574    0.780103  0.000000  1.0
   -0.105574    0.782103  0.000000  1.0
   -0.105574    0.784103  0.000000  1.0
   -0.105574    0.786103  0.000000  1.0
   -0.105574    0.788103  0.000000  1.0
   -0.105574    0.790103  0.000000  1.0
   -0.105574    0.792103  0.000000  1.0
   -0.105574    0.794103  0.000000  1.0
   -0.105574    0.796103  0.000000  1.0
   -0.105574    0.798103  0.000000  1.0
   -0.105574    0.800103  0.000000  1.0
   -0.105574    0.802103  0.000000  1.0
   -0.103574    0.722103  0.000000  1.0
   -0.103574    0.724103  0.000000  1.0
   -0.103574    0.726103  0.000000  1.0
   -0.103574    0.728103  0.000000  1.0
   -0.103574    0.730103  0.000000  1.0
   -0.103574    0.732103  0.000000  1.0
   -0.103574    0.734103  0.000000  1.0
   -0.103574    0.736103  0.000000  1.0
   -0.103574    0.738103  0.000000  1.0
   -0.103574    0.740103  0.000000  1.0
   -0.103574    0.742103  0.000000  1.0
   -0.103574    0.744103  0.000000  1.0
   -0.103574    0.746103  0.000000  1.0
   -0.103574    0.748103  0.000000  1.0
   -0.103574    0.750103  0.000000  1.0
   -0.103574    0.752103  0.000000  1.0
   -0.103574    0.754103  0.000000  1.0
   -0.103574    0.756103  0.000000  1.0
   -0.103574    0.758103  0.000000  1.0
   -0.103574    0.760103  0.000000  1.0
   -0.103574    0.762103  0.000000  1.0
   -0.103574    0.764103  0.000000  1.0
   -0.103574    0.766103  0.000000  1.0
   -0.103574    0.768103  0.000000  1.0
   -0.103574    0.770103  0.000000  1.0
   -0.103574    0.772103  0.000000  1.0
   -0.103574    0.774103  0.000000  1.0
   -0.103574    0.776103  0.000000  1.0
   -0.103574    0.778103  0.000000  1.0
   -0.103574    0.780103  0.000000  1.0
   -0.103574    0.782103  0.000000  1.0
   -0.103574    0.784103  0.000000  1.0
   -0.103574    0.786103  0.000000  1.0
   -0.103574    0.788103  0.000000  1.0
   -0.103574    0.790103  0.000000  1.0
   -0.103574    0.792103  0.000000  1.0
   -0.103574    0.794103  0.000000  1.0
   -0.103574    0.796103  0.000000  1.0
   -0.103574    0.798103  0.000000  1.0
   -0.103574    0.800103  0.000000  1.0
   -0.103574    0.802103  0.000000  1.0
   -0.101574    0.722103  0.000000  1.0
   -0.101574    0.724103  0.000000  1.0
   -0.101574    0.726103  0.000000  1.0
   -0.101574    0.728103  0.000000  1.0
   -0.101574    0.730103  0.000000  1.0
   -0.101574    0.732103  0.000000  1.0
   -0.101574    0.734103  0.000000  1.0
   -0.101574    0.736103  0.000000  1.0
   -0.101574    0.738103  0.000000  1.0
   -0.101574    0.740103  0.000000  1.0
   -0.101574    0.742103  0.000000  1.0
   -0.101574    0.744103  0.000000  1.0
   -0.101574    0.746103  0.000000  1.0
   -0.101574    0.748103  0.000000  1.0
   -0.101574    0.750103  0.000000  1.0
   -0.101574    0.752103  0.000000  1.0
   -0.101574    0.754103  0.000000  1.0
   -0.101574    0.756103  0.000000  1.0
   -0.101574    0.758103  0.000000  1.0
   -0.101574    0.760103  0.000000  1.0
   -0.101574    0.762103  0.000000  1.0
   -0.101574    0.764103  0.000000  1.0
   -0.101574    0.766103  0.000000  1.0
   -0.101574    0.768103  0.000000  1.0
   -0.101574    0.770103  0.000000  1.0
   -0.101574    0.772103  0.000000  1.0
   -0.101574    0.774103  0.000000  1.0
   -0.101574    0.776103  0.000000  1.0
   -0.101574    0.778103  0.000000  1.0
   -0.101574    0.780103  0.000000  1.0
   -0.101574    0.782103  0.000000  1.0
   -0.101574    0.784103  0.000000  1.0
   -0.101574    0.786103  0.000000  1.0
   -0.101574    0.788103  0.000000  1.0
   -0.101574    0.790103  0.000000  1.0
   -0.101574    0.792103  0.000000  1.0
   -0.101574    0.794103  0.000000  1.0
   -0.101574    0.796103  0.000000  1.0
   -0.101574    0.798103  0.000000  1.0
   -0.101574    0.800103  0.000000  1.0
   -0.101574    0.802103  0.000000  1.0
   -0.099574    0.722103  0.000000  1.0
   -0.099574    0.724103  0.000000  1.0
   -0.099574    0.726103  0.000000  1.0
   -0.099574    0.728103  0.000000  1.0
   -0.099574    0.730103  0.000000  1.0
   -0.099574    0.732103  0.000000  1.0
   -0.099574    0.734103  0.000000  1.0
   -0.099574    0.736103  0.000000  1.0
   -0.099574    0.738103  0.000000  1.0
   -0.099574    0.740103  0.000000  1.0
   -0.099574    0.742103  0.000000  1.0
   -0.099574    0.744103  0.000000  1.0
   -0.099574    0.746103  0.000000  1.0
   -0.099574    0.748103  0.000000  1.0
   -0.099574    0.750103  0.000000  1.0
   -0.099574    0.752103  0.000000  1.0
   -0.099574    0.754103  0.000000  1.0
   -0.099574    0.756103  0.000000  1.0
   -0.099574    0.758103  0.000000  1.0
   -0.099574    0.760103  0.000000  1.0
   -0.099574    0.762103  0.000000  1.0
   -0.099574    0.764103  0.000000  1.0
   -0.099574    0.766103  0.000000  1.0
   -0.099574    0.768103  0.000000  1.0
   -0.099574    0.770103  0.000000  1.0
   -0.099574    0.772103  0.000000  1.0
   -0.099574    0.774103  0.000000  1.0
   -0.099574    0.776103  0.000000  1.0
   -0.099574    0.778103  0.000000  1.0
   -0.099574    0.780103  0.000000  1.0
   -0.099574    0.782103  0.000000  1.0
   -0.099574    0.784103  0.000000  1.0
   -0.099574    0.786103  0.000000  1.0
   -0.099574    0.788103  0.000000  1.0
   -0.099574    0.790103  0.000000  1.0
   -0.099574    0.792103  0.000000  1.0
   -0.099574    0.794103  0.000000  1.0
   -0.099574    0.796103  0.000000  1.0
   -0.099574    0.798103  0.000000  1.0
   -0.099574    0.800103  0.000000  1.0
   -0.099574    0.802103  0.000000  1.0
   -0.097574    0.722103  0.000000  1.0
   -0.097574    0.724103  0.000000  1.0
   -0.097574    0.726103  0.000000  1.0
   -0.097574    0.728103  0.000000  1.0
   -0.097574    0.730103  0.000000  1.0
   -0.097574    0.732103  0.000000  1.0
   -0.097574    0.734103  0.000000  1.0
   -0.097574    0.736103  0.000000  1.0
   -0.097574    0.738103  0.000000  1.0
   -0.097574    0.740103  0.000000  1.0
   -0.097574    0.742103  0.000000  1.0
   -0.097574    0.744103  0.000000  1.0
   -0.097574    0.746103  0.000000  1.0
   -0.097574    0.748103  0.000000  1.0
   -0.097574    0.750103  0.000000  1.0
   -0.097574    0.752103  0.000000  1.0
   -0.097574    0.754103  0.000000  1.0
   -0.097574    0.756103  0.000000  1.0
   -0.097574    0.758103  0.000000  1.0
   -0.097574    0.760103  0.000000  1.0
   -0.097574    0.762103  0.000000  1.0
   -0.097574    0.764103  0.000000  1.0
   -0.097574    0.766103  0.000000  1.0
   -0.097574    0.768103  0.000000  1.0
   -0.097574    0.770103  0.000000  1.0
   -0.097574    0.772103  0.000000  1.0
   -0.097574    0.774103  0.000000  1.0
   -0.097574    0.776103  0.000000  1.0
   -0.097574    0.778103  0.000000  1.0
   -0.097574    0.780103  0.000000  1.0
   -0.097574    0.782103  0.000000  1.0
   -0.097574    0.784103  0.000000  1.0
   -0.097574    0.786103  0.000000  1.0
   -0.097574    0.788103  0.000000  1.0
   -0.097574    0.790103  0.000000  1.0
   -0.097574    0.792103  0.000000  1.0
   -0.097574    0.794103  0.000000  1.0
   -0.097574    0.796103  0.000000  1.0
   -0.097574    0.798103  0.000000  1.0
   -0.097574    0.800103  0.000000  1.0
   -0.097574    0.802103  0.000000  1.0
   -0.095574    0.722103  0.000000  1.0
   -0.095574    0.724103  0.000000  1.0
   -0.095574    0.726103  0.000000  1.0
   -0.095574    0.728103  0.000000  1.0
   -0.095574    0.730103  0.000000  1.0
   -0.095574    0.732103  0.000000  1.0
   -0.095574    0.734103  0.000000  1.0
   -0.095574    0.736103  0.000000  1.0
   -0.095574    0.738103  0.000000  1.0
   -0.095574    0.740103  0.000000  1.0
   -0.095574    0.742103  0.000000  1.0
   -0.095574    0.744103  0.000000  1.0
   -0.095574    0.746103  0.000000  1.0
   -0.095574    0.748103  0.000000  1.0
   -0.095574    0.750103  0.000000  1.0
   -0.095574    0.752103  0.000000  1.0
   -0.095574    0.754103  0.000000  1.0
   -0.095574    0.756103  0.000000  1.0
   -0.095574    0.758103  0.000000  1.0
   -0.095574    0.760103  0.000000  1.0
   -0.095574    0.762103  0.000000  1.0
   -0.095574    0.764103  0.000000  1.0
   -0.095574    0.766103  0.000000  1.0
   -0.095574    0.768103  0.000000  1.0
   -0.095574    0.770103  0.000000  1.0
   -0.095574    0.772103  0.000000  1.0
   -0.095574    0.774103  0.000000  1.0
   -0.095574    0.776103  0.000000  1.0
   -0.095574    0.778103  0.000000  1.0
   -0.095574    0.780103  0.000000  1.0
   -0.095574    0.782103  0.000000  1.0
   -0.095574    0.784103  0.000000  1.0
   -0.095574    0.786103  0.000000  1.0
   -0.095574    0.788103  0.000000  1.0
   -0.095574    0.790103  0.000000  1.0
   -0.095574    0.792103  0.000000  1.0
   -0.095574    0.794103  0.000000  1.0
   -0.095574    0.796103  0.000000  1.0
   -0.095574    0.798103  0.000000  1.0
   -0.095574    0.800103  0.000000  1.0
   -0.095574    0.802103  0.000000  1.0
   -0.093574    0.722103  0.000000  1.0
   -0.093574    0.724103  0.000000  1.0
   -0.093574    0.726103  0.000000  1.0
   -0.093574    0.728103  0.000000  1.0
   -0.093574    0.730103  0.000000  1.0
   -0.093574    0.732103  0.000000  1.0
   -0.093574    0.734103  0.000000  1.0
   -0.093574    0.736103  0.000000  1.0
   -0.093574    0.738103  0.000000  1.0
   -0.093574    0.740103  0.000000  1.0
   -0.093574    0.742103  0.000000  1.0
   -0.093574    0.744103  0.000000  1.0
   -0.093574    0.746103  0.000000  1.0
   -0.093574    0.748103  0.000000  1.0
   -0.093574    0.750103  0.000000  1.0
   -0.093574    0.752103  0.000000  1.0
   -0.093574    0.754103  0.000000  1.0
   -0.093574    0.756103  0.000000  1.0
   -0.093574    0.758103  0.000000  1.0
   -0.093574    0.760103  0.000000  1.0
   -0.093574    0.762103  0.000000  1.0
   -0.093574    0.764103  0.000000  1.0
   -0.093574    0.766103  0.000000  1.0
   -0.093574    0.768103  0.000000  1.0
   -0.093574    0.770103  0.000000  1.0
   -0.093574    0.772103  0.000000  1.0
   -0.093574    0.774103  0.000000  1.0
   -0.093574    0.776103  0.000000  1.0
   -0.093574    0.778103  0.000000  1.0
   -0.093574    0.780103  0.000000  1.0
   -0.093574    0.782103  0.000000  1.0
   -0.093574    0.784103  0.000000  1.0
   -0.093574    0.786103  0.000000  1.0
   -0.093574    0.788103  0.000000  1.0
   -0.093574    0.790103  0.000000  1.0
   -0.093574    0.792103  0.000000  1.0
   -0.093574    0.794103  0.000000  1.0
   -0.093574    0.796103  0.000000  1.0
   -0.093574    0.798103  0.000000  1.0
   -0.093574    0.800103  0.000000  1.0
   -0.093574    0.802103  0.000000  1.0
   -0.091574    0.722103  0.000000  1.0
   -0.091574    0.724103  0.000000  1.0
   -0.091574    0.726103  0.000000  1.0
   -0.091574    0.728103  0.000000  1.0
   -0.091574    0.730103  0.000000  1.0
   -0.091574    0.732103  0.000000  1.0
   -0.091574    0.734103  0.000000  1.0
   -0.091574    0.736103  0.000000  1.0
   -0.091574    0.738103  0.000000  1.0
   -0.091574    0.740103  0.000000  1.0
   -0.091574    0.742103  0.000000  1.0
   -0.091574    0.744103  0.000000  1.0
   -0.091574    0.746103  0.000000  1.0
   -0.091574    0.748103  0.000000  1.0
   -0.091574    0.750103  0.000000  1.0
   -0.091574    0.752103  0.000000  1.0
   -0.091574    0.754103  0.000000  1.0
   -0.091574    0.756103  0.000000  1.0
   -0.091574    0.758103  0.000000  1.0
   -0.091574    0.760103  0.000000  1.0
   -0.091574    0.762103  0.000000  1.0
   -0.091574    0.764103  0.000000  1.0
   -0.091574    0.766103  0.000000  1.0
   -0.091574    0.768103  0.000000  1.0
   -0.091574    0.770103  0.000000  1.0
   -0.091574    0.772103  0.000000  1.0
   -0.091574    0.774103  0.000000  1.0
   -0.091574    0.776103  0.000000  1.0
   -0.091574    0.778103  0.000000  1.0
   -0.091574    0.780103  0.000000  1.0
   -0.091574    0.782103  0.000000  1.0
   -0.091574    0.784103  0.000000  1.0
   -0.091574    0.786103  0.000000  1.0
   -0.091574    0.788103  0.000000  1.0
   -0.091574    0.790103  0.000000  1.0
   -0.091574    0.792103  0.000000  1.0
   -0.091574    0.794103  0.000000  1.0
   -0.091574    0.796103  0.000000  1.0
   -0.091574    0.798103  0.000000  1.0
   -0.091574    0.800103  0.000000  1.0
   -0.091574    0.802103  0.000000  1.0
   -0.089574    0.722103  0.000000  1.0
   -0.089574    0.724103  0.000000  1.0
   -0.089574    0.726103  0.000000  1.0
   -0.089574    0.728103  0.000000  1.0
   -0.089574    0.730103  0.000000  1.0
   -0.089574    0.732103  0.000000  1.0
   -0.089574    0.734103  0.000000  1.0
   -0.089574    0.736103  0.000000  1.0
   -0.089574    0.738103  0.000000  1.0
   -0.089574    0.740103  0.000000  1.0
   -0.089574    0.742103  0.000000  1.0
   -0.089574    0.744103  0.000000  1.0
   -0.089574    0.746103  0.000000  1.0
   -0.089574    0.748103  0.000000  1.0
   -0.089574    0.750103  0.000000  1.0
   -0.089574    0.752103  0.000000  1.0
   -0.089574    0.754103  0.000000  1.0
   -0.089574    0.756103  0.000000  1.0
   -0.089574    0.758103  0.000000  1.0
   -0.089574    0.760103  0.000000  1.0
   -0.089574    0.762103  0.000000  1.0
   -0.089574    0.764103  0.000000  1.0
   -0.089574    0.766103  0.000000  1.0
   -0.089574    0.768103  0.000000  1.0
   -0.089574    0.770103  0.000000  1.0
   -0.089574    0.772103  0.000000  1.0
   -0.089574    0.774103  0.000000  1.0
   -0.089574    0.776103  0.000000  1.0
   -0.089574    0.778103  0.000000  1.0
   -0.089574    0.780103  0.000000  1.0
   -0.089574    0.782103  0.000000  1.0
   -0.089574    0.784103  0.000000  1.0
   -0.089574    0.786103  0.000000  1.0
   -0.089574    0.788103  0.000000  1.0
   -0.089574    0.790103  0.000000  1.0
   -0.089574    0.792103  0.000000  1.0
   -0.089574    0.794103  0.000000  1.0
   -0.089574    0.796103  0.000000  1.0
   -0.089574    0.798103  0.000000  1.0
   -0.089574    0.800103  0.000000  1.0
   -0.089574    0.802103  0.000000  1.0
   -0.087574    0.722103  0.000000  1.0
   -0.087574    0.724103  0.000000  1.0
   -0.087574    0.726103  0.000000  1.0
   -0.087574    0.728103  0.000000  1.0
   -0.087574    0.730103  0.000000  1.0
   -0.087574    0.732103  0.000000  1.0
   -0.087574    0.734103  0.000000  1.0
   -0.087574    0.736103  0.000000  1.0
   -0.087574    0.738103  0.000000  1.0
   -0.087574    0.740103  0.000000  1.0
   -0.087574    0.742103  0.000000  1.0
   -0.087574    0.744103  0.000000  1.0
   -0.087574    0.746103  0.000000  1.0
   -0.087574    0.748103  0.000000  1.0
   -0.087574    0.750103  0.000000  1.0
   -0.087574    0.752103  0.000000  1.0
   -0.087574    0.754103  0.000000  1.0
   -0.087574    0.756103  0.000000  1.0
   -0.087574    0.758103  0.000000  1.0
   -0.087574    0.760103  0.000000  1.0
   -0.087574    0.762103  0.000000  1.0
   -0.087574    0.764103  0.000000  1.0
   -0.087574    0.766103  0.000000  1.0
   -0.087574    0.768103  0.000000  1.0
   -0.087574    0.770103  0.000000  1.0
   -0.087574    0.772103  0.000000  1.0
   -0.087574    0.774103  0.000000  1.0
   -0.087574    0.776103  0.000000  1.0
   -0.087574    0.778103  0.000000  1.0
   -0.087574    0.780103  0.000000  1.0
   -0.087574    0.782103  0.000000  1.0
   -0.087574    0.784103  0.000000  1.0
   -0.087574    0.786103  0.000000  1.0
   -0.087574    0.788103  0.000000  1.0
   -0.087574    0.790103  0.000000  1.0
   -0.087574    0.792103  0.000000  1.0
   -0.087574    0.794103  0.000000  1.0
   -0.087574    0.796103  0.000000  1.0
   -0.087574    0.798103  0.000000  1.0
   -0.087574    0.800103  0.000000  1.0
   -0.087574    0.802103  0.000000  1.0
   -0.085574    0.722103  0.000000  1.0
   -0.085574    0.724103  0.000000  1.0
   -0.085574    0.726103  0.000000  1.0
   -0.085574    0.728103  0.000000  1.0
   -0.085574    0.730103  0.000000  1.0
   -0.085574    0.732103  0.000000  1.0
   -0.085574    0.734103  0.000000  1.0
   -0.085574    0.736103  0.000000  1.0
   -0.085574    0.738103  0.000000  1.0
   -0.085574    0.740103  0.000000  1.0
   -0.085574    0.742103  0.000000  1.0
   -0.085574    0.744103  0.000000  1.0
   -0.085574    0.746103  0.000000  1.0
   -0.085574    0.748103  0.000000  1.0
   -0.085574    0.750103  0.000000  1.0
   -0.085574    0.752103  0.000000  1.0
   -0.085574    0.754103  0.000000  1.0
   -0.085574    0.756103  0.000000  1.0
   -0.085574    0.758103  0.000000  1.0
   -0.085574    0.760103  0.000000  1.0
   -0.085574    0.762103  0.000000  1.0
   -0.085574    0.764103  0.000000  1.0
   -0.085574    0.766103  0.000000  1.0
   -0.085574    0.768103  0.000000  1.0
   -0.085574    0.770103  0.000000  1.0
   -0.085574    0.772103  0.000000  1.0
   -0.085574    0.774103  0.000000  1.0
   -0.085574    0.776103  0.000000  1.0
   -0.085574    0.778103  0.000000  1.0
   -0.085574    0.780103  0.000000  1.0
   -0.085574    0.782103  0.000000  1.0
   -0.085574    0.784103  0.000000  1.0
   -0.085574    0.786103  0.000000  1.0
   -0.085574    0.788103  0.000000  1.0
   -0.085574    0.790103  0.000000  1.0
   -0.085574    0.792103  0.000000  1.0
   -0.085574    0.794103  0.000000  1.0
   -0.085574    0.796103  0.000000  1.0
   -0.085574    0.798103  0.000000  1.0
   -0.085574    0.800103  0.000000  1.0
   -0.085574    0.802103  0.000000  1.0
   -0.083574    0.722103  0.000000  1.0
   -0.083574    0.724103  0.000000  1.0
   -0.083574    0.726103  0.000000  1.0
   -0.083574    0.728103  0.000000  1.0
   -0.083574    0.730103  0.000000  1.0
   -0.083574    0.732103  0.000000  1.0
   -0.083574    0.734103  0.000000  1.0
   -0.083574    0.736103  0.000000  1.0
   -0.083574    0.738103  0.000000  1.0
   -0.083574    0.740103  0.000000  1.0
   -0.083574    0.742103  0.000000  1.0
   -0.083574    0.744103  0.000000  1.0
   -0.083574    0.746103  0.000000  1.0
   -0.083574    0.748103  0.000000  1.0
   -0.083574    0.750103  0.000000  1.0
   -0.083574    0.752103  0.000000  1.0
   -0.083574    0.754103  0.000000  1.0
   -0.083574    0.756103  0.000000  1.0
   -0.083574    0.758103  0.000000  1.0
   -0.083574    0.760103  0.000000  1.0
   -0.083574    0.762103  0.000000  1.0
   -0.083574    0.764103  0.000000  1.0
   -0.083574    0.766103  0.000000  1.0
   -0.083574    0.768103  0.000000  1.0
   -0.083574    0.770103  0.000000  1.0
   -0.083574    0.772103  0.000000  1.0
   -0.083574    0.774103  0.000000  1.0
   -0.083574    0.776103  0.000000  1.0
   -0.083574    0.778103  0.000000  1.0
   -0.083574    0.780103  0.000000  1.0
   -0.083574    0.782103  0.000000  1.0
   -0.083574    0.784103  0.000000  1.0
   -0.083574    0.786103  0.000000  1.0
   -0.083574    0.788103  0.000000  1.0
   -0.083574    0.790103  0.000000  1.0
   -0.083574    0.792103  0.000000  1.0
   -0.083574    0.794103  0.000000  1.0
   -0.083574    0.796103  0.000000  1.0
   -0.083574    0.798103  0.000000  1.0
   -0.083574    0.800103  0.000000  1.0
   -0.083574    0.802103  0.000000  1.0
   -0.081574    0.722103  0.000000  1.0
   -0.081574    0.724103  0.000000  1.0
   -0.081574    0.726103  0.000000  1.0
   -0.081574    0.728103  0.000000  1.0
   -0.081574    0.730103  0.000000  1.0
   -0.081574    0.732103  0.000000  1.0
   -0.081574    0.734103  0.000000  1.0
   -0.081574    0.736103  0.000000  1.0
   -0.081574    0.738103  0.000000  1.0
   -0.081574    0.740103  0.000000  1.0
   -0.081574    0.742103  0.000000  1.0
   -0.081574    0.744103  0.000000  1.0
   -0.081574    0.746103  0.000000  1.0
   -0.081574    0.748103  0.000000  1.0
   -0.081574    0.750103  0.000000  1.0
   -0.081574    0.752103  0.000000  1.0
   -0.081574    0.754103  0.000000  1.0
   -0.081574    0.756103  0.000000  1.0
   -0.081574    0.758103  0.000000  1.0
   -0.081574    0.760103  0.000000  1.0
   -0.081574    0.762103  0.000000  1.0
   -0.081574    0.764103  0.000000  1.0
   -0.081574    0.766103  0.000000  1.0
   -0.081574    0.768103  0.000000  1.0
   -0.081574    0.770103  0.000000  1.0
   -0.081574    0.772103  0.000000  1.0
   -0.081574    0.774103  0.000000  1.0
   -0.081574    0.776103  0.000000  1.0
   -0.081574    0.778103  0.000000  1.0
   -0.081574    0.780103  0.000000  1.0
   -0.081574    0.782103  0.000000  1.0
   -0.081574    0.784103  0.000000  1.0
   -0.081574    0.786103  0.000000  1.0
   -0.081574    0.788103  0.000000  1.0
   -0.081574    0.790103  0.000000  1.0
   -0.081574    0.792103  0.000000  1.0
   -0.081574    0.794103  0.000000  1.0
   -0.081574    0.796103  0.000000  1.0
   -0.081574    0.798103  0.000000  1.0
   -0.081574    0.800103  0.000000  1.0
   -0.081574    0.802103  0.000000  1.0
   -0.079574    0.722103  0.000000  1.0
   -0.079574    0.724103  0.000000  1.0
   -0.079574    0.726103  0.000000  1.0
   -0.079574    0.728103  0.000000  1.0
   -0.079574    0.730103  0.000000  1.0
   -0.079574    0.732103  0.000000  1.0
   -0.079574    0.734103  0.000000  1.0
   -0.079574    0.736103  0.000000  1.0
   -0.079574    0.738103  0.000000  1.0
   -0.079574    0.740103  0.000000  1.0
   -0.079574    0.742103  0.000000  1.0
   -0.079574    0.744103  0.000000  1.0
   -0.079574    0.746103  0.000000  1.0
   -0.079574    0.748103  0.000000  1.0
   -0.079574    0.750103  0.000000  1.0
   -0.079574    0.752103  0.000000  1.0
   -0.079574    0.754103  0.000000  1.0
   -0.079574    0.756103  0.000000  1.0
   -0.079574    0.758103  0.000000  1.0
   -0.079574    0.760103  0.000000  1.0
   -0.079574    0.762103  0.000000  1.0
   -0.079574    0.764103  0.000000  1.0
   -0.079574    0.766103  0.000000  1.0
   -0.079574    0.768103  0.000000  1.0
   -0.079574    0.770103  0.000000  1.0
   -0.079574    0.772103  0.000000  1.0
   -0.079574    0.774103  0.000000  1.0
   -0.079574    0.776103  0.000000  1.0
   -0.079574    0.778103  0.000000  1.0
   -0.079574    0.780103  0.000000  1.0
   -0.079574    0.782103  0.000000  1.0
   -0.079574    0.784103  0.000000  1.0
   -0.079574    0.786103  0.000000  1.0
   -0.079574    0.788103  0.000000  1.0
   -0.079574    0.790103  0.000000  1.0
   -0.079574    0.792103  0.000000  1.0
   -0.079574    0.794103  0.000000  1.0
   -0.079574    0.796103  0.000000  1.0
   -0.079574    0.798103  0.000000  1.0
   -0.079574    0.800103  0.000000  1.0
   -0.079574    0.802103  0.000000  1.0
   -0.077574    0.722103  0.000000  1.0
   -0.077574    0.724103  0.000000  1.0
   -0.077574    0.726103  0.000000  1.0
   -0.077574    0.728103  0.000000  1.0
   -0.077574    0.730103  0.000000  1.0
   -0.077574    0.732103  0.000000  1.0
   -0.077574    0.734103  0.000000  1.0
   -0.077574    0.736103  0.000000  1.0
   -0.077574    0.738103  0.000000  1.0
   -0.077574    0.740103  0.000000  1.0
   -0.077574    0.742103  0.000000  1.0
   -0.077574    0.744103  0.000000  1.0
   -0.077574    0.746103  0.000000  1.0
   -0.077574    0.748103  0.000000  1.0
   -0.077574    0.750103  0.000000  1.0
   -0.077574    0.752103  0.000000  1.0
   -0.077574    0.754103  0.000000  1.0
   -0.077574    0.756103  0.000000  1.0
   -0.077574    0.758103  0.000000  1.0
   -0.077574    0.760103  0.000000  1.0
   -0.077574    0.762103  0.000000  1.0
   -0.077574    0.764103  0.000000  1.0
   -0.077574    0.766103  0.000000  1.0
   -0.077574    0.768103  0.000000  1.0
   -0.077574    0.770103  0.000000  1.0
   -0.077574    0.772103  0.000000  1.0
   -0.077574    0.774103  0.000000  1.0
   -0.077574    0.776103  0.000000  1.0
   -0.077574    0.778103  0.000000  1.0
   -0.077574    0.780103  0.000000  1.0
   -0.077574    0.782103  0.000000  1.0
   -0.077574    0.784103  0.000000  1.0
   -0.077574    0.786103  0.000000  1.0
   -0.077574    0.788103  0.000000  1.0
   -0.077574    0.790103  0.000000  1.0
   -0.077574    0.792103  0.000000  1.0
   -0.077574    0.794103  0.000000  1.0
   -0.077574    0.796103  0.000000  1.0
   -0.077574    0.798103  0.000000  1.0
   -0.077574    0.800103  0.000000  1.0
   -0.077574    0.802103  0.000000  1.0
   -0.075574    0.722103  0.000000  1.0
   -0.075574    0.724103  0.000000  1.0
   -0.075574    0.726103  0.000000  1.0
   -0.075574    0.728103  0.000000  1.0
   -0.075574    0.730103  0.000000  1.0
   -0.075574    0.732103  0.000000  1.0
   -0.075574    0.734103  0.000000  1.0
   -0.075574    0.736103  0.000000  1.0
   -0.075574    0.738103  0.000000  1.0
   -0.075574    0.740103  0.000000  1.0
   -0.075574    0.742103  0.000000  1.0
   -0.075574    0.744103  0.000000  1.0
   -0.075574    0.746103  0.000000  1.0
   -0.075574    0.748103  0.000000  1.0
   -0.075574    0.750103  0.000000  1.0
   -0.075574    0.752103  0.000000  1.0
   -0.075574    0.754103  0.000000  1.0
   -0.075574    0.756103  0.000000  1.0
   -0.075574    0.758103  0.000000  1.0
   -0.075574    0.760103  0.000000  1.0
   -0.075574    0.762103  0.000000  1.0
   -0.075574    0.764103  0.000000  1.0
   -0.075574    0.766103  0.000000  1.0
   -0.075574    0.768103  0.000000  1.0
   -0.075574    0.770103  0.000000  1.0
   -0.075574    0.772103  0.000000  1.0
   -0.075574    0.774103  0.000000  1.0
   -0.075574    0.776103  0.000000  1.0
   -0.075574    0.778103  0.000000  1.0
   -0.075574    0.780103  0.000000  1.0
   -0.075574    0.782103  0.000000  1.0
   -0.075574    0.784103  0.000000  1.0
   -0.075574    0.786103  0.000000  1.0
   -0.075574    0.788103  0.000000  1.0
   -0.075574    0.790103  0.000000  1.0
   -0.075574    0.792103  0.000000  1.0
   -0.075574    0.794103  0.000000  1.0
   -0.075574    0.796103  0.000000  1.0
   -0.075574    0.798103  0.000000  1.0
   -0.075574    0.800103  0.000000  1.0
   -0.075574    0.802103  0.000000  1.0
   -0.073574    0.722103  0.000000  1.0
   -0.073574    0.724103  0.000000  1.0
   -0.073574    0.726103  0.000000  1.0
   -0.073574    0.728103  0.000000  1.0
   -0.073574    0.730103  0.000000  1.0
   -0.073574    0.732103  0.000000  1.0
   -0.073574    0.734103  0.000000  1.0
   -0.073574    0.736103  0.000000  1.0
   -0.073574    0.738103  0.000000  1.0
   -0.073574    0.740103  0.000000  1.0
   -0.073574    0.742103  0.000000  1.0
   -0.073574    0.744103  0.000000  1.0
   -0.073574    0.746103  0.000000  1.0
   -0.073574    0.748103  0.000000  1.0
   -0.073574    0.750103  0.000000  1.0
   -0.073574    0.752103  0.000000  1.0
   -0.073574    0.754103  0.000000  1.0
   -0.073574    0.756103  0.000000  1.0
   -0.073574    0.758103  0.000000  1.0
   -0.073574    0.760103  0.000000  1.0
   -0.073574    0.762103  0.000000  1.0
   -0.073574    0.764103  0.000000  1.0
   -0.073574    0.766103  0.000000  1.0
   -0.073574    0.768103  0.000000  1.0
   -0.073574    0.770103  0.000000  1.0
   -0.073574    0.772103  0.000000  1.0
   -0.073574    0.774103  0.000000  1.0
   -0.073574    0.776103  0.000000  1.0
   -0.073574    0.778103  0.000000  1.0
   -0.073574    0.780103  0.000000  1.0
   -0.073574    0.782103  0.000000  1.0
   -0.073574    0.784103  0.000000  1.0
   -0.073574    0.786103  0.000000  1.0
   -0.073574    0.788103  0.000000  1.0
   -0.073574    0.790103  0.000000  1.0
   -0.073574    0.792103  0.000000  1.0
   -0.073574    0.794103  0.000000  1.0
   -0.073574    0.796103  0.000000  1.0
   -0.073574    0.798103  0.000000  1.0
   -0.073574    0.800103  0.000000  1.0
   -0.073574    0.802103  0.000000  1.0
   -0.071574    0.722103  0.000000  1.0
   -0.071574    0.724103  0.000000  1.0
   -0.071574    0.726103  0.000000  1.0
   -0.071574    0.728103  0.000000  1.0
   -0.071574    0.730103  0.000000  1.0
   -0.071574    0.732103  0.000000  1.0
   -0.071574    0.734103  0.000000  1.0
   -0.071574    0.736103  0.000000  1.0
   -0.071574    0.738103  0.000000  1.0
   -0.071574    0.740103  0.000000  1.0
   -0.071574    0.742103  0.000000  1.0
   -0.071574    0.744103  0.000000  1.0
   -0.071574    0.746103  0.000000  1.0
   -0.071574    0.748103  0.000000  1.0
   -0.071574    0.750103  0.000000  1.0
   -0.071574    0.752103  0.000000  1.0
   -0.071574    0.754103  0.000000  1.0
   -0.071574    0.756103  0.000000  1.0
   -0.071574    0.758103  0.000000  1.0
   -0.071574    0.760103  0.000000  1.0
   -0.071574    0.762103  0.000000  1.0
   -0.071574    0.764103  0.000000  1.0
   -0.071574    0.766103  0.000000  1.0
   -0.071574    0.768103  0.000000  1.0
   -0.071574    0.770103  0.000000  1.0
   -0.071574    0.772103  0.000000  1.0
   -0.071574    0.774103  0.000000  1.0
   -0.071574    0.776103  0.000000  1.0
   -0.071574    0.778103  0.000000  1.0
   -0.071574    0.780103  0.000000  1.0
   -0.071574    0.782103  0.000000  1.0
   -0.071574    0.784103  0.000000  1.0
   -0.071574    0.786103  0.000000  1.0
   -0.071574    0.788103  0.000000  1.0
   -0.071574    0.790103  0.000000  1.0
   -0.071574    0.792103  0.000000  1.0
   -0.071574    0.794103  0.000000  1.0
   -0.071574    0.796103  0.000000  1.0
   -0.071574    0.798103  0.000000  1.0
   -0.071574    0.800103  0.000000  1.0
   -0.071574    0.802103  0.000000  1.0
   -0.069574    0.722103  0.000000  1.0
   -0.069574    0.724103  0.000000  1.0
   -0.069574    0.726103  0.000000  1.0
   -0.069574    0.728103  0.000000  1.0
   -0.069574    0.730103  0.000000  1.0
   -0.069574    0.732103  0.000000  1.0
   -0.069574    0.734103  0.000000  1.0
   -0.069574    0.736103  0.000000  1.0
   -0.069574    0.738103  0.000000  1.0
   -0.069574    0.740103  0.000000  1.0
   -0.069574    0.742103  0.000000  1.0
   -0.069574    0.744103  0.000000  1.0
   -0.069574    0.746103  0.000000  1.0
   -0.069574    0.748103  0.000000  1.0
   -0.069574    0.750103  0.000000  1.0
   -0.069574    0.752103  0.000000  1.0
   -0.069574    0.754103  0.000000  1.0
   -0.069574    0.756103  0.000000  1.0
   -0.069574    0.758103  0.000000  1.0
   -0.069574    0.760103  0.000000  1.0
   -0.069574    0.762103  0.000000  1.0
   -0.069574    0.764103  0.000000  1.0
   -0.069574    0.766103  0.000000  1.0
   -0.069574    0.768103  0.000000  1.0
   -0.069574    0.770103  0.000000  1.0
   -0.069574    0.772103  0.000000  1.0
   -0.069574    0.774103  0.000000  1.0
   -0.069574    0.776103  0.000000  1.0
   -0.069574    0.778103  0.000000  1.0
   -0.069574    0.780103  0.000000  1.0
   -0.069574    0.782103  0.000000  1.0
   -0.069574    0.784103  0.000000  1.0
   -0.069574    0.786103  0.000000  1.0
   -0.069574    0.788103  0.000000  1.0
   -0.069574    0.790103  0.000000  1.0
   -0.069574    0.792103  0.000000  1.0
   -0.069574    0.794103  0.000000  1.0
   -0.069574    0.796103  0.000000  1.0
   -0.069574    0.798103  0.000000  1.0
   -0.069574    0.800103  0.000000  1.0
   -0.069574    0.802103  0.000000  1.0
   -0.067574    0.722103  0.000000  1.0
   -0.067574    0.724103  0.000000  1.0
   -0.067574    0.726103  0.000000  1.0
   -0.067574    0.728103  0.000000  1.0
   -0.067574    0.730103  0.000000  1.0
   -0.067574    0.732103  0.000000  1.0
   -0.067574    0.734103  0.000000  1.0
   -0.067574    0.736103  0.000000  1.0
   -0.067574    0.738103  0.000000  1.0
   -0.067574    0.740103  0.000000  1.0
   -0.067574    0.742103  0.000000  1.0
   -0.067574    0.744103  0.000000  1.0
   -0.067574    0.746103  0.000000  1.0
   -0.067574    0.748103  0.000000  1.0
   -0.067574    0.750103  0.000000  1.0
   -0.067574    0.752103  0.000000  1.0
   -0.067574    0.754103  0.000000  1.0
   -0.067574    0.756103  0.000000  1.0
   -0.067574    0.758103  0.000000  1.0
   -0.067574    0.760103  0.000000  1.0
   -0.067574    0.762103  0.000000  1.0
   -0.067574    0.764103  0.000000  1.0
   -0.067574    0.766103  0.000000  1.0
   -0.067574    0.768103  0.000000  1.0
   -0.067574    0.770103  0.000000  1.0
   -0.067574    0.772103  0.000000  1.0
   -0.067574    0.774103  0.000000  1.0
   -0.067574    0.776103  0.000000  1.0
   -0.067574    0.778103  0.000000  1.0
   -0.067574    0.780103  0.000000  1.0
   -0.067574    0.782103  0.000000  1.0
   -0.067574    0.784103  0.000000  1.0
   -0.067574    0.786103  0.000000  1.0
   -0.067574    0.788103  0.000000  1.0
   -0.067574    0.790103  0.000000  1.0
   -0.067574    0.792103  0.000000  1.0
   -0.067574    0.794103  0.000000  1.0
   -0.067574    0.796103  0.000000  1.0
   -0.067574    0.798103  0.000000  1.0
   -0.067574    0.800103  0.000000  1.0
   -0.067574    0.802103  0.000000  1.0
   -0.065574    0.722103  0.000000  1.0
   -0.065574    0.724103  0.000000  1.0
   -0.065574    0.726103  0.000000  1.0
   -0.065574    0.728103  0.000000  1.0
   -0.065574    0.730103  0.000000  1.0
   -0.065574    0.732103  0.000000  1.0
   -0.065574    0.734103  0.000000  1.0
   -0.065574    0.736103  0.000000  1.0
   -0.065574    0.738103  0.000000  1.0
   -0.065574    0.740103  0.000000  1.0
   -0.065574    0.742103  0.000000  1.0
   -0.065574    0.744103  0.000000  1.0
   -0.065574    0.746103  0.000000  1.0
   -0.065574    0.748103  0.000000  1.0
   -0.065574    0.750103  0.000000  1.0
   -0.065574    0.752103  0.000000  1.0
   -0.065574    0.754103  0.000000  1.0
   -0.065574    0.756103  0.000000  1.0
   -0.065574    0.758103  0.000000  1.0
   -0.065574    0.760103  0.000000  1.0
   -0.065574    0.762103  0.000000  1.0
   -0.065574    0.764103  0.000000  1.0
   -0.065574    0.766103  0.000000  1.0
   -0.065574    0.768103  0.000000  1.0
   -0.065574    0.770103  0.000000  1.0
   -0.065574    0.772103  0.000000  1.0
   -0.065574    0.774103  0.000000  1.0
   -0.065574    0.776103  0.000000  1.0
   -0.065574    0.778103  0.000000  1.0
   -0.065574    0.780103  0.000000  1.0
   -0.065574    0.782103  0.000000  1.0
   -0.065574    0.784103  0.000000  1.0
   -0.065574    0.786103  0.000000  1.0
   -0.065574    0.788103  0.000000  1.0
   -0.065574    0.790103  0.000000  1.0
   -0.065574    0.792103  0.000000  1.0
   -0.065574    0.794103  0.000000  1.0
   -0.065574    0.796103  0.000000  1.0
   -0.065574    0.798103  0.000000  1.0
   -0.065574    0.800103  0.000000  1.0
   -0.065574    0.802103  0.000000  1.0
   -0.063574    0.722103  0.000000  1.0
   -0.063574    0.724103  0.000000  1.0
   -0.063574    0.726103  0.000000  1.0
   -0.063574    0.728103  0.000000  1.0
   -0.063574    0.730103  0.000000  1.0
   -0.063574    0.732103  0.000000  1.0
   -0.063574    0.734103  0.000000  1.0
   -0.063574    0.736103  0.000000  1.0
   -0.063574    0.738103  0.000000  1.0
   -0.063574    0.740103  0.000000  1.0
   -0.063574    0.742103  0.000000  1.0
   -0.063574    0.744103  0.000000  1.0
   -0.063574    0.746103  0.000000  1.0
   -0.063574    0.748103  0.000000  1.0
   -0.063574    0.750103  0.000000  1.0
   -0.063574    0.752103  0.000000  1.0
   -0.063574    0.754103  0.000000  1.0
   -0.063574    0.756103  0.000000  1.0
   -0.063574    0.758103  0.000000  1.0
   -0.063574    0.760103  0.000000  1.0
   -0.063574    0.762103  0.000000  1.0
   -0.063574    0.764103  0.000000  1.0
   -0.063574    0.766103  0.000000  1.0
   -0.063574    0.768103  0.000000  1.0
   -0.063574    0.770103  0.000000  1.0
   -0.063574    0.772103  0.000000  1.0
   -0.063574    0.774103  0.000000  1.0
   -0.063574    0.776103  0.000000  1.0
   -0.063574    0.778103  0.000000  1.0
   -0.063574    0.780103  0.000000  1.0
   -0.063574    0.782103  0.000000  1.0
   -0.063574    0.784103  0.000000  1.0
   -0.063574    0.786103  0.000000  1.0
   -0.063574    0.788103  0.000000  1.0
   -0.063574    0.790103  0.000000  1.0
   -0.063574    0.792103  0.000000  1.0
   -0.063574    0.794103  0.000000  1.0
   -0.063574    0.796103  0.000000  1.0
   -0.063574    0.798103  0.000000  1.0
   -0.063574    0.800103  0.000000  1.0
   -0.063574    0.802103  0.000000  1.0
   -0.061574    0.722103  0.000000  1.0
   -0.061574    0.724103  0.000000  1.0
   -0.061574    0.726103  0.000000  1.0
   -0.061574    0.728103  0.000000  1.0
   -0.061574    0.730103  0.000000  1.0
   -0.061574    0.732103  0.000000  1.0
   -0.061574    0.734103  0.000000  1.0
   -0.061574    0.736103  0.000000  1.0
   -0.061574    0.738103  0.000000  1.0
   -0.061574    0.740103  0.000000  1.0
   -0.061574    0.742103  0.000000  1.0
   -0.061574    0.744103  0.000000  1.0
   -0.061574    0.746103  0.000000  1.0
   -0.061574    0.748103  0.000000  1.0
   -0.061574    0.750103  0.000000  1.0
   -0.061574    0.752103  0.000000  1.0
   -0.061574    0.754103  0.000000  1.0
   -0.061574    0.756103  0.000000  1.0
   -0.061574    0.758103  0.000000  1.0
   -0.061574    0.760103  0.000000  1.0
   -0.061574    0.762103  0.000000  1.0
   -0.061574    0.764103  0.000000  1.0
   -0.061574    0.766103  0.000000  1.0
   -0.061574    0.768103  0.000000  1.0
   -0.061574    0.770103  0.000000  1.0
   -0.061574    0.772103  0.000000  1.0
   -0.061574    0.774103  0.000000  1.0
   -0.061574    0.776103  0.000000  1.0
   -0.061574    0.778103  0.000000  1.0
   -0.061574    0.780103  0.000000  1.0
   -0.061574    0.782103  0.000000  1.0
   -0.061574    0.784103  0.000000  1.0
   -0.061574    0.786103  0.000000  1.0
   -0.061574    0.788103  0.000000  1.0
   -0.061574    0.790103  0.000000  1.0
   -0.061574    0.792103  0.000000  1.0
   -0.061574    0.794103  0.000000  1.0
   -0.061574    0.796103  0.000000  1.0
   -0.061574    0.798103  0.000000  1.0
   -0.061574    0.800103  0.000000  1.0
   -0.061574    0.802103  0.000000  1.0
   -0.059574    0.722103  0.000000  1.0
   -0.059574    0.724103  0.000000  1.0
   -0.059574    0.726103  0.000000  1.0
   -0.059574    0.728103  0.000000  1.0
   -0.059574    0.730103  0.000000  1.0
   -0.059574    0.732103  0.000000  1.0
   -0.059574    0.734103  0.000000  1.0
   -0.059574    0.736103  0.000000  1.0
   -0.059574    0.738103  0.000000  1.0
   -0.059574    0.740103  0.000000  1.0
   -0.059574    0.742103  0.000000  1.0
   -0.059574    0.744103  0.000000  1.0
   -0.059574    0.746103  0.000000  1.0
   -0.059574    0.748103  0.000000  1.0
   -0.059574    0.750103  0.000000  1.0
   -0.059574    0.752103  0.000000  1.0
   -0.059574    0.754103  0.000000  1.0
   -0.059574    0.756103  0.000000  1.0
   -0.059574    0.758103  0.000000  1.0
   -0.059574    0.760103  0.000000  1.0
   -0.059574    0.762103  0.000000  1.0
   -0.059574    0.764103  0.000000  1.0
   -0.059574    0.766103  0.000000  1.0
   -0.059574    0.768103  0.000000  1.0
   -0.059574    0.770103  0.000000  1.0
   -0.059574    0.772103  0.000000  1.0
   -0.059574    0.774103  0.000000  1.0
   -0.059574    0.776103  0.000000  1.0
   -0.059574    0.778103  0.000000  1.0
   -0.059574    0.780103  0.000000  1.0
   -0.059574    0.782103  0.000000  1.0
   -0.059574    0.784103  0.000000  1.0
   -0.059574    0.786103  0.000000  1.0
   -0.059574    0.788103  0.000000  1.0
   -0.059574    0.790103  0.000000  1.0
   -0.059574    0.792103  0.000000  1.0
   -0.059574    0.794103  0.000000  1.0
   -0.059574    0.796103  0.000000  1.0
   -0.059574    0.798103  0.000000  1.0
   -0.059574    0.800103  0.000000  1.0
   -0.059574    0.802103  0.000000  1.0
   -0.057574    0.722103  0.000000  1.0
   -0.057574    0.724103  0.000000  1.0
   -0.057574    0.726103  0.000000  1.0
   -0.057574    0.728103  0.000000  1.0
   -0.057574    0.730103  0.000000  1.0
   -0.057574    0.732103  0.000000  1.0
   -0.057574    0.734103  0.000000  1.0
   -0.057574    0.736103  0.000000  1.0
   -0.057574    0.738103  0.000000  1.0
   -0.057574    0.740103  0.000000  1.0
   -0.057574    0.742103  0.000000  1.0
   -0.057574    0.744103  0.000000  1.0
   -0.057574    0.746103  0.000000  1.0
   -0.057574    0.748103  0.000000  1.0
   -0.057574    0.750103  0.000000  1.0
   -0.057574    0.752103  0.000000  1.0
   -0.057574    0.754103  0.000000  1.0
   -0.057574    0.756103  0.000000  1.0
   -0.057574    0.758103  0.000000  1.0
   -0.057574    0.760103  0.000000  1.0
   -0.057574    0.762103  0.000000  1.0
   -0.057574    0.764103  0.000000  1.0
   -0.057574    0.766103  0.000000  1.0
   -0.057574    0.768103  0.000000  1.0
   -0.057574    0.770103  0.000000  1.0
   -0.057574    0.772103  0.000000  1.0
   -0.057574    0.774103  0.000000  1.0
   -0.057574    0.776103  0.000000  1.0
   -0.057574    0.778103  0.000000  1.0
   -0.057574    0.780103  0.000000  1.0
   -0.057574    0.782103  0.000000  1.0
   -0.057574    0.784103  0.000000  1.0
   -0.057574    0.786103  0.000000  1.0
   -0.057574    0.788103  0.000000  1.0
   -0.057574    0.790103  0.000000  1.0
   -0.057574    0.792103  0.000000  1.0
   -0.057574    0.794103  0.000000  1.0
   -0.057574    0.796103  0.000000  1.0
   -0.057574    0.798103  0.000000  1.0
   -0.057574    0.800103  0.000000  1.0
   -0.057574    0.802103  0.000000  1.0
   -0.055574    0.722103  0.000000  1.0
   -0.055574    0.724103  0.000000  1.0
   -0.055574    0.726103  0.000000  1.0
   -0.055574    0.728103  0.000000  1.0
   -0.055574    0.730103  0.000000  1.0
   -0.055574    0.732103  0.000000  1.0
   -0.055574    0.734103  0.000000  1.0
   -0.055574    0.736103  0.000000  1.0
   -0.055574    0.738103  0.000000  1.0
   -0.055574    0.740103  0.000000  1.0
   -0.055574    0.742103  0.000000  1.0
   -0.055574    0.744103  0.000000  1.0
   -0.055574    0.746103  0.000000  1.0
   -0.055574    0.748103  0.000000  1.0
   -0.055574    0.750103  0.000000  1.0
   -0.055574    0.752103  0.000000  1.0
   -0.055574    0.754103  0.000000  1.0
   -0.055574    0.756103  0.000000  1.0
   -0.055574    0.758103  0.000000  1.0
   -0.055574    0.760103  0.000000  1.0
   -0.055574    0.762103  0.000000  1.0
   -0.055574    0.764103  0.000000  1.0
   -0.055574    0.766103  0.000000  1.0
   -0.055574    0.768103  0.000000  1.0
   -0.055574    0.770103  0.000000  1.0
   -0.055574    0.772103  0.000000  1.0
   -0.055574    0.774103  0.000000  1.0
   -0.055574    0.776103  0.000000  1.0
   -0.055574    0.778103  0.000000  1.0
   -0.055574    0.780103  0.000000  1.0
   -0.055574    0.782103  0.000000  1.0
   -0.055574    0.784103  0.000000  1.0
   -0.055574    0.786103  0.000000  1.0
   -0.055574    0.788103  0.000000  1.0
   -0.055574    0.790103  0.000000  1.0
   -0.055574    0.792103  0.000000  1.0
   -0.055574    0.794103  0.000000  1.0
   -0.055574    0.796103  0.000000  1.0
   -0.055574    0.798103  0.000000  1.0
   -0.055574    0.800103  0.000000  1.0
   -0.055574    0.802103  0.000000  1.0
   -0.053574    0.722103  0.000000  1.0
   -0.053574    0.724103  0.000000  1.0
   -0.053574    0.726103  0.000000  1.0
   -0.053574    0.728103  0.000000  1.0
   -0.053574    0.730103  0.000000  1.0
   -0.053574    0.732103  0.000000  1.0
   -0.053574    0.734103  0.000000  1.0
   -0.053574    0.736103  0.000000  1.0
   -0.053574    0.738103  0.000000  1.0
   -0.053574    0.740103  0.000000  1.0
   -0.053574    0.742103  0.000000  1.0
   -0.053574    0.744103  0.000000  1.0
   -0.053574    0.746103  0.000000  1.0
   -0.053574    0.748103  0.000000  1.0
   -0.053574    0.750103  0.000000  1.0
   -0.053574    0.752103  0.000000  1.0
   -0.053574    0.754103  0.000000  1.0
   -0.053574    0.756103  0.000000  1.0
   -0.053574    0.758103  0.000000  1.0
   -0.053574    0.760103  0.000000  1.0
   -0.053574    0.762103  0.000000  1.0
   -0.053574    0.764103  0.000000  1.0
   -0.053574    0.766103  0.000000  1.0
   -0.053574    0.768103  0.000000  1.0
   -0.053574    0.770103  0.000000  1.0
   -0.053574    0.772103  0.000000  1.0
   -0.053574    0.774103  0.000000  1.0
   -0.053574    0.776103  0.000000  1.0
   -0.053574    0.778103  0.000000  1.0
   -0.053574    0.780103  0.000000  1.0
   -0.053574    0.782103  0.000000  1.0
   -0.053574    0.784103  0.000000  1.0
   -0.053574    0.786103  0.000000  1.0
   -0.053574    0.788103  0.000000  1.0
   -0.053574    0.790103  0.000000  1.0
   -0.053574    0.792103  0.000000  1.0
   -0.053574    0.794103  0.000000  1.0
   -0.053574    0.796103  0.000000  1.0
   -0.053574    0.798103  0.000000  1.0
   -0.053574    0.800103  0.000000  1.0
   -0.053574    0.802103  0.000000  1.0
   -0.051574    0.722103  0.000000  1.0
   -0.051574    0.724103  0.000000  1.0
   -0.051574    0.726103  0.000000  1.0
   -0.051574    0.728103  0.000000  1.0
   -0.051574    0.730103  0.000000  1.0
   -0.051574    0.732103  0.000000  1.0
   -0.051574    0.734103  0.000000  1.0
   -0.051574    0.736103  0.000000  1.0
   -0.051574    0.738103  0.000000  1.0
   -0.051574    0.740103  0.000000  1.0
   -0.051574    0.742103  0.000000  1.0
   -0.051574    0.744103  0.000000  1.0
   -0.051574    0.746103  0.000000  1.0
   -0.051574    0.748103  0.000000  1.0
   -0.051574    0.750103  0.000000  1.0
   -0.051574    0.752103  0.000000  1.0
   -0.051574    0.754103  0.000000  1.0
   -0.051574    0.756103  0.000000  1.0
   -0.051574    0.758103  0.000000  1.0
   -0.051574    0.760103  0.000000  1.0
   -0.051574    0.762103  0.000000  1.0
   -0.051574    0.764103  0.000000  1.0
   -0.051574    0.766103  0.000000  1.0
   -0.051574    0.768103  0.000000  1.0
   -0.051574    0.770103  0.000000  1.0
   -0.051574    0.772103  0.000000  1.0
   -0.051574    0.774103  0.000000  1.0
   -0.051574    0.776103  0.000000  1.0
   -0.051574    0.778103  0.000000  1.0
   -0.051574    0.780103  0.000000  1.0
   -0.051574    0.782103  0.000000  1.0
   -0.051574    0.784103  0.000000  1.0
   -0.051574    0.786103  0.000000  1.0
   -0.051574    0.788103  0.000000  1.0
   -0.051574    0.790103  0.000000  1.0
   -0.051574    0.792103  0.000000  1.0
   -0.051574    0.794103  0.000000  1.0
   -0.051574    0.796103  0.000000  1.0
   -0.051574    0.798103  0.000000  1.0
   -0.051574    0.800103  0.000000  1.0
   -0.051574    0.802103  0.000000  1.0
   -0.049574    0.722103  0.000000  1.0
   -0.049574    0.724103  0.000000  1.0
   -0.049574    0.726103  0.000000  1.0
   -0.049574    0.728103  0.000000  1.0
   -0.049574    0.730103  0.000000  1.0
   -0.049574    0.732103  0.000000  1.0
   -0.049574    0.734103  0.000000  1.0
   -0.049574    0.736103  0.000000  1.0
   -0.049574    0.738103  0.000000  1.0
   -0.049574    0.740103  0.000000  1.0
   -0.049574    0.742103  0.000000  1.0
   -0.049574    0.744103  0.000000  1.0
   -0.049574    0.746103  0.000000  1.0
   -0.049574    0.748103  0.000000  1.0
   -0.049574    0.750103  0.000000  1.0
   -0.049574    0.752103  0.000000  1.0
   -0.049574    0.754103  0.000000  1.0
   -0.049574    0.756103  0.000000  1.0
   -0.049574    0.758103  0.000000  1.0
   -0.049574    0.760103  0.000000  1.0
   -0.049574    0.762103  0.000000  1.0
   -0.049574    0.764103  0.000000  1.0
   -0.049574    0.766103  0.000000  1.0
   -0.049574    0.768103  0.000000  1.0
   -0.049574    0.770103  0.000000  1.0
   -0.049574    0.772103  0.000000  1.0
   -0.049574    0.774103  0.000000  1.0
   -0.049574    0.776103  0.000000  1.0
   -0.049574    0.778103  0.000000  1.0
   -0.049574    0.780103  0.000000  1.0
   -0.049574    0.782103  0.000000  1.0
   -0.049574    0.784103  0.000000  1.0
   -0.049574    0.786103  0.000000  1.0
   -0.049574    0.788103  0.000000  1.0
   -0.049574    0.790103  0.000000  1.0
   -0.049574    0.792103  0.000000  1.0
   -0.049574    0.794103  0.000000  1.0
   -0.049574    0.796103  0.000000  1.0
   -0.049574    0.798103  0.000000  1.0
   -0.049574    0.800103  0.000000  1.0
   -0.049574    0.802103  0.000000  1.0
   -0.047574    0.722103  0.000000  1.0
   -0.047574    0.724103  0.000000  1.0
   -0.047574    0.726103  0.000000  1.0
   -0.047574    0.728103  0.000000  1.0
   -0.047574    0.730103  0.000000  1.0
   -0.047574    0.732103  0.000000  1.0
   -0.047574    0.734103  0.000000  1.0
   -0.047574    0.736103  0.000000  1.0
   -0.047574    0.738103  0.000000  1.0
   -0.047574    0.740103  0.000000  1.0
   -0.047574    0.742103  0.000000  1.0
   -0.047574    0.744103  0.000000  1.0
   -0.047574    0.746103  0.000000  1.0
   -0.047574    0.748103  0.000000  1.0
   -0.047574    0.750103  0.000000  1.0
   -0.047574    0.752103  0.000000  1.0
   -0.047574    0.754103  0.000000  1.0
   -0.047574    0.756103  0.000000  1.0
   -0.047574    0.758103  0.000000  1.0
   -0.047574    0.760103  0.000000  1.0
   -0.047574    0.762103  0.000000  1.0
   -0.047574    0.764103  0.000000  1.0
   -0.047574    0.766103  0.000000  1.0
   -0.047574    0.768103  0.000000  1.0
   -0.047574    0.770103  0.000000  1.0
   -0.047574    0.772103  0.000000  1.0
   -0.047574    0.774103  0.000000  1.0
   -0.047574    0.776103  0.000000  1.0
   -0.047574    0.778103  0.000000  1.0
   -0.047574    0.780103  0.000000  1.0
   -0.047574    0.782103  0.000000  1.0
   -0.047574    0.784103  0.000000  1.0
   -0.047574    0.786103  0.000000  1.0
   -0.047574    0.788103  0.000000  1.0
   -0.047574    0.790103  0.000000  1.0
   -0.047574    0.792103  0.000000  1.0
   -0.047574    0.794103  0.000000  1.0
   -0.047574    0.796103  0.000000  1.0
   -0.047574    0.798103  0.000000  1.0
   -0.047574    0.800103  0.000000  1.0
   -0.047574    0.802103  0.000000  1.0
   -0.045574    0.722103  0.000000  1.0
   -0.045574    0.724103  0.000000  1.0
   -0.045574    0.726103  0.000000  1.0
   -0.045574    0.728103  0.000000  1.0
   -0.045574    0.730103  0.000000  1.0
   -0.045574    0.732103  0.000000  1.0
   -0.045574    0.734103  0.000000  1.0
   -0.045574    0.736103  0.000000  1.0
   -0.045574    0.738103  0.000000  1.0
   -0.045574    0.740103  0.000000  1.0
   -0.045574    0.742103  0.000000  1.0
   -0.045574    0.744103  0.000000  1.0
   -0.045574    0.746103  0.000000  1.0
   -0.045574    0.748103  0.000000  1.0
   -0.045574    0.750103  0.000000  1.0
   -0.045574    0.752103  0.000000  1.0
   -0.045574    0.754103  0.000000  1.0
   -0.045574    0.756103  0.000000  1.0
   -0.045574    0.758103  0.000000  1.0
   -0.045574    0.760103  0.000000  1.0
   -0.045574    0.762103  0.000000  1.0
   -0.045574    0.764103  0.000000  1.0
   -0.045574    0.766103  0.000000  1.0
   -0.045574    0.768103  0.000000  1.0
   -0.045574    0.770103  0.000000  1.0
   -0.045574    0.772103  0.000000  1.0
   -0.045574    0.774103  0.000000  1.0
   -0.045574    0.776103  0.000000  1.0
   -0.045574    0.778103  0.000000  1.0
   -0.045574    0.780103  0.000000  1.0
   -0.045574    0.782103  0.000000  1.0
   -0.045574    0.784103  0.000000  1.0
   -0.045574    0.786103  0.000000  1.0
   -0.045574    0.788103  0.000000  1.0
   -0.045574    0.790103  0.000000  1.0
   -0.045574    0.792103  0.000000  1.0
   -0.045574    0.794103  0.000000  1.0
   -0.045574    0.796103  0.000000  1.0
   -0.045574    0.798103  0.000000  1.0
   -0.045574    0.800103  0.000000  1.0
   -0.045574    0.802103  0.000000  1.0
   -0.043574    0.722103  0.000000  1.0
   -0.043574    0.724103  0.000000  1.0
   -0.043574    0.726103  0.000000  1.0
   -0.043574    0.728103  0.000000  1.0
   -0.043574    0.730103  0.000000  1.0
   -0.043574    0.732103  0.000000  1.0
   -0.043574    0.734103  0.000000  1.0
   -0.043574    0.736103  0.000000  1.0
   -0.043574    0.738103  0.000000  1.0
   -0.043574    0.740103  0.000000  1.0
   -0.043574    0.742103  0.000000  1.0
   -0.043574    0.744103  0.000000  1.0
   -0.043574    0.746103  0.000000  1.0
   -0.043574    0.748103  0.000000  1.0
   -0.043574    0.750103  0.000000  1.0
   -0.043574    0.752103  0.000000  1.0
   -0.043574    0.754103  0.000000  1.0
   -0.043574    0.756103  0.000000  1.0
   -0.043574    0.758103  0.000000  1.0
   -0.043574    0.760103  0.000000  1.0
   -0.043574    0.762103  0.000000  1.0
   -0.043574    0.764103  0.000000  1.0
   -0.043574    0.766103  0.000000  1.0
   -0.043574    0.768103  0.000000  1.0
   -0.043574    0.770103  0.000000  1.0
   -0.043574    0.772103  0.000000  1.0
   -0.043574    0.774103  0.000000  1.0
   -0.043574    0.776103  0.000000  1.0
   -0.043574    0.778103  0.000000  1.0
   -0.043574    0.780103  0.000000  1.0
   -0.043574    0.782103  0.000000  1.0
   -0.043574    0.784103  0.000000  1.0
   -0.043574    0.786103  0.000000  1.0
   -0.043574    0.788103  0.000000  1.0
   -0.043574    0.790103  0.000000  1.0
   -0.043574    0.792103  0.000000  1.0
   -0.043574    0.794103  0.000000  1.0
   -0.043574    0.796103  0.000000  1.0
   -0.043574    0.798103  0.000000  1.0
   -0.043574    0.800103  0.000000  1.0
   -0.043574    0.802103  0.000000  1.0
   -0.041574    0.722103  0.000000  1.0
   -0.041574    0.724103  0.000000  1.0
   -0.041574    0.726103  0.000000  1.0
   -0.041574    0.728103  0.000000  1.0
   -0.041574    0.730103  0.000000  1.0
   -0.041574    0.732103  0.000000  1.0
   -0.041574    0.734103  0.000000  1.0
   -0.041574    0.736103  0.000000  1.0
   -0.041574    0.738103  0.000000  1.0
   -0.041574    0.740103  0.000000  1.0
   -0.041574    0.742103  0.000000  1.0
   -0.041574    0.744103  0.000000  1.0
   -0.041574    0.746103  0.000000  1.0
   -0.041574    0.748103  0.000000  1.0
   -0.041574    0.750103  0.000000  1.0
   -0.041574    0.752103  0.000000  1.0
   -0.041574    0.754103  0.000000  1.0
   -0.041574    0.756103  0.000000  1.0
   -0.041574    0.758103  0.000000  1.0
   -0.041574    0.760103  0.000000  1.0
   -0.041574    0.762103  0.000000  1.0
   -0.041574    0.764103  0.000000  1.0
   -0.041574    0.766103  0.000000  1.0
   -0.041574    0.768103  0.000000  1.0
   -0.041574    0.770103  0.000000  1.0
   -0.041574    0.772103  0.000000  1.0
   -0.041574    0.774103  0.000000  1.0
   -0.041574    0.776103  0.000000  1.0
   -0.041574    0.778103  0.000000  1.0
   -0.041574    0.780103  0.000000  1.0
   -0.041574    0.782103  0.000000  1.0
   -0.041574    0.784103  0.000000  1.0
   -0.041574    0.786103  0.000000  1.0
   -0.041574    0.788103  0.000000  1.0
   -0.041574    0.790103  0.000000  1.0
   -0.041574    0.792103  0.000000  1.0
   -0.041574    0.794103  0.000000  1.0
   -0.041574    0.796103  0.000000  1.0
   -0.041574    0.798103  0.000000  1.0
   -0.041574    0.800103  0.000000  1.0
   -0.041574    0.802103  0.000000  1.0
   -0.039574    0.722103  0.000000  1.0
   -0.039574    0.724103  0.000000  1.0
   -0.039574    0.726103  0.000000  1.0
   -0.039574    0.728103  0.000000  1.0
   -0.039574    0.730103  0.000000  1.0
   -0.039574    0.732103  0.000000  1.0
   -0.039574    0.734103  0.000000  1.0
   -0.039574    0.736103  0.000000  1.0
   -0.039574    0.738103  0.000000  1.0
   -0.039574    0.740103  0.000000  1.0
   -0.039574    0.742103  0.000000  1.0
   -0.039574    0.744103  0.000000  1.0
   -0.039574    0.746103  0.000000  1.0
   -0.039574    0.748103  0.000000  1.0
   -0.039574    0.750103  0.000000  1.0
   -0.039574    0.752103  0.000000  1.0
   -0.039574    0.754103  0.000000  1.0
   -0.039574    0.756103  0.000000  1.0
   -0.039574    0.758103  0.000000  1.0
   -0.039574    0.760103  0.000000  1.0
   -0.039574    0.762103  0.000000  1.0
   -0.039574    0.764103  0.000000  1.0
   -0.039574    0.766103  0.000000  1.0
   -0.039574    0.768103  0.000000  1.0
   -0.039574    0.770103  0.000000  1.0
   -0.039574    0.772103  0.000000  1.0
   -0.039574    0.774103  0.000000  1.0
   -0.039574    0.776103  0.000000  1.0
   -0.039574    0.778103  0.000000  1.0
   -0.039574    0.780103  0.000000  1.0
   -0.039574    0.782103  0.000000  1.0
   -0.039574    0.784103  0.000000  1.0
   -0.039574    0.786103  0.000000  1.0
   -0.039574    0.788103  0.000000  1.0
   -0.039574    0.790103  0.000000  1.0
   -0.039574    0.792103  0.000000  1.0
   -0.039574    0.794103  0.000000  1.0
   -0.039574    0.796103  0.000000  1.0
   -0.039574    0.798103  0.000000  1.0
   -0.039574    0.800103  0.000000  1.0
   -0.039574    0.802103  0.000000  1.0
   -0.037574    0.722103  0.000000  1.0
   -0.037574    0.724103  0.000000  1.0
   -0.037574    0.726103  0.000000  1.0
   -0.037574    0.728103  0.000000  1.0
   -0.037574    0.730103  0.000000  1.0
   -0.037574    0.732103  0.000000  1.0
   -0.037574    0.734103  0.000000  1.0
   -0.037574    0.736103  0.000000  1.0
   -0.037574    0.738103  0.000000  1.0
   -0.037574    0.740103  0.000000  1.0
   -0.037574    0.742103  0.000000  1.0
   -0.037574    0.744103  0.000000  1.0
   -0.037574    0.746103  0.000000  1.0
   -0.037574    0.748103  0.000000  1.0
   -0.037574    0.750103  0.000000  1.0
   -0.037574    0.752103  0.000000  1.0
   -0.037574    0.754103  0.000000  1.0
   -0.037574    0.756103  0.000000  1.0
   -0.037574    0.758103  0.000000  1.0
   -0.037574    0.760103  0.000000  1.0
   -0.037574    0.762103  0.000000  1.0
   -0.037574    0.764103  0.000000  1.0
   -0.037574    0.766103  0.000000  1.0
   -0.037574    0.768103  0.000000  1.0
   -0.037574    0.770103  0.000000  1.0
   -0.037574    0.772103  0.000000  1.0
   -0.037574    0.774103  0.000000  1.0
   -0.037574    0.776103  0.000000  1.0
   -0.037574    0.778103  0.000000  1.0
   -0.037574    0.780103  0.000000  1.0
   -0.037574    0.782103  0.000000  1.0
   -0.037574    0.784103  0.000000  1.0
   -0.037574    0.786103  0.000000  1.0
   -0.037574    0.788103  0.000000  1.0
   -0.037574    0.790103  0.000000  1.0
   -0.037574    0.792103  0.000000  1.0
   -0.037574    0.794103  0.000000  1.0
   -0.037574    0.796103  0.000000  1.0
   -0.037574    0.798103  0.000000  1.0
   -0.037574    0.800103  0.000000  1.0
   -0.037574    0.802103  0.000000  1.0
   -0.035574    0.722103  0.000000  1.0
   -0.035574    0.724103  0.000000  1.0
   -0.035574    0.726103  0.000000  1.0
   -0.035574    0.728103  0.000000  1.0
   -0.035574    0.730103  0.000000  1.0
   -0.035574    0.732103  0.000000  1.0
   -0.035574    0.734103  0.000000  1.0
   -0.035574    0.736103  0.000000  1.0
   -0.035574    0.738103  0.000000  1.0
   -0.035574    0.740103  0.000000  1.0
   -0.035574    0.742103  0.000000  1.0
   -0.035574    0.744103  0.000000  1.0
   -0.035574    0.746103  0.000000  1.0
   -0.035574    0.748103  0.000000  1.0
   -0.035574    0.750103  0.000000  1.0
   -0.035574    0.752103  0.000000  1.0
   -0.035574    0.754103  0.000000  1.0
   -0.035574    0.756103  0.000000  1.0
   -0.035574    0.758103  0.000000  1.0
   -0.035574    0.760103  0.000000  1.0
   -0.035574    0.762103  0.000000  1.0
   -0.035574    0.764103  0.000000  1.0
   -0.035574    0.766103  0.000000  1.0
   -0.035574    0.768103  0.000000  1.0
   -0.035574    0.770103  0.000000  1.0
   -0.035574    0.772103  0.000000  1.0
   -0.035574    0.774103  0.000000  1.0
   -0.035574    0.776103  0.000000  1.0
   -0.035574    0.778103  0.000000  1.0
   -0.035574    0.780103  0.000000  1.0
   -0.035574    0.782103  0.000000  1.0
   -0.035574    0.784103  0.000000  1.0
   -0.035574    0.786103  0.000000  1.0
   -0.035574    0.788103  0.000000  1.0
   -0.035574    0.790103  0.000000  1.0
   -0.035574    0.792103  0.000000  1.0
   -0.035574    0.794103  0.000000  1.0
   -0.035574    0.796103  0.000000  1.0
   -0.035574    0.798103  0.000000  1.0
   -0.035574    0.800103  0.000000  1.0
   -0.035574    0.802103  0.000000  1.0
   -0.033574    0.722103  0.000000  1.0
   -0.033574    0.724103  0.000000  1.0
   -0.033574    0.726103  0.000000  1.0
   -0.033574    0.728103  0.000000  1.0
   -0.033574    0.730103  0.000000  1.0
   -0.033574    0.732103  0.000000  1.0
   -0.033574    0.734103  0.000000  1.0
   -0.033574    0.736103  0.000000  1.0
   -0.033574    0.738103  0.000000  1.0
   -0.033574    0.740103  0.000000  1.0
   -0.033574    0.742103  0.000000  1.0
   -0.033574    0.744103  0.000000  1.0
   -0.033574    0.746103  0.000000  1.0
   -0.033574    0.748103  0.000000  1.0
   -0.033574    0.750103  0.000000  1.0
   -0.033574    0.752103  0.000000  1.0
   -0.033574    0.754103  0.000000  1.0
   -0.033574    0.756103  0.000000  1.0
   -0.033574    0.758103  0.000000  1.0
   -0.033574    0.760103  0.000000  1.0
   -0.033574    0.762103  0.000000  1.0
   -0.033574    0.764103  0.000000  1.0
   -0.033574    0.766103  0.000000  1.0
   -0.033574    0.768103  0.000000  1.0
   -0.033574    0.770103  0.000000  1.0
   -0.033574    0.772103  0.000000  1.0
   -0.033574    0.774103  0.000000  1.0
   -0.033574    0.776103  0.000000  1.0
   -0.033574    0.778103  0.000000  1.0
   -0.033574    0.780103  0.000000  1.0
   -0.033574    0.782103  0.000000  1.0
   -0.033574    0.784103  0.000000  1.0
   -0.033574    0.786103  0.000000  1.0
   -0.033574    0.788103  0.000000  1.0
   -0.033574    0.790103  0.000000  1.0
   -0.033574    0.792103  0.000000  1.0
   -0.033574    0.794103  0.000000  1.0
   -0.033574    0.796103  0.000000  1.0
   -0.033574    0.798103  0.000000  1.0
   -0.033574    0.800103  0.000000  1.0
   -0.033574    0.802103  0.000000  1.0
   -0.031574    0.722103  0.000000  1.0
   -0.031574    0.724103  0.000000  1.0
   -0.031574    0.726103  0.000000  1.0
   -0.031574    0.728103  0.000000  1.0
   -0.031574    0.730103  0.000000  1.0
   -0.031574    0.732103  0.000000  1.0
   -0.031574    0.734103  0.000000  1.0
   -0.031574    0.736103  0.000000  1.0
   -0.031574    0.738103  0.000000  1.0
   -0.031574    0.740103  0.000000  1.0
   -0.031574    0.742103  0.000000  1.0
   -0.031574    0.744103  0.000000  1.0
   -0.031574    0.746103  0.000000  1.0
   -0.031574    0.748103  0.000000  1.0
   -0.031574    0.750103  0.000000  1.0
   -0.031574    0.752103  0.000000  1.0
   -0.031574    0.754103  0.000000  1.0
   -0.031574    0.756103  0.000000  1.0
   -0.031574    0.758103  0.000000  1.0
   -0.031574    0.760103  0.000000  1.0
   -0.031574    0.762103  0.000000  1.0
   -0.031574    0.764103  0.000000  1.0
   -0.031574    0.766103  0.000000  1.0
   -0.031574    0.768103  0.000000  1.0
   -0.031574    0.770103  0.000000  1.0
   -0.031574    0.772103  0.000000  1.0
   -0.031574    0.774103  0.000000  1.0
   -0.031574    0.776103  0.000000  1.0
   -0.031574    0.778103  0.000000  1.0
   -0.031574    0.780103  0.000000  1.0
   -0.031574    0.782103  0.000000  1.0
   -0.031574    0.784103  0.000000  1.0
   -0.031574    0.786103  0.000000  1.0
   -0.031574    0.788103  0.000000  1.0
   -0.031574    0.790103  0.000000  1.0
   -0.031574    0.792103  0.000000  1.0
   -0.031574    0.794103  0.000000  1.0
   -0.031574    0.796103  0.000000  1.0
   -0.031574    0.798103  0.000000  1.0
   -0.031574    0.800103  0.000000  1.0
   -0.031574    0.802103  0.000000  1.0
   -0.029574    0.722103  0.000000  1.0
   -0.029574    0.724103  0.000000  1.0
   -0.029574    0.726103  0.000000  1.0
   -0.029574    0.728103  0.000000  1.0
   -0.029574    0.730103  0.000000  1.0
   -0.029574    0.732103  0.000000  1.0
   -0.029574    0.734103  0.000000  1.0
   -0.029574    0.736103  0.000000  1.0
   -0.029574    0.738103  0.000000  1.0
   -0.029574    0.740103  0.000000  1.0
   -0.029574    0.742103  0.000000  1.0
   -0.029574    0.744103  0.000000  1.0
   -0.029574    0.746103  0.000000  1.0
   -0.029574    0.748103  0.000000  1.0
   -0.029574    0.750103  0.000000  1.0
   -0.029574    0.752103  0.000000  1.0
   -0.029574    0.754103  0.000000  1.0
   -0.029574    0.756103  0.000000  1.0
   -0.029574    0.758103  0.000000  1.0
   -0.029574    0.760103  0.000000  1.0
   -0.029574    0.762103  0.000000  1.0
   -0.029574    0.764103  0.000000  1.0
   -0.029574    0.766103  0.000000  1.0
   -0.029574    0.768103  0.000000  1.0
   -0.029574    0.770103  0.000000  1.0
   -0.029574    0.772103  0.000000  1.0
   -0.029574    0.774103  0.000000  1.0
   -0.029574    0.776103  0.000000  1.0
   -0.029574    0.778103  0.000000  1.0
   -0.029574    0.780103  0.000000  1.0
   -0.029574    0.782103  0.000000  1.0
   -0.029574    0.784103  0.000000  1.0
   -0.029574    0.786103  0.000000  1.0
   -0.029574    0.788103  0.000000  1.0
   -0.029574    0.790103  0.000000  1.0
   -0.029574    0.792103  0.000000  1.0
   -0.029574    0.794103  0.000000  1.0
   -0.029574    0.796103  0.000000  1.0
   -0.029574    0.798103  0.000000  1.0
   -0.029574    0.800103  0.000000  1.0
   -0.029574    0.802103  0.000000  1.0
   -0.027574    0.722103  0.000000  1.0
   -0.027574    0.724103  0.000000  1.0
   -0.027574    0.726103  0.000000  1.0
   -0.027574    0.728103  0.000000  1.0
   -0.027574    0.730103  0.000000  1.0
   -0.027574    0.732103  0.000000  1.0
   -0.027574    0.734103  0.000000  1.0
   -0.027574    0.736103  0.000000  1.0
   -0.027574    0.738103  0.000000  1.0
   -0.027574    0.740103  0.000000  1.0
   -0.027574    0.742103  0.000000  1.0
   -0.027574    0.744103  0.000000  1.0
   -0.027574    0.746103  0.000000  1.0
   -0.027574    0.748103  0.000000  1.0
   -0.027574    0.750103  0.000000  1.0
   -0.027574    0.752103  0.000000  1.0
   -0.027574    0.754103  0.000000  1.0
   -0.027574    0.756103  0.000000  1.0
   -0.027574    0.758103  0.000000  1.0
   -0.027574    0.760103  0.000000  1.0
   -0.027574    0.762103  0.000000  1.0
   -0.027574    0.764103  0.000000  1.0
   -0.027574    0.766103  0.000000  1.0
   -0.027574    0.768103  0.000000  1.0
   -0.027574    0.770103  0.000000  1.0
   -0.027574    0.772103  0.000000  1.0
   -0.027574    0.774103  0.000000  1.0
   -0.027574    0.776103  0.000000  1.0
   -0.027574    0.778103  0.000000  1.0
   -0.027574    0.780103  0.000000  1.0
   -0.027574    0.782103  0.000000  1.0
   -0.027574    0.784103  0.000000  1.0
   -0.027574    0.786103  0.000000  1.0
   -0.027574    0.788103  0.000000  1.0
   -0.027574    0.790103  0.000000  1.0
   -0.027574    0.792103  0.000000  1.0
   -0.027574    0.794103  0.000000  1.0
   -0.027574    0.796103  0.000000  1.0
   -0.027574    0.798103  0.000000  1.0
   -0.027574    0.800103  0.000000  1.0
   -0.027574    0.802103  0.000000  1.0
   -0.025574    0.722103  0.000000  1.0
   -0.025574    0.724103  0.000000  1.0
   -0.025574    0.726103  0.000000  1.0
   -0.025574    0.728103  0.000000  1.0
   -0.025574    0.730103  0.000000  1.0
   -0.025574    0.732103  0.000000  1.0
   -0.025574    0.734103  0.000000  1.0
   -0.025574    0.736103  0.000000  1.0
   -0.025574    0.738103  0.000000  1.0
   -0.025574    0.740103  0.000000  1.0
   -0.025574    0.742103  0.000000  1.0
   -0.025574    0.744103  0.000000  1.0
   -0.025574    0.746103  0.000000  1.0
   -0.025574    0.748103  0.000000  1.0
   -0.025574    0.750103  0.000000  1.0
   -0.025574    0.752103  0.000000  1.0
   -0.025574    0.754103  0.000000  1.0
   -0.025574    0.756103  0.000000  1.0
   -0.025574    0.758103  0.000000  1.0
   -0.025574    0.760103  0.000000  1.0
   -0.025574    0.762103  0.000000  1.0
   -0.025574    0.764103  0.000000  1.0
   -0.025574    0.766103  0.000000  1.0
   -0.025574    0.768103  0.000000  1.0
   -0.025574    0.770103  0.000000  1.0
   -0.025574    0.772103  0.000000  1.0
   -0.025574    0.774103  0.000000  1.0
   -0.025574    0.776103  0.000000  1.0
   -0.025574    0.778103  0.000000  1.0
   -0.025574    0.780103  0.000000  1.0
   -0.025574    0.782103  0.000000  1.0
   -0.025574    0.784103  0.000000  1.0
   -0.025574    0.786103  0.000000  1.0
   -0.025574    0.788103  0.000000  1.0
   -0.025574    0.790103  0.000000  1.0
   -0.025574    0.792103  0.000000  1.0
   -0.025574    0.794103  0.000000  1.0
   -0.025574    0.796103  0.000000  1.0
   -0.025574    0.798103  0.000000  1.0
   -0.025574    0.800103  0.000000  1.0
   -0.025574    0.802103  0.000000  1.0
