&CONTROL
  calculation = 'bands'
  prefix = 'graphene27.0zoom'
  outdir = './tmp'
  pseudo_dir = './'
  verbosity = 'high'
/
&SYSTEM
  ibrav = 0
  nat = 2
  ntyp = 1
  ecutwfc = 40.0
  nosym = .true.
  noinv = .true.
  nbnd = 8
/
&ELECTRONS
/
ATOMIC_SPECIES
  C  12.011  C.pbe-n-kjpaw_psl.1.0.0.UPF
CELL_PARAMETERS {bohr}
  5.910580  0.000000  0.000000
  2.955290  3.850924  0.000000
  0.000000  0.000000  30.000000
ATOMIC_POSITIONS {crystal}
  C  0.000893  0.164941  0.000000
  C  0.332440  0.501726  0.000000
K_POINTS {tpiba}
1600
    0.010000   -0.820214  0.000000  1.0
    0.010000   -0.818163  0.000000  1.0
    0.010000   -0.816111  0.000000  1.0
    0.010000   -0.814060  0.000000  1.0
    0.010000   -0.812009  0.000000  1.0
    0.010000   -0.809958  0.000000  1.0
    0.010000   -0.807906  0.000000  1.0
    0.010000   -0.805855  0.000000  1.0
    0.010000   -0.803804  0.000000  1.0
    0.010000   -0.801752  0.000000  1.0
    0.010000   -0.799701  0.000000  1.0
    0.010000   -0.797650  0.000000  1.0
    0.010000   -0.795599  0.000000  1.0
    0.010000   -0.793547  0.000000  1.0
    0.010000   -0.791496  0.000000  1.0
    0.010000   -0.789445  0.000000  1.0
    0.010000   -0.787393  0.000000  1.0
    0.010000   -0.785342  0.000000  1.0
    0.010000   -0.783291  0.000000  1.0
    0.010000   -0.781240  0.000000  1.0
    0.010000   -0.779188  0.000000  1.0
    0.010000   -0.777137  0.000000  1.0
    0.010000   -0.775086  0.000000  1.0
    0.010000   -0.773035  0.000000  1.0
    0.010000   -0.770983  0.000000  1.0
    0.010000   -0.768932  0.000000  1.0
    0.010000   -0.766881  0.000000  1.0
    0.010000   -0.764829  0.000000  1.0
    0.010000   -0.762778  0.000000  1.0
    0.010000   -0.760727  0.000000  1.0
    0.010000   -0.758676  0.000000  1.0
    0.010000   -0.756624  0.000000  1.0
    0.010000   -0.754573  0.000000  1.0
    0.010000   -0.752522  0.000000  1.0
    0.010000   -0.750470  0.000000  1.0
    0.010000   -0.748419  0.000000  1.0
    0.010000   -0.746368  0.000000  1.0
    0.010000   -0.744317  0.000000  1.0
    0.010000   -0.742265  0.000000  1.0
    0.010000   -0.740214  0.000000  1.0
    0.012051   -0.820214  0.000000  1.0
    0.012051   -0.818163  0.000000  1.0
    0.012051   -0.816111  0.000000  1.0
    0.012051   -0.814060  0.000000  1.0
    0.012051   -0.812009  0.000000  1.0
    0.012051   -0.809958  0.000000  1.0
    0.012051   -0.807906  0.000000  1.0
    0.012051   -0.805855  0.000000  1.0
    0.012051   -0.803804  0.000000  1.0
    0.012051   -0.801752  0.000000  1.0
    0.012051   -0.799701  0.000000  1.0
    0.012051   -0.797650  0.000000  1.0
    0.012051   -0.795599  0.000000  1.0
    0.012051   -0.793547  0.000000  1.0
    0.012051   -0.791496  0.000000  1.0
    0.012051   -0.789445  0.000000  1.0
    0.012051   -0.787393  0.000000  1.0
    0.012051   -0.785342  0.000000  1.0
    0.012051   -0.783291  0.000000  1.0
    0.012051   -0.781240  0.000000  1.0
    0.012051   -0.779188  0.000000  1.0
    0.012051   -0.777137  0.000000  1.0
    0.012051   -0.775086  0.000000  1.0
    0.012051   -0.773035  0.000000  1.0
    0.012051   -0.770983  0.000000  1.0
    0.012051   -0.768932  0.000000  1.0
    0.012051   -0.766881  0.000000  1.0
    0.012051   -0.764829  0.000000  1.0
    0.012051   -0.762778  0.000000  1.0
    0.012051   -0.760727  0.000000  1.0
    0.012051   -0.758676  0.000000  1.0
    0.012051   -0.756624  0.000000  1.0
    0.012051   -0.754573  0.000000  1.0
    0.012051   -0.752522  0.000000  1.0
    0.012051   -0.750470  0.000000  1.0
    0.012051   -0.748419  0.000000  1.0
    0.012051   -0.746368  0.000000  1.0
    0.012051   -0.744317  0.000000  1.0
    0.012051   -0.742265  0.000000  1.0
    0.012051   -0.740214  0.000000  1.0
    0.014103   -0.820214  0.000000  1.0
    0.014103   -0.818163  0.000000  1.0
    0.014103   -0.816111  0.000000  1.0
    0.014103   -0.814060  0.000000  1.0
    0.014103   -0.812009  0.000000  1.0
    0.014103   -0.809958  0.000000  1.0
    0.014103   -0.807906  0.000000  1.0
    0.014103   -0.805855  0.000000  1.0
    0.014103   -0.803804  0.000000  1.0
    0.014103   -0.801752  0.000000  1.0
    0.014103   -0.799701  0.000000  1.0
    0.014103   -0.797650  0.000000  1.0
    0.014103   -0.795599  0.000000  1.0
    0.014103   -0.793547  0.000000  1.0
    0.014103   -0.791496  0.000000  1.0
    0.014103   -0.789445  0.000000  1.0
    0.014103   -0.787393  0.000000  1.0
    0.014103   -0.785342  0.000000  1.0
    0.014103   -0.783291  0.000000  1.0
    0.014103   -0.781240  0.000000  1.0
    0.014103   -0.779188  0.000000  1.0
    0.014103   -0.777137  0.000000  1.0
    0.014103   -0.775086  0.000000  1.0
    0.014103   -0.773035  0.000000  1.0
    0.014103   -0.770983  0.000000  1.0
    0.014103   -0.768932  0.000000  1.0
    0.014103   -0.766881  0.000000  1.0
    0.014103   -0.764829  0.000000  1.0
    0.014103   -0.762778  0.000000  1.0
    0.014103   -0.760727  0.000000  1.0
    0.014103   -0.758676  0.000000  1.0
    0.014103   -0.756624  0.000000  1.0
    0.014103   -0.754573  0.000000  1.0
    0.014103   -0.752522  0.000000  1.0
    0.014103   -0.750470  0.000000  1.0
    0.014103   -0.748419  0.000000  1.0
    0.014103   -0.746368  0.000000  1.0
    0.014103   -0.744317  0.000000  1.0
    0.014103   -0.742265  0.000000  1.0
    0.014103   -0.740214  0.000000  1.0
    0.016154   -0.820214  0.000000  1.0
    0.016154   -0.818163  0.000000  1.0
    0.016154   -0.816111  0.000000  1.0
    0.016154   -0.814060  0.000000  1.0
    0.016154   -0.812009  0.000000  1.0
    0.016154   -0.809958  0.000000  1.0
    0.016154   -0.807906  0.000000  1.0
    0.016154   -0.805855  0.000000  1.0
    0.016154   -0.803804  0.000000  1.0
    0.016154   -0.801752  0.000000  1.0
    0.016154   -0.799701  0.000000  1.0
    0.016154   -0.797650  0.000000  1.0
    0.016154   -0.795599  0.000000  1.0
    0.016154   -0.793547  0.000000  1.0
    0.016154   -0.791496  0.000000  1.0
    0.016154   -0.789445  0.000000  1.0
    0.016154   -0.787393  0.000000  1.0
    0.016154   -0.785342  0.000000  1.0
    0.016154   -0.783291  0.000000  1.0
    0.016154   -0.781240  0.000000  1.0
    0.016154   -0.779188  0.000000  1.0
    0.016154   -0.777137  0.000000  1.0
    0.016154   -0.775086  0.000000  1.0
    0.016154   -0.773035  0.000000  1.0
    0.016154   -0.770983  0.000000  1.0
    0.016154   -0.768932  0.000000  1.0
    0.016154   -0.766881  0.000000  1.0
    0.016154   -0.764829  0.000000  1.0
    0.016154   -0.762778  0.000000  1.0
    0.016154   -0.760727  0.000000  1.0
    0.016154   -0.758676  0.000000  1.0
    0.016154   -0.756624  0.000000  1.0
    0.016154   -0.754573  0.000000  1.0
    0.016154   -0.752522  0.000000  1.0
    0.016154   -0.750470  0.000000  1.0
    0.016154   -0.748419  0.000000  1.0
    0.016154   -0.746368  0.000000  1.0
    0.016154   -0.744317  0.000000  1.0
    0.016154   -0.742265  0.000000  1.0
    0.016154   -0.740214  0.000000  1.0
    0.018205   -0.820214  0.000000  1.0
    0.018205   -0.818163  0.000000  1.0
    0.018205   -0.816111  0.000000  1.0
    0.018205   -0.814060  0.000000  1.0
    0.018205   -0.812009  0.000000  1.0
    0.018205   -0.809958  0.000000  1.0
    0.018205   -0.807906  0.000000  1.0
    0.018205   -0.805855  0.000000  1.0
    0.018205   -0.803804  0.000000  1.0
    0.018205   -0.801752  0.000000  1.0
    0.018205   -0.799701  0.000000  1.0
    0.018205   -0.797650  0.000000  1.0
    0.018205   -0.795599  0.000000  1.0
    0.018205   -0.793547  0.000000  1.0
    0.018205   -0.791496  0.000000  1.0
    0.018205   -0.789445  0.000000  1.0
    0.018205   -0.787393  0.000000  1.0
    0.018205   -0.785342  0.000000  1.0
    0.018205   -0.783291  0.000000  1.0
    0.018205   -0.781240  0.000000  1.0
    0.018205   -0.779188  0.000000  1.0
    0.018205   -0.777137  0.000000  1.0
    0.018205   -0.775086  0.000000  1.0
    0.018205   -0.773035  0.000000  1.0
    0.018205   -0.770983  0.000000  1.0
    0.018205   -0.768932  0.000000  1.0
    0.018205   -0.766881  0.000000  1.0
    0.018205   -0.764829  0.000000  1.0
    0.018205   -0.762778  0.000000  1.0
    0.018205   -0.760727  0.000000  1.0
    0.018205   -0.758676  0.000000  1.0
    0.018205   -0.756624  0.000000  1.0
    0.018205   -0.754573  0.000000  1.0
    0.018205   -0.752522  0.000000  1.0
    0.018205   -0.750470  0.000000  1.0
    0.018205   -0.748419  0.000000  1.0
    0.018205   -0.746368  0.000000  1.0
    0.018205   -0.744317  0.000000  1.0
    0.018205   -0.742265  0.000000  1.0
    0.018205   -0.740214  0.000000  1.0
    0.020256   -0.820214  0.000000  1.0
    0.020256   -0.818163  0.000000  1.0
    0.020256   -0.816111  0.000000  1.0
    0.020256   -0.814060  0.000000  1.0
    0.020256   -0.812009  0.000000  1.0
    0.020256   -0.809958  0.000000  1.0
    0.020256   -0.807906  0.000000  1.0
    0.020256   -0.805855  0.000000  1.0
    0.020256   -0.803804  0.000000  1.0
    0.020256   -0.801752  0.000000  1.0
    0.020256   -0.799701  0.000000  1.0
    0.020256   -0.797650  0.000000  1.0
    0.020256   -0.795599  0.000000  1.0
    0.020256   -0.793547  0.000000  1.0
    0.020256   -0.791496  0.000000  1.0
    0.020256   -0.789445  0.000000  1.0
    0.020256   -0.787393  0.000000  1.0
    0.020256   -0.785342  0.000000  1.0
    0.020256   -0.783291  0.000000  1.0
    0.020256   -0.781240  0.000000  1.0
    0.020256   -0.779188  0.000000  1.0
    0.020256   -0.777137  0.000000  1.0
    0.020256   -0.775086  0.000000  1.0
    0.020256   -0.773035  0.000000  1.0
    0.020256   -0.770983  0.000000  1.0
    0.020256   -0.768932  0.000000  1.0
    0.020256   -0.766881  0.000000  1.0
    0.020256   -0.764829  0.000000  1.0
    0.020256   -0.762778  0.000000  1.0
    0.020256   -0.760727  0.000000  1.0
    0.020256   -0.758676  0.000000  1.0
    0.020256   -0.756624  0.000000  1.0
    0.020256   -0.754573  0.000000  1.0
    0.020256   -0.752522  0.000000  1.0
    0.020256   -0.750470  0.000000  1.0
    0.020256   -0.748419  0.000000  1.0
    0.020256   -0.746368  0.000000  1.0
    0.020256   -0.744317  0.000000  1.0
    0.020256   -0.742265  0.000000  1.0
    0.020256   -0.740214  0.000000  1.0
    0.022308   -0.820214  0.000000  1.0
    0.022308   -0.818163  0.000000  1.0
    0.022308   -0.816111  0.000000  1.0
    0.022308   -0.814060  0.000000  1.0
    0.022308   -0.812009  0.000000  1.0
    0.022308   -0.809958  0.000000  1.0
    0.022308   -0.807906  0.000000  1.0
    0.022308   -0.805855  0.000000  1.0
    0.022308   -0.803804  0.000000  1.0
    0.022308   -0.801752  0.000000  1.0
    0.022308   -0.799701  0.000000  1.0
    0.022308   -0.797650  0.000000  1.0
    0.022308   -0.795599  0.000000  1.0
    0.022308   -0.793547  0.000000  1.0
    0.022308   -0.791496  0.000000  1.0
    0.022308   -0.789445  0.000000  1.0
    0.022308   -0.787393  0.000000  1.0
    0.022308   -0.785342  0.000000  1.0
    0.022308   -0.783291  0.000000  1.0
    0.022308   -0.781240  0.000000  1.0
    0.022308   -0.779188  0.000000  1.0
    0.022308   -0.777137  0.000000  1.0
    0.022308   -0.775086  0.000000  1.0
    0.022308   -0.773035  0.000000  1.0
    0.022308   -0.770983  0.000000  1.0
    0.022308   -0.768932  0.000000  1.0
    0.022308   -0.766881  0.000000  1.0
    0.022308   -0.764829  0.000000  1.0
    0.022308   -0.762778  0.000000  1.0
    0.022308   -0.760727  0.000000  1.0
    0.022308   -0.758676  0.000000  1.0
    0.022308   -0.756624  0.000000  1.0
    0.022308   -0.754573  0.000000  1.0
    0.022308   -0.752522  0.000000  1.0
    0.022308   -0.750470  0.000000  1.0
    0.022308   -0.748419  0.000000  1.0
    0.022308   -0.746368  0.000000  1.0
    0.022308   -0.744317  0.000000  1.0
    0.022308   -0.742265  0.000000  1.0
    0.022308   -0.740214  0.000000  1.0
    0.024359   -0.820214  0.000000  1.0
    0.024359   -0.818163  0.000000  1.0
    0.024359   -0.816111  0.000000  1.0
    0.024359   -0.814060  0.000000  1.0
    0.024359   -0.812009  0.000000  1.0
    0.024359   -0.809958  0.000000  1.0
    0.024359   -0.807906  0.000000  1.0
    0.024359   -0.805855  0.000000  1.0
    0.024359   -0.803804  0.000000  1.0
    0.024359   -0.801752  0.000000  1.0
    0.024359   -0.799701  0.000000  1.0
    0.024359   -0.797650  0.000000  1.0
    0.024359   -0.795599  0.000000  1.0
    0.024359   -0.793547  0.000000  1.0
    0.024359   -0.791496  0.000000  1.0
    0.024359   -0.789445  0.000000  1.0
    0.024359   -0.787393  0.000000  1.0
    0.024359   -0.785342  0.000000  1.0
    0.024359   -0.783291  0.000000  1.0
    0.024359   -0.781240  0.000000  1.0
    0.024359   -0.779188  0.000000  1.0
    0.024359   -0.777137  0.000000  1.0
    0.024359   -0.775086  0.000000  1.0
    0.024359   -0.773035  0.000000  1.0
    0.024359   -0.770983  0.000000  1.0
    0.024359   -0.768932  0.000000  1.0
    0.024359   -0.766881  0.000000  1.0
    0.024359   -0.764829  0.000000  1.0
    0.024359   -0.762778  0.000000  1.0
    0.024359   -0.760727  0.000000  1.0
    0.024359   -0.758676  0.000000  1.0
    0.024359   -0.756624  0.000000  1.0
    0.024359   -0.754573  0.000000  1.0
    0.024359   -0.752522  0.000000  1.0
    0.024359   -0.750470  0.000000  1.0
    0.024359   -0.748419  0.000000  1.0
    0.024359   -0.746368  0.000000  1.0
    0.024359   -0.744317  0.000000  1.0
    0.024359   -0.742265  0.000000  1.0
    0.024359   -0.740214  0.000000  1.0
    0.026410   -0.820214  0.000000  1.0
    0.026410   -0.818163  0.000000  1.0
    0.026410   -0.816111  0.000000  1.0
    0.026410   -0.814060  0.000000  1.0
    0.026410   -0.812009  0.000000  1.0
    0.026410   -0.809958  0.000000  1.0
    0.026410   -0.807906  0.000000  1.0
    0.026410   -0.805855  0.000000  1.0
    0.026410   -0.803804  0.000000  1.0
    0.026410   -0.801752  0.000000  1.0
    0.026410   -0.799701  0.000000  1.0
    0.026410   -0.797650  0.000000  1.0
    0.026410   -0.795599  0.000000  1.0
    0.026410   -0.793547  0.000000  1.0
    0.026410   -0.791496  0.000000  1.0
    0.026410   -0.789445  0.000000  1.0
    0.026410   -0.787393  0.000000  1.0
    0.026410   -0.785342  0.000000  1.0
    0.026410   -0.783291  0.000000  1.0
    0.026410   -0.781240  0.000000  1.0
    0.026410   -0.779188  0.000000  1.0
    0.026410   -0.777137  0.000000  1.0
    0.026410   -0.775086  0.000000  1.0
    0.026410   -0.773035  0.000000  1.0
    0.026410   -0.770983  0.000000  1.0
    0.026410   -0.768932  0.000000  1.0
    0.026410   -0.766881  0.000000  1.0
    0.026410   -0.764829  0.000000  1.0
    0.026410   -0.762778  0.000000  1.0
    0.026410   -0.760727  0.000000  1.0
    0.026410   -0.758676  0.000000  1.0
    0.026410   -0.756624  0.000000  1.0
    0.026410   -0.754573  0.000000  1.0
    0.026410   -0.752522  0.000000  1.0
    0.026410   -0.750470  0.000000  1.0
    0.026410   -0.748419  0.000000  1.0
    0.026410   -0.746368  0.000000  1.0
    0.026410   -0.744317  0.000000  1.0
    0.026410   -0.742265  0.000000  1.0
    0.026410   -0.740214  0.000000  1.0
    0.028462   -0.820214  0.000000  1.0
    0.028462   -0.818163  0.000000  1.0
    0.028462   -0.816111  0.000000  1.0
    0.028462   -0.814060  0.000000  1.0
    0.028462   -0.812009  0.000000  1.0
    0.028462   -0.809958  0.000000  1.0
    0.028462   -0.807906  0.000000  1.0
    0.028462   -0.805855  0.000000  1.0
    0.028462   -0.803804  0.000000  1.0
    0.028462   -0.801752  0.000000  1.0
    0.028462   -0.799701  0.000000  1.0
    0.028462   -0.797650  0.000000  1.0
    0.028462   -0.795599  0.000000  1.0
    0.028462   -0.793547  0.000000  1.0
    0.028462   -0.791496  0.000000  1.0
    0.028462   -0.789445  0.000000  1.0
    0.028462   -0.787393  0.000000  1.0
    0.028462   -0.785342  0.000000  1.0
    0.028462   -0.783291  0.000000  1.0
    0.028462   -0.781240  0.000000  1.0
    0.028462   -0.779188  0.000000  1.0
    0.028462   -0.777137  0.000000  1.0
    0.028462   -0.775086  0.000000  1.0
    0.028462   -0.773035  0.000000  1.0
    0.028462   -0.770983  0.000000  1.0
    0.028462   -0.768932  0.000000  1.0
    0.028462   -0.766881  0.000000  1.0
    0.028462   -0.764829  0.000000  1.0
    0.028462   -0.762778  0.000000  1.0
    0.028462   -0.760727  0.000000  1.0
    0.028462   -0.758676  0.000000  1.0
    0.028462   -0.756624  0.000000  1.0
    0.028462   -0.754573  0.000000  1.0
    0.028462   -0.752522  0.000000  1.0
    0.028462   -0.750470  0.000000  1.0
    0.028462   -0.748419  0.000000  1.0
    0.028462   -0.746368  0.000000  1.0
    0.028462   -0.744317  0.000000  1.0
    0.028462   -0.742265  0.000000  1.0
    0.028462   -0.740214  0.000000  1.0
    0.030513   -0.820214  0.000000  1.0
    0.030513   -0.818163  0.000000  1.0
    0.030513   -0.816111  0.000000  1.0
    0.030513   -0.814060  0.000000  1.0
    0.030513   -0.812009  0.000000  1.0
    0.030513   -0.809958  0.000000  1.0
    0.030513   -0.807906  0.000000  1.0
    0.030513   -0.805855  0.000000  1.0
    0.030513   -0.803804  0.000000  1.0
    0.030513   -0.801752  0.000000  1.0
    0.030513   -0.799701  0.000000  1.0
    0.030513   -0.797650  0.000000  1.0
    0.030513   -0.795599  0.000000  1.0
    0.030513   -0.793547  0.000000  1.0
    0.030513   -0.791496  0.000000  1.0
    0.030513   -0.789445  0.000000  1.0
    0.030513   -0.787393  0.000000  1.0
    0.030513   -0.785342  0.000000  1.0
    0.030513   -0.783291  0.000000  1.0
    0.030513   -0.781240  0.000000  1.0
    0.030513   -0.779188  0.000000  1.0
    0.030513   -0.777137  0.000000  1.0
    0.030513   -0.775086  0.000000  1.0
    0.030513   -0.773035  0.000000  1.0
    0.030513   -0.770983  0.000000  1.0
    0.030513   -0.768932  0.000000  1.0
    0.030513   -0.766881  0.000000  1.0
    0.030513   -0.764829  0.000000  1.0
    0.030513   -0.762778  0.000000  1.0
    0.030513   -0.760727  0.000000  1.0
    0.030513   -0.758676  0.000000  1.0
    0.030513   -0.756624  0.000000  1.0
    0.030513   -0.754573  0.000000  1.0
    0.030513   -0.752522  0.000000  1.0
    0.030513   -0.750470  0.000000  1.0
    0.030513   -0.748419  0.000000  1.0
    0.030513   -0.746368  0.000000  1.0
    0.030513   -0.744317  0.000000  1.0
    0.030513   -0.742265  0.000000  1.0
    0.030513   -0.740214  0.000000  1.0
    0.032564   -0.820214  0.000000  1.0
    0.032564   -0.818163  0.000000  1.0
    0.032564   -0.816111  0.000000  1.0
    0.032564   -0.814060  0.000000  1.0
    0.032564   -0.812009  0.000000  1.0
    0.032564   -0.809958  0.000000  1.0
    0.032564   -0.807906  0.000000  1.0
    0.032564   -0.805855  0.000000  1.0
    0.032564   -0.803804  0.000000  1.0
    0.032564   -0.801752  0.000000  1.0
    0.032564   -0.799701  0.000000  1.0
    0.032564   -0.797650  0.000000  1.0
    0.032564   -0.795599  0.000000  1.0
    0.032564   -0.793547  0.000000  1.0
    0.032564   -0.791496  0.000000  1.0
    0.032564   -0.789445  0.000000  1.0
    0.032564   -0.787393  0.000000  1.0
    0.032564   -0.785342  0.000000  1.0
    0.032564   -0.783291  0.000000  1.0
    0.032564   -0.781240  0.000000  1.0
    0.032564   -0.779188  0.000000  1.0
    0.032564   -0.777137  0.000000  1.0
    0.032564   -0.775086  0.000000  1.0
    0.032564   -0.773035  0.000000  1.0
    0.032564   -0.770983  0.000000  1.0
    0.032564   -0.768932  0.000000  1.0
    0.032564   -0.766881  0.000000  1.0
    0.032564   -0.764829  0.000000  1.0
    0.032564   -0.762778  0.000000  1.0
    0.032564   -0.760727  0.000000  1.0
    0.032564   -0.758676  0.000000  1.0
    0.032564   -0.756624  0.000000  1.0
    0.032564   -0.754573  0.000000  1.0
    0.032564   -0.752522  0.000000  1.0
    0.032564   -0.750470  0.000000  1.0
    0.032564   -0.748419  0.000000  1.0
    0.032564   -0.746368  0.000000  1.0
    0.032564   -0.744317  0.000000  1.0
    0.032564   -0.742265  0.000000  1.0
    0.032564   -0.740214  0.000000  1.0
    0.034615   -0.820214  0.000000  1.0
    0.034615   -0.818163  0.000000  1.0
    0.034615   -0.816111  0.000000  1.0
    0.034615   -0.814060  0.000000  1.0
    0.034615   -0.812009  0.000000  1.0
    0.034615   -0.809958  0.000000  1.0
    0.034615   -0.807906  0.000000  1.0
    0.034615   -0.805855  0.000000  1.0
    0.034615   -0.803804  0.000000  1.0
    0.034615   -0.801752  0.000000  1.0
    0.034615   -0.799701  0.000000  1.0
    0.034615   -0.797650  0.000000  1.0
    0.034615   -0.795599  0.000000  1.0
    0.034615   -0.793547  0.000000  1.0
    0.034615   -0.791496  0.000000  1.0
    0.034615   -0.789445  0.000000  1.0
    0.034615   -0.787393  0.000000  1.0
    0.034615   -0.785342  0.000000  1.0
    0.034615   -0.783291  0.000000  1.0
    0.034615   -0.781240  0.000000  1.0
    0.034615   -0.779188  0.000000  1.0
    0.034615   -0.777137  0.000000  1.0
    0.034615   -0.775086  0.000000  1.0
    0.034615   -0.773035  0.000000  1.0
    0.034615   -0.770983  0.000000  1.0
    0.034615   -0.768932  0.000000  1.0
    0.034615   -0.766881  0.000000  1.0
    0.034615   -0.764829  0.000000  1.0
    0.034615   -0.762778  0.000000  1.0
    0.034615   -0.760727  0.000000  1.0
    0.034615   -0.758676  0.000000  1.0
    0.034615   -0.756624  0.000000  1.0
    0.034615   -0.754573  0.000000  1.0
    0.034615   -0.752522  0.000000  1.0
    0.034615   -0.750470  0.000000  1.0
    0.034615   -0.748419  0.000000  1.0
    0.034615   -0.746368  0.000000  1.0
    0.034615   -0.744317  0.000000  1.0
    0.034615   -0.742265  0.000000  1.0
    0.034615   -0.740214  0.000000  1.0
    0.036667   -0.820214  0.000000  1.0
    0.036667   -0.818163  0.000000  1.0
    0.036667   -0.816111  0.000000  1.0
    0.036667   -0.814060  0.000000  1.0
    0.036667   -0.812009  0.000000  1.0
    0.036667   -0.809958  0.000000  1.0
    0.036667   -0.807906  0.000000  1.0
    0.036667   -0.805855  0.000000  1.0
    0.036667   -0.803804  0.000000  1.0
    0.036667   -0.801752  0.000000  1.0
    0.036667   -0.799701  0.000000  1.0
    0.036667   -0.797650  0.000000  1.0
    0.036667   -0.795599  0.000000  1.0
    0.036667   -0.793547  0.000000  1.0
    0.036667   -0.791496  0.000000  1.0
    0.036667   -0.789445  0.000000  1.0
    0.036667   -0.787393  0.000000  1.0
    0.036667   -0.785342  0.000000  1.0
    0.036667   -0.783291  0.000000  1.0
    0.036667   -0.781240  0.000000  1.0
    0.036667   -0.779188  0.000000  1.0
    0.036667   -0.777137  0.000000  1.0
    0.036667   -0.775086  0.000000  1.0
    0.036667   -0.773035  0.000000  1.0
    0.036667   -0.770983  0.000000  1.0
    0.036667   -0.768932  0.000000  1.0
    0.036667   -0.766881  0.000000  1.0
    0.036667   -0.764829  0.000000  1.0
    0.036667   -0.762778  0.000000  1.0
    0.036667   -0.760727  0.000000  1.0
    0.036667   -0.758676  0.000000  1.0
    0.036667   -0.756624  0.000000  1.0
    0.036667   -0.754573  0.000000  1.0
    0.036667   -0.752522  0.000000  1.0
    0.036667   -0.750470  0.000000  1.0
    0.036667   -0.748419  0.000000  1.0
    0.036667   -0.746368  0.000000  1.0
    0.036667   -0.744317  0.000000  1.0
    0.036667   -0.742265  0.000000  1.0
    0.036667   -0.740214  0.000000  1.0
    0.038718   -0.820214  0.000000  1.0
    0.038718   -0.818163  0.000000  1.0
    0.038718   -0.816111  0.000000  1.0
    0.038718   -0.814060  0.000000  1.0
    0.038718   -0.812009  0.000000  1.0
    0.038718   -0.809958  0.000000  1.0
    0.038718   -0.807906  0.000000  1.0
    0.038718   -0.805855  0.000000  1.0
    0.038718   -0.803804  0.000000  1.0
    0.038718   -0.801752  0.000000  1.0
    0.038718   -0.799701  0.000000  1.0
    0.038718   -0.797650  0.000000  1.0
    0.038718   -0.795599  0.000000  1.0
    0.038718   -0.793547  0.000000  1.0
    0.038718   -0.791496  0.000000  1.0
    0.038718   -0.789445  0.000000  1.0
    0.038718   -0.787393  0.000000  1.0
    0.038718   -0.785342  0.000000  1.0
    0.038718   -0.783291  0.000000  1.0
    0.038718   -0.781240  0.000000  1.0
    0.038718   -0.779188  0.000000  1.0
    0.038718   -0.777137  0.000000  1.0
    0.038718   -0.775086  0.000000  1.0
    0.038718   -0.773035  0.000000  1.0
    0.038718   -0.770983  0.000000  1.0
    0.038718   -0.768932  0.000000  1.0
    0.038718   -0.766881  0.000000  1.0
    0.038718   -0.764829  0.000000  1.0
    0.038718   -0.762778  0.000000  1.0
    0.038718   -0.760727  0.000000  1.0
    0.038718   -0.758676  0.000000  1.0
    0.038718   -0.756624  0.000000  1.0
    0.038718   -0.754573  0.000000  1.0
    0.038718   -0.752522  0.000000  1.0
    0.038718   -0.750470  0.000000  1.0
    0.038718   -0.748419  0.000000  1.0
    0.038718   -0.746368  0.000000  1.0
    0.038718   -0.744317  0.000000  1.0
    0.038718   -0.742265  0.000000  1.0
    0.038718   -0.740214  0.000000  1.0
    0.040769   -0.820214  0.000000  1.0
    0.040769   -0.818163  0.000000  1.0
    0.040769   -0.816111  0.000000  1.0
    0.040769   -0.814060  0.000000  1.0
    0.040769   -0.812009  0.000000  1.0
    0.040769   -0.809958  0.000000  1.0
    0.040769   -0.807906  0.000000  1.0
    0.040769   -0.805855  0.000000  1.0
    0.040769   -0.803804  0.000000  1.0
    0.040769   -0.801752  0.000000  1.0
    0.040769   -0.799701  0.000000  1.0
    0.040769   -0.797650  0.000000  1.0
    0.040769   -0.795599  0.000000  1.0
    0.040769   -0.793547  0.000000  1.0
    0.040769   -0.791496  0.000000  1.0
    0.040769   -0.789445  0.000000  1.0
    0.040769   -0.787393  0.000000  1.0
    0.040769   -0.785342  0.000000  1.0
    0.040769   -0.783291  0.000000  1.0
    0.040769   -0.781240  0.000000  1.0
    0.040769   -0.779188  0.000000  1.0
    0.040769   -0.777137  0.000000  1.0
    0.040769   -0.775086  0.000000  1.0
    0.040769   -0.773035  0.000000  1.0
    0.040769   -0.770983  0.000000  1.0
    0.040769   -0.768932  0.000000  1.0
    0.040769   -0.766881  0.000000  1.0
    0.040769   -0.764829  0.000000  1.0
    0.040769   -0.762778  0.000000  1.0
    0.040769   -0.760727  0.000000  1.0
    0.040769   -0.758676  0.000000  1.0
    0.040769   -0.756624  0.000000  1.0
    0.040769   -0.754573  0.000000  1.0
    0.040769   -0.752522  0.000000  1.0
    0.040769   -0.750470  0.000000  1.0
    0.040769   -0.748419  0.000000  1.0
    0.040769   -0.746368  0.000000  1.0
    0.040769   -0.744317  0.000000  1.0
    0.040769   -0.742265  0.000000  1.0
    0.040769   -0.740214  0.000000  1.0
    0.042821   -0.820214  0.000000  1.0
    0.042821   -0.818163  0.000000  1.0
    0.042821   -0.816111  0.000000  1.0
    0.042821   -0.814060  0.000000  1.0
    0.042821   -0.812009  0.000000  1.0
    0.042821   -0.809958  0.000000  1.0
    0.042821   -0.807906  0.000000  1.0
    0.042821   -0.805855  0.000000  1.0
    0.042821   -0.803804  0.000000  1.0
    0.042821   -0.801752  0.000000  1.0
    0.042821   -0.799701  0.000000  1.0
    0.042821   -0.797650  0.000000  1.0
    0.042821   -0.795599  0.000000  1.0
    0.042821   -0.793547  0.000000  1.0
    0.042821   -0.791496  0.000000  1.0
    0.042821   -0.789445  0.000000  1.0
    0.042821   -0.787393  0.000000  1.0
    0.042821   -0.785342  0.000000  1.0
    0.042821   -0.783291  0.000000  1.0
    0.042821   -0.781240  0.000000  1.0
    0.042821   -0.779188  0.000000  1.0
    0.042821   -0.777137  0.000000  1.0
    0.042821   -0.775086  0.000000  1.0
    0.042821   -0.773035  0.000000  1.0
    0.042821   -0.770983  0.000000  1.0
    0.042821   -0.768932  0.000000  1.0
    0.042821   -0.766881  0.000000  1.0
    0.042821   -0.764829  0.000000  1.0
    0.042821   -0.762778  0.000000  1.0
    0.042821   -0.760727  0.000000  1.0
    0.042821   -0.758676  0.000000  1.0
    0.042821   -0.756624  0.000000  1.0
    0.042821   -0.754573  0.000000  1.0
    0.042821   -0.752522  0.000000  1.0
    0.042821   -0.750470  0.000000  1.0
    0.042821   -0.748419  0.000000  1.0
    0.042821   -0.746368  0.000000  1.0
    0.042821   -0.744317  0.000000  1.0
    0.042821   -0.742265  0.000000  1.0
    0.042821   -0.740214  0.000000  1.0
    0.044872   -0.820214  0.000000  1.0
    0.044872   -0.818163  0.000000  1.0
    0.044872   -0.816111  0.000000  1.0
    0.044872   -0.814060  0.000000  1.0
    0.044872   -0.812009  0.000000  1.0
    0.044872   -0.809958  0.000000  1.0
    0.044872   -0.807906  0.000000  1.0
    0.044872   -0.805855  0.000000  1.0
    0.044872   -0.803804  0.000000  1.0
    0.044872   -0.801752  0.000000  1.0
    0.044872   -0.799701  0.000000  1.0
    0.044872   -0.797650  0.000000  1.0
    0.044872   -0.795599  0.000000  1.0
    0.044872   -0.793547  0.000000  1.0
    0.044872   -0.791496  0.000000  1.0
    0.044872   -0.789445  0.000000  1.0
    0.044872   -0.787393  0.000000  1.0
    0.044872   -0.785342  0.000000  1.0
    0.044872   -0.783291  0.000000  1.0
    0.044872   -0.781240  0.000000  1.0
    0.044872   -0.779188  0.000000  1.0
    0.044872   -0.777137  0.000000  1.0
    0.044872   -0.775086  0.000000  1.0
    0.044872   -0.773035  0.000000  1.0
    0.044872   -0.770983  0.000000  1.0
    0.044872   -0.768932  0.000000  1.0
    0.044872   -0.766881  0.000000  1.0
    0.044872   -0.764829  0.000000  1.0
    0.044872   -0.762778  0.000000  1.0
    0.044872   -0.760727  0.000000  1.0
    0.044872   -0.758676  0.000000  1.0
    0.044872   -0.756624  0.000000  1.0
    0.044872   -0.754573  0.000000  1.0
    0.044872   -0.752522  0.000000  1.0
    0.044872   -0.750470  0.000000  1.0
    0.044872   -0.748419  0.000000  1.0
    0.044872   -0.746368  0.000000  1.0
    0.044872   -0.744317  0.000000  1.0
    0.044872   -0.742265  0.000000  1.0
    0.044872   -0.740214  0.000000  1.0
    0.046923   -0.820214  0.000000  1.0
    0.046923   -0.818163  0.000000  1.0
    0.046923   -0.816111  0.000000  1.0
    0.046923   -0.814060  0.000000  1.0
    0.046923   -0.812009  0.000000  1.0
    0.046923   -0.809958  0.000000  1.0
    0.046923   -0.807906  0.000000  1.0
    0.046923   -0.805855  0.000000  1.0
    0.046923   -0.803804  0.000000  1.0
    0.046923   -0.801752  0.000000  1.0
    0.046923   -0.799701  0.000000  1.0
    0.046923   -0.797650  0.000000  1.0
    0.046923   -0.795599  0.000000  1.0
    0.046923   -0.793547  0.000000  1.0
    0.046923   -0.791496  0.000000  1.0
    0.046923   -0.789445  0.000000  1.0
    0.046923   -0.787393  0.000000  1.0
    0.046923   -0.785342  0.000000  1.0
    0.046923   -0.783291  0.000000  1.0
    0.046923   -0.781240  0.000000  1.0
    0.046923   -0.779188  0.000000  1.0
    0.046923   -0.777137  0.000000  1.0
    0.046923   -0.775086  0.000000  1.0
    0.046923   -0.773035  0.000000  1.0
    0.046923   -0.770983  0.000000  1.0
    0.046923   -0.768932  0.000000  1.0
    0.046923   -0.766881  0.000000  1.0
    0.046923   -0.764829  0.000000  1.0
    0.046923   -0.762778  0.000000  1.0
    0.046923   -0.760727  0.000000  1.0
    0.046923   -0.758676  0.000000  1.0
    0.046923   -0.756624  0.000000  1.0
    0.046923   -0.754573  0.000000  1.0
    0.046923   -0.752522  0.000000  1.0
    0.046923   -0.750470  0.000000  1.0
    0.046923   -0.748419  0.000000  1.0
    0.046923   -0.746368  0.000000  1.0
    0.046923   -0.744317  0.000000  1.0
    0.046923   -0.742265  0.000000  1.0
    0.046923   -0.740214  0.000000  1.0
    0.048974   -0.820214  0.000000  1.0
    0.048974   -0.818163  0.000000  1.0
    0.048974   -0.816111  0.000000  1.0
    0.048974   -0.814060  0.000000  1.0
    0.048974   -0.812009  0.000000  1.0
    0.048974   -0.809958  0.000000  1.0
    0.048974   -0.807906  0.000000  1.0
    0.048974   -0.805855  0.000000  1.0
    0.048974   -0.803804  0.000000  1.0
    0.048974   -0.801752  0.000000  1.0
    0.048974   -0.799701  0.000000  1.0
    0.048974   -0.797650  0.000000  1.0
    0.048974   -0.795599  0.000000  1.0
    0.048974   -0.793547  0.000000  1.0
    0.048974   -0.791496  0.000000  1.0
    0.048974   -0.789445  0.000000  1.0
    0.048974   -0.787393  0.000000  1.0
    0.048974   -0.785342  0.000000  1.0
    0.048974   -0.783291  0.000000  1.0
    0.048974   -0.781240  0.000000  1.0
    0.048974   -0.779188  0.000000  1.0
    0.048974   -0.777137  0.000000  1.0
    0.048974   -0.775086  0.000000  1.0
    0.048974   -0.773035  0.000000  1.0
    0.048974   -0.770983  0.000000  1.0
    0.048974   -0.768932  0.000000  1.0
    0.048974   -0.766881  0.000000  1.0
    0.048974   -0.764829  0.000000  1.0
    0.048974   -0.762778  0.000000  1.0
    0.048974   -0.760727  0.000000  1.0
    0.048974   -0.758676  0.000000  1.0
    0.048974   -0.756624  0.000000  1.0
    0.048974   -0.754573  0.000000  1.0
    0.048974   -0.752522  0.000000  1.0
    0.048974   -0.750470  0.000000  1.0
    0.048974   -0.748419  0.000000  1.0
    0.048974   -0.746368  0.000000  1.0
    0.048974   -0.744317  0.000000  1.0
    0.048974   -0.742265  0.000000  1.0
    0.048974   -0.740214  0.000000  1.0
    0.051026   -0.820214  0.000000  1.0
    0.051026   -0.818163  0.000000  1.0
    0.051026   -0.816111  0.000000  1.0
    0.051026   -0.814060  0.000000  1.0
    0.051026   -0.812009  0.000000  1.0
    0.051026   -0.809958  0.000000  1.0
    0.051026   -0.807906  0.000000  1.0
    0.051026   -0.805855  0.000000  1.0
    0.051026   -0.803804  0.000000  1.0
    0.051026   -0.801752  0.000000  1.0
    0.051026   -0.799701  0.000000  1.0
    0.051026   -0.797650  0.000000  1.0
    0.051026   -0.795599  0.000000  1.0
    0.051026   -0.793547  0.000000  1.0
    0.051026   -0.791496  0.000000  1.0
    0.051026   -0.789445  0.000000  1.0
    0.051026   -0.787393  0.000000  1.0
    0.051026   -0.785342  0.000000  1.0
    0.051026   -0.783291  0.000000  1.0
    0.051026   -0.781240  0.000000  1.0
    0.051026   -0.779188  0.000000  1.0
    0.051026   -0.777137  0.000000  1.0
    0.051026   -0.775086  0.000000  1.0
    0.051026   -0.773035  0.000000  1.0
    0.051026   -0.770983  0.000000  1.0
    0.051026   -0.768932  0.000000  1.0
    0.051026   -0.766881  0.000000  1.0
    0.051026   -0.764829  0.000000  1.0
    0.051026   -0.762778  0.000000  1.0
    0.051026   -0.760727  0.000000  1.0
    0.051026   -0.758676  0.000000  1.0
    0.051026   -0.756624  0.000000  1.0
    0.051026   -0.754573  0.000000  1.0
    0.051026   -0.752522  0.000000  1.0
    0.051026   -0.750470  0.000000  1.0
    0.051026   -0.748419  0.000000  1.0
    0.051026   -0.746368  0.000000  1.0
    0.051026   -0.744317  0.000000  1.0
    0.051026   -0.742265  0.000000  1.0
    0.051026   -0.740214  0.000000  1.0
    0.053077   -0.820214  0.000000  1.0
    0.053077   -0.818163  0.000000  1.0
    0.053077   -0.816111  0.000000  1.0
    0.053077   -0.814060  0.000000  1.0
    0.053077   -0.812009  0.000000  1.0
    0.053077   -0.809958  0.000000  1.0
    0.053077   -0.807906  0.000000  1.0
    0.053077   -0.805855  0.000000  1.0
    0.053077   -0.803804  0.000000  1.0
    0.053077   -0.801752  0.000000  1.0
    0.053077   -0.799701  0.000000  1.0
    0.053077   -0.797650  0.000000  1.0
    0.053077   -0.795599  0.000000  1.0
    0.053077   -0.793547  0.000000  1.0
    0.053077   -0.791496  0.000000  1.0
    0.053077   -0.789445  0.000000  1.0
    0.053077   -0.787393  0.000000  1.0
    0.053077   -0.785342  0.000000  1.0
    0.053077   -0.783291  0.000000  1.0
    0.053077   -0.781240  0.000000  1.0
    0.053077   -0.779188  0.000000  1.0
    0.053077   -0.777137  0.000000  1.0
    0.053077   -0.775086  0.000000  1.0
    0.053077   -0.773035  0.000000  1.0
    0.053077   -0.770983  0.000000  1.0
    0.053077   -0.768932  0.000000  1.0
    0.053077   -0.766881  0.000000  1.0
    0.053077   -0.764829  0.000000  1.0
    0.053077   -0.762778  0.000000  1.0
    0.053077   -0.760727  0.000000  1.0
    0.053077   -0.758676  0.000000  1.0
    0.053077   -0.756624  0.000000  1.0
    0.053077   -0.754573  0.000000  1.0
    0.053077   -0.752522  0.000000  1.0
    0.053077   -0.750470  0.000000  1.0
    0.053077   -0.748419  0.000000  1.0
    0.053077   -0.746368  0.000000  1.0
    0.053077   -0.744317  0.000000  1.0
    0.053077   -0.742265  0.000000  1.0
    0.053077   -0.740214  0.000000  1.0
    0.055128   -0.820214  0.000000  1.0
    0.055128   -0.818163  0.000000  1.0
    0.055128   -0.816111  0.000000  1.0
    0.055128   -0.814060  0.000000  1.0
    0.055128   -0.812009  0.000000  1.0
    0.055128   -0.809958  0.000000  1.0
    0.055128   -0.807906  0.000000  1.0
    0.055128   -0.805855  0.000000  1.0
    0.055128   -0.803804  0.000000  1.0
    0.055128   -0.801752  0.000000  1.0
    0.055128   -0.799701  0.000000  1.0
    0.055128   -0.797650  0.000000  1.0
    0.055128   -0.795599  0.000000  1.0
    0.055128   -0.793547  0.000000  1.0
    0.055128   -0.791496  0.000000  1.0
    0.055128   -0.789445  0.000000  1.0
    0.055128   -0.787393  0.000000  1.0
    0.055128   -0.785342  0.000000  1.0
    0.055128   -0.783291  0.000000  1.0
    0.055128   -0.781240  0.000000  1.0
    0.055128   -0.779188  0.000000  1.0
    0.055128   -0.777137  0.000000  1.0
    0.055128   -0.775086  0.000000  1.0
    0.055128   -0.773035  0.000000  1.0
    0.055128   -0.770983  0.000000  1.0
    0.055128   -0.768932  0.000000  1.0
    0.055128   -0.766881  0.000000  1.0
    0.055128   -0.764829  0.000000  1.0
    0.055128   -0.762778  0.000000  1.0
    0.055128   -0.760727  0.000000  1.0
    0.055128   -0.758676  0.000000  1.0
    0.055128   -0.756624  0.000000  1.0
    0.055128   -0.754573  0.000000  1.0
    0.055128   -0.752522  0.000000  1.0
    0.055128   -0.750470  0.000000  1.0
    0.055128   -0.748419  0.000000  1.0
    0.055128   -0.746368  0.000000  1.0
    0.055128   -0.744317  0.000000  1.0
    0.055128   -0.742265  0.000000  1.0
    0.055128   -0.740214  0.000000  1.0
    0.057179   -0.820214  0.000000  1.0
    0.057179   -0.818163  0.000000  1.0
    0.057179   -0.816111  0.000000  1.0
    0.057179   -0.814060  0.000000  1.0
    0.057179   -0.812009  0.000000  1.0
    0.057179   -0.809958  0.000000  1.0
    0.057179   -0.807906  0.000000  1.0
    0.057179   -0.805855  0.000000  1.0
    0.057179   -0.803804  0.000000  1.0
    0.057179   -0.801752  0.000000  1.0
    0.057179   -0.799701  0.000000  1.0
    0.057179   -0.797650  0.000000  1.0
    0.057179   -0.795599  0.000000  1.0
    0.057179   -0.793547  0.000000  1.0
    0.057179   -0.791496  0.000000  1.0
    0.057179   -0.789445  0.000000  1.0
    0.057179   -0.787393  0.000000  1.0
    0.057179   -0.785342  0.000000  1.0
    0.057179   -0.783291  0.000000  1.0
    0.057179   -0.781240  0.000000  1.0
    0.057179   -0.779188  0.000000  1.0
    0.057179   -0.777137  0.000000  1.0
    0.057179   -0.775086  0.000000  1.0
    0.057179   -0.773035  0.000000  1.0
    0.057179   -0.770983  0.000000  1.0
    0.057179   -0.768932  0.000000  1.0
    0.057179   -0.766881  0.000000  1.0
    0.057179   -0.764829  0.000000  1.0
    0.057179   -0.762778  0.000000  1.0
    0.057179   -0.760727  0.000000  1.0
    0.057179   -0.758676  0.000000  1.0
    0.057179   -0.756624  0.000000  1.0
    0.057179   -0.754573  0.000000  1.0
    0.057179   -0.752522  0.000000  1.0
    0.057179   -0.750470  0.000000  1.0
    0.057179   -0.748419  0.000000  1.0
    0.057179   -0.746368  0.000000  1.0
    0.057179   -0.744317  0.000000  1.0
    0.057179   -0.742265  0.000000  1.0
    0.057179   -0.740214  0.000000  1.0
    0.059231   -0.820214  0.000000  1.0
    0.059231   -0.818163  0.000000  1.0
    0.059231   -0.816111  0.000000  1.0
    0.059231   -0.814060  0.000000  1.0
    0.059231   -0.812009  0.000000  1.0
    0.059231   -0.809958  0.000000  1.0
    0.059231   -0.807906  0.000000  1.0
    0.059231   -0.805855  0.000000  1.0
    0.059231   -0.803804  0.000000  1.0
    0.059231   -0.801752  0.000000  1.0
    0.059231   -0.799701  0.000000  1.0
    0.059231   -0.797650  0.000000  1.0
    0.059231   -0.795599  0.000000  1.0
    0.059231   -0.793547  0.000000  1.0
    0.059231   -0.791496  0.000000  1.0
    0.059231   -0.789445  0.000000  1.0
    0.059231   -0.787393  0.000000  1.0
    0.059231   -0.785342  0.000000  1.0
    0.059231   -0.783291  0.000000  1.0
    0.059231   -0.781240  0.000000  1.0
    0.059231   -0.779188  0.000000  1.0
    0.059231   -0.777137  0.000000  1.0
    0.059231   -0.775086  0.000000  1.0
    0.059231   -0.773035  0.000000  1.0
    0.059231   -0.770983  0.000000  1.0
    0.059231   -0.768932  0.000000  1.0
    0.059231   -0.766881  0.000000  1.0
    0.059231   -0.764829  0.000000  1.0
    0.059231   -0.762778  0.000000  1.0
    0.059231   -0.760727  0.000000  1.0
    0.059231   -0.758676  0.000000  1.0
    0.059231   -0.756624  0.000000  1.0
    0.059231   -0.754573  0.000000  1.0
    0.059231   -0.752522  0.000000  1.0
    0.059231   -0.750470  0.000000  1.0
    0.059231   -0.748419  0.000000  1.0
    0.059231   -0.746368  0.000000  1.0
    0.059231   -0.744317  0.000000  1.0
    0.059231   -0.742265  0.000000  1.0
    0.059231   -0.740214  0.000000  1.0
    0.061282   -0.820214  0.000000  1.0
    0.061282   -0.818163  0.000000  1.0
    0.061282   -0.816111  0.000000  1.0
    0.061282   -0.814060  0.000000  1.0
    0.061282   -0.812009  0.000000  1.0
    0.061282   -0.809958  0.000000  1.0
    0.061282   -0.807906  0.000000  1.0
    0.061282   -0.805855  0.000000  1.0
    0.061282   -0.803804  0.000000  1.0
    0.061282   -0.801752  0.000000  1.0
    0.061282   -0.799701  0.000000  1.0
    0.061282   -0.797650  0.000000  1.0
    0.061282   -0.795599  0.000000  1.0
    0.061282   -0.793547  0.000000  1.0
    0.061282   -0.791496  0.000000  1.0
    0.061282   -0.789445  0.000000  1.0
    0.061282   -0.787393  0.000000  1.0
    0.061282   -0.785342  0.000000  1.0
    0.061282   -0.783291  0.000000  1.0
    0.061282   -0.781240  0.000000  1.0
    0.061282   -0.779188  0.000000  1.0
    0.061282   -0.777137  0.000000  1.0
    0.061282   -0.775086  0.000000  1.0
    0.061282   -0.773035  0.000000  1.0
    0.061282   -0.770983  0.000000  1.0
    0.061282   -0.768932  0.000000  1.0
    0.061282   -0.766881  0.000000  1.0
    0.061282   -0.764829  0.000000  1.0
    0.061282   -0.762778  0.000000  1.0
    0.061282   -0.760727  0.000000  1.0
    0.061282   -0.758676  0.000000  1.0
    0.061282   -0.756624  0.000000  1.0
    0.061282   -0.754573  0.000000  1.0
    0.061282   -0.752522  0.000000  1.0
    0.061282   -0.750470  0.000000  1.0
    0.061282   -0.748419  0.000000  1.0
    0.061282   -0.746368  0.000000  1.0
    0.061282   -0.744317  0.000000  1.0
    0.061282   -0.742265  0.000000  1.0
    0.061282   -0.740214  0.000000  1.0
    0.063333   -0.820214  0.000000  1.0
    0.063333   -0.818163  0.000000  1.0
    0.063333   -0.816111  0.000000  1.0
    0.063333   -0.814060  0.000000  1.0
    0.063333   -0.812009  0.000000  1.0
    0.063333   -0.809958  0.000000  1.0
    0.063333   -0.807906  0.000000  1.0
    0.063333   -0.805855  0.000000  1.0
    0.063333   -0.803804  0.000000  1.0
    0.063333   -0.801752  0.000000  1.0
    0.063333   -0.799701  0.000000  1.0
    0.063333   -0.797650  0.000000  1.0
    0.063333   -0.795599  0.000000  1.0
    0.063333   -0.793547  0.000000  1.0
    0.063333   -0.791496  0.000000  1.0
    0.063333   -0.789445  0.000000  1.0
    0.063333   -0.787393  0.000000  1.0
    0.063333   -0.785342  0.000000  1.0
    0.063333   -0.783291  0.000000  1.0
    0.063333   -0.781240  0.000000  1.0
    0.063333   -0.779188  0.000000  1.0
    0.063333   -0.777137  0.000000  1.0
    0.063333   -0.775086  0.000000  1.0
    0.063333   -0.773035  0.000000  1.0
    0.063333   -0.770983  0.000000  1.0
    0.063333   -0.768932  0.000000  1.0
    0.063333   -0.766881  0.000000  1.0
    0.063333   -0.764829  0.000000  1.0
    0.063333   -0.762778  0.000000  1.0
    0.063333   -0.760727  0.000000  1.0
    0.063333   -0.758676  0.000000  1.0
    0.063333   -0.756624  0.000000  1.0
    0.063333   -0.754573  0.000000  1.0
    0.063333   -0.752522  0.000000  1.0
    0.063333   -0.750470  0.000000  1.0
    0.063333   -0.748419  0.000000  1.0
    0.063333   -0.746368  0.000000  1.0
    0.063333   -0.744317  0.000000  1.0
    0.063333   -0.742265  0.000000  1.0
    0.063333   -0.740214  0.000000  1.0
    0.065385   -0.820214  0.000000  1.0
    0.065385   -0.818163  0.000000  1.0
    0.065385   -0.816111  0.000000  1.0
    0.065385   -0.814060  0.000000  1.0
    0.065385   -0.812009  0.000000  1.0
    0.065385   -0.809958  0.000000  1.0
    0.065385   -0.807906  0.000000  1.0
    0.065385   -0.805855  0.000000  1.0
    0.065385   -0.803804  0.000000  1.0
    0.065385   -0.801752  0.000000  1.0
    0.065385   -0.799701  0.000000  1.0
    0.065385   -0.797650  0.000000  1.0
    0.065385   -0.795599  0.000000  1.0
    0.065385   -0.793547  0.000000  1.0
    0.065385   -0.791496  0.000000  1.0
    0.065385   -0.789445  0.000000  1.0
    0.065385   -0.787393  0.000000  1.0
    0.065385   -0.785342  0.000000  1.0
    0.065385   -0.783291  0.000000  1.0
    0.065385   -0.781240  0.000000  1.0
    0.065385   -0.779188  0.000000  1.0
    0.065385   -0.777137  0.000000  1.0
    0.065385   -0.775086  0.000000  1.0
    0.065385   -0.773035  0.000000  1.0
    0.065385   -0.770983  0.000000  1.0
    0.065385   -0.768932  0.000000  1.0
    0.065385   -0.766881  0.000000  1.0
    0.065385   -0.764829  0.000000  1.0
    0.065385   -0.762778  0.000000  1.0
    0.065385   -0.760727  0.000000  1.0
    0.065385   -0.758676  0.000000  1.0
    0.065385   -0.756624  0.000000  1.0
    0.065385   -0.754573  0.000000  1.0
    0.065385   -0.752522  0.000000  1.0
    0.065385   -0.750470  0.000000  1.0
    0.065385   -0.748419  0.000000  1.0
    0.065385   -0.746368  0.000000  1.0
    0.065385   -0.744317  0.000000  1.0
    0.065385   -0.742265  0.000000  1.0
    0.065385   -0.740214  0.000000  1.0
    0.067436   -0.820214  0.000000  1.0
    0.067436   -0.818163  0.000000  1.0
    0.067436   -0.816111  0.000000  1.0
    0.067436   -0.814060  0.000000  1.0
    0.067436   -0.812009  0.000000  1.0
    0.067436   -0.809958  0.000000  1.0
    0.067436   -0.807906  0.000000  1.0
    0.067436   -0.805855  0.000000  1.0
    0.067436   -0.803804  0.000000  1.0
    0.067436   -0.801752  0.000000  1.0
    0.067436   -0.799701  0.000000  1.0
    0.067436   -0.797650  0.000000  1.0
    0.067436   -0.795599  0.000000  1.0
    0.067436   -0.793547  0.000000  1.0
    0.067436   -0.791496  0.000000  1.0
    0.067436   -0.789445  0.000000  1.0
    0.067436   -0.787393  0.000000  1.0
    0.067436   -0.785342  0.000000  1.0
    0.067436   -0.783291  0.000000  1.0
    0.067436   -0.781240  0.000000  1.0
    0.067436   -0.779188  0.000000  1.0
    0.067436   -0.777137  0.000000  1.0
    0.067436   -0.775086  0.000000  1.0
    0.067436   -0.773035  0.000000  1.0
    0.067436   -0.770983  0.000000  1.0
    0.067436   -0.768932  0.000000  1.0
    0.067436   -0.766881  0.000000  1.0
    0.067436   -0.764829  0.000000  1.0
    0.067436   -0.762778  0.000000  1.0
    0.067436   -0.760727  0.000000  1.0
    0.067436   -0.758676  0.000000  1.0
    0.067436   -0.756624  0.000000  1.0
    0.067436   -0.754573  0.000000  1.0
    0.067436   -0.752522  0.000000  1.0
    0.067436   -0.750470  0.000000  1.0
    0.067436   -0.748419  0.000000  1.0
    0.067436   -0.746368  0.000000  1.0
    0.067436   -0.744317  0.000000  1.0
    0.067436   -0.742265  0.000000  1.0
    0.067436   -0.740214  0.000000  1.0
    0.069487   -0.820214  0.000000  1.0
    0.069487   -0.818163  0.000000  1.0
    0.069487   -0.816111  0.000000  1.0
    0.069487   -0.814060  0.000000  1.0
    0.069487   -0.812009  0.000000  1.0
    0.069487   -0.809958  0.000000  1.0
    0.069487   -0.807906  0.000000  1.0
    0.069487   -0.805855  0.000000  1.0
    0.069487   -0.803804  0.000000  1.0
    0.069487   -0.801752  0.000000  1.0
    0.069487   -0.799701  0.000000  1.0
    0.069487   -0.797650  0.000000  1.0
    0.069487   -0.795599  0.000000  1.0
    0.069487   -0.793547  0.000000  1.0
    0.069487   -0.791496  0.000000  1.0
    0.069487   -0.789445  0.000000  1.0
    0.069487   -0.787393  0.000000  1.0
    0.069487   -0.785342  0.000000  1.0
    0.069487   -0.783291  0.000000  1.0
    0.069487   -0.781240  0.000000  1.0
    0.069487   -0.779188  0.000000  1.0
    0.069487   -0.777137  0.000000  1.0
    0.069487   -0.775086  0.000000  1.0
    0.069487   -0.773035  0.000000  1.0
    0.069487   -0.770983  0.000000  1.0
    0.069487   -0.768932  0.000000  1.0
    0.069487   -0.766881  0.000000  1.0
    0.069487   -0.764829  0.000000  1.0
    0.069487   -0.762778  0.000000  1.0
    0.069487   -0.760727  0.000000  1.0
    0.069487   -0.758676  0.000000  1.0
    0.069487   -0.756624  0.000000  1.0
    0.069487   -0.754573  0.000000  1.0
    0.069487   -0.752522  0.000000  1.0
    0.069487   -0.750470  0.000000  1.0
    0.069487   -0.748419  0.000000  1.0
    0.069487   -0.746368  0.000000  1.0
    0.069487   -0.744317  0.000000  1.0
    0.069487   -0.742265  0.000000  1.0
    0.069487   -0.740214  0.000000  1.0
    0.071538   -0.820214  0.000000  1.0
    0.071538   -0.818163  0.000000  1.0
    0.071538   -0.816111  0.000000  1.0
    0.071538   -0.814060  0.000000  1.0
    0.071538   -0.812009  0.000000  1.0
    0.071538   -0.809958  0.000000  1.0
    0.071538   -0.807906  0.000000  1.0
    0.071538   -0.805855  0.000000  1.0
    0.071538   -0.803804  0.000000  1.0
    0.071538   -0.801752  0.000000  1.0
    0.071538   -0.799701  0.000000  1.0
    0.071538   -0.797650  0.000000  1.0
    0.071538   -0.795599  0.000000  1.0
    0.071538   -0.793547  0.000000  1.0
    0.071538   -0.791496  0.000000  1.0
    0.071538   -0.789445  0.000000  1.0
    0.071538   -0.787393  0.000000  1.0
    0.071538   -0.785342  0.000000  1.0
    0.071538   -0.783291  0.000000  1.0
    0.071538   -0.781240  0.000000  1.0
    0.071538   -0.779188  0.000000  1.0
    0.071538   -0.777137  0.000000  1.0
    0.071538   -0.775086  0.000000  1.0
    0.071538   -0.773035  0.000000  1.0
    0.071538   -0.770983  0.000000  1.0
    0.071538   -0.768932  0.000000  1.0
    0.071538   -0.766881  0.000000  1.0
    0.071538   -0.764829  0.000000  1.0
    0.071538   -0.762778  0.000000  1.0
    0.071538   -0.760727  0.000000  1.0
    0.071538   -0.758676  0.000000  1.0
    0.071538   -0.756624  0.000000  1.0
    0.071538   -0.754573  0.000000  1.0
    0.071538   -0.752522  0.000000  1.0
    0.071538   -0.750470  0.000000  1.0
    0.071538   -0.748419  0.000000  1.0
    0.071538   -0.746368  0.000000  1.0
    0.071538   -0.744317  0.000000  1.0
    0.071538   -0.742265  0.000000  1.0
    0.071538   -0.740214  0.000000  1.0
    0.073590   -0.820214  0.000000  1.0
    0.073590   -0.818163  0.000000  1.0
    0.073590   -0.816111  0.000000  1.0
    0.073590   -0.814060  0.000000  1.0
    0.073590   -0.812009  0.000000  1.0
    0.073590   -0.809958  0.000000  1.0
    0.073590   -0.807906  0.000000  1.0
    0.073590   -0.805855  0.000000  1.0
    0.073590   -0.803804  0.000000  1.0
    0.073590   -0.801752  0.000000  1.0
    0.073590   -0.799701  0.000000  1.0
    0.073590   -0.797650  0.000000  1.0
    0.073590   -0.795599  0.000000  1.0
    0.073590   -0.793547  0.000000  1.0
    0.073590   -0.791496  0.000000  1.0
    0.073590   -0.789445  0.000000  1.0
    0.073590   -0.787393  0.000000  1.0
    0.073590   -0.785342  0.000000  1.0
    0.073590   -0.783291  0.000000  1.0
    0.073590   -0.781240  0.000000  1.0
    0.073590   -0.779188  0.000000  1.0
    0.073590   -0.777137  0.000000  1.0
    0.073590   -0.775086  0.000000  1.0
    0.073590   -0.773035  0.000000  1.0
    0.073590   -0.770983  0.000000  1.0
    0.073590   -0.768932  0.000000  1.0
    0.073590   -0.766881  0.000000  1.0
    0.073590   -0.764829  0.000000  1.0
    0.073590   -0.762778  0.000000  1.0
    0.073590   -0.760727  0.000000  1.0
    0.073590   -0.758676  0.000000  1.0
    0.073590   -0.756624  0.000000  1.0
    0.073590   -0.754573  0.000000  1.0
    0.073590   -0.752522  0.000000  1.0
    0.073590   -0.750470  0.000000  1.0
    0.073590   -0.748419  0.000000  1.0
    0.073590   -0.746368  0.000000  1.0
    0.073590   -0.744317  0.000000  1.0
    0.073590   -0.742265  0.000000  1.0
    0.073590   -0.740214  0.000000  1.0
    0.075641   -0.820214  0.000000  1.0
    0.075641   -0.818163  0.000000  1.0
    0.075641   -0.816111  0.000000  1.0
    0.075641   -0.814060  0.000000  1.0
    0.075641   -0.812009  0.000000  1.0
    0.075641   -0.809958  0.000000  1.0
    0.075641   -0.807906  0.000000  1.0
    0.075641   -0.805855  0.000000  1.0
    0.075641   -0.803804  0.000000  1.0
    0.075641   -0.801752  0.000000  1.0
    0.075641   -0.799701  0.000000  1.0
    0.075641   -0.797650  0.000000  1.0
    0.075641   -0.795599  0.000000  1.0
    0.075641   -0.793547  0.000000  1.0
    0.075641   -0.791496  0.000000  1.0
    0.075641   -0.789445  0.000000  1.0
    0.075641   -0.787393  0.000000  1.0
    0.075641   -0.785342  0.000000  1.0
    0.075641   -0.783291  0.000000  1.0
    0.075641   -0.781240  0.000000  1.0
    0.075641   -0.779188  0.000000  1.0
    0.075641   -0.777137  0.000000  1.0
    0.075641   -0.775086  0.000000  1.0
    0.075641   -0.773035  0.000000  1.0
    0.075641   -0.770983  0.000000  1.0
    0.075641   -0.768932  0.000000  1.0
    0.075641   -0.766881  0.000000  1.0
    0.075641   -0.764829  0.000000  1.0
    0.075641   -0.762778  0.000000  1.0
    0.075641   -0.760727  0.000000  1.0
    0.075641   -0.758676  0.000000  1.0
    0.075641   -0.756624  0.000000  1.0
    0.075641   -0.754573  0.000000  1.0
    0.075641   -0.752522  0.000000  1.0
    0.075641   -0.750470  0.000000  1.0
    0.075641   -0.748419  0.000000  1.0
    0.075641   -0.746368  0.000000  1.0
    0.075641   -0.744317  0.000000  1.0
    0.075641   -0.742265  0.000000  1.0
    0.075641   -0.740214  0.000000  1.0
    0.077692   -0.820214  0.000000  1.0
    0.077692   -0.818163  0.000000  1.0
    0.077692   -0.816111  0.000000  1.0
    0.077692   -0.814060  0.000000  1.0
    0.077692   -0.812009  0.000000  1.0
    0.077692   -0.809958  0.000000  1.0
    0.077692   -0.807906  0.000000  1.0
    0.077692   -0.805855  0.000000  1.0
    0.077692   -0.803804  0.000000  1.0
    0.077692   -0.801752  0.000000  1.0
    0.077692   -0.799701  0.000000  1.0
    0.077692   -0.797650  0.000000  1.0
    0.077692   -0.795599  0.000000  1.0
    0.077692   -0.793547  0.000000  1.0
    0.077692   -0.791496  0.000000  1.0
    0.077692   -0.789445  0.000000  1.0
    0.077692   -0.787393  0.000000  1.0
    0.077692   -0.785342  0.000000  1.0
    0.077692   -0.783291  0.000000  1.0
    0.077692   -0.781240  0.000000  1.0
    0.077692   -0.779188  0.000000  1.0
    0.077692   -0.777137  0.000000  1.0
    0.077692   -0.775086  0.000000  1.0
    0.077692   -0.773035  0.000000  1.0
    0.077692   -0.770983  0.000000  1.0
    0.077692   -0.768932  0.000000  1.0
    0.077692   -0.766881  0.000000  1.0
    0.077692   -0.764829  0.000000  1.0
    0.077692   -0.762778  0.000000  1.0
    0.077692   -0.760727  0.000000  1.0
    0.077692   -0.758676  0.000000  1.0
    0.077692   -0.756624  0.000000  1.0
    0.077692   -0.754573  0.000000  1.0
    0.077692   -0.752522  0.000000  1.0
    0.077692   -0.750470  0.000000  1.0
    0.077692   -0.748419  0.000000  1.0
    0.077692   -0.746368  0.000000  1.0
    0.077692   -0.744317  0.000000  1.0
    0.077692   -0.742265  0.000000  1.0
    0.077692   -0.740214  0.000000  1.0
    0.079744   -0.820214  0.000000  1.0
    0.079744   -0.818163  0.000000  1.0
    0.079744   -0.816111  0.000000  1.0
    0.079744   -0.814060  0.000000  1.0
    0.079744   -0.812009  0.000000  1.0
    0.079744   -0.809958  0.000000  1.0
    0.079744   -0.807906  0.000000  1.0
    0.079744   -0.805855  0.000000  1.0
    0.079744   -0.803804  0.000000  1.0
    0.079744   -0.801752  0.000000  1.0
    0.079744   -0.799701  0.000000  1.0
    0.079744   -0.797650  0.000000  1.0
    0.079744   -0.795599  0.000000  1.0
    0.079744   -0.793547  0.000000  1.0
    0.079744   -0.791496  0.000000  1.0
    0.079744   -0.789445  0.000000  1.0
    0.079744   -0.787393  0.000000  1.0
    0.079744   -0.785342  0.000000  1.0
    0.079744   -0.783291  0.000000  1.0
    0.079744   -0.781240  0.000000  1.0
    0.079744   -0.779188  0.000000  1.0
    0.079744   -0.777137  0.000000  1.0
    0.079744   -0.775086  0.000000  1.0
    0.079744   -0.773035  0.000000  1.0
    0.079744   -0.770983  0.000000  1.0
    0.079744   -0.768932  0.000000  1.0
    0.079744   -0.766881  0.000000  1.0
    0.079744   -0.764829  0.000000  1.0
    0.079744   -0.762778  0.000000  1.0
    0.079744   -0.760727  0.000000  1.0
    0.079744   -0.758676  0.000000  1.0
    0.079744   -0.756624  0.000000  1.0
    0.079744   -0.754573  0.000000  1.0
    0.079744   -0.752522  0.000000  1.0
    0.079744   -0.750470  0.000000  1.0
    0.079744   -0.748419  0.000000  1.0
    0.079744   -0.746368  0.000000  1.0
    0.079744   -0.744317  0.000000  1.0
    0.079744   -0.742265  0.000000  1.0
    0.079744   -0.740214  0.000000  1.0
    0.081795   -0.820214  0.000000  1.0
    0.081795   -0.818163  0.000000  1.0
    0.081795   -0.816111  0.000000  1.0
    0.081795   -0.814060  0.000000  1.0
    0.081795   -0.812009  0.000000  1.0
    0.081795   -0.809958  0.000000  1.0
    0.081795   -0.807906  0.000000  1.0
    0.081795   -0.805855  0.000000  1.0
    0.081795   -0.803804  0.000000  1.0
    0.081795   -0.801752  0.000000  1.0
    0.081795   -0.799701  0.000000  1.0
    0.081795   -0.797650  0.000000  1.0
    0.081795   -0.795599  0.000000  1.0
    0.081795   -0.793547  0.000000  1.0
    0.081795   -0.791496  0.000000  1.0
    0.081795   -0.789445  0.000000  1.0
    0.081795   -0.787393  0.000000  1.0
    0.081795   -0.785342  0.000000  1.0
    0.081795   -0.783291  0.000000  1.0
    0.081795   -0.781240  0.000000  1.0
    0.081795   -0.779188  0.000000  1.0
    0.081795   -0.777137  0.000000  1.0
    0.081795   -0.775086  0.000000  1.0
    0.081795   -0.773035  0.000000  1.0
    0.081795   -0.770983  0.000000  1.0
    0.081795   -0.768932  0.000000  1.0
    0.081795   -0.766881  0.000000  1.0
    0.081795   -0.764829  0.000000  1.0
    0.081795   -0.762778  0.000000  1.0
    0.081795   -0.760727  0.000000  1.0
    0.081795   -0.758676  0.000000  1.0
    0.081795   -0.756624  0.000000  1.0
    0.081795   -0.754573  0.000000  1.0
    0.081795   -0.752522  0.000000  1.0
    0.081795   -0.750470  0.000000  1.0
    0.081795   -0.748419  0.000000  1.0
    0.081795   -0.746368  0.000000  1.0
    0.081795   -0.744317  0.000000  1.0
    0.081795   -0.742265  0.000000  1.0
    0.081795   -0.740214  0.000000  1.0
    0.083846   -0.820214  0.000000  1.0
    0.083846   -0.818163  0.000000  1.0
    0.083846   -0.816111  0.000000  1.0
    0.083846   -0.814060  0.000000  1.0
    0.083846   -0.812009  0.000000  1.0
    0.083846   -0.809958  0.000000  1.0
    0.083846   -0.807906  0.000000  1.0
    0.083846   -0.805855  0.000000  1.0
    0.083846   -0.803804  0.000000  1.0
    0.083846   -0.801752  0.000000  1.0
    0.083846   -0.799701  0.000000  1.0
    0.083846   -0.797650  0.000000  1.0
    0.083846   -0.795599  0.000000  1.0
    0.083846   -0.793547  0.000000  1.0
    0.083846   -0.791496  0.000000  1.0
    0.083846   -0.789445  0.000000  1.0
    0.083846   -0.787393  0.000000  1.0
    0.083846   -0.785342  0.000000  1.0
    0.083846   -0.783291  0.000000  1.0
    0.083846   -0.781240  0.000000  1.0
    0.083846   -0.779188  0.000000  1.0
    0.083846   -0.777137  0.000000  1.0
    0.083846   -0.775086  0.000000  1.0
    0.083846   -0.773035  0.000000  1.0
    0.083846   -0.770983  0.000000  1.0
    0.083846   -0.768932  0.000000  1.0
    0.083846   -0.766881  0.000000  1.0
    0.083846   -0.764829  0.000000  1.0
    0.083846   -0.762778  0.000000  1.0
    0.083846   -0.760727  0.000000  1.0
    0.083846   -0.758676  0.000000  1.0
    0.083846   -0.756624  0.000000  1.0
    0.083846   -0.754573  0.000000  1.0
    0.083846   -0.752522  0.000000  1.0
    0.083846   -0.750470  0.000000  1.0
    0.083846   -0.748419  0.000000  1.0
    0.083846   -0.746368  0.000000  1.0
    0.083846   -0.744317  0.000000  1.0
    0.083846   -0.742265  0.000000  1.0
    0.083846   -0.740214  0.000000  1.0
    0.085897   -0.820214  0.000000  1.0
    0.085897   -0.818163  0.000000  1.0
    0.085897   -0.816111  0.000000  1.0
    0.085897   -0.814060  0.000000  1.0
    0.085897   -0.812009  0.000000  1.0
    0.085897   -0.809958  0.000000  1.0
    0.085897   -0.807906  0.000000  1.0
    0.085897   -0.805855  0.000000  1.0
    0.085897   -0.803804  0.000000  1.0
    0.085897   -0.801752  0.000000  1.0
    0.085897   -0.799701  0.000000  1.0
    0.085897   -0.797650  0.000000  1.0
    0.085897   -0.795599  0.000000  1.0
    0.085897   -0.793547  0.000000  1.0
    0.085897   -0.791496  0.000000  1.0
    0.085897   -0.789445  0.000000  1.0
    0.085897   -0.787393  0.000000  1.0
    0.085897   -0.785342  0.000000  1.0
    0.085897   -0.783291  0.000000  1.0
    0.085897   -0.781240  0.000000  1.0
    0.085897   -0.779188  0.000000  1.0
    0.085897   -0.777137  0.000000  1.0
    0.085897   -0.775086  0.000000  1.0
    0.085897   -0.773035  0.000000  1.0
    0.085897   -0.770983  0.000000  1.0
    0.085897   -0.768932  0.000000  1.0
    0.085897   -0.766881  0.000000  1.0
    0.085897   -0.764829  0.000000  1.0
    0.085897   -0.762778  0.000000  1.0
    0.085897   -0.760727  0.000000  1.0
    0.085897   -0.758676  0.000000  1.0
    0.085897   -0.756624  0.000000  1.0
    0.085897   -0.754573  0.000000  1.0
    0.085897   -0.752522  0.000000  1.0
    0.085897   -0.750470  0.000000  1.0
    0.085897   -0.748419  0.000000  1.0
    0.085897   -0.746368  0.000000  1.0
    0.085897   -0.744317  0.000000  1.0
    0.085897   -0.742265  0.000000  1.0
    0.085897   -0.740214  0.000000  1.0
    0.087949   -0.820214  0.000000  1.0
    0.087949   -0.818163  0.000000  1.0
    0.087949   -0.816111  0.000000  1.0
    0.087949   -0.814060  0.000000  1.0
    0.087949   -0.812009  0.000000  1.0
    0.087949   -0.809958  0.000000  1.0
    0.087949   -0.807906  0.000000  1.0
    0.087949   -0.805855  0.000000  1.0
    0.087949   -0.803804  0.000000  1.0
    0.087949   -0.801752  0.000000  1.0
    0.087949   -0.799701  0.000000  1.0
    0.087949   -0.797650  0.000000  1.0
    0.087949   -0.795599  0.000000  1.0
    0.087949   -0.793547  0.000000  1.0
    0.087949   -0.791496  0.000000  1.0
    0.087949   -0.789445  0.000000  1.0
    0.087949   -0.787393  0.000000  1.0
    0.087949   -0.785342  0.000000  1.0
    0.087949   -0.783291  0.000000  1.0
    0.087949   -0.781240  0.000000  1.0
    0.087949   -0.779188  0.000000  1.0
    0.087949   -0.777137  0.000000  1.0
    0.087949   -0.775086  0.000000  1.0
    0.087949   -0.773035  0.000000  1.0
    0.087949   -0.770983  0.000000  1.0
    0.087949   -0.768932  0.000000  1.0
    0.087949   -0.766881  0.000000  1.0
    0.087949   -0.764829  0.000000  1.0
    0.087949   -0.762778  0.000000  1.0
    0.087949   -0.760727  0.000000  1.0
    0.087949   -0.758676  0.000000  1.0
    0.087949   -0.756624  0.000000  1.0
    0.087949   -0.754573  0.000000  1.0
    0.087949   -0.752522  0.000000  1.0
    0.087949   -0.750470  0.000000  1.0
    0.087949   -0.748419  0.000000  1.0
    0.087949   -0.746368  0.000000  1.0
    0.087949   -0.744317  0.000000  1.0
    0.087949   -0.742265  0.000000  1.0
    0.087949   -0.740214  0.000000  1.0
    0.090000   -0.820214  0.000000  1.0
    0.090000   -0.818163  0.000000  1.0
    0.090000   -0.816111  0.000000  1.0
    0.090000   -0.814060  0.000000  1.0
    0.090000   -0.812009  0.000000  1.0
    0.090000   -0.809958  0.000000  1.0
    0.090000   -0.807906  0.000000  1.0
    0.090000   -0.805855  0.000000  1.0
    0.090000   -0.803804  0.000000  1.0
    0.090000   -0.801752  0.000000  1.0
    0.090000   -0.799701  0.000000  1.0
    0.090000   -0.797650  0.000000  1.0
    0.090000   -0.795599  0.000000  1.0
    0.090000   -0.793547  0.000000  1.0
    0.090000   -0.791496  0.000000  1.0
    0.090000   -0.789445  0.000000  1.0
    0.090000   -0.787393  0.000000  1.0
    0.090000   -0.785342  0.000000  1.0
    0.090000   -0.783291  0.000000  1.0
    0.090000   -0.781240  0.000000  1.0
    0.090000   -0.779188  0.000000  1.0
    0.090000   -0.777137  0.000000  1.0
    0.090000   -0.775086  0.000000  1.0
    0.090000   -0.773035  0.000000  1.0
    0.090000   -0.770983  0.000000  1.0
    0.090000   -0.768932  0.000000  1.0
    0.090000   -0.766881  0.000000  1.0
    0.090000   -0.764829  0.000000  1.0
    0.090000   -0.762778  0.000000  1.0
    0.090000   -0.760727  0.000000  1.0
    0.090000   -0.758676  0.000000  1.0
    0.090000   -0.756624  0.000000  1.0
    0.090000   -0.754573  0.000000  1.0
    0.090000   -0.752522  0.000000  1.0
    0.090000   -0.750470  0.000000  1.0
    0.090000   -0.748419  0.000000  1.0
    0.090000   -0.746368  0.000000  1.0
    0.090000   -0.744317  0.000000  1.0
    0.090000   -0.742265  0.000000  1.0
    0.090000   -0.740214  0.000000  1.0
