&CONTROL
  calculation = 'bands'
  prefix = 'graphene25.0zoom'
  outdir = './tmp'
  pseudo_dir = './'
  verbosity = 'high'
/
&SYSTEM
  ibrav = 0
  nat = 2
  ntyp = 1
  ecutwfc = 40.0
  nosym = .true.
  noinv = .true.
  nbnd = 8
/
&ELECTRONS
/
ATOMIC_SPECIES
  C  12.011  C.pbe-n-kjpaw_psl.1.0.0.UPF
CELL_PARAMETERS {bohr}
  5.817500  0.000000  0.000000
  2.908750  3.864225  0.000000
  0.000000  0.000000  30.000000
ATOMIC_POSITIONS {crystal}
  C  0.000801  0.165135  0.000000
  C  0.332532  0.501532  0.000000
K_POINTS {tpiba}
1600
   -0.040000   -0.792738  0.000000  1.0
   -0.040000   -0.790687  0.000000  1.0
   -0.040000   -0.788636  0.000000  1.0
   -0.040000   -0.786584  0.000000  1.0
   -0.040000   -0.784533  0.000000  1.0
   -0.040000   -0.782482  0.000000  1.0
   -0.040000   -0.780431  0.000000  1.0
   -0.040000   -0.778379  0.000000  1.0
   -0.040000   -0.776328  0.000000  1.0
   -0.040000   -0.774277  0.000000  1.0
   -0.040000   -0.772225  0.000000  1.0
   -0.040000   -0.770174  0.000000  1.0
   -0.040000   -0.768123  0.000000  1.0
   -0.040000   -0.766072  0.000000  1.0
   -0.040000   -0.764020  0.000000  1.0
   -0.040000   -0.761969  0.000000  1.0
   -0.040000   -0.759918  0.000000  1.0
   -0.040000   -0.757866  0.000000  1.0
   -0.040000   -0.755815  0.000000  1.0
   -0.040000   -0.753764  0.000000  1.0
   -0.040000   -0.751713  0.000000  1.0
   -0.040000   -0.749661  0.000000  1.0
   -0.040000   -0.747610  0.000000  1.0
   -0.040000   -0.745559  0.000000  1.0
   -0.040000   -0.743507  0.000000  1.0
   -0.040000   -0.741456  0.000000  1.0
   -0.040000   -0.739405  0.000000  1.0
   -0.040000   -0.737354  0.000000  1.0
   -0.040000   -0.735302  0.000000  1.0
   -0.040000   -0.733251  0.000000  1.0
   -0.040000   -0.731200  0.000000  1.0
   -0.040000   -0.729149  0.000000  1.0
   -0.040000   -0.727097  0.000000  1.0
   -0.040000   -0.725046  0.000000  1.0
   -0.040000   -0.722995  0.000000  1.0
   -0.040000   -0.720943  0.000000  1.0
   -0.040000   -0.718892  0.000000  1.0
   -0.040000   -0.716841  0.000000  1.0
   -0.040000   -0.714790  0.000000  1.0
   -0.040000   -0.712738  0.000000  1.0
   -0.037949   -0.792738  0.000000  1.0
   -0.037949   -0.790687  0.000000  1.0
   -0.037949   -0.788636  0.000000  1.0
   -0.037949   -0.786584  0.000000  1.0
   -0.037949   -0.784533  0.000000  1.0
   -0.037949   -0.782482  0.000000  1.0
   -0.037949   -0.780431  0.000000  1.0
   -0.037949   -0.778379  0.000000  1.0
   -0.037949   -0.776328  0.000000  1.0
   -0.037949   -0.774277  0.000000  1.0
   -0.037949   -0.772225  0.000000  1.0
   -0.037949   -0.770174  0.000000  1.0
   -0.037949   -0.768123  0.000000  1.0
   -0.037949   -0.766072  0.000000  1.0
   -0.037949   -0.764020  0.000000  1.0
   -0.037949   -0.761969  0.000000  1.0
   -0.037949   -0.759918  0.000000  1.0
   -0.037949   -0.757866  0.000000  1.0
   -0.037949   -0.755815  0.000000  1.0
   -0.037949   -0.753764  0.000000  1.0
   -0.037949   -0.751713  0.000000  1.0
   -0.037949   -0.749661  0.000000  1.0
   -0.037949   -0.747610  0.000000  1.0
   -0.037949   -0.745559  0.000000  1.0
   -0.037949   -0.743507  0.000000  1.0
   -0.037949   -0.741456  0.000000  1.0
   -0.037949   -0.739405  0.000000  1.0
   -0.037949   -0.737354  0.000000  1.0
   -0.037949   -0.735302  0.000000  1.0
   -0.037949   -0.733251  0.000000  1.0
   -0.037949   -0.731200  0.000000  1.0
   -0.037949   -0.729149  0.000000  1.0
   -0.037949   -0.727097  0.000000  1.0
   -0.037949   -0.725046  0.000000  1.0
   -0.037949   -0.722995  0.000000  1.0
   -0.037949   -0.720943  0.000000  1.0
   -0.037949   -0.718892  0.000000  1.0
   -0.037949   -0.716841  0.000000  1.0
   -0.037949   -0.714790  0.000000  1.0
   -0.037949   -0.712738  0.000000  1.0
   -0.035897   -0.792738  0.000000  1.0
   -0.035897   -0.790687  0.000000  1.0
   -0.035897   -0.788636  0.000000  1.0
   -0.035897   -0.786584  0.000000  1.0
   -0.035897   -0.784533  0.000000  1.0
   -0.035897   -0.782482  0.000000  1.0
   -0.035897   -0.780431  0.000000  1.0
   -0.035897   -0.778379  0.000000  1.0
   -0.035897   -0.776328  0.000000  1.0
   -0.035897   -0.774277  0.000000  1.0
   -0.035897   -0.772225  0.000000  1.0
   -0.035897   -0.770174  0.000000  1.0
   -0.035897   -0.768123  0.000000  1.0
   -0.035897   -0.766072  0.000000  1.0
   -0.035897   -0.764020  0.000000  1.0
   -0.035897   -0.761969  0.000000  1.0
   -0.035897   -0.759918  0.000000  1.0
   -0.035897   -0.757866  0.000000  1.0
   -0.035897   -0.755815  0.000000  1.0
   -0.035897   -0.753764  0.000000  1.0
   -0.035897   -0.751713  0.000000  1.0
   -0.035897   -0.749661  0.000000  1.0
   -0.035897   -0.747610  0.000000  1.0
   -0.035897   -0.745559  0.000000  1.0
   -0.035897   -0.743507  0.000000  1.0
   -0.035897   -0.741456  0.000000  1.0
   -0.035897   -0.739405  0.000000  1.0
   -0.035897   -0.737354  0.000000  1.0
   -0.035897   -0.735302  0.000000  1.0
   -0.035897   -0.733251  0.000000  1.0
   -0.035897   -0.731200  0.000000  1.0
   -0.035897   -0.729149  0.000000  1.0
   -0.035897   -0.727097  0.000000  1.0
   -0.035897   -0.725046  0.000000  1.0
   -0.035897   -0.722995  0.000000  1.0
   -0.035897   -0.720943  0.000000  1.0
   -0.035897   -0.718892  0.000000  1.0
   -0.035897   -0.716841  0.000000  1.0
   -0.035897   -0.714790  0.000000  1.0
   -0.035897   -0.712738  0.000000  1.0
   -0.033846   -0.792738  0.000000  1.0
   -0.033846   -0.790687  0.000000  1.0
   -0.033846   -0.788636  0.000000  1.0
   -0.033846   -0.786584  0.000000  1.0
   -0.033846   -0.784533  0.000000  1.0
   -0.033846   -0.782482  0.000000  1.0
   -0.033846   -0.780431  0.000000  1.0
   -0.033846   -0.778379  0.000000  1.0
   -0.033846   -0.776328  0.000000  1.0
   -0.033846   -0.774277  0.000000  1.0
   -0.033846   -0.772225  0.000000  1.0
   -0.033846   -0.770174  0.000000  1.0
   -0.033846   -0.768123  0.000000  1.0
   -0.033846   -0.766072  0.000000  1.0
   -0.033846   -0.764020  0.000000  1.0
   -0.033846   -0.761969  0.000000  1.0
   -0.033846   -0.759918  0.000000  1.0
   -0.033846   -0.757866  0.000000  1.0
   -0.033846   -0.755815  0.000000  1.0
   -0.033846   -0.753764  0.000000  1.0
   -0.033846   -0.751713  0.000000  1.0
   -0.033846   -0.749661  0.000000  1.0
   -0.033846   -0.747610  0.000000  1.0
   -0.033846   -0.745559  0.000000  1.0
   -0.033846   -0.743507  0.000000  1.0
   -0.033846   -0.741456  0.000000  1.0
   -0.033846   -0.739405  0.000000  1.0
   -0.033846   -0.737354  0.000000  1.0
   -0.033846   -0.735302  0.000000  1.0
   -0.033846   -0.733251  0.000000  1.0
   -0.033846   -0.731200  0.000000  1.0
   -0.033846   -0.729149  0.000000  1.0
   -0.033846   -0.727097  0.000000  1.0
   -0.033846   -0.725046  0.000000  1.0
   -0.033846   -0.722995  0.000000  1.0
   -0.033846   -0.720943  0.000000  1.0
   -0.033846   -0.718892  0.000000  1.0
   -0.033846   -0.716841  0.000000  1.0
   -0.033846   -0.714790  0.000000  1.0
   -0.033846   -0.712738  0.000000  1.0
   -0.031795   -0.792738  0.000000  1.0
   -0.031795   -0.790687  0.000000  1.0
   -0.031795   -0.788636  0.000000  1.0
   -0.031795   -0.786584  0.000000  1.0
   -0.031795   -0.784533  0.000000  1.0
   -0.031795   -0.782482  0.000000  1.0
   -0.031795   -0.780431  0.000000  1.0
   -0.031795   -0.778379  0.000000  1.0
   -0.031795   -0.776328  0.000000  1.0
   -0.031795   -0.774277  0.000000  1.0
   -0.031795   -0.772225  0.000000  1.0
   -0.031795   -0.770174  0.000000  1.0
   -0.031795   -0.768123  0.000000  1.0
   -0.031795   -0.766072  0.000000  1.0
   -0.031795   -0.764020  0.000000  1.0
   -0.031795   -0.761969  0.000000  1.0
   -0.031795   -0.759918  0.000000  1.0
   -0.031795   -0.757866  0.000000  1.0
   -0.031795   -0.755815  0.000000  1.0
   -0.031795   -0.753764  0.000000  1.0
   -0.031795   -0.751713  0.000000  1.0
   -0.031795   -0.749661  0.000000  1.0
   -0.031795   -0.747610  0.000000  1.0
   -0.031795   -0.745559  0.000000  1.0
   -0.031795   -0.743507  0.000000  1.0
   -0.031795   -0.741456  0.000000  1.0
   -0.031795   -0.739405  0.000000  1.0
   -0.031795   -0.737354  0.000000  1.0
   -0.031795   -0.735302  0.000000  1.0
   -0.031795   -0.733251  0.000000  1.0
   -0.031795   -0.731200  0.000000  1.0
   -0.031795   -0.729149  0.000000  1.0
   -0.031795   -0.727097  0.000000  1.0
   -0.031795   -0.725046  0.000000  1.0
   -0.031795   -0.722995  0.000000  1.0
   -0.031795   -0.720943  0.000000  1.0
   -0.031795   -0.718892  0.000000  1.0
   -0.031795   -0.716841  0.000000  1.0
   -0.031795   -0.714790  0.000000  1.0
   -0.031795   -0.712738  0.000000  1.0
   -0.029744   -0.792738  0.000000  1.0
   -0.029744   -0.790687  0.000000  1.0
   -0.029744   -0.788636  0.000000  1.0
   -0.029744   -0.786584  0.000000  1.0
   -0.029744   -0.784533  0.000000  1.0
   -0.029744   -0.782482  0.000000  1.0
   -0.029744   -0.780431  0.000000  1.0
   -0.029744   -0.778379  0.000000  1.0
   -0.029744   -0.776328  0.000000  1.0
   -0.029744   -0.774277  0.000000  1.0
   -0.029744   -0.772225  0.000000  1.0
   -0.029744   -0.770174  0.000000  1.0
   -0.029744   -0.768123  0.000000  1.0
   -0.029744   -0.766072  0.000000  1.0
   -0.029744   -0.764020  0.000000  1.0
   -0.029744   -0.761969  0.000000  1.0
   -0.029744   -0.759918  0.000000  1.0
   -0.029744   -0.757866  0.000000  1.0
   -0.029744   -0.755815  0.000000  1.0
   -0.029744   -0.753764  0.000000  1.0
   -0.029744   -0.751713  0.000000  1.0
   -0.029744   -0.749661  0.000000  1.0
   -0.029744   -0.747610  0.000000  1.0
   -0.029744   -0.745559  0.000000  1.0
   -0.029744   -0.743507  0.000000  1.0
   -0.029744   -0.741456  0.000000  1.0
   -0.029744   -0.739405  0.000000  1.0
   -0.029744   -0.737354  0.000000  1.0
   -0.029744   -0.735302  0.000000  1.0
   -0.029744   -0.733251  0.000000  1.0
   -0.029744   -0.731200  0.000000  1.0
   -0.029744   -0.729149  0.000000  1.0
   -0.029744   -0.727097  0.000000  1.0
   -0.029744   -0.725046  0.000000  1.0
   -0.029744   -0.722995  0.000000  1.0
   -0.029744   -0.720943  0.000000  1.0
   -0.029744   -0.718892  0.000000  1.0
   -0.029744   -0.716841  0.000000  1.0
   -0.029744   -0.714790  0.000000  1.0
   -0.029744   -0.712738  0.000000  1.0
   -0.027692   -0.792738  0.000000  1.0
   -0.027692   -0.790687  0.000000  1.0
   -0.027692   -0.788636  0.000000  1.0
   -0.027692   -0.786584  0.000000  1.0
   -0.027692   -0.784533  0.000000  1.0
   -0.027692   -0.782482  0.000000  1.0
   -0.027692   -0.780431  0.000000  1.0
   -0.027692   -0.778379  0.000000  1.0
   -0.027692   -0.776328  0.000000  1.0
   -0.027692   -0.774277  0.000000  1.0
   -0.027692   -0.772225  0.000000  1.0
   -0.027692   -0.770174  0.000000  1.0
   -0.027692   -0.768123  0.000000  1.0
   -0.027692   -0.766072  0.000000  1.0
   -0.027692   -0.764020  0.000000  1.0
   -0.027692   -0.761969  0.000000  1.0
   -0.027692   -0.759918  0.000000  1.0
   -0.027692   -0.757866  0.000000  1.0
   -0.027692   -0.755815  0.000000  1.0
   -0.027692   -0.753764  0.000000  1.0
   -0.027692   -0.751713  0.000000  1.0
   -0.027692   -0.749661  0.000000  1.0
   -0.027692   -0.747610  0.000000  1.0
   -0.027692   -0.745559  0.000000  1.0
   -0.027692   -0.743507  0.000000  1.0
   -0.027692   -0.741456  0.000000  1.0
   -0.027692   -0.739405  0.000000  1.0
   -0.027692   -0.737354  0.000000  1.0
   -0.027692   -0.735302  0.000000  1.0
   -0.027692   -0.733251  0.000000  1.0
   -0.027692   -0.731200  0.000000  1.0
   -0.027692   -0.729149  0.000000  1.0
   -0.027692   -0.727097  0.000000  1.0
   -0.027692   -0.725046  0.000000  1.0
   -0.027692   -0.722995  0.000000  1.0
   -0.027692   -0.720943  0.000000  1.0
   -0.027692   -0.718892  0.000000  1.0
   -0.027692   -0.716841  0.000000  1.0
   -0.027692   -0.714790  0.000000  1.0
   -0.027692   -0.712738  0.000000  1.0
   -0.025641   -0.792738  0.000000  1.0
   -0.025641   -0.790687  0.000000  1.0
   -0.025641   -0.788636  0.000000  1.0
   -0.025641   -0.786584  0.000000  1.0
   -0.025641   -0.784533  0.000000  1.0
   -0.025641   -0.782482  0.000000  1.0
   -0.025641   -0.780431  0.000000  1.0
   -0.025641   -0.778379  0.000000  1.0
   -0.025641   -0.776328  0.000000  1.0
   -0.025641   -0.774277  0.000000  1.0
   -0.025641   -0.772225  0.000000  1.0
   -0.025641   -0.770174  0.000000  1.0
   -0.025641   -0.768123  0.000000  1.0
   -0.025641   -0.766072  0.000000  1.0
   -0.025641   -0.764020  0.000000  1.0
   -0.025641   -0.761969  0.000000  1.0
   -0.025641   -0.759918  0.000000  1.0
   -0.025641   -0.757866  0.000000  1.0
   -0.025641   -0.755815  0.000000  1.0
   -0.025641   -0.753764  0.000000  1.0
   -0.025641   -0.751713  0.000000  1.0
   -0.025641   -0.749661  0.000000  1.0
   -0.025641   -0.747610  0.000000  1.0
   -0.025641   -0.745559  0.000000  1.0
   -0.025641   -0.743507  0.000000  1.0
   -0.025641   -0.741456  0.000000  1.0
   -0.025641   -0.739405  0.000000  1.0
   -0.025641   -0.737354  0.000000  1.0
   -0.025641   -0.735302  0.000000  1.0
   -0.025641   -0.733251  0.000000  1.0
   -0.025641   -0.731200  0.000000  1.0
   -0.025641   -0.729149  0.000000  1.0
   -0.025641   -0.727097  0.000000  1.0
   -0.025641   -0.725046  0.000000  1.0
   -0.025641   -0.722995  0.000000  1.0
   -0.025641   -0.720943  0.000000  1.0
   -0.025641   -0.718892  0.000000  1.0
   -0.025641   -0.716841  0.000000  1.0
   -0.025641   -0.714790  0.000000  1.0
   -0.025641   -0.712738  0.000000  1.0
   -0.023590   -0.792738  0.000000  1.0
   -0.023590   -0.790687  0.000000  1.0
   -0.023590   -0.788636  0.000000  1.0
   -0.023590   -0.786584  0.000000  1.0
   -0.023590   -0.784533  0.000000  1.0
   -0.023590   -0.782482  0.000000  1.0
   -0.023590   -0.780431  0.000000  1.0
   -0.023590   -0.778379  0.000000  1.0
   -0.023590   -0.776328  0.000000  1.0
   -0.023590   -0.774277  0.000000  1.0
   -0.023590   -0.772225  0.000000  1.0
   -0.023590   -0.770174  0.000000  1.0
   -0.023590   -0.768123  0.000000  1.0
   -0.023590   -0.766072  0.000000  1.0
   -0.023590   -0.764020  0.000000  1.0
   -0.023590   -0.761969  0.000000  1.0
   -0.023590   -0.759918  0.000000  1.0
   -0.023590   -0.757866  0.000000  1.0
   -0.023590   -0.755815  0.000000  1.0
   -0.023590   -0.753764  0.000000  1.0
   -0.023590   -0.751713  0.000000  1.0
   -0.023590   -0.749661  0.000000  1.0
   -0.023590   -0.747610  0.000000  1.0
   -0.023590   -0.745559  0.000000  1.0
   -0.023590   -0.743507  0.000000  1.0
   -0.023590   -0.741456  0.000000  1.0
   -0.023590   -0.739405  0.000000  1.0
   -0.023590   -0.737354  0.000000  1.0
   -0.023590   -0.735302  0.000000  1.0
   -0.023590   -0.733251  0.000000  1.0
   -0.023590   -0.731200  0.000000  1.0
   -0.023590   -0.729149  0.000000  1.0
   -0.023590   -0.727097  0.000000  1.0
   -0.023590   -0.725046  0.000000  1.0
   -0.023590   -0.722995  0.000000  1.0
   -0.023590   -0.720943  0.000000  1.0
   -0.023590   -0.718892  0.000000  1.0
   -0.023590   -0.716841  0.000000  1.0
   -0.023590   -0.714790  0.000000  1.0
   -0.023590   -0.712738  0.000000  1.0
   -0.021538   -0.792738  0.000000  1.0
   -0.021538   -0.790687  0.000000  1.0
   -0.021538   -0.788636  0.000000  1.0
   -0.021538   -0.786584  0.000000  1.0
   -0.021538   -0.784533  0.000000  1.0
   -0.021538   -0.782482  0.000000  1.0
   -0.021538   -0.780431  0.000000  1.0
   -0.021538   -0.778379  0.000000  1.0
   -0.021538   -0.776328  0.000000  1.0
   -0.021538   -0.774277  0.000000  1.0
   -0.021538   -0.772225  0.000000  1.0
   -0.021538   -0.770174  0.000000  1.0
   -0.021538   -0.768123  0.000000  1.0
   -0.021538   -0.766072  0.000000  1.0
   -0.021538   -0.764020  0.000000  1.0
   -0.021538   -0.761969  0.000000  1.0
   -0.021538   -0.759918  0.000000  1.0
   -0.021538   -0.757866  0.000000  1.0
   -0.021538   -0.755815  0.000000  1.0
   -0.021538   -0.753764  0.000000  1.0
   -0.021538   -0.751713  0.000000  1.0
   -0.021538   -0.749661  0.000000  1.0
   -0.021538   -0.747610  0.000000  1.0
   -0.021538   -0.745559  0.000000  1.0
   -0.021538   -0.743507  0.000000  1.0
   -0.021538   -0.741456  0.000000  1.0
   -0.021538   -0.739405  0.000000  1.0
   -0.021538   -0.737354  0.000000  1.0
   -0.021538   -0.735302  0.000000  1.0
   -0.021538   -0.733251  0.000000  1.0
   -0.021538   -0.731200  0.000000  1.0
   -0.021538   -0.729149  0.000000  1.0
   -0.021538   -0.727097  0.000000  1.0
   -0.021538   -0.725046  0.000000  1.0
   -0.021538   -0.722995  0.000000  1.0
   -0.021538   -0.720943  0.000000  1.0
   -0.021538   -0.718892  0.000000  1.0
   -0.021538   -0.716841  0.000000  1.0
   -0.021538   -0.714790  0.000000  1.0
   -0.021538   -0.712738  0.000000  1.0
   -0.019487   -0.792738  0.000000  1.0
   -0.019487   -0.790687  0.000000  1.0
   -0.019487   -0.788636  0.000000  1.0
   -0.019487   -0.786584  0.000000  1.0
   -0.019487   -0.784533  0.000000  1.0
   -0.019487   -0.782482  0.000000  1.0
   -0.019487   -0.780431  0.000000  1.0
   -0.019487   -0.778379  0.000000  1.0
   -0.019487   -0.776328  0.000000  1.0
   -0.019487   -0.774277  0.000000  1.0
   -0.019487   -0.772225  0.000000  1.0
   -0.019487   -0.770174  0.000000  1.0
   -0.019487   -0.768123  0.000000  1.0
   -0.019487   -0.766072  0.000000  1.0
   -0.019487   -0.764020  0.000000  1.0
   -0.019487   -0.761969  0.000000  1.0
   -0.019487   -0.759918  0.000000  1.0
   -0.019487   -0.757866  0.000000  1.0
   -0.019487   -0.755815  0.000000  1.0
   -0.019487   -0.753764  0.000000  1.0
   -0.019487   -0.751713  0.000000  1.0
   -0.019487   -0.749661  0.000000  1.0
   -0.019487   -0.747610  0.000000  1.0
   -0.019487   -0.745559  0.000000  1.0
   -0.019487   -0.743507  0.000000  1.0
   -0.019487   -0.741456  0.000000  1.0
   -0.019487   -0.739405  0.000000  1.0
   -0.019487   -0.737354  0.000000  1.0
   -0.019487   -0.735302  0.000000  1.0
   -0.019487   -0.733251  0.000000  1.0
   -0.019487   -0.731200  0.000000  1.0
   -0.019487   -0.729149  0.000000  1.0
   -0.019487   -0.727097  0.000000  1.0
   -0.019487   -0.725046  0.000000  1.0
   -0.019487   -0.722995  0.000000  1.0
   -0.019487   -0.720943  0.000000  1.0
   -0.019487   -0.718892  0.000000  1.0
   -0.019487   -0.716841  0.000000  1.0
   -0.019487   -0.714790  0.000000  1.0
   -0.019487   -0.712738  0.000000  1.0
   -0.017436   -0.792738  0.000000  1.0
   -0.017436   -0.790687  0.000000  1.0
   -0.017436   -0.788636  0.000000  1.0
   -0.017436   -0.786584  0.000000  1.0
   -0.017436   -0.784533  0.000000  1.0
   -0.017436   -0.782482  0.000000  1.0
   -0.017436   -0.780431  0.000000  1.0
   -0.017436   -0.778379  0.000000  1.0
   -0.017436   -0.776328  0.000000  1.0
   -0.017436   -0.774277  0.000000  1.0
   -0.017436   -0.772225  0.000000  1.0
   -0.017436   -0.770174  0.000000  1.0
   -0.017436   -0.768123  0.000000  1.0
   -0.017436   -0.766072  0.000000  1.0
   -0.017436   -0.764020  0.000000  1.0
   -0.017436   -0.761969  0.000000  1.0
   -0.017436   -0.759918  0.000000  1.0
   -0.017436   -0.757866  0.000000  1.0
   -0.017436   -0.755815  0.000000  1.0
   -0.017436   -0.753764  0.000000  1.0
   -0.017436   -0.751713  0.000000  1.0
   -0.017436   -0.749661  0.000000  1.0
   -0.017436   -0.747610  0.000000  1.0
   -0.017436   -0.745559  0.000000  1.0
   -0.017436   -0.743507  0.000000  1.0
   -0.017436   -0.741456  0.000000  1.0
   -0.017436   -0.739405  0.000000  1.0
   -0.017436   -0.737354  0.000000  1.0
   -0.017436   -0.735302  0.000000  1.0
   -0.017436   -0.733251  0.000000  1.0
   -0.017436   -0.731200  0.000000  1.0
   -0.017436   -0.729149  0.000000  1.0
   -0.017436   -0.727097  0.000000  1.0
   -0.017436   -0.725046  0.000000  1.0
   -0.017436   -0.722995  0.000000  1.0
   -0.017436   -0.720943  0.000000  1.0
   -0.017436   -0.718892  0.000000  1.0
   -0.017436   -0.716841  0.000000  1.0
   -0.017436   -0.714790  0.000000  1.0
   -0.017436   -0.712738  0.000000  1.0
   -0.015385   -0.792738  0.000000  1.0
   -0.015385   -0.790687  0.000000  1.0
   -0.015385   -0.788636  0.000000  1.0
   -0.015385   -0.786584  0.000000  1.0
   -0.015385   -0.784533  0.000000  1.0
   -0.015385   -0.782482  0.000000  1.0
   -0.015385   -0.780431  0.000000  1.0
   -0.015385   -0.778379  0.000000  1.0
   -0.015385   -0.776328  0.000000  1.0
   -0.015385   -0.774277  0.000000  1.0
   -0.015385   -0.772225  0.000000  1.0
   -0.015385   -0.770174  0.000000  1.0
   -0.015385   -0.768123  0.000000  1.0
   -0.015385   -0.766072  0.000000  1.0
   -0.015385   -0.764020  0.000000  1.0
   -0.015385   -0.761969  0.000000  1.0
   -0.015385   -0.759918  0.000000  1.0
   -0.015385   -0.757866  0.000000  1.0
   -0.015385   -0.755815  0.000000  1.0
   -0.015385   -0.753764  0.000000  1.0
   -0.015385   -0.751713  0.000000  1.0
   -0.015385   -0.749661  0.000000  1.0
   -0.015385   -0.747610  0.000000  1.0
   -0.015385   -0.745559  0.000000  1.0
   -0.015385   -0.743507  0.000000  1.0
   -0.015385   -0.741456  0.000000  1.0
   -0.015385   -0.739405  0.000000  1.0
   -0.015385   -0.737354  0.000000  1.0
   -0.015385   -0.735302  0.000000  1.0
   -0.015385   -0.733251  0.000000  1.0
   -0.015385   -0.731200  0.000000  1.0
   -0.015385   -0.729149  0.000000  1.0
   -0.015385   -0.727097  0.000000  1.0
   -0.015385   -0.725046  0.000000  1.0
   -0.015385   -0.722995  0.000000  1.0
   -0.015385   -0.720943  0.000000  1.0
   -0.015385   -0.718892  0.000000  1.0
   -0.015385   -0.716841  0.000000  1.0
   -0.015385   -0.714790  0.000000  1.0
   -0.015385   -0.712738  0.000000  1.0
   -0.013333   -0.792738  0.000000  1.0
   -0.013333   -0.790687  0.000000  1.0
   -0.013333   -0.788636  0.000000  1.0
   -0.013333   -0.786584  0.000000  1.0
   -0.013333   -0.784533  0.000000  1.0
   -0.013333   -0.782482  0.000000  1.0
   -0.013333   -0.780431  0.000000  1.0
   -0.013333   -0.778379  0.000000  1.0
   -0.013333   -0.776328  0.000000  1.0
   -0.013333   -0.774277  0.000000  1.0
   -0.013333   -0.772225  0.000000  1.0
   -0.013333   -0.770174  0.000000  1.0
   -0.013333   -0.768123  0.000000  1.0
   -0.013333   -0.766072  0.000000  1.0
   -0.013333   -0.764020  0.000000  1.0
   -0.013333   -0.761969  0.000000  1.0
   -0.013333   -0.759918  0.000000  1.0
   -0.013333   -0.757866  0.000000  1.0
   -0.013333   -0.755815  0.000000  1.0
   -0.013333   -0.753764  0.000000  1.0
   -0.013333   -0.751713  0.000000  1.0
   -0.013333   -0.749661  0.000000  1.0
   -0.013333   -0.747610  0.000000  1.0
   -0.013333   -0.745559  0.000000  1.0
   -0.013333   -0.743507  0.000000  1.0
   -0.013333   -0.741456  0.000000  1.0
   -0.013333   -0.739405  0.000000  1.0
   -0.013333   -0.737354  0.000000  1.0
   -0.013333   -0.735302  0.000000  1.0
   -0.013333   -0.733251  0.000000  1.0
   -0.013333   -0.731200  0.000000  1.0
   -0.013333   -0.729149  0.000000  1.0
   -0.013333   -0.727097  0.000000  1.0
   -0.013333   -0.725046  0.000000  1.0
   -0.013333   -0.722995  0.000000  1.0
   -0.013333   -0.720943  0.000000  1.0
   -0.013333   -0.718892  0.000000  1.0
   -0.013333   -0.716841  0.000000  1.0
   -0.013333   -0.714790  0.000000  1.0
   -0.013333   -0.712738  0.000000  1.0
   -0.011282   -0.792738  0.000000  1.0
   -0.011282   -0.790687  0.000000  1.0
   -0.011282   -0.788636  0.000000  1.0
   -0.011282   -0.786584  0.000000  1.0
   -0.011282   -0.784533  0.000000  1.0
   -0.011282   -0.782482  0.000000  1.0
   -0.011282   -0.780431  0.000000  1.0
   -0.011282   -0.778379  0.000000  1.0
   -0.011282   -0.776328  0.000000  1.0
   -0.011282   -0.774277  0.000000  1.0
   -0.011282   -0.772225  0.000000  1.0
   -0.011282   -0.770174  0.000000  1.0
   -0.011282   -0.768123  0.000000  1.0
   -0.011282   -0.766072  0.000000  1.0
   -0.011282   -0.764020  0.000000  1.0
   -0.011282   -0.761969  0.000000  1.0
   -0.011282   -0.759918  0.000000  1.0
   -0.011282   -0.757866  0.000000  1.0
   -0.011282   -0.755815  0.000000  1.0
   -0.011282   -0.753764  0.000000  1.0
   -0.011282   -0.751713  0.000000  1.0
   -0.011282   -0.749661  0.000000  1.0
   -0.011282   -0.747610  0.000000  1.0
   -0.011282   -0.745559  0.000000  1.0
   -0.011282   -0.743507  0.000000  1.0
   -0.011282   -0.741456  0.000000  1.0
   -0.011282   -0.739405  0.000000  1.0
   -0.011282   -0.737354  0.000000  1.0
   -0.011282   -0.735302  0.000000  1.0
   -0.011282   -0.733251  0.000000  1.0
   -0.011282   -0.731200  0.000000  1.0
   -0.011282   -0.729149  0.000000  1.0
   -0.011282   -0.727097  0.000000  1.0
   -0.011282   -0.725046  0.000000  1.0
   -0.011282   -0.722995  0.000000  1.0
   -0.011282   -0.720943  0.000000  1.0
   -0.011282   -0.718892  0.000000  1.0
   -0.011282   -0.716841  0.000000  1.0
   -0.011282   -0.714790  0.000000  1.0
   -0.011282   -0.712738  0.000000  1.0
   -0.009231   -0.792738  0.000000  1.0
   -0.009231   -0.790687  0.000000  1.0
   -0.009231   -0.788636  0.000000  1.0
   -0.009231   -0.786584  0.000000  1.0
   -0.009231   -0.784533  0.000000  1.0
   -0.009231   -0.782482  0.000000  1.0
   -0.009231   -0.780431  0.000000  1.0
   -0.009231   -0.778379  0.000000  1.0
   -0.009231   -0.776328  0.000000  1.0
   -0.009231   -0.774277  0.000000  1.0
   -0.009231   -0.772225  0.000000  1.0
   -0.009231   -0.770174  0.000000  1.0
   -0.009231   -0.768123  0.000000  1.0
   -0.009231   -0.766072  0.000000  1.0
   -0.009231   -0.764020  0.000000  1.0
   -0.009231   -0.761969  0.000000  1.0
   -0.009231   -0.759918  0.000000  1.0
   -0.009231   -0.757866  0.000000  1.0
   -0.009231   -0.755815  0.000000  1.0
   -0.009231   -0.753764  0.000000  1.0
   -0.009231   -0.751713  0.000000  1.0
   -0.009231   -0.749661  0.000000  1.0
   -0.009231   -0.747610  0.000000  1.0
   -0.009231   -0.745559  0.000000  1.0
   -0.009231   -0.743507  0.000000  1.0
   -0.009231   -0.741456  0.000000  1.0
   -0.009231   -0.739405  0.000000  1.0
   -0.009231   -0.737354  0.000000  1.0
   -0.009231   -0.735302  0.000000  1.0
   -0.009231   -0.733251  0.000000  1.0
   -0.009231   -0.731200  0.000000  1.0
   -0.009231   -0.729149  0.000000  1.0
   -0.009231   -0.727097  0.000000  1.0
   -0.009231   -0.725046  0.000000  1.0
   -0.009231   -0.722995  0.000000  1.0
   -0.009231   -0.720943  0.000000  1.0
   -0.009231   -0.718892  0.000000  1.0
   -0.009231   -0.716841  0.000000  1.0
   -0.009231   -0.714790  0.000000  1.0
   -0.009231   -0.712738  0.000000  1.0
   -0.007179   -0.792738  0.000000  1.0
   -0.007179   -0.790687  0.000000  1.0
   -0.007179   -0.788636  0.000000  1.0
   -0.007179   -0.786584  0.000000  1.0
   -0.007179   -0.784533  0.000000  1.0
   -0.007179   -0.782482  0.000000  1.0
   -0.007179   -0.780431  0.000000  1.0
   -0.007179   -0.778379  0.000000  1.0
   -0.007179   -0.776328  0.000000  1.0
   -0.007179   -0.774277  0.000000  1.0
   -0.007179   -0.772225  0.000000  1.0
   -0.007179   -0.770174  0.000000  1.0
   -0.007179   -0.768123  0.000000  1.0
   -0.007179   -0.766072  0.000000  1.0
   -0.007179   -0.764020  0.000000  1.0
   -0.007179   -0.761969  0.000000  1.0
   -0.007179   -0.759918  0.000000  1.0
   -0.007179   -0.757866  0.000000  1.0
   -0.007179   -0.755815  0.000000  1.0
   -0.007179   -0.753764  0.000000  1.0
   -0.007179   -0.751713  0.000000  1.0
   -0.007179   -0.749661  0.000000  1.0
   -0.007179   -0.747610  0.000000  1.0
   -0.007179   -0.745559  0.000000  1.0
   -0.007179   -0.743507  0.000000  1.0
   -0.007179   -0.741456  0.000000  1.0
   -0.007179   -0.739405  0.000000  1.0
   -0.007179   -0.737354  0.000000  1.0
   -0.007179   -0.735302  0.000000  1.0
   -0.007179   -0.733251  0.000000  1.0
   -0.007179   -0.731200  0.000000  1.0
   -0.007179   -0.729149  0.000000  1.0
   -0.007179   -0.727097  0.000000  1.0
   -0.007179   -0.725046  0.000000  1.0
   -0.007179   -0.722995  0.000000  1.0
   -0.007179   -0.720943  0.000000  1.0
   -0.007179   -0.718892  0.000000  1.0
   -0.007179   -0.716841  0.000000  1.0
   -0.007179   -0.714790  0.000000  1.0
   -0.007179   -0.712738  0.000000  1.0
   -0.005128   -0.792738  0.000000  1.0
   -0.005128   -0.790687  0.000000  1.0
   -0.005128   -0.788636  0.000000  1.0
   -0.005128   -0.786584  0.000000  1.0
   -0.005128   -0.784533  0.000000  1.0
   -0.005128   -0.782482  0.000000  1.0
   -0.005128   -0.780431  0.000000  1.0
   -0.005128   -0.778379  0.000000  1.0
   -0.005128   -0.776328  0.000000  1.0
   -0.005128   -0.774277  0.000000  1.0
   -0.005128   -0.772225  0.000000  1.0
   -0.005128   -0.770174  0.000000  1.0
   -0.005128   -0.768123  0.000000  1.0
   -0.005128   -0.766072  0.000000  1.0
   -0.005128   -0.764020  0.000000  1.0
   -0.005128   -0.761969  0.000000  1.0
   -0.005128   -0.759918  0.000000  1.0
   -0.005128   -0.757866  0.000000  1.0
   -0.005128   -0.755815  0.000000  1.0
   -0.005128   -0.753764  0.000000  1.0
   -0.005128   -0.751713  0.000000  1.0
   -0.005128   -0.749661  0.000000  1.0
   -0.005128   -0.747610  0.000000  1.0
   -0.005128   -0.745559  0.000000  1.0
   -0.005128   -0.743507  0.000000  1.0
   -0.005128   -0.741456  0.000000  1.0
   -0.005128   -0.739405  0.000000  1.0
   -0.005128   -0.737354  0.000000  1.0
   -0.005128   -0.735302  0.000000  1.0
   -0.005128   -0.733251  0.000000  1.0
   -0.005128   -0.731200  0.000000  1.0
   -0.005128   -0.729149  0.000000  1.0
   -0.005128   -0.727097  0.000000  1.0
   -0.005128   -0.725046  0.000000  1.0
   -0.005128   -0.722995  0.000000  1.0
   -0.005128   -0.720943  0.000000  1.0
   -0.005128   -0.718892  0.000000  1.0
   -0.005128   -0.716841  0.000000  1.0
   -0.005128   -0.714790  0.000000  1.0
   -0.005128   -0.712738  0.000000  1.0
   -0.003077   -0.792738  0.000000  1.0
   -0.003077   -0.790687  0.000000  1.0
   -0.003077   -0.788636  0.000000  1.0
   -0.003077   -0.786584  0.000000  1.0
   -0.003077   -0.784533  0.000000  1.0
   -0.003077   -0.782482  0.000000  1.0
   -0.003077   -0.780431  0.000000  1.0
   -0.003077   -0.778379  0.000000  1.0
   -0.003077   -0.776328  0.000000  1.0
   -0.003077   -0.774277  0.000000  1.0
   -0.003077   -0.772225  0.000000  1.0
   -0.003077   -0.770174  0.000000  1.0
   -0.003077   -0.768123  0.000000  1.0
   -0.003077   -0.766072  0.000000  1.0
   -0.003077   -0.764020  0.000000  1.0
   -0.003077   -0.761969  0.000000  1.0
   -0.003077   -0.759918  0.000000  1.0
   -0.003077   -0.757866  0.000000  1.0
   -0.003077   -0.755815  0.000000  1.0
   -0.003077   -0.753764  0.000000  1.0
   -0.003077   -0.751713  0.000000  1.0
   -0.003077   -0.749661  0.000000  1.0
   -0.003077   -0.747610  0.000000  1.0
   -0.003077   -0.745559  0.000000  1.0
   -0.003077   -0.743507  0.000000  1.0
   -0.003077   -0.741456  0.000000  1.0
   -0.003077   -0.739405  0.000000  1.0
   -0.003077   -0.737354  0.000000  1.0
   -0.003077   -0.735302  0.000000  1.0
   -0.003077   -0.733251  0.000000  1.0
   -0.003077   -0.731200  0.000000  1.0
   -0.003077   -0.729149  0.000000  1.0
   -0.003077   -0.727097  0.000000  1.0
   -0.003077   -0.725046  0.000000  1.0
   -0.003077   -0.722995  0.000000  1.0
   -0.003077   -0.720943  0.000000  1.0
   -0.003077   -0.718892  0.000000  1.0
   -0.003077   -0.716841  0.000000  1.0
   -0.003077   -0.714790  0.000000  1.0
   -0.003077   -0.712738  0.000000  1.0
   -0.001026   -0.792738  0.000000  1.0
   -0.001026   -0.790687  0.000000  1.0
   -0.001026   -0.788636  0.000000  1.0
   -0.001026   -0.786584  0.000000  1.0
   -0.001026   -0.784533  0.000000  1.0
   -0.001026   -0.782482  0.000000  1.0
   -0.001026   -0.780431  0.000000  1.0
   -0.001026   -0.778379  0.000000  1.0
   -0.001026   -0.776328  0.000000  1.0
   -0.001026   -0.774277  0.000000  1.0
   -0.001026   -0.772225  0.000000  1.0
   -0.001026   -0.770174  0.000000  1.0
   -0.001026   -0.768123  0.000000  1.0
   -0.001026   -0.766072  0.000000  1.0
   -0.001026   -0.764020  0.000000  1.0
   -0.001026   -0.761969  0.000000  1.0
   -0.001026   -0.759918  0.000000  1.0
   -0.001026   -0.757866  0.000000  1.0
   -0.001026   -0.755815  0.000000  1.0
   -0.001026   -0.753764  0.000000  1.0
   -0.001026   -0.751713  0.000000  1.0
   -0.001026   -0.749661  0.000000  1.0
   -0.001026   -0.747610  0.000000  1.0
   -0.001026   -0.745559  0.000000  1.0
   -0.001026   -0.743507  0.000000  1.0
   -0.001026   -0.741456  0.000000  1.0
   -0.001026   -0.739405  0.000000  1.0
   -0.001026   -0.737354  0.000000  1.0
   -0.001026   -0.735302  0.000000  1.0
   -0.001026   -0.733251  0.000000  1.0
   -0.001026   -0.731200  0.000000  1.0
   -0.001026   -0.729149  0.000000  1.0
   -0.001026   -0.727097  0.000000  1.0
   -0.001026   -0.725046  0.000000  1.0
   -0.001026   -0.722995  0.000000  1.0
   -0.001026   -0.720943  0.000000  1.0
   -0.001026   -0.718892  0.000000  1.0
   -0.001026   -0.716841  0.000000  1.0
   -0.001026   -0.714790  0.000000  1.0
   -0.001026   -0.712738  0.000000  1.0
    0.001026   -0.792738  0.000000  1.0
    0.001026   -0.790687  0.000000  1.0
    0.001026   -0.788636  0.000000  1.0
    0.001026   -0.786584  0.000000  1.0
    0.001026   -0.784533  0.000000  1.0
    0.001026   -0.782482  0.000000  1.0
    0.001026   -0.780431  0.000000  1.0
    0.001026   -0.778379  0.000000  1.0
    0.001026   -0.776328  0.000000  1.0
    0.001026   -0.774277  0.000000  1.0
    0.001026   -0.772225  0.000000  1.0
    0.001026   -0.770174  0.000000  1.0
    0.001026   -0.768123  0.000000  1.0
    0.001026   -0.766072  0.000000  1.0
    0.001026   -0.764020  0.000000  1.0
    0.001026   -0.761969  0.000000  1.0
    0.001026   -0.759918  0.000000  1.0
    0.001026   -0.757866  0.000000  1.0
    0.001026   -0.755815  0.000000  1.0
    0.001026   -0.753764  0.000000  1.0
    0.001026   -0.751713  0.000000  1.0
    0.001026   -0.749661  0.000000  1.0
    0.001026   -0.747610  0.000000  1.0
    0.001026   -0.745559  0.000000  1.0
    0.001026   -0.743507  0.000000  1.0
    0.001026   -0.741456  0.000000  1.0
    0.001026   -0.739405  0.000000  1.0
    0.001026   -0.737354  0.000000  1.0
    0.001026   -0.735302  0.000000  1.0
    0.001026   -0.733251  0.000000  1.0
    0.001026   -0.731200  0.000000  1.0
    0.001026   -0.729149  0.000000  1.0
    0.001026   -0.727097  0.000000  1.0
    0.001026   -0.725046  0.000000  1.0
    0.001026   -0.722995  0.000000  1.0
    0.001026   -0.720943  0.000000  1.0
    0.001026   -0.718892  0.000000  1.0
    0.001026   -0.716841  0.000000  1.0
    0.001026   -0.714790  0.000000  1.0
    0.001026   -0.712738  0.000000  1.0
    0.003077   -0.792738  0.000000  1.0
    0.003077   -0.790687  0.000000  1.0
    0.003077   -0.788636  0.000000  1.0
    0.003077   -0.786584  0.000000  1.0
    0.003077   -0.784533  0.000000  1.0
    0.003077   -0.782482  0.000000  1.0
    0.003077   -0.780431  0.000000  1.0
    0.003077   -0.778379  0.000000  1.0
    0.003077   -0.776328  0.000000  1.0
    0.003077   -0.774277  0.000000  1.0
    0.003077   -0.772225  0.000000  1.0
    0.003077   -0.770174  0.000000  1.0
    0.003077   -0.768123  0.000000  1.0
    0.003077   -0.766072  0.000000  1.0
    0.003077   -0.764020  0.000000  1.0
    0.003077   -0.761969  0.000000  1.0
    0.003077   -0.759918  0.000000  1.0
    0.003077   -0.757866  0.000000  1.0
    0.003077   -0.755815  0.000000  1.0
    0.003077   -0.753764  0.000000  1.0
    0.003077   -0.751713  0.000000  1.0
    0.003077   -0.749661  0.000000  1.0
    0.003077   -0.747610  0.000000  1.0
    0.003077   -0.745559  0.000000  1.0
    0.003077   -0.743507  0.000000  1.0
    0.003077   -0.741456  0.000000  1.0
    0.003077   -0.739405  0.000000  1.0
    0.003077   -0.737354  0.000000  1.0
    0.003077   -0.735302  0.000000  1.0
    0.003077   -0.733251  0.000000  1.0
    0.003077   -0.731200  0.000000  1.0
    0.003077   -0.729149  0.000000  1.0
    0.003077   -0.727097  0.000000  1.0
    0.003077   -0.725046  0.000000  1.0
    0.003077   -0.722995  0.000000  1.0
    0.003077   -0.720943  0.000000  1.0
    0.003077   -0.718892  0.000000  1.0
    0.003077   -0.716841  0.000000  1.0
    0.003077   -0.714790  0.000000  1.0
    0.003077   -0.712738  0.000000  1.0
    0.005128   -0.792738  0.000000  1.0
    0.005128   -0.790687  0.000000  1.0
    0.005128   -0.788636  0.000000  1.0
    0.005128   -0.786584  0.000000  1.0
    0.005128   -0.784533  0.000000  1.0
    0.005128   -0.782482  0.000000  1.0
    0.005128   -0.780431  0.000000  1.0
    0.005128   -0.778379  0.000000  1.0
    0.005128   -0.776328  0.000000  1.0
    0.005128   -0.774277  0.000000  1.0
    0.005128   -0.772225  0.000000  1.0
    0.005128   -0.770174  0.000000  1.0
    0.005128   -0.768123  0.000000  1.0
    0.005128   -0.766072  0.000000  1.0
    0.005128   -0.764020  0.000000  1.0
    0.005128   -0.761969  0.000000  1.0
    0.005128   -0.759918  0.000000  1.0
    0.005128   -0.757866  0.000000  1.0
    0.005128   -0.755815  0.000000  1.0
    0.005128   -0.753764  0.000000  1.0
    0.005128   -0.751713  0.000000  1.0
    0.005128   -0.749661  0.000000  1.0
    0.005128   -0.747610  0.000000  1.0
    0.005128   -0.745559  0.000000  1.0
    0.005128   -0.743507  0.000000  1.0
    0.005128   -0.741456  0.000000  1.0
    0.005128   -0.739405  0.000000  1.0
    0.005128   -0.737354  0.000000  1.0
    0.005128   -0.735302  0.000000  1.0
    0.005128   -0.733251  0.000000  1.0
    0.005128   -0.731200  0.000000  1.0
    0.005128   -0.729149  0.000000  1.0
    0.005128   -0.727097  0.000000  1.0
    0.005128   -0.725046  0.000000  1.0
    0.005128   -0.722995  0.000000  1.0
    0.005128   -0.720943  0.000000  1.0
    0.005128   -0.718892  0.000000  1.0
    0.005128   -0.716841  0.000000  1.0
    0.005128   -0.714790  0.000000  1.0
    0.005128   -0.712738  0.000000  1.0
    0.007179   -0.792738  0.000000  1.0
    0.007179   -0.790687  0.000000  1.0
    0.007179   -0.788636  0.000000  1.0
    0.007179   -0.786584  0.000000  1.0
    0.007179   -0.784533  0.000000  1.0
    0.007179   -0.782482  0.000000  1.0
    0.007179   -0.780431  0.000000  1.0
    0.007179   -0.778379  0.000000  1.0
    0.007179   -0.776328  0.000000  1.0
    0.007179   -0.774277  0.000000  1.0
    0.007179   -0.772225  0.000000  1.0
    0.007179   -0.770174  0.000000  1.0
    0.007179   -0.768123  0.000000  1.0
    0.007179   -0.766072  0.000000  1.0
    0.007179   -0.764020  0.000000  1.0
    0.007179   -0.761969  0.000000  1.0
    0.007179   -0.759918  0.000000  1.0
    0.007179   -0.757866  0.000000  1.0
    0.007179   -0.755815  0.000000  1.0
    0.007179   -0.753764  0.000000  1.0
    0.007179   -0.751713  0.000000  1.0
    0.007179   -0.749661  0.000000  1.0
    0.007179   -0.747610  0.000000  1.0
    0.007179   -0.745559  0.000000  1.0
    0.007179   -0.743507  0.000000  1.0
    0.007179   -0.741456  0.000000  1.0
    0.007179   -0.739405  0.000000  1.0
    0.007179   -0.737354  0.000000  1.0
    0.007179   -0.735302  0.000000  1.0
    0.007179   -0.733251  0.000000  1.0
    0.007179   -0.731200  0.000000  1.0
    0.007179   -0.729149  0.000000  1.0
    0.007179   -0.727097  0.000000  1.0
    0.007179   -0.725046  0.000000  1.0
    0.007179   -0.722995  0.000000  1.0
    0.007179   -0.720943  0.000000  1.0
    0.007179   -0.718892  0.000000  1.0
    0.007179   -0.716841  0.000000  1.0
    0.007179   -0.714790  0.000000  1.0
    0.007179   -0.712738  0.000000  1.0
    0.009231   -0.792738  0.000000  1.0
    0.009231   -0.790687  0.000000  1.0
    0.009231   -0.788636  0.000000  1.0
    0.009231   -0.786584  0.000000  1.0
    0.009231   -0.784533  0.000000  1.0
    0.009231   -0.782482  0.000000  1.0
    0.009231   -0.780431  0.000000  1.0
    0.009231   -0.778379  0.000000  1.0
    0.009231   -0.776328  0.000000  1.0
    0.009231   -0.774277  0.000000  1.0
    0.009231   -0.772225  0.000000  1.0
    0.009231   -0.770174  0.000000  1.0
    0.009231   -0.768123  0.000000  1.0
    0.009231   -0.766072  0.000000  1.0
    0.009231   -0.764020  0.000000  1.0
    0.009231   -0.761969  0.000000  1.0
    0.009231   -0.759918  0.000000  1.0
    0.009231   -0.757866  0.000000  1.0
    0.009231   -0.755815  0.000000  1.0
    0.009231   -0.753764  0.000000  1.0
    0.009231   -0.751713  0.000000  1.0
    0.009231   -0.749661  0.000000  1.0
    0.009231   -0.747610  0.000000  1.0
    0.009231   -0.745559  0.000000  1.0
    0.009231   -0.743507  0.000000  1.0
    0.009231   -0.741456  0.000000  1.0
    0.009231   -0.739405  0.000000  1.0
    0.009231   -0.737354  0.000000  1.0
    0.009231   -0.735302  0.000000  1.0
    0.009231   -0.733251  0.000000  1.0
    0.009231   -0.731200  0.000000  1.0
    0.009231   -0.729149  0.000000  1.0
    0.009231   -0.727097  0.000000  1.0
    0.009231   -0.725046  0.000000  1.0
    0.009231   -0.722995  0.000000  1.0
    0.009231   -0.720943  0.000000  1.0
    0.009231   -0.718892  0.000000  1.0
    0.009231   -0.716841  0.000000  1.0
    0.009231   -0.714790  0.000000  1.0
    0.009231   -0.712738  0.000000  1.0
    0.011282   -0.792738  0.000000  1.0
    0.011282   -0.790687  0.000000  1.0
    0.011282   -0.788636  0.000000  1.0
    0.011282   -0.786584  0.000000  1.0
    0.011282   -0.784533  0.000000  1.0
    0.011282   -0.782482  0.000000  1.0
    0.011282   -0.780431  0.000000  1.0
    0.011282   -0.778379  0.000000  1.0
    0.011282   -0.776328  0.000000  1.0
    0.011282   -0.774277  0.000000  1.0
    0.011282   -0.772225  0.000000  1.0
    0.011282   -0.770174  0.000000  1.0
    0.011282   -0.768123  0.000000  1.0
    0.011282   -0.766072  0.000000  1.0
    0.011282   -0.764020  0.000000  1.0
    0.011282   -0.761969  0.000000  1.0
    0.011282   -0.759918  0.000000  1.0
    0.011282   -0.757866  0.000000  1.0
    0.011282   -0.755815  0.000000  1.0
    0.011282   -0.753764  0.000000  1.0
    0.011282   -0.751713  0.000000  1.0
    0.011282   -0.749661  0.000000  1.0
    0.011282   -0.747610  0.000000  1.0
    0.011282   -0.745559  0.000000  1.0
    0.011282   -0.743507  0.000000  1.0
    0.011282   -0.741456  0.000000  1.0
    0.011282   -0.739405  0.000000  1.0
    0.011282   -0.737354  0.000000  1.0
    0.011282   -0.735302  0.000000  1.0
    0.011282   -0.733251  0.000000  1.0
    0.011282   -0.731200  0.000000  1.0
    0.011282   -0.729149  0.000000  1.0
    0.011282   -0.727097  0.000000  1.0
    0.011282   -0.725046  0.000000  1.0
    0.011282   -0.722995  0.000000  1.0
    0.011282   -0.720943  0.000000  1.0
    0.011282   -0.718892  0.000000  1.0
    0.011282   -0.716841  0.000000  1.0
    0.011282   -0.714790  0.000000  1.0
    0.011282   -0.712738  0.000000  1.0
    0.013333   -0.792738  0.000000  1.0
    0.013333   -0.790687  0.000000  1.0
    0.013333   -0.788636  0.000000  1.0
    0.013333   -0.786584  0.000000  1.0
    0.013333   -0.784533  0.000000  1.0
    0.013333   -0.782482  0.000000  1.0
    0.013333   -0.780431  0.000000  1.0
    0.013333   -0.778379  0.000000  1.0
    0.013333   -0.776328  0.000000  1.0
    0.013333   -0.774277  0.000000  1.0
    0.013333   -0.772225  0.000000  1.0
    0.013333   -0.770174  0.000000  1.0
    0.013333   -0.768123  0.000000  1.0
    0.013333   -0.766072  0.000000  1.0
    0.013333   -0.764020  0.000000  1.0
    0.013333   -0.761969  0.000000  1.0
    0.013333   -0.759918  0.000000  1.0
    0.013333   -0.757866  0.000000  1.0
    0.013333   -0.755815  0.000000  1.0
    0.013333   -0.753764  0.000000  1.0
    0.013333   -0.751713  0.000000  1.0
    0.013333   -0.749661  0.000000  1.0
    0.013333   -0.747610  0.000000  1.0
    0.013333   -0.745559  0.000000  1.0
    0.013333   -0.743507  0.000000  1.0
    0.013333   -0.741456  0.000000  1.0
    0.013333   -0.739405  0.000000  1.0
    0.013333   -0.737354  0.000000  1.0
    0.013333   -0.735302  0.000000  1.0
    0.013333   -0.733251  0.000000  1.0
    0.013333   -0.731200  0.000000  1.0
    0.013333   -0.729149  0.000000  1.0
    0.013333   -0.727097  0.000000  1.0
    0.013333   -0.725046  0.000000  1.0
    0.013333   -0.722995  0.000000  1.0
    0.013333   -0.720943  0.000000  1.0
    0.013333   -0.718892  0.000000  1.0
    0.013333   -0.716841  0.000000  1.0
    0.013333   -0.714790  0.000000  1.0
    0.013333   -0.712738  0.000000  1.0
    0.015385   -0.792738  0.000000  1.0
    0.015385   -0.790687  0.000000  1.0
    0.015385   -0.788636  0.000000  1.0
    0.015385   -0.786584  0.000000  1.0
    0.015385   -0.784533  0.000000  1.0
    0.015385   -0.782482  0.000000  1.0
    0.015385   -0.780431  0.000000  1.0
    0.015385   -0.778379  0.000000  1.0
    0.015385   -0.776328  0.000000  1.0
    0.015385   -0.774277  0.000000  1.0
    0.015385   -0.772225  0.000000  1.0
    0.015385   -0.770174  0.000000  1.0
    0.015385   -0.768123  0.000000  1.0
    0.015385   -0.766072  0.000000  1.0
    0.015385   -0.764020  0.000000  1.0
    0.015385   -0.761969  0.000000  1.0
    0.015385   -0.759918  0.000000  1.0
    0.015385   -0.757866  0.000000  1.0
    0.015385   -0.755815  0.000000  1.0
    0.015385   -0.753764  0.000000  1.0
    0.015385   -0.751713  0.000000  1.0
    0.015385   -0.749661  0.000000  1.0
    0.015385   -0.747610  0.000000  1.0
    0.015385   -0.745559  0.000000  1.0
    0.015385   -0.743507  0.000000  1.0
    0.015385   -0.741456  0.000000  1.0
    0.015385   -0.739405  0.000000  1.0
    0.015385   -0.737354  0.000000  1.0
    0.015385   -0.735302  0.000000  1.0
    0.015385   -0.733251  0.000000  1.0
    0.015385   -0.731200  0.000000  1.0
    0.015385   -0.729149  0.000000  1.0
    0.015385   -0.727097  0.000000  1.0
    0.015385   -0.725046  0.000000  1.0
    0.015385   -0.722995  0.000000  1.0
    0.015385   -0.720943  0.000000  1.0
    0.015385   -0.718892  0.000000  1.0
    0.015385   -0.716841  0.000000  1.0
    0.015385   -0.714790  0.000000  1.0
    0.015385   -0.712738  0.000000  1.0
    0.017436   -0.792738  0.000000  1.0
    0.017436   -0.790687  0.000000  1.0
    0.017436   -0.788636  0.000000  1.0
    0.017436   -0.786584  0.000000  1.0
    0.017436   -0.784533  0.000000  1.0
    0.017436   -0.782482  0.000000  1.0
    0.017436   -0.780431  0.000000  1.0
    0.017436   -0.778379  0.000000  1.0
    0.017436   -0.776328  0.000000  1.0
    0.017436   -0.774277  0.000000  1.0
    0.017436   -0.772225  0.000000  1.0
    0.017436   -0.770174  0.000000  1.0
    0.017436   -0.768123  0.000000  1.0
    0.017436   -0.766072  0.000000  1.0
    0.017436   -0.764020  0.000000  1.0
    0.017436   -0.761969  0.000000  1.0
    0.017436   -0.759918  0.000000  1.0
    0.017436   -0.757866  0.000000  1.0
    0.017436   -0.755815  0.000000  1.0
    0.017436   -0.753764  0.000000  1.0
    0.017436   -0.751713  0.000000  1.0
    0.017436   -0.749661  0.000000  1.0
    0.017436   -0.747610  0.000000  1.0
    0.017436   -0.745559  0.000000  1.0
    0.017436   -0.743507  0.000000  1.0
    0.017436   -0.741456  0.000000  1.0
    0.017436   -0.739405  0.000000  1.0
    0.017436   -0.737354  0.000000  1.0
    0.017436   -0.735302  0.000000  1.0
    0.017436   -0.733251  0.000000  1.0
    0.017436   -0.731200  0.000000  1.0
    0.017436   -0.729149  0.000000  1.0
    0.017436   -0.727097  0.000000  1.0
    0.017436   -0.725046  0.000000  1.0
    0.017436   -0.722995  0.000000  1.0
    0.017436   -0.720943  0.000000  1.0
    0.017436   -0.718892  0.000000  1.0
    0.017436   -0.716841  0.000000  1.0
    0.017436   -0.714790  0.000000  1.0
    0.017436   -0.712738  0.000000  1.0
    0.019487   -0.792738  0.000000  1.0
    0.019487   -0.790687  0.000000  1.0
    0.019487   -0.788636  0.000000  1.0
    0.019487   -0.786584  0.000000  1.0
    0.019487   -0.784533  0.000000  1.0
    0.019487   -0.782482  0.000000  1.0
    0.019487   -0.780431  0.000000  1.0
    0.019487   -0.778379  0.000000  1.0
    0.019487   -0.776328  0.000000  1.0
    0.019487   -0.774277  0.000000  1.0
    0.019487   -0.772225  0.000000  1.0
    0.019487   -0.770174  0.000000  1.0
    0.019487   -0.768123  0.000000  1.0
    0.019487   -0.766072  0.000000  1.0
    0.019487   -0.764020  0.000000  1.0
    0.019487   -0.761969  0.000000  1.0
    0.019487   -0.759918  0.000000  1.0
    0.019487   -0.757866  0.000000  1.0
    0.019487   -0.755815  0.000000  1.0
    0.019487   -0.753764  0.000000  1.0
    0.019487   -0.751713  0.000000  1.0
    0.019487   -0.749661  0.000000  1.0
    0.019487   -0.747610  0.000000  1.0
    0.019487   -0.745559  0.000000  1.0
    0.019487   -0.743507  0.000000  1.0
    0.019487   -0.741456  0.000000  1.0
    0.019487   -0.739405  0.000000  1.0
    0.019487   -0.737354  0.000000  1.0
    0.019487   -0.735302  0.000000  1.0
    0.019487   -0.733251  0.000000  1.0
    0.019487   -0.731200  0.000000  1.0
    0.019487   -0.729149  0.000000  1.0
    0.019487   -0.727097  0.000000  1.0
    0.019487   -0.725046  0.000000  1.0
    0.019487   -0.722995  0.000000  1.0
    0.019487   -0.720943  0.000000  1.0
    0.019487   -0.718892  0.000000  1.0
    0.019487   -0.716841  0.000000  1.0
    0.019487   -0.714790  0.000000  1.0
    0.019487   -0.712738  0.000000  1.0
    0.021538   -0.792738  0.000000  1.0
    0.021538   -0.790687  0.000000  1.0
    0.021538   -0.788636  0.000000  1.0
    0.021538   -0.786584  0.000000  1.0
    0.021538   -0.784533  0.000000  1.0
    0.021538   -0.782482  0.000000  1.0
    0.021538   -0.780431  0.000000  1.0
    0.021538   -0.778379  0.000000  1.0
    0.021538   -0.776328  0.000000  1.0
    0.021538   -0.774277  0.000000  1.0
    0.021538   -0.772225  0.000000  1.0
    0.021538   -0.770174  0.000000  1.0
    0.021538   -0.768123  0.000000  1.0
    0.021538   -0.766072  0.000000  1.0
    0.021538   -0.764020  0.000000  1.0
    0.021538   -0.761969  0.000000  1.0
    0.021538   -0.759918  0.000000  1.0
    0.021538   -0.757866  0.000000  1.0
    0.021538   -0.755815  0.000000  1.0
    0.021538   -0.753764  0.000000  1.0
    0.021538   -0.751713  0.000000  1.0
    0.021538   -0.749661  0.000000  1.0
    0.021538   -0.747610  0.000000  1.0
    0.021538   -0.745559  0.000000  1.0
    0.021538   -0.743507  0.000000  1.0
    0.021538   -0.741456  0.000000  1.0
    0.021538   -0.739405  0.000000  1.0
    0.021538   -0.737354  0.000000  1.0
    0.021538   -0.735302  0.000000  1.0
    0.021538   -0.733251  0.000000  1.0
    0.021538   -0.731200  0.000000  1.0
    0.021538   -0.729149  0.000000  1.0
    0.021538   -0.727097  0.000000  1.0
    0.021538   -0.725046  0.000000  1.0
    0.021538   -0.722995  0.000000  1.0
    0.021538   -0.720943  0.000000  1.0
    0.021538   -0.718892  0.000000  1.0
    0.021538   -0.716841  0.000000  1.0
    0.021538   -0.714790  0.000000  1.0
    0.021538   -0.712738  0.000000  1.0
    0.023590   -0.792738  0.000000  1.0
    0.023590   -0.790687  0.000000  1.0
    0.023590   -0.788636  0.000000  1.0
    0.023590   -0.786584  0.000000  1.0
    0.023590   -0.784533  0.000000  1.0
    0.023590   -0.782482  0.000000  1.0
    0.023590   -0.780431  0.000000  1.0
    0.023590   -0.778379  0.000000  1.0
    0.023590   -0.776328  0.000000  1.0
    0.023590   -0.774277  0.000000  1.0
    0.023590   -0.772225  0.000000  1.0
    0.023590   -0.770174  0.000000  1.0
    0.023590   -0.768123  0.000000  1.0
    0.023590   -0.766072  0.000000  1.0
    0.023590   -0.764020  0.000000  1.0
    0.023590   -0.761969  0.000000  1.0
    0.023590   -0.759918  0.000000  1.0
    0.023590   -0.757866  0.000000  1.0
    0.023590   -0.755815  0.000000  1.0
    0.023590   -0.753764  0.000000  1.0
    0.023590   -0.751713  0.000000  1.0
    0.023590   -0.749661  0.000000  1.0
    0.023590   -0.747610  0.000000  1.0
    0.023590   -0.745559  0.000000  1.0
    0.023590   -0.743507  0.000000  1.0
    0.023590   -0.741456  0.000000  1.0
    0.023590   -0.739405  0.000000  1.0
    0.023590   -0.737354  0.000000  1.0
    0.023590   -0.735302  0.000000  1.0
    0.023590   -0.733251  0.000000  1.0
    0.023590   -0.731200  0.000000  1.0
    0.023590   -0.729149  0.000000  1.0
    0.023590   -0.727097  0.000000  1.0
    0.023590   -0.725046  0.000000  1.0
    0.023590   -0.722995  0.000000  1.0
    0.023590   -0.720943  0.000000  1.0
    0.023590   -0.718892  0.000000  1.0
    0.023590   -0.716841  0.000000  1.0
    0.023590   -0.714790  0.000000  1.0
    0.023590   -0.712738  0.000000  1.0
    0.025641   -0.792738  0.000000  1.0
    0.025641   -0.790687  0.000000  1.0
    0.025641   -0.788636  0.000000  1.0
    0.025641   -0.786584  0.000000  1.0
    0.025641   -0.784533  0.000000  1.0
    0.025641   -0.782482  0.000000  1.0
    0.025641   -0.780431  0.000000  1.0
    0.025641   -0.778379  0.000000  1.0
    0.025641   -0.776328  0.000000  1.0
    0.025641   -0.774277  0.000000  1.0
    0.025641   -0.772225  0.000000  1.0
    0.025641   -0.770174  0.000000  1.0
    0.025641   -0.768123  0.000000  1.0
    0.025641   -0.766072  0.000000  1.0
    0.025641   -0.764020  0.000000  1.0
    0.025641   -0.761969  0.000000  1.0
    0.025641   -0.759918  0.000000  1.0
    0.025641   -0.757866  0.000000  1.0
    0.025641   -0.755815  0.000000  1.0
    0.025641   -0.753764  0.000000  1.0
    0.025641   -0.751713  0.000000  1.0
    0.025641   -0.749661  0.000000  1.0
    0.025641   -0.747610  0.000000  1.0
    0.025641   -0.745559  0.000000  1.0
    0.025641   -0.743507  0.000000  1.0
    0.025641   -0.741456  0.000000  1.0
    0.025641   -0.739405  0.000000  1.0
    0.025641   -0.737354  0.000000  1.0
    0.025641   -0.735302  0.000000  1.0
    0.025641   -0.733251  0.000000  1.0
    0.025641   -0.731200  0.000000  1.0
    0.025641   -0.729149  0.000000  1.0
    0.025641   -0.727097  0.000000  1.0
    0.025641   -0.725046  0.000000  1.0
    0.025641   -0.722995  0.000000  1.0
    0.025641   -0.720943  0.000000  1.0
    0.025641   -0.718892  0.000000  1.0
    0.025641   -0.716841  0.000000  1.0
    0.025641   -0.714790  0.000000  1.0
    0.025641   -0.712738  0.000000  1.0
    0.027692   -0.792738  0.000000  1.0
    0.027692   -0.790687  0.000000  1.0
    0.027692   -0.788636  0.000000  1.0
    0.027692   -0.786584  0.000000  1.0
    0.027692   -0.784533  0.000000  1.0
    0.027692   -0.782482  0.000000  1.0
    0.027692   -0.780431  0.000000  1.0
    0.027692   -0.778379  0.000000  1.0
    0.027692   -0.776328  0.000000  1.0
    0.027692   -0.774277  0.000000  1.0
    0.027692   -0.772225  0.000000  1.0
    0.027692   -0.770174  0.000000  1.0
    0.027692   -0.768123  0.000000  1.0
    0.027692   -0.766072  0.000000  1.0
    0.027692   -0.764020  0.000000  1.0
    0.027692   -0.761969  0.000000  1.0
    0.027692   -0.759918  0.000000  1.0
    0.027692   -0.757866  0.000000  1.0
    0.027692   -0.755815  0.000000  1.0
    0.027692   -0.753764  0.000000  1.0
    0.027692   -0.751713  0.000000  1.0
    0.027692   -0.749661  0.000000  1.0
    0.027692   -0.747610  0.000000  1.0
    0.027692   -0.745559  0.000000  1.0
    0.027692   -0.743507  0.000000  1.0
    0.027692   -0.741456  0.000000  1.0
    0.027692   -0.739405  0.000000  1.0
    0.027692   -0.737354  0.000000  1.0
    0.027692   -0.735302  0.000000  1.0
    0.027692   -0.733251  0.000000  1.0
    0.027692   -0.731200  0.000000  1.0
    0.027692   -0.729149  0.000000  1.0
    0.027692   -0.727097  0.000000  1.0
    0.027692   -0.725046  0.000000  1.0
    0.027692   -0.722995  0.000000  1.0
    0.027692   -0.720943  0.000000  1.0
    0.027692   -0.718892  0.000000  1.0
    0.027692   -0.716841  0.000000  1.0
    0.027692   -0.714790  0.000000  1.0
    0.027692   -0.712738  0.000000  1.0
    0.029744   -0.792738  0.000000  1.0
    0.029744   -0.790687  0.000000  1.0
    0.029744   -0.788636  0.000000  1.0
    0.029744   -0.786584  0.000000  1.0
    0.029744   -0.784533  0.000000  1.0
    0.029744   -0.782482  0.000000  1.0
    0.029744   -0.780431  0.000000  1.0
    0.029744   -0.778379  0.000000  1.0
    0.029744   -0.776328  0.000000  1.0
    0.029744   -0.774277  0.000000  1.0
    0.029744   -0.772225  0.000000  1.0
    0.029744   -0.770174  0.000000  1.0
    0.029744   -0.768123  0.000000  1.0
    0.029744   -0.766072  0.000000  1.0
    0.029744   -0.764020  0.000000  1.0
    0.029744   -0.761969  0.000000  1.0
    0.029744   -0.759918  0.000000  1.0
    0.029744   -0.757866  0.000000  1.0
    0.029744   -0.755815  0.000000  1.0
    0.029744   -0.753764  0.000000  1.0
    0.029744   -0.751713  0.000000  1.0
    0.029744   -0.749661  0.000000  1.0
    0.029744   -0.747610  0.000000  1.0
    0.029744   -0.745559  0.000000  1.0
    0.029744   -0.743507  0.000000  1.0
    0.029744   -0.741456  0.000000  1.0
    0.029744   -0.739405  0.000000  1.0
    0.029744   -0.737354  0.000000  1.0
    0.029744   -0.735302  0.000000  1.0
    0.029744   -0.733251  0.000000  1.0
    0.029744   -0.731200  0.000000  1.0
    0.029744   -0.729149  0.000000  1.0
    0.029744   -0.727097  0.000000  1.0
    0.029744   -0.725046  0.000000  1.0
    0.029744   -0.722995  0.000000  1.0
    0.029744   -0.720943  0.000000  1.0
    0.029744   -0.718892  0.000000  1.0
    0.029744   -0.716841  0.000000  1.0
    0.029744   -0.714790  0.000000  1.0
    0.029744   -0.712738  0.000000  1.0
    0.031795   -0.792738  0.000000  1.0
    0.031795   -0.790687  0.000000  1.0
    0.031795   -0.788636  0.000000  1.0
    0.031795   -0.786584  0.000000  1.0
    0.031795   -0.784533  0.000000  1.0
    0.031795   -0.782482  0.000000  1.0
    0.031795   -0.780431  0.000000  1.0
    0.031795   -0.778379  0.000000  1.0
    0.031795   -0.776328  0.000000  1.0
    0.031795   -0.774277  0.000000  1.0
    0.031795   -0.772225  0.000000  1.0
    0.031795   -0.770174  0.000000  1.0
    0.031795   -0.768123  0.000000  1.0
    0.031795   -0.766072  0.000000  1.0
    0.031795   -0.764020  0.000000  1.0
    0.031795   -0.761969  0.000000  1.0
    0.031795   -0.759918  0.000000  1.0
    0.031795   -0.757866  0.000000  1.0
    0.031795   -0.755815  0.000000  1.0
    0.031795   -0.753764  0.000000  1.0
    0.031795   -0.751713  0.000000  1.0
    0.031795   -0.749661  0.000000  1.0
    0.031795   -0.747610  0.000000  1.0
    0.031795   -0.745559  0.000000  1.0
    0.031795   -0.743507  0.000000  1.0
    0.031795   -0.741456  0.000000  1.0
    0.031795   -0.739405  0.000000  1.0
    0.031795   -0.737354  0.000000  1.0
    0.031795   -0.735302  0.000000  1.0
    0.031795   -0.733251  0.000000  1.0
    0.031795   -0.731200  0.000000  1.0
    0.031795   -0.729149  0.000000  1.0
    0.031795   -0.727097  0.000000  1.0
    0.031795   -0.725046  0.000000  1.0
    0.031795   -0.722995  0.000000  1.0
    0.031795   -0.720943  0.000000  1.0
    0.031795   -0.718892  0.000000  1.0
    0.031795   -0.716841  0.000000  1.0
    0.031795   -0.714790  0.000000  1.0
    0.031795   -0.712738  0.000000  1.0
    0.033846   -0.792738  0.000000  1.0
    0.033846   -0.790687  0.000000  1.0
    0.033846   -0.788636  0.000000  1.0
    0.033846   -0.786584  0.000000  1.0
    0.033846   -0.784533  0.000000  1.0
    0.033846   -0.782482  0.000000  1.0
    0.033846   -0.780431  0.000000  1.0
    0.033846   -0.778379  0.000000  1.0
    0.033846   -0.776328  0.000000  1.0
    0.033846   -0.774277  0.000000  1.0
    0.033846   -0.772225  0.000000  1.0
    0.033846   -0.770174  0.000000  1.0
    0.033846   -0.768123  0.000000  1.0
    0.033846   -0.766072  0.000000  1.0
    0.033846   -0.764020  0.000000  1.0
    0.033846   -0.761969  0.000000  1.0
    0.033846   -0.759918  0.000000  1.0
    0.033846   -0.757866  0.000000  1.0
    0.033846   -0.755815  0.000000  1.0
    0.033846   -0.753764  0.000000  1.0
    0.033846   -0.751713  0.000000  1.0
    0.033846   -0.749661  0.000000  1.0
    0.033846   -0.747610  0.000000  1.0
    0.033846   -0.745559  0.000000  1.0
    0.033846   -0.743507  0.000000  1.0
    0.033846   -0.741456  0.000000  1.0
    0.033846   -0.739405  0.000000  1.0
    0.033846   -0.737354  0.000000  1.0
    0.033846   -0.735302  0.000000  1.0
    0.033846   -0.733251  0.000000  1.0
    0.033846   -0.731200  0.000000  1.0
    0.033846   -0.729149  0.000000  1.0
    0.033846   -0.727097  0.000000  1.0
    0.033846   -0.725046  0.000000  1.0
    0.033846   -0.722995  0.000000  1.0
    0.033846   -0.720943  0.000000  1.0
    0.033846   -0.718892  0.000000  1.0
    0.033846   -0.716841  0.000000  1.0
    0.033846   -0.714790  0.000000  1.0
    0.033846   -0.712738  0.000000  1.0
    0.035897   -0.792738  0.000000  1.0
    0.035897   -0.790687  0.000000  1.0
    0.035897   -0.788636  0.000000  1.0
    0.035897   -0.786584  0.000000  1.0
    0.035897   -0.784533  0.000000  1.0
    0.035897   -0.782482  0.000000  1.0
    0.035897   -0.780431  0.000000  1.0
    0.035897   -0.778379  0.000000  1.0
    0.035897   -0.776328  0.000000  1.0
    0.035897   -0.774277  0.000000  1.0
    0.035897   -0.772225  0.000000  1.0
    0.035897   -0.770174  0.000000  1.0
    0.035897   -0.768123  0.000000  1.0
    0.035897   -0.766072  0.000000  1.0
    0.035897   -0.764020  0.000000  1.0
    0.035897   -0.761969  0.000000  1.0
    0.035897   -0.759918  0.000000  1.0
    0.035897   -0.757866  0.000000  1.0
    0.035897   -0.755815  0.000000  1.0
    0.035897   -0.753764  0.000000  1.0
    0.035897   -0.751713  0.000000  1.0
    0.035897   -0.749661  0.000000  1.0
    0.035897   -0.747610  0.000000  1.0
    0.035897   -0.745559  0.000000  1.0
    0.035897   -0.743507  0.000000  1.0
    0.035897   -0.741456  0.000000  1.0
    0.035897   -0.739405  0.000000  1.0
    0.035897   -0.737354  0.000000  1.0
    0.035897   -0.735302  0.000000  1.0
    0.035897   -0.733251  0.000000  1.0
    0.035897   -0.731200  0.000000  1.0
    0.035897   -0.729149  0.000000  1.0
    0.035897   -0.727097  0.000000  1.0
    0.035897   -0.725046  0.000000  1.0
    0.035897   -0.722995  0.000000  1.0
    0.035897   -0.720943  0.000000  1.0
    0.035897   -0.718892  0.000000  1.0
    0.035897   -0.716841  0.000000  1.0
    0.035897   -0.714790  0.000000  1.0
    0.035897   -0.712738  0.000000  1.0
    0.037949   -0.792738  0.000000  1.0
    0.037949   -0.790687  0.000000  1.0
    0.037949   -0.788636  0.000000  1.0
    0.037949   -0.786584  0.000000  1.0
    0.037949   -0.784533  0.000000  1.0
    0.037949   -0.782482  0.000000  1.0
    0.037949   -0.780431  0.000000  1.0
    0.037949   -0.778379  0.000000  1.0
    0.037949   -0.776328  0.000000  1.0
    0.037949   -0.774277  0.000000  1.0
    0.037949   -0.772225  0.000000  1.0
    0.037949   -0.770174  0.000000  1.0
    0.037949   -0.768123  0.000000  1.0
    0.037949   -0.766072  0.000000  1.0
    0.037949   -0.764020  0.000000  1.0
    0.037949   -0.761969  0.000000  1.0
    0.037949   -0.759918  0.000000  1.0
    0.037949   -0.757866  0.000000  1.0
    0.037949   -0.755815  0.000000  1.0
    0.037949   -0.753764  0.000000  1.0
    0.037949   -0.751713  0.000000  1.0
    0.037949   -0.749661  0.000000  1.0
    0.037949   -0.747610  0.000000  1.0
    0.037949   -0.745559  0.000000  1.0
    0.037949   -0.743507  0.000000  1.0
    0.037949   -0.741456  0.000000  1.0
    0.037949   -0.739405  0.000000  1.0
    0.037949   -0.737354  0.000000  1.0
    0.037949   -0.735302  0.000000  1.0
    0.037949   -0.733251  0.000000  1.0
    0.037949   -0.731200  0.000000  1.0
    0.037949   -0.729149  0.000000  1.0
    0.037949   -0.727097  0.000000  1.0
    0.037949   -0.725046  0.000000  1.0
    0.037949   -0.722995  0.000000  1.0
    0.037949   -0.720943  0.000000  1.0
    0.037949   -0.718892  0.000000  1.0
    0.037949   -0.716841  0.000000  1.0
    0.037949   -0.714790  0.000000  1.0
    0.037949   -0.712738  0.000000  1.0
    0.040000   -0.792738  0.000000  1.0
    0.040000   -0.790687  0.000000  1.0
    0.040000   -0.788636  0.000000  1.0
    0.040000   -0.786584  0.000000  1.0
    0.040000   -0.784533  0.000000  1.0
    0.040000   -0.782482  0.000000  1.0
    0.040000   -0.780431  0.000000  1.0
    0.040000   -0.778379  0.000000  1.0
    0.040000   -0.776328  0.000000  1.0
    0.040000   -0.774277  0.000000  1.0
    0.040000   -0.772225  0.000000  1.0
    0.040000   -0.770174  0.000000  1.0
    0.040000   -0.768123  0.000000  1.0
    0.040000   -0.766072  0.000000  1.0
    0.040000   -0.764020  0.000000  1.0
    0.040000   -0.761969  0.000000  1.0
    0.040000   -0.759918  0.000000  1.0
    0.040000   -0.757866  0.000000  1.0
    0.040000   -0.755815  0.000000  1.0
    0.040000   -0.753764  0.000000  1.0
    0.040000   -0.751713  0.000000  1.0
    0.040000   -0.749661  0.000000  1.0
    0.040000   -0.747610  0.000000  1.0
    0.040000   -0.745559  0.000000  1.0
    0.040000   -0.743507  0.000000  1.0
    0.040000   -0.741456  0.000000  1.0
    0.040000   -0.739405  0.000000  1.0
    0.040000   -0.737354  0.000000  1.0
    0.040000   -0.735302  0.000000  1.0
    0.040000   -0.733251  0.000000  1.0
    0.040000   -0.731200  0.000000  1.0
    0.040000   -0.729149  0.000000  1.0
    0.040000   -0.727097  0.000000  1.0
    0.040000   -0.725046  0.000000  1.0
    0.040000   -0.722995  0.000000  1.0
    0.040000   -0.720943  0.000000  1.0
    0.040000   -0.718892  0.000000  1.0
    0.040000   -0.716841  0.000000  1.0
    0.040000   -0.714790  0.000000  1.0
    0.040000   -0.712738  0.000000  1.0
