&CONTROL
  calculation = 'bands'
  prefix = 'graphene14.0zoom'
  outdir = './tmp'
  pseudo_dir = './'
  verbosity = 'high'
/
&SYSTEM
  ibrav = 0
  nat = 2
  ntyp = 1
  ecutwfc = 40.0
  nosym = .true.
  noinv = .true.
  nbnd = 8
/
&ELECTRONS
/
ATOMIC_SPECIES
  C  12.011  C.pbe-n-kjpaw_psl.1.0.0.UPF
CELL_PARAMETERS {bohr}
  5.305560  0.000000  0.000000
  2.652780  3.937378  0.000000
  0.000000  0.000000  30.000000
ATOMIC_POSITIONS {crystal}
  C  -0.001289  0.169318  0.000000
  C  0.334622  0.497349  0.000000
K_POINTS {tpiba}
1600
   -0.273333    0.633743  0.000000  1.0
   -0.273333    0.635794  0.000000  1.0
   -0.273333    0.637845  0.000000  1.0
   -0.273333    0.639897  0.000000  1.0
   -0.273333    0.641948  0.000000  1.0
   -0.273333    0.643999  0.000000  1.0
   -0.273333    0.646050  0.000000  1.0
   -0.273333    0.648102  0.000000  1.0
   -0.273333    0.650153  0.000000  1.0
   -0.273333    0.652204  0.000000  1.0
   -0.273333    0.654256  0.000000  1.0
   -0.273333    0.656307  0.000000  1.0
   -0.273333    0.658358  0.000000  1.0
   -0.273333    0.660409  0.000000  1.0
   -0.273333    0.662461  0.000000  1.0
   -0.273333    0.664512  0.000000  1.0
   -0.273333    0.666563  0.000000  1.0
   -0.273333    0.668615  0.000000  1.0
   -0.273333    0.670666  0.000000  1.0
   -0.273333    0.672717  0.000000  1.0
   -0.273333    0.674768  0.000000  1.0
   -0.273333    0.676820  0.000000  1.0
   -0.273333    0.678871  0.000000  1.0
   -0.273333    0.680922  0.000000  1.0
   -0.273333    0.682974  0.000000  1.0
   -0.273333    0.685025  0.000000  1.0
   -0.273333    0.687076  0.000000  1.0
   -0.273333    0.689127  0.000000  1.0
   -0.273333    0.691179  0.000000  1.0
   -0.273333    0.693230  0.000000  1.0
   -0.273333    0.695281  0.000000  1.0
   -0.273333    0.697333  0.000000  1.0
   -0.273333    0.699384  0.000000  1.0
   -0.273333    0.701435  0.000000  1.0
   -0.273333    0.703486  0.000000  1.0
   -0.273333    0.705538  0.000000  1.0
   -0.273333    0.707589  0.000000  1.0
   -0.273333    0.709640  0.000000  1.0
   -0.273333    0.711691  0.000000  1.0
   -0.273333    0.713743  0.000000  1.0
   -0.271282    0.633743  0.000000  1.0
   -0.271282    0.635794  0.000000  1.0
   -0.271282    0.637845  0.000000  1.0
   -0.271282    0.639897  0.000000  1.0
   -0.271282    0.641948  0.000000  1.0
   -0.271282    0.643999  0.000000  1.0
   -0.271282    0.646050  0.000000  1.0
   -0.271282    0.648102  0.000000  1.0
   -0.271282    0.650153  0.000000  1.0
   -0.271282    0.652204  0.000000  1.0
   -0.271282    0.654256  0.000000  1.0
   -0.271282    0.656307  0.000000  1.0
   -0.271282    0.658358  0.000000  1.0
   -0.271282    0.660409  0.000000  1.0
   -0.271282    0.662461  0.000000  1.0
   -0.271282    0.664512  0.000000  1.0
   -0.271282    0.666563  0.000000  1.0
   -0.271282    0.668615  0.000000  1.0
   -0.271282    0.670666  0.000000  1.0
   -0.271282    0.672717  0.000000  1.0
   -0.271282    0.674768  0.000000  1.0
   -0.271282    0.676820  0.000000  1.0
   -0.271282    0.678871  0.000000  1.0
   -0.271282    0.680922  0.000000  1.0
   -0.271282    0.682974  0.000000  1.0
   -0.271282    0.685025  0.000000  1.0
   -0.271282    0.687076  0.000000  1.0
   -0.271282    0.689127  0.000000  1.0
   -0.271282    0.691179  0.000000  1.0
   -0.271282    0.693230  0.000000  1.0
   -0.271282    0.695281  0.000000  1.0
   -0.271282    0.697333  0.000000  1.0
   -0.271282    0.699384  0.000000  1.0
   -0.271282    0.701435  0.000000  1.0
   -0.271282    0.703486  0.000000  1.0
   -0.271282    0.705538  0.000000  1.0
   -0.271282    0.707589  0.000000  1.0
   -0.271282    0.709640  0.000000  1.0
   -0.271282    0.711691  0.000000  1.0
   -0.271282    0.713743  0.000000  1.0
   -0.269231    0.633743  0.000000  1.0
   -0.269231    0.635794  0.000000  1.0
   -0.269231    0.637845  0.000000  1.0
   -0.269231    0.639897  0.000000  1.0
   -0.269231    0.641948  0.000000  1.0
   -0.269231    0.643999  0.000000  1.0
   -0.269231    0.646050  0.000000  1.0
   -0.269231    0.648102  0.000000  1.0
   -0.269231    0.650153  0.000000  1.0
   -0.269231    0.652204  0.000000  1.0
   -0.269231    0.654256  0.000000  1.0
   -0.269231    0.656307  0.000000  1.0
   -0.269231    0.658358  0.000000  1.0
   -0.269231    0.660409  0.000000  1.0
   -0.269231    0.662461  0.000000  1.0
   -0.269231    0.664512  0.000000  1.0
   -0.269231    0.666563  0.000000  1.0
   -0.269231    0.668615  0.000000  1.0
   -0.269231    0.670666  0.000000  1.0
   -0.269231    0.672717  0.000000  1.0
   -0.269231    0.674768  0.000000  1.0
   -0.269231    0.676820  0.000000  1.0
   -0.269231    0.678871  0.000000  1.0
   -0.269231    0.680922  0.000000  1.0
   -0.269231    0.682974  0.000000  1.0
   -0.269231    0.685025  0.000000  1.0
   -0.269231    0.687076  0.000000  1.0
   -0.269231    0.689127  0.000000  1.0
   -0.269231    0.691179  0.000000  1.0
   -0.269231    0.693230  0.000000  1.0
   -0.269231    0.695281  0.000000  1.0
   -0.269231    0.697333  0.000000  1.0
   -0.269231    0.699384  0.000000  1.0
   -0.269231    0.701435  0.000000  1.0
   -0.269231    0.703486  0.000000  1.0
   -0.269231    0.705538  0.000000  1.0
   -0.269231    0.707589  0.000000  1.0
   -0.269231    0.709640  0.000000  1.0
   -0.269231    0.711691  0.000000  1.0
   -0.269231    0.713743  0.000000  1.0
   -0.267179    0.633743  0.000000  1.0
   -0.267179    0.635794  0.000000  1.0
   -0.267179    0.637845  0.000000  1.0
   -0.267179    0.639897  0.000000  1.0
   -0.267179    0.641948  0.000000  1.0
   -0.267179    0.643999  0.000000  1.0
   -0.267179    0.646050  0.000000  1.0
   -0.267179    0.648102  0.000000  1.0
   -0.267179    0.650153  0.000000  1.0
   -0.267179    0.652204  0.000000  1.0
   -0.267179    0.654256  0.000000  1.0
   -0.267179    0.656307  0.000000  1.0
   -0.267179    0.658358  0.000000  1.0
   -0.267179    0.660409  0.000000  1.0
   -0.267179    0.662461  0.000000  1.0
   -0.267179    0.664512  0.000000  1.0
   -0.267179    0.666563  0.000000  1.0
   -0.267179    0.668615  0.000000  1.0
   -0.267179    0.670666  0.000000  1.0
   -0.267179    0.672717  0.000000  1.0
   -0.267179    0.674768  0.000000  1.0
   -0.267179    0.676820  0.000000  1.0
   -0.267179    0.678871  0.000000  1.0
   -0.267179    0.680922  0.000000  1.0
   -0.267179    0.682974  0.000000  1.0
   -0.267179    0.685025  0.000000  1.0
   -0.267179    0.687076  0.000000  1.0
   -0.267179    0.689127  0.000000  1.0
   -0.267179    0.691179  0.000000  1.0
   -0.267179    0.693230  0.000000  1.0
   -0.267179    0.695281  0.000000  1.0
   -0.267179    0.697333  0.000000  1.0
   -0.267179    0.699384  0.000000  1.0
   -0.267179    0.701435  0.000000  1.0
   -0.267179    0.703486  0.000000  1.0
   -0.267179    0.705538  0.000000  1.0
   -0.267179    0.707589  0.000000  1.0
   -0.267179    0.709640  0.000000  1.0
   -0.267179    0.711691  0.000000  1.0
   -0.267179    0.713743  0.000000  1.0
   -0.265128    0.633743  0.000000  1.0
   -0.265128    0.635794  0.000000  1.0
   -0.265128    0.637845  0.000000  1.0
   -0.265128    0.639897  0.000000  1.0
   -0.265128    0.641948  0.000000  1.0
   -0.265128    0.643999  0.000000  1.0
   -0.265128    0.646050  0.000000  1.0
   -0.265128    0.648102  0.000000  1.0
   -0.265128    0.650153  0.000000  1.0
   -0.265128    0.652204  0.000000  1.0
   -0.265128    0.654256  0.000000  1.0
   -0.265128    0.656307  0.000000  1.0
   -0.265128    0.658358  0.000000  1.0
   -0.265128    0.660409  0.000000  1.0
   -0.265128    0.662461  0.000000  1.0
   -0.265128    0.664512  0.000000  1.0
   -0.265128    0.666563  0.000000  1.0
   -0.265128    0.668615  0.000000  1.0
   -0.265128    0.670666  0.000000  1.0
   -0.265128    0.672717  0.000000  1.0
   -0.265128    0.674768  0.000000  1.0
   -0.265128    0.676820  0.000000  1.0
   -0.265128    0.678871  0.000000  1.0
   -0.265128    0.680922  0.000000  1.0
   -0.265128    0.682974  0.000000  1.0
   -0.265128    0.685025  0.000000  1.0
   -0.265128    0.687076  0.000000  1.0
   -0.265128    0.689127  0.000000  1.0
   -0.265128    0.691179  0.000000  1.0
   -0.265128    0.693230  0.000000  1.0
   -0.265128    0.695281  0.000000  1.0
   -0.265128    0.697333  0.000000  1.0
   -0.265128    0.699384  0.000000  1.0
   -0.265128    0.701435  0.000000  1.0
   -0.265128    0.703486  0.000000  1.0
   -0.265128    0.705538  0.000000  1.0
   -0.265128    0.707589  0.000000  1.0
   -0.265128    0.709640  0.000000  1.0
   -0.265128    0.711691  0.000000  1.0
   -0.265128    0.713743  0.000000  1.0
   -0.263077    0.633743  0.000000  1.0
   -0.263077    0.635794  0.000000  1.0
   -0.263077    0.637845  0.000000  1.0
   -0.263077    0.639897  0.000000  1.0
   -0.263077    0.641948  0.000000  1.0
   -0.263077    0.643999  0.000000  1.0
   -0.263077    0.646050  0.000000  1.0
   -0.263077    0.648102  0.000000  1.0
   -0.263077    0.650153  0.000000  1.0
   -0.263077    0.652204  0.000000  1.0
   -0.263077    0.654256  0.000000  1.0
   -0.263077    0.656307  0.000000  1.0
   -0.263077    0.658358  0.000000  1.0
   -0.263077    0.660409  0.000000  1.0
   -0.263077    0.662461  0.000000  1.0
   -0.263077    0.664512  0.000000  1.0
   -0.263077    0.666563  0.000000  1.0
   -0.263077    0.668615  0.000000  1.0
   -0.263077    0.670666  0.000000  1.0
   -0.263077    0.672717  0.000000  1.0
   -0.263077    0.674768  0.000000  1.0
   -0.263077    0.676820  0.000000  1.0
   -0.263077    0.678871  0.000000  1.0
   -0.263077    0.680922  0.000000  1.0
   -0.263077    0.682974  0.000000  1.0
   -0.263077    0.685025  0.000000  1.0
   -0.263077    0.687076  0.000000  1.0
   -0.263077    0.689127  0.000000  1.0
   -0.263077    0.691179  0.000000  1.0
   -0.263077    0.693230  0.000000  1.0
   -0.263077    0.695281  0.000000  1.0
   -0.263077    0.697333  0.000000  1.0
   -0.263077    0.699384  0.000000  1.0
   -0.263077    0.701435  0.000000  1.0
   -0.263077    0.703486  0.000000  1.0
   -0.263077    0.705538  0.000000  1.0
   -0.263077    0.707589  0.000000  1.0
   -0.263077    0.709640  0.000000  1.0
   -0.263077    0.711691  0.000000  1.0
   -0.263077    0.713743  0.000000  1.0
   -0.261026    0.633743  0.000000  1.0
   -0.261026    0.635794  0.000000  1.0
   -0.261026    0.637845  0.000000  1.0
   -0.261026    0.639897  0.000000  1.0
   -0.261026    0.641948  0.000000  1.0
   -0.261026    0.643999  0.000000  1.0
   -0.261026    0.646050  0.000000  1.0
   -0.261026    0.648102  0.000000  1.0
   -0.261026    0.650153  0.000000  1.0
   -0.261026    0.652204  0.000000  1.0
   -0.261026    0.654256  0.000000  1.0
   -0.261026    0.656307  0.000000  1.0
   -0.261026    0.658358  0.000000  1.0
   -0.261026    0.660409  0.000000  1.0
   -0.261026    0.662461  0.000000  1.0
   -0.261026    0.664512  0.000000  1.0
   -0.261026    0.666563  0.000000  1.0
   -0.261026    0.668615  0.000000  1.0
   -0.261026    0.670666  0.000000  1.0
   -0.261026    0.672717  0.000000  1.0
   -0.261026    0.674768  0.000000  1.0
   -0.261026    0.676820  0.000000  1.0
   -0.261026    0.678871  0.000000  1.0
   -0.261026    0.680922  0.000000  1.0
   -0.261026    0.682974  0.000000  1.0
   -0.261026    0.685025  0.000000  1.0
   -0.261026    0.687076  0.000000  1.0
   -0.261026    0.689127  0.000000  1.0
   -0.261026    0.691179  0.000000  1.0
   -0.261026    0.693230  0.000000  1.0
   -0.261026    0.695281  0.000000  1.0
   -0.261026    0.697333  0.000000  1.0
   -0.261026    0.699384  0.000000  1.0
   -0.261026    0.701435  0.000000  1.0
   -0.261026    0.703486  0.000000  1.0
   -0.261026    0.705538  0.000000  1.0
   -0.261026    0.707589  0.000000  1.0
   -0.261026    0.709640  0.000000  1.0
   -0.261026    0.711691  0.000000  1.0
   -0.261026    0.713743  0.000000  1.0
   -0.258974    0.633743  0.000000  1.0
   -0.258974    0.635794  0.000000  1.0
   -0.258974    0.637845  0.000000  1.0
   -0.258974    0.639897  0.000000  1.0
   -0.258974    0.641948  0.000000  1.0
   -0.258974    0.643999  0.000000  1.0
   -0.258974    0.646050  0.000000  1.0
   -0.258974    0.648102  0.000000  1.0
   -0.258974    0.650153  0.000000  1.0
   -0.258974    0.652204  0.000000  1.0
   -0.258974    0.654256  0.000000  1.0
   -0.258974    0.656307  0.000000  1.0
   -0.258974    0.658358  0.000000  1.0
   -0.258974    0.660409  0.000000  1.0
   -0.258974    0.662461  0.000000  1.0
   -0.258974    0.664512  0.000000  1.0
   -0.258974    0.666563  0.000000  1.0
   -0.258974    0.668615  0.000000  1.0
   -0.258974    0.670666  0.000000  1.0
   -0.258974    0.672717  0.000000  1.0
   -0.258974    0.674768  0.000000  1.0
   -0.258974    0.676820  0.000000  1.0
   -0.258974    0.678871  0.000000  1.0
   -0.258974    0.680922  0.000000  1.0
   -0.258974    0.682974  0.000000  1.0
   -0.258974    0.685025  0.000000  1.0
   -0.258974    0.687076  0.000000  1.0
   -0.258974    0.689127  0.000000  1.0
   -0.258974    0.691179  0.000000  1.0
   -0.258974    0.693230  0.000000  1.0
   -0.258974    0.695281  0.000000  1.0
   -0.258974    0.697333  0.000000  1.0
   -0.258974    0.699384  0.000000  1.0
   -0.258974    0.701435  0.000000  1.0
   -0.258974    0.703486  0.000000  1.0
   -0.258974    0.705538  0.000000  1.0
   -0.258974    0.707589  0.000000  1.0
   -0.258974    0.709640  0.000000  1.0
   -0.258974    0.711691  0.000000  1.0
   -0.258974    0.713743  0.000000  1.0
   -0.256923    0.633743  0.000000  1.0
   -0.256923    0.635794  0.000000  1.0
   -0.256923    0.637845  0.000000  1.0
   -0.256923    0.639897  0.000000  1.0
   -0.256923    0.641948  0.000000  1.0
   -0.256923    0.643999  0.000000  1.0
   -0.256923    0.646050  0.000000  1.0
   -0.256923    0.648102  0.000000  1.0
   -0.256923    0.650153  0.000000  1.0
   -0.256923    0.652204  0.000000  1.0
   -0.256923    0.654256  0.000000  1.0
   -0.256923    0.656307  0.000000  1.0
   -0.256923    0.658358  0.000000  1.0
   -0.256923    0.660409  0.000000  1.0
   -0.256923    0.662461  0.000000  1.0
   -0.256923    0.664512  0.000000  1.0
   -0.256923    0.666563  0.000000  1.0
   -0.256923    0.668615  0.000000  1.0
   -0.256923    0.670666  0.000000  1.0
   -0.256923    0.672717  0.000000  1.0
   -0.256923    0.674768  0.000000  1.0
   -0.256923    0.676820  0.000000  1.0
   -0.256923    0.678871  0.000000  1.0
   -0.256923    0.680922  0.000000  1.0
   -0.256923    0.682974  0.000000  1.0
   -0.256923    0.685025  0.000000  1.0
   -0.256923    0.687076  0.000000  1.0
   -0.256923    0.689127  0.000000  1.0
   -0.256923    0.691179  0.000000  1.0
   -0.256923    0.693230  0.000000  1.0
   -0.256923    0.695281  0.000000  1.0
   -0.256923    0.697333  0.000000  1.0
   -0.256923    0.699384  0.000000  1.0
   -0.256923    0.701435  0.000000  1.0
   -0.256923    0.703486  0.000000  1.0
   -0.256923    0.705538  0.000000  1.0
   -0.256923    0.707589  0.000000  1.0
   -0.256923    0.709640  0.000000  1.0
   -0.256923    0.711691  0.000000  1.0
   -0.256923    0.713743  0.000000  1.0
   -0.254872    0.633743  0.000000  1.0
   -0.254872    0.635794  0.000000  1.0
   -0.254872    0.637845  0.000000  1.0
   -0.254872    0.639897  0.000000  1.0
   -0.254872    0.641948  0.000000  1.0
   -0.254872    0.643999  0.000000  1.0
   -0.254872    0.646050  0.000000  1.0
   -0.254872    0.648102  0.000000  1.0
   -0.254872    0.650153  0.000000  1.0
   -0.254872    0.652204  0.000000  1.0
   -0.254872    0.654256  0.000000  1.0
   -0.254872    0.656307  0.000000  1.0
   -0.254872    0.658358  0.000000  1.0
   -0.254872    0.660409  0.000000  1.0
   -0.254872    0.662461  0.000000  1.0
   -0.254872    0.664512  0.000000  1.0
   -0.254872    0.666563  0.000000  1.0
   -0.254872    0.668615  0.000000  1.0
   -0.254872    0.670666  0.000000  1.0
   -0.254872    0.672717  0.000000  1.0
   -0.254872    0.674768  0.000000  1.0
   -0.254872    0.676820  0.000000  1.0
   -0.254872    0.678871  0.000000  1.0
   -0.254872    0.680922  0.000000  1.0
   -0.254872    0.682974  0.000000  1.0
   -0.254872    0.685025  0.000000  1.0
   -0.254872    0.687076  0.000000  1.0
   -0.254872    0.689127  0.000000  1.0
   -0.254872    0.691179  0.000000  1.0
   -0.254872    0.693230  0.000000  1.0
   -0.254872    0.695281  0.000000  1.0
   -0.254872    0.697333  0.000000  1.0
   -0.254872    0.699384  0.000000  1.0
   -0.254872    0.701435  0.000000  1.0
   -0.254872    0.703486  0.000000  1.0
   -0.254872    0.705538  0.000000  1.0
   -0.254872    0.707589  0.000000  1.0
   -0.254872    0.709640  0.000000  1.0
   -0.254872    0.711691  0.000000  1.0
   -0.254872    0.713743  0.000000  1.0
   -0.252821    0.633743  0.000000  1.0
   -0.252821    0.635794  0.000000  1.0
   -0.252821    0.637845  0.000000  1.0
   -0.252821    0.639897  0.000000  1.0
   -0.252821    0.641948  0.000000  1.0
   -0.252821    0.643999  0.000000  1.0
   -0.252821    0.646050  0.000000  1.0
   -0.252821    0.648102  0.000000  1.0
   -0.252821    0.650153  0.000000  1.0
   -0.252821    0.652204  0.000000  1.0
   -0.252821    0.654256  0.000000  1.0
   -0.252821    0.656307  0.000000  1.0
   -0.252821    0.658358  0.000000  1.0
   -0.252821    0.660409  0.000000  1.0
   -0.252821    0.662461  0.000000  1.0
   -0.252821    0.664512  0.000000  1.0
   -0.252821    0.666563  0.000000  1.0
   -0.252821    0.668615  0.000000  1.0
   -0.252821    0.670666  0.000000  1.0
   -0.252821    0.672717  0.000000  1.0
   -0.252821    0.674768  0.000000  1.0
   -0.252821    0.676820  0.000000  1.0
   -0.252821    0.678871  0.000000  1.0
   -0.252821    0.680922  0.000000  1.0
   -0.252821    0.682974  0.000000  1.0
   -0.252821    0.685025  0.000000  1.0
   -0.252821    0.687076  0.000000  1.0
   -0.252821    0.689127  0.000000  1.0
   -0.252821    0.691179  0.000000  1.0
   -0.252821    0.693230  0.000000  1.0
   -0.252821    0.695281  0.000000  1.0
   -0.252821    0.697333  0.000000  1.0
   -0.252821    0.699384  0.000000  1.0
   -0.252821    0.701435  0.000000  1.0
   -0.252821    0.703486  0.000000  1.0
   -0.252821    0.705538  0.000000  1.0
   -0.252821    0.707589  0.000000  1.0
   -0.252821    0.709640  0.000000  1.0
   -0.252821    0.711691  0.000000  1.0
   -0.252821    0.713743  0.000000  1.0
   -0.250769    0.633743  0.000000  1.0
   -0.250769    0.635794  0.000000  1.0
   -0.250769    0.637845  0.000000  1.0
   -0.250769    0.639897  0.000000  1.0
   -0.250769    0.641948  0.000000  1.0
   -0.250769    0.643999  0.000000  1.0
   -0.250769    0.646050  0.000000  1.0
   -0.250769    0.648102  0.000000  1.0
   -0.250769    0.650153  0.000000  1.0
   -0.250769    0.652204  0.000000  1.0
   -0.250769    0.654256  0.000000  1.0
   -0.250769    0.656307  0.000000  1.0
   -0.250769    0.658358  0.000000  1.0
   -0.250769    0.660409  0.000000  1.0
   -0.250769    0.662461  0.000000  1.0
   -0.250769    0.664512  0.000000  1.0
   -0.250769    0.666563  0.000000  1.0
   -0.250769    0.668615  0.000000  1.0
   -0.250769    0.670666  0.000000  1.0
   -0.250769    0.672717  0.000000  1.0
   -0.250769    0.674768  0.000000  1.0
   -0.250769    0.676820  0.000000  1.0
   -0.250769    0.678871  0.000000  1.0
   -0.250769    0.680922  0.000000  1.0
   -0.250769    0.682974  0.000000  1.0
   -0.250769    0.685025  0.000000  1.0
   -0.250769    0.687076  0.000000  1.0
   -0.250769    0.689127  0.000000  1.0
   -0.250769    0.691179  0.000000  1.0
   -0.250769    0.693230  0.000000  1.0
   -0.250769    0.695281  0.000000  1.0
   -0.250769    0.697333  0.000000  1.0
   -0.250769    0.699384  0.000000  1.0
   -0.250769    0.701435  0.000000  1.0
   -0.250769    0.703486  0.000000  1.0
   -0.250769    0.705538  0.000000  1.0
   -0.250769    0.707589  0.000000  1.0
   -0.250769    0.709640  0.000000  1.0
   -0.250769    0.711691  0.000000  1.0
   -0.250769    0.713743  0.000000  1.0
   -0.248718    0.633743  0.000000  1.0
   -0.248718    0.635794  0.000000  1.0
   -0.248718    0.637845  0.000000  1.0
   -0.248718    0.639897  0.000000  1.0
   -0.248718    0.641948  0.000000  1.0
   -0.248718    0.643999  0.000000  1.0
   -0.248718    0.646050  0.000000  1.0
   -0.248718    0.648102  0.000000  1.0
   -0.248718    0.650153  0.000000  1.0
   -0.248718    0.652204  0.000000  1.0
   -0.248718    0.654256  0.000000  1.0
   -0.248718    0.656307  0.000000  1.0
   -0.248718    0.658358  0.000000  1.0
   -0.248718    0.660409  0.000000  1.0
   -0.248718    0.662461  0.000000  1.0
   -0.248718    0.664512  0.000000  1.0
   -0.248718    0.666563  0.000000  1.0
   -0.248718    0.668615  0.000000  1.0
   -0.248718    0.670666  0.000000  1.0
   -0.248718    0.672717  0.000000  1.0
   -0.248718    0.674768  0.000000  1.0
   -0.248718    0.676820  0.000000  1.0
   -0.248718    0.678871  0.000000  1.0
   -0.248718    0.680922  0.000000  1.0
   -0.248718    0.682974  0.000000  1.0
   -0.248718    0.685025  0.000000  1.0
   -0.248718    0.687076  0.000000  1.0
   -0.248718    0.689127  0.000000  1.0
   -0.248718    0.691179  0.000000  1.0
   -0.248718    0.693230  0.000000  1.0
   -0.248718    0.695281  0.000000  1.0
   -0.248718    0.697333  0.000000  1.0
   -0.248718    0.699384  0.000000  1.0
   -0.248718    0.701435  0.000000  1.0
   -0.248718    0.703486  0.000000  1.0
   -0.248718    0.705538  0.000000  1.0
   -0.248718    0.707589  0.000000  1.0
   -0.248718    0.709640  0.000000  1.0
   -0.248718    0.711691  0.000000  1.0
   -0.248718    0.713743  0.000000  1.0
   -0.246667    0.633743  0.000000  1.0
   -0.246667    0.635794  0.000000  1.0
   -0.246667    0.637845  0.000000  1.0
   -0.246667    0.639897  0.000000  1.0
   -0.246667    0.641948  0.000000  1.0
   -0.246667    0.643999  0.000000  1.0
   -0.246667    0.646050  0.000000  1.0
   -0.246667    0.648102  0.000000  1.0
   -0.246667    0.650153  0.000000  1.0
   -0.246667    0.652204  0.000000  1.0
   -0.246667    0.654256  0.000000  1.0
   -0.246667    0.656307  0.000000  1.0
   -0.246667    0.658358  0.000000  1.0
   -0.246667    0.660409  0.000000  1.0
   -0.246667    0.662461  0.000000  1.0
   -0.246667    0.664512  0.000000  1.0
   -0.246667    0.666563  0.000000  1.0
   -0.246667    0.668615  0.000000  1.0
   -0.246667    0.670666  0.000000  1.0
   -0.246667    0.672717  0.000000  1.0
   -0.246667    0.674768  0.000000  1.0
   -0.246667    0.676820  0.000000  1.0
   -0.246667    0.678871  0.000000  1.0
   -0.246667    0.680922  0.000000  1.0
   -0.246667    0.682974  0.000000  1.0
   -0.246667    0.685025  0.000000  1.0
   -0.246667    0.687076  0.000000  1.0
   -0.246667    0.689127  0.000000  1.0
   -0.246667    0.691179  0.000000  1.0
   -0.246667    0.693230  0.000000  1.0
   -0.246667    0.695281  0.000000  1.0
   -0.246667    0.697333  0.000000  1.0
   -0.246667    0.699384  0.000000  1.0
   -0.246667    0.701435  0.000000  1.0
   -0.246667    0.703486  0.000000  1.0
   -0.246667    0.705538  0.000000  1.0
   -0.246667    0.707589  0.000000  1.0
   -0.246667    0.709640  0.000000  1.0
   -0.246667    0.711691  0.000000  1.0
   -0.246667    0.713743  0.000000  1.0
   -0.244615    0.633743  0.000000  1.0
   -0.244615    0.635794  0.000000  1.0
   -0.244615    0.637845  0.000000  1.0
   -0.244615    0.639897  0.000000  1.0
   -0.244615    0.641948  0.000000  1.0
   -0.244615    0.643999  0.000000  1.0
   -0.244615    0.646050  0.000000  1.0
   -0.244615    0.648102  0.000000  1.0
   -0.244615    0.650153  0.000000  1.0
   -0.244615    0.652204  0.000000  1.0
   -0.244615    0.654256  0.000000  1.0
   -0.244615    0.656307  0.000000  1.0
   -0.244615    0.658358  0.000000  1.0
   -0.244615    0.660409  0.000000  1.0
   -0.244615    0.662461  0.000000  1.0
   -0.244615    0.664512  0.000000  1.0
   -0.244615    0.666563  0.000000  1.0
   -0.244615    0.668615  0.000000  1.0
   -0.244615    0.670666  0.000000  1.0
   -0.244615    0.672717  0.000000  1.0
   -0.244615    0.674768  0.000000  1.0
   -0.244615    0.676820  0.000000  1.0
   -0.244615    0.678871  0.000000  1.0
   -0.244615    0.680922  0.000000  1.0
   -0.244615    0.682974  0.000000  1.0
   -0.244615    0.685025  0.000000  1.0
   -0.244615    0.687076  0.000000  1.0
   -0.244615    0.689127  0.000000  1.0
   -0.244615    0.691179  0.000000  1.0
   -0.244615    0.693230  0.000000  1.0
   -0.244615    0.695281  0.000000  1.0
   -0.244615    0.697333  0.000000  1.0
   -0.244615    0.699384  0.000000  1.0
   -0.244615    0.701435  0.000000  1.0
   -0.244615    0.703486  0.000000  1.0
   -0.244615    0.705538  0.000000  1.0
   -0.244615    0.707589  0.000000  1.0
   -0.244615    0.709640  0.000000  1.0
   -0.244615    0.711691  0.000000  1.0
   -0.244615    0.713743  0.000000  1.0
   -0.242564    0.633743  0.000000  1.0
   -0.242564    0.635794  0.000000  1.0
   -0.242564    0.637845  0.000000  1.0
   -0.242564    0.639897  0.000000  1.0
   -0.242564    0.641948  0.000000  1.0
   -0.242564    0.643999  0.000000  1.0
   -0.242564    0.646050  0.000000  1.0
   -0.242564    0.648102  0.000000  1.0
   -0.242564    0.650153  0.000000  1.0
   -0.242564    0.652204  0.000000  1.0
   -0.242564    0.654256  0.000000  1.0
   -0.242564    0.656307  0.000000  1.0
   -0.242564    0.658358  0.000000  1.0
   -0.242564    0.660409  0.000000  1.0
   -0.242564    0.662461  0.000000  1.0
   -0.242564    0.664512  0.000000  1.0
   -0.242564    0.666563  0.000000  1.0
   -0.242564    0.668615  0.000000  1.0
   -0.242564    0.670666  0.000000  1.0
   -0.242564    0.672717  0.000000  1.0
   -0.242564    0.674768  0.000000  1.0
   -0.242564    0.676820  0.000000  1.0
   -0.242564    0.678871  0.000000  1.0
   -0.242564    0.680922  0.000000  1.0
   -0.242564    0.682974  0.000000  1.0
   -0.242564    0.685025  0.000000  1.0
   -0.242564    0.687076  0.000000  1.0
   -0.242564    0.689127  0.000000  1.0
   -0.242564    0.691179  0.000000  1.0
   -0.242564    0.693230  0.000000  1.0
   -0.242564    0.695281  0.000000  1.0
   -0.242564    0.697333  0.000000  1.0
   -0.242564    0.699384  0.000000  1.0
   -0.242564    0.701435  0.000000  1.0
   -0.242564    0.703486  0.000000  1.0
   -0.242564    0.705538  0.000000  1.0
   -0.242564    0.707589  0.000000  1.0
   -0.242564    0.709640  0.000000  1.0
   -0.242564    0.711691  0.000000  1.0
   -0.242564    0.713743  0.000000  1.0
   -0.240513    0.633743  0.000000  1.0
   -0.240513    0.635794  0.000000  1.0
   -0.240513    0.637845  0.000000  1.0
   -0.240513    0.639897  0.000000  1.0
   -0.240513    0.641948  0.000000  1.0
   -0.240513    0.643999  0.000000  1.0
   -0.240513    0.646050  0.000000  1.0
   -0.240513    0.648102  0.000000  1.0
   -0.240513    0.650153  0.000000  1.0
   -0.240513    0.652204  0.000000  1.0
   -0.240513    0.654256  0.000000  1.0
   -0.240513    0.656307  0.000000  1.0
   -0.240513    0.658358  0.000000  1.0
   -0.240513    0.660409  0.000000  1.0
   -0.240513    0.662461  0.000000  1.0
   -0.240513    0.664512  0.000000  1.0
   -0.240513    0.666563  0.000000  1.0
   -0.240513    0.668615  0.000000  1.0
   -0.240513    0.670666  0.000000  1.0
   -0.240513    0.672717  0.000000  1.0
   -0.240513    0.674768  0.000000  1.0
   -0.240513    0.676820  0.000000  1.0
   -0.240513    0.678871  0.000000  1.0
   -0.240513    0.680922  0.000000  1.0
   -0.240513    0.682974  0.000000  1.0
   -0.240513    0.685025  0.000000  1.0
   -0.240513    0.687076  0.000000  1.0
   -0.240513    0.689127  0.000000  1.0
   -0.240513    0.691179  0.000000  1.0
   -0.240513    0.693230  0.000000  1.0
   -0.240513    0.695281  0.000000  1.0
   -0.240513    0.697333  0.000000  1.0
   -0.240513    0.699384  0.000000  1.0
   -0.240513    0.701435  0.000000  1.0
   -0.240513    0.703486  0.000000  1.0
   -0.240513    0.705538  0.000000  1.0
   -0.240513    0.707589  0.000000  1.0
   -0.240513    0.709640  0.000000  1.0
   -0.240513    0.711691  0.000000  1.0
   -0.240513    0.713743  0.000000  1.0
   -0.238462    0.633743  0.000000  1.0
   -0.238462    0.635794  0.000000  1.0
   -0.238462    0.637845  0.000000  1.0
   -0.238462    0.639897  0.000000  1.0
   -0.238462    0.641948  0.000000  1.0
   -0.238462    0.643999  0.000000  1.0
   -0.238462    0.646050  0.000000  1.0
   -0.238462    0.648102  0.000000  1.0
   -0.238462    0.650153  0.000000  1.0
   -0.238462    0.652204  0.000000  1.0
   -0.238462    0.654256  0.000000  1.0
   -0.238462    0.656307  0.000000  1.0
   -0.238462    0.658358  0.000000  1.0
   -0.238462    0.660409  0.000000  1.0
   -0.238462    0.662461  0.000000  1.0
   -0.238462    0.664512  0.000000  1.0
   -0.238462    0.666563  0.000000  1.0
   -0.238462    0.668615  0.000000  1.0
   -0.238462    0.670666  0.000000  1.0
   -0.238462    0.672717  0.000000  1.0
   -0.238462    0.674768  0.000000  1.0
   -0.238462    0.676820  0.000000  1.0
   -0.238462    0.678871  0.000000  1.0
   -0.238462    0.680922  0.000000  1.0
   -0.238462    0.682974  0.000000  1.0
   -0.238462    0.685025  0.000000  1.0
   -0.238462    0.687076  0.000000  1.0
   -0.238462    0.689127  0.000000  1.0
   -0.238462    0.691179  0.000000  1.0
   -0.238462    0.693230  0.000000  1.0
   -0.238462    0.695281  0.000000  1.0
   -0.238462    0.697333  0.000000  1.0
   -0.238462    0.699384  0.000000  1.0
   -0.238462    0.701435  0.000000  1.0
   -0.238462    0.703486  0.000000  1.0
   -0.238462    0.705538  0.000000  1.0
   -0.238462    0.707589  0.000000  1.0
   -0.238462    0.709640  0.000000  1.0
   -0.238462    0.711691  0.000000  1.0
   -0.238462    0.713743  0.000000  1.0
   -0.236410    0.633743  0.000000  1.0
   -0.236410    0.635794  0.000000  1.0
   -0.236410    0.637845  0.000000  1.0
   -0.236410    0.639897  0.000000  1.0
   -0.236410    0.641948  0.000000  1.0
   -0.236410    0.643999  0.000000  1.0
   -0.236410    0.646050  0.000000  1.0
   -0.236410    0.648102  0.000000  1.0
   -0.236410    0.650153  0.000000  1.0
   -0.236410    0.652204  0.000000  1.0
   -0.236410    0.654256  0.000000  1.0
   -0.236410    0.656307  0.000000  1.0
   -0.236410    0.658358  0.000000  1.0
   -0.236410    0.660409  0.000000  1.0
   -0.236410    0.662461  0.000000  1.0
   -0.236410    0.664512  0.000000  1.0
   -0.236410    0.666563  0.000000  1.0
   -0.236410    0.668615  0.000000  1.0
   -0.236410    0.670666  0.000000  1.0
   -0.236410    0.672717  0.000000  1.0
   -0.236410    0.674768  0.000000  1.0
   -0.236410    0.676820  0.000000  1.0
   -0.236410    0.678871  0.000000  1.0
   -0.236410    0.680922  0.000000  1.0
   -0.236410    0.682974  0.000000  1.0
   -0.236410    0.685025  0.000000  1.0
   -0.236410    0.687076  0.000000  1.0
   -0.236410    0.689127  0.000000  1.0
   -0.236410    0.691179  0.000000  1.0
   -0.236410    0.693230  0.000000  1.0
   -0.236410    0.695281  0.000000  1.0
   -0.236410    0.697333  0.000000  1.0
   -0.236410    0.699384  0.000000  1.0
   -0.236410    0.701435  0.000000  1.0
   -0.236410    0.703486  0.000000  1.0
   -0.236410    0.705538  0.000000  1.0
   -0.236410    0.707589  0.000000  1.0
   -0.236410    0.709640  0.000000  1.0
   -0.236410    0.711691  0.000000  1.0
   -0.236410    0.713743  0.000000  1.0
   -0.234359    0.633743  0.000000  1.0
   -0.234359    0.635794  0.000000  1.0
   -0.234359    0.637845  0.000000  1.0
   -0.234359    0.639897  0.000000  1.0
   -0.234359    0.641948  0.000000  1.0
   -0.234359    0.643999  0.000000  1.0
   -0.234359    0.646050  0.000000  1.0
   -0.234359    0.648102  0.000000  1.0
   -0.234359    0.650153  0.000000  1.0
   -0.234359    0.652204  0.000000  1.0
   -0.234359    0.654256  0.000000  1.0
   -0.234359    0.656307  0.000000  1.0
   -0.234359    0.658358  0.000000  1.0
   -0.234359    0.660409  0.000000  1.0
   -0.234359    0.662461  0.000000  1.0
   -0.234359    0.664512  0.000000  1.0
   -0.234359    0.666563  0.000000  1.0
   -0.234359    0.668615  0.000000  1.0
   -0.234359    0.670666  0.000000  1.0
   -0.234359    0.672717  0.000000  1.0
   -0.234359    0.674768  0.000000  1.0
   -0.234359    0.676820  0.000000  1.0
   -0.234359    0.678871  0.000000  1.0
   -0.234359    0.680922  0.000000  1.0
   -0.234359    0.682974  0.000000  1.0
   -0.234359    0.685025  0.000000  1.0
   -0.234359    0.687076  0.000000  1.0
   -0.234359    0.689127  0.000000  1.0
   -0.234359    0.691179  0.000000  1.0
   -0.234359    0.693230  0.000000  1.0
   -0.234359    0.695281  0.000000  1.0
   -0.234359    0.697333  0.000000  1.0
   -0.234359    0.699384  0.000000  1.0
   -0.234359    0.701435  0.000000  1.0
   -0.234359    0.703486  0.000000  1.0
   -0.234359    0.705538  0.000000  1.0
   -0.234359    0.707589  0.000000  1.0
   -0.234359    0.709640  0.000000  1.0
   -0.234359    0.711691  0.000000  1.0
   -0.234359    0.713743  0.000000  1.0
   -0.232308    0.633743  0.000000  1.0
   -0.232308    0.635794  0.000000  1.0
   -0.232308    0.637845  0.000000  1.0
   -0.232308    0.639897  0.000000  1.0
   -0.232308    0.641948  0.000000  1.0
   -0.232308    0.643999  0.000000  1.0
   -0.232308    0.646050  0.000000  1.0
   -0.232308    0.648102  0.000000  1.0
   -0.232308    0.650153  0.000000  1.0
   -0.232308    0.652204  0.000000  1.0
   -0.232308    0.654256  0.000000  1.0
   -0.232308    0.656307  0.000000  1.0
   -0.232308    0.658358  0.000000  1.0
   -0.232308    0.660409  0.000000  1.0
   -0.232308    0.662461  0.000000  1.0
   -0.232308    0.664512  0.000000  1.0
   -0.232308    0.666563  0.000000  1.0
   -0.232308    0.668615  0.000000  1.0
   -0.232308    0.670666  0.000000  1.0
   -0.232308    0.672717  0.000000  1.0
   -0.232308    0.674768  0.000000  1.0
   -0.232308    0.676820  0.000000  1.0
   -0.232308    0.678871  0.000000  1.0
   -0.232308    0.680922  0.000000  1.0
   -0.232308    0.682974  0.000000  1.0
   -0.232308    0.685025  0.000000  1.0
   -0.232308    0.687076  0.000000  1.0
   -0.232308    0.689127  0.000000  1.0
   -0.232308    0.691179  0.000000  1.0
   -0.232308    0.693230  0.000000  1.0
   -0.232308    0.695281  0.000000  1.0
   -0.232308    0.697333  0.000000  1.0
   -0.232308    0.699384  0.000000  1.0
   -0.232308    0.701435  0.000000  1.0
   -0.232308    0.703486  0.000000  1.0
   -0.232308    0.705538  0.000000  1.0
   -0.232308    0.707589  0.000000  1.0
   -0.232308    0.709640  0.000000  1.0
   -0.232308    0.711691  0.000000  1.0
   -0.232308    0.713743  0.000000  1.0
   -0.230256    0.633743  0.000000  1.0
   -0.230256    0.635794  0.000000  1.0
   -0.230256    0.637845  0.000000  1.0
   -0.230256    0.639897  0.000000  1.0
   -0.230256    0.641948  0.000000  1.0
   -0.230256    0.643999  0.000000  1.0
   -0.230256    0.646050  0.000000  1.0
   -0.230256    0.648102  0.000000  1.0
   -0.230256    0.650153  0.000000  1.0
   -0.230256    0.652204  0.000000  1.0
   -0.230256    0.654256  0.000000  1.0
   -0.230256    0.656307  0.000000  1.0
   -0.230256    0.658358  0.000000  1.0
   -0.230256    0.660409  0.000000  1.0
   -0.230256    0.662461  0.000000  1.0
   -0.230256    0.664512  0.000000  1.0
   -0.230256    0.666563  0.000000  1.0
   -0.230256    0.668615  0.000000  1.0
   -0.230256    0.670666  0.000000  1.0
   -0.230256    0.672717  0.000000  1.0
   -0.230256    0.674768  0.000000  1.0
   -0.230256    0.676820  0.000000  1.0
   -0.230256    0.678871  0.000000  1.0
   -0.230256    0.680922  0.000000  1.0
   -0.230256    0.682974  0.000000  1.0
   -0.230256    0.685025  0.000000  1.0
   -0.230256    0.687076  0.000000  1.0
   -0.230256    0.689127  0.000000  1.0
   -0.230256    0.691179  0.000000  1.0
   -0.230256    0.693230  0.000000  1.0
   -0.230256    0.695281  0.000000  1.0
   -0.230256    0.697333  0.000000  1.0
   -0.230256    0.699384  0.000000  1.0
   -0.230256    0.701435  0.000000  1.0
   -0.230256    0.703486  0.000000  1.0
   -0.230256    0.705538  0.000000  1.0
   -0.230256    0.707589  0.000000  1.0
   -0.230256    0.709640  0.000000  1.0
   -0.230256    0.711691  0.000000  1.0
   -0.230256    0.713743  0.000000  1.0
   -0.228205    0.633743  0.000000  1.0
   -0.228205    0.635794  0.000000  1.0
   -0.228205    0.637845  0.000000  1.0
   -0.228205    0.639897  0.000000  1.0
   -0.228205    0.641948  0.000000  1.0
   -0.228205    0.643999  0.000000  1.0
   -0.228205    0.646050  0.000000  1.0
   -0.228205    0.648102  0.000000  1.0
   -0.228205    0.650153  0.000000  1.0
   -0.228205    0.652204  0.000000  1.0
   -0.228205    0.654256  0.000000  1.0
   -0.228205    0.656307  0.000000  1.0
   -0.228205    0.658358  0.000000  1.0
   -0.228205    0.660409  0.000000  1.0
   -0.228205    0.662461  0.000000  1.0
   -0.228205    0.664512  0.000000  1.0
   -0.228205    0.666563  0.000000  1.0
   -0.228205    0.668615  0.000000  1.0
   -0.228205    0.670666  0.000000  1.0
   -0.228205    0.672717  0.000000  1.0
   -0.228205    0.674768  0.000000  1.0
   -0.228205    0.676820  0.000000  1.0
   -0.228205    0.678871  0.000000  1.0
   -0.228205    0.680922  0.000000  1.0
   -0.228205    0.682974  0.000000  1.0
   -0.228205    0.685025  0.000000  1.0
   -0.228205    0.687076  0.000000  1.0
   -0.228205    0.689127  0.000000  1.0
   -0.228205    0.691179  0.000000  1.0
   -0.228205    0.693230  0.000000  1.0
   -0.228205    0.695281  0.000000  1.0
   -0.228205    0.697333  0.000000  1.0
   -0.228205    0.699384  0.000000  1.0
   -0.228205    0.701435  0.000000  1.0
   -0.228205    0.703486  0.000000  1.0
   -0.228205    0.705538  0.000000  1.0
   -0.228205    0.707589  0.000000  1.0
   -0.228205    0.709640  0.000000  1.0
   -0.228205    0.711691  0.000000  1.0
   -0.228205    0.713743  0.000000  1.0
   -0.226154    0.633743  0.000000  1.0
   -0.226154    0.635794  0.000000  1.0
   -0.226154    0.637845  0.000000  1.0
   -0.226154    0.639897  0.000000  1.0
   -0.226154    0.641948  0.000000  1.0
   -0.226154    0.643999  0.000000  1.0
   -0.226154    0.646050  0.000000  1.0
   -0.226154    0.648102  0.000000  1.0
   -0.226154    0.650153  0.000000  1.0
   -0.226154    0.652204  0.000000  1.0
   -0.226154    0.654256  0.000000  1.0
   -0.226154    0.656307  0.000000  1.0
   -0.226154    0.658358  0.000000  1.0
   -0.226154    0.660409  0.000000  1.0
   -0.226154    0.662461  0.000000  1.0
   -0.226154    0.664512  0.000000  1.0
   -0.226154    0.666563  0.000000  1.0
   -0.226154    0.668615  0.000000  1.0
   -0.226154    0.670666  0.000000  1.0
   -0.226154    0.672717  0.000000  1.0
   -0.226154    0.674768  0.000000  1.0
   -0.226154    0.676820  0.000000  1.0
   -0.226154    0.678871  0.000000  1.0
   -0.226154    0.680922  0.000000  1.0
   -0.226154    0.682974  0.000000  1.0
   -0.226154    0.685025  0.000000  1.0
   -0.226154    0.687076  0.000000  1.0
   -0.226154    0.689127  0.000000  1.0
   -0.226154    0.691179  0.000000  1.0
   -0.226154    0.693230  0.000000  1.0
   -0.226154    0.695281  0.000000  1.0
   -0.226154    0.697333  0.000000  1.0
   -0.226154    0.699384  0.000000  1.0
   -0.226154    0.701435  0.000000  1.0
   -0.226154    0.703486  0.000000  1.0
   -0.226154    0.705538  0.000000  1.0
   -0.226154    0.707589  0.000000  1.0
   -0.226154    0.709640  0.000000  1.0
   -0.226154    0.711691  0.000000  1.0
   -0.226154    0.713743  0.000000  1.0
   -0.224103    0.633743  0.000000  1.0
   -0.224103    0.635794  0.000000  1.0
   -0.224103    0.637845  0.000000  1.0
   -0.224103    0.639897  0.000000  1.0
   -0.224103    0.641948  0.000000  1.0
   -0.224103    0.643999  0.000000  1.0
   -0.224103    0.646050  0.000000  1.0
   -0.224103    0.648102  0.000000  1.0
   -0.224103    0.650153  0.000000  1.0
   -0.224103    0.652204  0.000000  1.0
   -0.224103    0.654256  0.000000  1.0
   -0.224103    0.656307  0.000000  1.0
   -0.224103    0.658358  0.000000  1.0
   -0.224103    0.660409  0.000000  1.0
   -0.224103    0.662461  0.000000  1.0
   -0.224103    0.664512  0.000000  1.0
   -0.224103    0.666563  0.000000  1.0
   -0.224103    0.668615  0.000000  1.0
   -0.224103    0.670666  0.000000  1.0
   -0.224103    0.672717  0.000000  1.0
   -0.224103    0.674768  0.000000  1.0
   -0.224103    0.676820  0.000000  1.0
   -0.224103    0.678871  0.000000  1.0
   -0.224103    0.680922  0.000000  1.0
   -0.224103    0.682974  0.000000  1.0
   -0.224103    0.685025  0.000000  1.0
   -0.224103    0.687076  0.000000  1.0
   -0.224103    0.689127  0.000000  1.0
   -0.224103    0.691179  0.000000  1.0
   -0.224103    0.693230  0.000000  1.0
   -0.224103    0.695281  0.000000  1.0
   -0.224103    0.697333  0.000000  1.0
   -0.224103    0.699384  0.000000  1.0
   -0.224103    0.701435  0.000000  1.0
   -0.224103    0.703486  0.000000  1.0
   -0.224103    0.705538  0.000000  1.0
   -0.224103    0.707589  0.000000  1.0
   -0.224103    0.709640  0.000000  1.0
   -0.224103    0.711691  0.000000  1.0
   -0.224103    0.713743  0.000000  1.0
   -0.222051    0.633743  0.000000  1.0
   -0.222051    0.635794  0.000000  1.0
   -0.222051    0.637845  0.000000  1.0
   -0.222051    0.639897  0.000000  1.0
   -0.222051    0.641948  0.000000  1.0
   -0.222051    0.643999  0.000000  1.0
   -0.222051    0.646050  0.000000  1.0
   -0.222051    0.648102  0.000000  1.0
   -0.222051    0.650153  0.000000  1.0
   -0.222051    0.652204  0.000000  1.0
   -0.222051    0.654256  0.000000  1.0
   -0.222051    0.656307  0.000000  1.0
   -0.222051    0.658358  0.000000  1.0
   -0.222051    0.660409  0.000000  1.0
   -0.222051    0.662461  0.000000  1.0
   -0.222051    0.664512  0.000000  1.0
   -0.222051    0.666563  0.000000  1.0
   -0.222051    0.668615  0.000000  1.0
   -0.222051    0.670666  0.000000  1.0
   -0.222051    0.672717  0.000000  1.0
   -0.222051    0.674768  0.000000  1.0
   -0.222051    0.676820  0.000000  1.0
   -0.222051    0.678871  0.000000  1.0
   -0.222051    0.680922  0.000000  1.0
   -0.222051    0.682974  0.000000  1.0
   -0.222051    0.685025  0.000000  1.0
   -0.222051    0.687076  0.000000  1.0
   -0.222051    0.689127  0.000000  1.0
   -0.222051    0.691179  0.000000  1.0
   -0.222051    0.693230  0.000000  1.0
   -0.222051    0.695281  0.000000  1.0
   -0.222051    0.697333  0.000000  1.0
   -0.222051    0.699384  0.000000  1.0
   -0.222051    0.701435  0.000000  1.0
   -0.222051    0.703486  0.000000  1.0
   -0.222051    0.705538  0.000000  1.0
   -0.222051    0.707589  0.000000  1.0
   -0.222051    0.709640  0.000000  1.0
   -0.222051    0.711691  0.000000  1.0
   -0.222051    0.713743  0.000000  1.0
   -0.220000    0.633743  0.000000  1.0
   -0.220000    0.635794  0.000000  1.0
   -0.220000    0.637845  0.000000  1.0
   -0.220000    0.639897  0.000000  1.0
   -0.220000    0.641948  0.000000  1.0
   -0.220000    0.643999  0.000000  1.0
   -0.220000    0.646050  0.000000  1.0
   -0.220000    0.648102  0.000000  1.0
   -0.220000    0.650153  0.000000  1.0
   -0.220000    0.652204  0.000000  1.0
   -0.220000    0.654256  0.000000  1.0
   -0.220000    0.656307  0.000000  1.0
   -0.220000    0.658358  0.000000  1.0
   -0.220000    0.660409  0.000000  1.0
   -0.220000    0.662461  0.000000  1.0
   -0.220000    0.664512  0.000000  1.0
   -0.220000    0.666563  0.000000  1.0
   -0.220000    0.668615  0.000000  1.0
   -0.220000    0.670666  0.000000  1.0
   -0.220000    0.672717  0.000000  1.0
   -0.220000    0.674768  0.000000  1.0
   -0.220000    0.676820  0.000000  1.0
   -0.220000    0.678871  0.000000  1.0
   -0.220000    0.680922  0.000000  1.0
   -0.220000    0.682974  0.000000  1.0
   -0.220000    0.685025  0.000000  1.0
   -0.220000    0.687076  0.000000  1.0
   -0.220000    0.689127  0.000000  1.0
   -0.220000    0.691179  0.000000  1.0
   -0.220000    0.693230  0.000000  1.0
   -0.220000    0.695281  0.000000  1.0
   -0.220000    0.697333  0.000000  1.0
   -0.220000    0.699384  0.000000  1.0
   -0.220000    0.701435  0.000000  1.0
   -0.220000    0.703486  0.000000  1.0
   -0.220000    0.705538  0.000000  1.0
   -0.220000    0.707589  0.000000  1.0
   -0.220000    0.709640  0.000000  1.0
   -0.220000    0.711691  0.000000  1.0
   -0.220000    0.713743  0.000000  1.0
   -0.217949    0.633743  0.000000  1.0
   -0.217949    0.635794  0.000000  1.0
   -0.217949    0.637845  0.000000  1.0
   -0.217949    0.639897  0.000000  1.0
   -0.217949    0.641948  0.000000  1.0
   -0.217949    0.643999  0.000000  1.0
   -0.217949    0.646050  0.000000  1.0
   -0.217949    0.648102  0.000000  1.0
   -0.217949    0.650153  0.000000  1.0
   -0.217949    0.652204  0.000000  1.0
   -0.217949    0.654256  0.000000  1.0
   -0.217949    0.656307  0.000000  1.0
   -0.217949    0.658358  0.000000  1.0
   -0.217949    0.660409  0.000000  1.0
   -0.217949    0.662461  0.000000  1.0
   -0.217949    0.664512  0.000000  1.0
   -0.217949    0.666563  0.000000  1.0
   -0.217949    0.668615  0.000000  1.0
   -0.217949    0.670666  0.000000  1.0
   -0.217949    0.672717  0.000000  1.0
   -0.217949    0.674768  0.000000  1.0
   -0.217949    0.676820  0.000000  1.0
   -0.217949    0.678871  0.000000  1.0
   -0.217949    0.680922  0.000000  1.0
   -0.217949    0.682974  0.000000  1.0
   -0.217949    0.685025  0.000000  1.0
   -0.217949    0.687076  0.000000  1.0
   -0.217949    0.689127  0.000000  1.0
   -0.217949    0.691179  0.000000  1.0
   -0.217949    0.693230  0.000000  1.0
   -0.217949    0.695281  0.000000  1.0
   -0.217949    0.697333  0.000000  1.0
   -0.217949    0.699384  0.000000  1.0
   -0.217949    0.701435  0.000000  1.0
   -0.217949    0.703486  0.000000  1.0
   -0.217949    0.705538  0.000000  1.0
   -0.217949    0.707589  0.000000  1.0
   -0.217949    0.709640  0.000000  1.0
   -0.217949    0.711691  0.000000  1.0
   -0.217949    0.713743  0.000000  1.0
   -0.215897    0.633743  0.000000  1.0
   -0.215897    0.635794  0.000000  1.0
   -0.215897    0.637845  0.000000  1.0
   -0.215897    0.639897  0.000000  1.0
   -0.215897    0.641948  0.000000  1.0
   -0.215897    0.643999  0.000000  1.0
   -0.215897    0.646050  0.000000  1.0
   -0.215897    0.648102  0.000000  1.0
   -0.215897    0.650153  0.000000  1.0
   -0.215897    0.652204  0.000000  1.0
   -0.215897    0.654256  0.000000  1.0
   -0.215897    0.656307  0.000000  1.0
   -0.215897    0.658358  0.000000  1.0
   -0.215897    0.660409  0.000000  1.0
   -0.215897    0.662461  0.000000  1.0
   -0.215897    0.664512  0.000000  1.0
   -0.215897    0.666563  0.000000  1.0
   -0.215897    0.668615  0.000000  1.0
   -0.215897    0.670666  0.000000  1.0
   -0.215897    0.672717  0.000000  1.0
   -0.215897    0.674768  0.000000  1.0
   -0.215897    0.676820  0.000000  1.0
   -0.215897    0.678871  0.000000  1.0
   -0.215897    0.680922  0.000000  1.0
   -0.215897    0.682974  0.000000  1.0
   -0.215897    0.685025  0.000000  1.0
   -0.215897    0.687076  0.000000  1.0
   -0.215897    0.689127  0.000000  1.0
   -0.215897    0.691179  0.000000  1.0
   -0.215897    0.693230  0.000000  1.0
   -0.215897    0.695281  0.000000  1.0
   -0.215897    0.697333  0.000000  1.0
   -0.215897    0.699384  0.000000  1.0
   -0.215897    0.701435  0.000000  1.0
   -0.215897    0.703486  0.000000  1.0
   -0.215897    0.705538  0.000000  1.0
   -0.215897    0.707589  0.000000  1.0
   -0.215897    0.709640  0.000000  1.0
   -0.215897    0.711691  0.000000  1.0
   -0.215897    0.713743  0.000000  1.0
   -0.213846    0.633743  0.000000  1.0
   -0.213846    0.635794  0.000000  1.0
   -0.213846    0.637845  0.000000  1.0
   -0.213846    0.639897  0.000000  1.0
   -0.213846    0.641948  0.000000  1.0
   -0.213846    0.643999  0.000000  1.0
   -0.213846    0.646050  0.000000  1.0
   -0.213846    0.648102  0.000000  1.0
   -0.213846    0.650153  0.000000  1.0
   -0.213846    0.652204  0.000000  1.0
   -0.213846    0.654256  0.000000  1.0
   -0.213846    0.656307  0.000000  1.0
   -0.213846    0.658358  0.000000  1.0
   -0.213846    0.660409  0.000000  1.0
   -0.213846    0.662461  0.000000  1.0
   -0.213846    0.664512  0.000000  1.0
   -0.213846    0.666563  0.000000  1.0
   -0.213846    0.668615  0.000000  1.0
   -0.213846    0.670666  0.000000  1.0
   -0.213846    0.672717  0.000000  1.0
   -0.213846    0.674768  0.000000  1.0
   -0.213846    0.676820  0.000000  1.0
   -0.213846    0.678871  0.000000  1.0
   -0.213846    0.680922  0.000000  1.0
   -0.213846    0.682974  0.000000  1.0
   -0.213846    0.685025  0.000000  1.0
   -0.213846    0.687076  0.000000  1.0
   -0.213846    0.689127  0.000000  1.0
   -0.213846    0.691179  0.000000  1.0
   -0.213846    0.693230  0.000000  1.0
   -0.213846    0.695281  0.000000  1.0
   -0.213846    0.697333  0.000000  1.0
   -0.213846    0.699384  0.000000  1.0
   -0.213846    0.701435  0.000000  1.0
   -0.213846    0.703486  0.000000  1.0
   -0.213846    0.705538  0.000000  1.0
   -0.213846    0.707589  0.000000  1.0
   -0.213846    0.709640  0.000000  1.0
   -0.213846    0.711691  0.000000  1.0
   -0.213846    0.713743  0.000000  1.0
   -0.211795    0.633743  0.000000  1.0
   -0.211795    0.635794  0.000000  1.0
   -0.211795    0.637845  0.000000  1.0
   -0.211795    0.639897  0.000000  1.0
   -0.211795    0.641948  0.000000  1.0
   -0.211795    0.643999  0.000000  1.0
   -0.211795    0.646050  0.000000  1.0
   -0.211795    0.648102  0.000000  1.0
   -0.211795    0.650153  0.000000  1.0
   -0.211795    0.652204  0.000000  1.0
   -0.211795    0.654256  0.000000  1.0
   -0.211795    0.656307  0.000000  1.0
   -0.211795    0.658358  0.000000  1.0
   -0.211795    0.660409  0.000000  1.0
   -0.211795    0.662461  0.000000  1.0
   -0.211795    0.664512  0.000000  1.0
   -0.211795    0.666563  0.000000  1.0
   -0.211795    0.668615  0.000000  1.0
   -0.211795    0.670666  0.000000  1.0
   -0.211795    0.672717  0.000000  1.0
   -0.211795    0.674768  0.000000  1.0
   -0.211795    0.676820  0.000000  1.0
   -0.211795    0.678871  0.000000  1.0
   -0.211795    0.680922  0.000000  1.0
   -0.211795    0.682974  0.000000  1.0
   -0.211795    0.685025  0.000000  1.0
   -0.211795    0.687076  0.000000  1.0
   -0.211795    0.689127  0.000000  1.0
   -0.211795    0.691179  0.000000  1.0
   -0.211795    0.693230  0.000000  1.0
   -0.211795    0.695281  0.000000  1.0
   -0.211795    0.697333  0.000000  1.0
   -0.211795    0.699384  0.000000  1.0
   -0.211795    0.701435  0.000000  1.0
   -0.211795    0.703486  0.000000  1.0
   -0.211795    0.705538  0.000000  1.0
   -0.211795    0.707589  0.000000  1.0
   -0.211795    0.709640  0.000000  1.0
   -0.211795    0.711691  0.000000  1.0
   -0.211795    0.713743  0.000000  1.0
   -0.209744    0.633743  0.000000  1.0
   -0.209744    0.635794  0.000000  1.0
   -0.209744    0.637845  0.000000  1.0
   -0.209744    0.639897  0.000000  1.0
   -0.209744    0.641948  0.000000  1.0
   -0.209744    0.643999  0.000000  1.0
   -0.209744    0.646050  0.000000  1.0
   -0.209744    0.648102  0.000000  1.0
   -0.209744    0.650153  0.000000  1.0
   -0.209744    0.652204  0.000000  1.0
   -0.209744    0.654256  0.000000  1.0
   -0.209744    0.656307  0.000000  1.0
   -0.209744    0.658358  0.000000  1.0
   -0.209744    0.660409  0.000000  1.0
   -0.209744    0.662461  0.000000  1.0
   -0.209744    0.664512  0.000000  1.0
   -0.209744    0.666563  0.000000  1.0
   -0.209744    0.668615  0.000000  1.0
   -0.209744    0.670666  0.000000  1.0
   -0.209744    0.672717  0.000000  1.0
   -0.209744    0.674768  0.000000  1.0
   -0.209744    0.676820  0.000000  1.0
   -0.209744    0.678871  0.000000  1.0
   -0.209744    0.680922  0.000000  1.0
   -0.209744    0.682974  0.000000  1.0
   -0.209744    0.685025  0.000000  1.0
   -0.209744    0.687076  0.000000  1.0
   -0.209744    0.689127  0.000000  1.0
   -0.209744    0.691179  0.000000  1.0
   -0.209744    0.693230  0.000000  1.0
   -0.209744    0.695281  0.000000  1.0
   -0.209744    0.697333  0.000000  1.0
   -0.209744    0.699384  0.000000  1.0
   -0.209744    0.701435  0.000000  1.0
   -0.209744    0.703486  0.000000  1.0
   -0.209744    0.705538  0.000000  1.0
   -0.209744    0.707589  0.000000  1.0
   -0.209744    0.709640  0.000000  1.0
   -0.209744    0.711691  0.000000  1.0
   -0.209744    0.713743  0.000000  1.0
   -0.207692    0.633743  0.000000  1.0
   -0.207692    0.635794  0.000000  1.0
   -0.207692    0.637845  0.000000  1.0
   -0.207692    0.639897  0.000000  1.0
   -0.207692    0.641948  0.000000  1.0
   -0.207692    0.643999  0.000000  1.0
   -0.207692    0.646050  0.000000  1.0
   -0.207692    0.648102  0.000000  1.0
   -0.207692    0.650153  0.000000  1.0
   -0.207692    0.652204  0.000000  1.0
   -0.207692    0.654256  0.000000  1.0
   -0.207692    0.656307  0.000000  1.0
   -0.207692    0.658358  0.000000  1.0
   -0.207692    0.660409  0.000000  1.0
   -0.207692    0.662461  0.000000  1.0
   -0.207692    0.664512  0.000000  1.0
   -0.207692    0.666563  0.000000  1.0
   -0.207692    0.668615  0.000000  1.0
   -0.207692    0.670666  0.000000  1.0
   -0.207692    0.672717  0.000000  1.0
   -0.207692    0.674768  0.000000  1.0
   -0.207692    0.676820  0.000000  1.0
   -0.207692    0.678871  0.000000  1.0
   -0.207692    0.680922  0.000000  1.0
   -0.207692    0.682974  0.000000  1.0
   -0.207692    0.685025  0.000000  1.0
   -0.207692    0.687076  0.000000  1.0
   -0.207692    0.689127  0.000000  1.0
   -0.207692    0.691179  0.000000  1.0
   -0.207692    0.693230  0.000000  1.0
   -0.207692    0.695281  0.000000  1.0
   -0.207692    0.697333  0.000000  1.0
   -0.207692    0.699384  0.000000  1.0
   -0.207692    0.701435  0.000000  1.0
   -0.207692    0.703486  0.000000  1.0
   -0.207692    0.705538  0.000000  1.0
   -0.207692    0.707589  0.000000  1.0
   -0.207692    0.709640  0.000000  1.0
   -0.207692    0.711691  0.000000  1.0
   -0.207692    0.713743  0.000000  1.0
   -0.205641    0.633743  0.000000  1.0
   -0.205641    0.635794  0.000000  1.0
   -0.205641    0.637845  0.000000  1.0
   -0.205641    0.639897  0.000000  1.0
   -0.205641    0.641948  0.000000  1.0
   -0.205641    0.643999  0.000000  1.0
   -0.205641    0.646050  0.000000  1.0
   -0.205641    0.648102  0.000000  1.0
   -0.205641    0.650153  0.000000  1.0
   -0.205641    0.652204  0.000000  1.0
   -0.205641    0.654256  0.000000  1.0
   -0.205641    0.656307  0.000000  1.0
   -0.205641    0.658358  0.000000  1.0
   -0.205641    0.660409  0.000000  1.0
   -0.205641    0.662461  0.000000  1.0
   -0.205641    0.664512  0.000000  1.0
   -0.205641    0.666563  0.000000  1.0
   -0.205641    0.668615  0.000000  1.0
   -0.205641    0.670666  0.000000  1.0
   -0.205641    0.672717  0.000000  1.0
   -0.205641    0.674768  0.000000  1.0
   -0.205641    0.676820  0.000000  1.0
   -0.205641    0.678871  0.000000  1.0
   -0.205641    0.680922  0.000000  1.0
   -0.205641    0.682974  0.000000  1.0
   -0.205641    0.685025  0.000000  1.0
   -0.205641    0.687076  0.000000  1.0
   -0.205641    0.689127  0.000000  1.0
   -0.205641    0.691179  0.000000  1.0
   -0.205641    0.693230  0.000000  1.0
   -0.205641    0.695281  0.000000  1.0
   -0.205641    0.697333  0.000000  1.0
   -0.205641    0.699384  0.000000  1.0
   -0.205641    0.701435  0.000000  1.0
   -0.205641    0.703486  0.000000  1.0
   -0.205641    0.705538  0.000000  1.0
   -0.205641    0.707589  0.000000  1.0
   -0.205641    0.709640  0.000000  1.0
   -0.205641    0.711691  0.000000  1.0
   -0.205641    0.713743  0.000000  1.0
   -0.203590    0.633743  0.000000  1.0
   -0.203590    0.635794  0.000000  1.0
   -0.203590    0.637845  0.000000  1.0
   -0.203590    0.639897  0.000000  1.0
   -0.203590    0.641948  0.000000  1.0
   -0.203590    0.643999  0.000000  1.0
   -0.203590    0.646050  0.000000  1.0
   -0.203590    0.648102  0.000000  1.0
   -0.203590    0.650153  0.000000  1.0
   -0.203590    0.652204  0.000000  1.0
   -0.203590    0.654256  0.000000  1.0
   -0.203590    0.656307  0.000000  1.0
   -0.203590    0.658358  0.000000  1.0
   -0.203590    0.660409  0.000000  1.0
   -0.203590    0.662461  0.000000  1.0
   -0.203590    0.664512  0.000000  1.0
   -0.203590    0.666563  0.000000  1.0
   -0.203590    0.668615  0.000000  1.0
   -0.203590    0.670666  0.000000  1.0
   -0.203590    0.672717  0.000000  1.0
   -0.203590    0.674768  0.000000  1.0
   -0.203590    0.676820  0.000000  1.0
   -0.203590    0.678871  0.000000  1.0
   -0.203590    0.680922  0.000000  1.0
   -0.203590    0.682974  0.000000  1.0
   -0.203590    0.685025  0.000000  1.0
   -0.203590    0.687076  0.000000  1.0
   -0.203590    0.689127  0.000000  1.0
   -0.203590    0.691179  0.000000  1.0
   -0.203590    0.693230  0.000000  1.0
   -0.203590    0.695281  0.000000  1.0
   -0.203590    0.697333  0.000000  1.0
   -0.203590    0.699384  0.000000  1.0
   -0.203590    0.701435  0.000000  1.0
   -0.203590    0.703486  0.000000  1.0
   -0.203590    0.705538  0.000000  1.0
   -0.203590    0.707589  0.000000  1.0
   -0.203590    0.709640  0.000000  1.0
   -0.203590    0.711691  0.000000  1.0
   -0.203590    0.713743  0.000000  1.0
   -0.201538    0.633743  0.000000  1.0
   -0.201538    0.635794  0.000000  1.0
   -0.201538    0.637845  0.000000  1.0
   -0.201538    0.639897  0.000000  1.0
   -0.201538    0.641948  0.000000  1.0
   -0.201538    0.643999  0.000000  1.0
   -0.201538    0.646050  0.000000  1.0
   -0.201538    0.648102  0.000000  1.0
   -0.201538    0.650153  0.000000  1.0
   -0.201538    0.652204  0.000000  1.0
   -0.201538    0.654256  0.000000  1.0
   -0.201538    0.656307  0.000000  1.0
   -0.201538    0.658358  0.000000  1.0
   -0.201538    0.660409  0.000000  1.0
   -0.201538    0.662461  0.000000  1.0
   -0.201538    0.664512  0.000000  1.0
   -0.201538    0.666563  0.000000  1.0
   -0.201538    0.668615  0.000000  1.0
   -0.201538    0.670666  0.000000  1.0
   -0.201538    0.672717  0.000000  1.0
   -0.201538    0.674768  0.000000  1.0
   -0.201538    0.676820  0.000000  1.0
   -0.201538    0.678871  0.000000  1.0
   -0.201538    0.680922  0.000000  1.0
   -0.201538    0.682974  0.000000  1.0
   -0.201538    0.685025  0.000000  1.0
   -0.201538    0.687076  0.000000  1.0
   -0.201538    0.689127  0.000000  1.0
   -0.201538    0.691179  0.000000  1.0
   -0.201538    0.693230  0.000000  1.0
   -0.201538    0.695281  0.000000  1.0
   -0.201538    0.697333  0.000000  1.0
   -0.201538    0.699384  0.000000  1.0
   -0.201538    0.701435  0.000000  1.0
   -0.201538    0.703486  0.000000  1.0
   -0.201538    0.705538  0.000000  1.0
   -0.201538    0.707589  0.000000  1.0
   -0.201538    0.709640  0.000000  1.0
   -0.201538    0.711691  0.000000  1.0
   -0.201538    0.713743  0.000000  1.0
   -0.199487    0.633743  0.000000  1.0
   -0.199487    0.635794  0.000000  1.0
   -0.199487    0.637845  0.000000  1.0
   -0.199487    0.639897  0.000000  1.0
   -0.199487    0.641948  0.000000  1.0
   -0.199487    0.643999  0.000000  1.0
   -0.199487    0.646050  0.000000  1.0
   -0.199487    0.648102  0.000000  1.0
   -0.199487    0.650153  0.000000  1.0
   -0.199487    0.652204  0.000000  1.0
   -0.199487    0.654256  0.000000  1.0
   -0.199487    0.656307  0.000000  1.0
   -0.199487    0.658358  0.000000  1.0
   -0.199487    0.660409  0.000000  1.0
   -0.199487    0.662461  0.000000  1.0
   -0.199487    0.664512  0.000000  1.0
   -0.199487    0.666563  0.000000  1.0
   -0.199487    0.668615  0.000000  1.0
   -0.199487    0.670666  0.000000  1.0
   -0.199487    0.672717  0.000000  1.0
   -0.199487    0.674768  0.000000  1.0
   -0.199487    0.676820  0.000000  1.0
   -0.199487    0.678871  0.000000  1.0
   -0.199487    0.680922  0.000000  1.0
   -0.199487    0.682974  0.000000  1.0
   -0.199487    0.685025  0.000000  1.0
   -0.199487    0.687076  0.000000  1.0
   -0.199487    0.689127  0.000000  1.0
   -0.199487    0.691179  0.000000  1.0
   -0.199487    0.693230  0.000000  1.0
   -0.199487    0.695281  0.000000  1.0
   -0.199487    0.697333  0.000000  1.0
   -0.199487    0.699384  0.000000  1.0
   -0.199487    0.701435  0.000000  1.0
   -0.199487    0.703486  0.000000  1.0
   -0.199487    0.705538  0.000000  1.0
   -0.199487    0.707589  0.000000  1.0
   -0.199487    0.709640  0.000000  1.0
   -0.199487    0.711691  0.000000  1.0
   -0.199487    0.713743  0.000000  1.0
   -0.197436    0.633743  0.000000  1.0
   -0.197436    0.635794  0.000000  1.0
   -0.197436    0.637845  0.000000  1.0
   -0.197436    0.639897  0.000000  1.0
   -0.197436    0.641948  0.000000  1.0
   -0.197436    0.643999  0.000000  1.0
   -0.197436    0.646050  0.000000  1.0
   -0.197436    0.648102  0.000000  1.0
   -0.197436    0.650153  0.000000  1.0
   -0.197436    0.652204  0.000000  1.0
   -0.197436    0.654256  0.000000  1.0
   -0.197436    0.656307  0.000000  1.0
   -0.197436    0.658358  0.000000  1.0
   -0.197436    0.660409  0.000000  1.0
   -0.197436    0.662461  0.000000  1.0
   -0.197436    0.664512  0.000000  1.0
   -0.197436    0.666563  0.000000  1.0
   -0.197436    0.668615  0.000000  1.0
   -0.197436    0.670666  0.000000  1.0
   -0.197436    0.672717  0.000000  1.0
   -0.197436    0.674768  0.000000  1.0
   -0.197436    0.676820  0.000000  1.0
   -0.197436    0.678871  0.000000  1.0
   -0.197436    0.680922  0.000000  1.0
   -0.197436    0.682974  0.000000  1.0
   -0.197436    0.685025  0.000000  1.0
   -0.197436    0.687076  0.000000  1.0
   -0.197436    0.689127  0.000000  1.0
   -0.197436    0.691179  0.000000  1.0
   -0.197436    0.693230  0.000000  1.0
   -0.197436    0.695281  0.000000  1.0
   -0.197436    0.697333  0.000000  1.0
   -0.197436    0.699384  0.000000  1.0
   -0.197436    0.701435  0.000000  1.0
   -0.197436    0.703486  0.000000  1.0
   -0.197436    0.705538  0.000000  1.0
   -0.197436    0.707589  0.000000  1.0
   -0.197436    0.709640  0.000000  1.0
   -0.197436    0.711691  0.000000  1.0
   -0.197436    0.713743  0.000000  1.0
   -0.195385    0.633743  0.000000  1.0
   -0.195385    0.635794  0.000000  1.0
   -0.195385    0.637845  0.000000  1.0
   -0.195385    0.639897  0.000000  1.0
   -0.195385    0.641948  0.000000  1.0
   -0.195385    0.643999  0.000000  1.0
   -0.195385    0.646050  0.000000  1.0
   -0.195385    0.648102  0.000000  1.0
   -0.195385    0.650153  0.000000  1.0
   -0.195385    0.652204  0.000000  1.0
   -0.195385    0.654256  0.000000  1.0
   -0.195385    0.656307  0.000000  1.0
   -0.195385    0.658358  0.000000  1.0
   -0.195385    0.660409  0.000000  1.0
   -0.195385    0.662461  0.000000  1.0
   -0.195385    0.664512  0.000000  1.0
   -0.195385    0.666563  0.000000  1.0
   -0.195385    0.668615  0.000000  1.0
   -0.195385    0.670666  0.000000  1.0
   -0.195385    0.672717  0.000000  1.0
   -0.195385    0.674768  0.000000  1.0
   -0.195385    0.676820  0.000000  1.0
   -0.195385    0.678871  0.000000  1.0
   -0.195385    0.680922  0.000000  1.0
   -0.195385    0.682974  0.000000  1.0
   -0.195385    0.685025  0.000000  1.0
   -0.195385    0.687076  0.000000  1.0
   -0.195385    0.689127  0.000000  1.0
   -0.195385    0.691179  0.000000  1.0
   -0.195385    0.693230  0.000000  1.0
   -0.195385    0.695281  0.000000  1.0
   -0.195385    0.697333  0.000000  1.0
   -0.195385    0.699384  0.000000  1.0
   -0.195385    0.701435  0.000000  1.0
   -0.195385    0.703486  0.000000  1.0
   -0.195385    0.705538  0.000000  1.0
   -0.195385    0.707589  0.000000  1.0
   -0.195385    0.709640  0.000000  1.0
   -0.195385    0.711691  0.000000  1.0
   -0.195385    0.713743  0.000000  1.0
   -0.193333    0.633743  0.000000  1.0
   -0.193333    0.635794  0.000000  1.0
   -0.193333    0.637845  0.000000  1.0
   -0.193333    0.639897  0.000000  1.0
   -0.193333    0.641948  0.000000  1.0
   -0.193333    0.643999  0.000000  1.0
   -0.193333    0.646050  0.000000  1.0
   -0.193333    0.648102  0.000000  1.0
   -0.193333    0.650153  0.000000  1.0
   -0.193333    0.652204  0.000000  1.0
   -0.193333    0.654256  0.000000  1.0
   -0.193333    0.656307  0.000000  1.0
   -0.193333    0.658358  0.000000  1.0
   -0.193333    0.660409  0.000000  1.0
   -0.193333    0.662461  0.000000  1.0
   -0.193333    0.664512  0.000000  1.0
   -0.193333    0.666563  0.000000  1.0
   -0.193333    0.668615  0.000000  1.0
   -0.193333    0.670666  0.000000  1.0
   -0.193333    0.672717  0.000000  1.0
   -0.193333    0.674768  0.000000  1.0
   -0.193333    0.676820  0.000000  1.0
   -0.193333    0.678871  0.000000  1.0
   -0.193333    0.680922  0.000000  1.0
   -0.193333    0.682974  0.000000  1.0
   -0.193333    0.685025  0.000000  1.0
   -0.193333    0.687076  0.000000  1.0
   -0.193333    0.689127  0.000000  1.0
   -0.193333    0.691179  0.000000  1.0
   -0.193333    0.693230  0.000000  1.0
   -0.193333    0.695281  0.000000  1.0
   -0.193333    0.697333  0.000000  1.0
   -0.193333    0.699384  0.000000  1.0
   -0.193333    0.701435  0.000000  1.0
   -0.193333    0.703486  0.000000  1.0
   -0.193333    0.705538  0.000000  1.0
   -0.193333    0.707589  0.000000  1.0
   -0.193333    0.709640  0.000000  1.0
   -0.193333    0.711691  0.000000  1.0
   -0.193333    0.713743  0.000000  1.0
