&CONTROL
  calculation = 'bands'
  prefix = 'graphene16.0zoom'
  outdir = './tmp'
  pseudo_dir = './'
  verbosity = 'high'
/
&SYSTEM
  ibrav = 0
  nat = 2
  ntyp = 1
  ecutwfc = 40.0
  nosym = .true.
  noinv = .true.
  nbnd = 8
/
&ELECTRONS
/
ATOMIC_SPECIES
  C  12.011  C.pbe-n-kjpaw_psl.1.0.0.UPF
CELL_PARAMETERS {bohr}
  5.398640  0.000000  0.000000
  2.699320  3.924077  0.000000
  0.000000  0.000000  30.000000
ATOMIC_POSITIONS {crystal}
  C  -0.001061  0.168877  0.000000
  C  0.334394  0.497790  0.000000
K_POINTS {tpiba}
1600
    0.193333   -0.727887  0.000000  1.0
    0.193333   -0.725835  0.000000  1.0
    0.193333   -0.723784  0.000000  1.0
    0.193333   -0.721733  0.000000  1.0
    0.193333   -0.719681  0.000000  1.0
    0.193333   -0.717630  0.000000  1.0
    0.193333   -0.715579  0.000000  1.0
    0.193333   -0.713528  0.000000  1.0
    0.193333   -0.711476  0.000000  1.0
    0.193333   -0.709425  0.000000  1.0
    0.193333   -0.707374  0.000000  1.0
    0.193333   -0.705323  0.000000  1.0
    0.193333   -0.703271  0.000000  1.0
    0.193333   -0.701220  0.000000  1.0
    0.193333   -0.699169  0.000000  1.0
    0.193333   -0.697117  0.000000  1.0
    0.193333   -0.695066  0.000000  1.0
    0.193333   -0.693015  0.000000  1.0
    0.193333   -0.690964  0.000000  1.0
    0.193333   -0.688912  0.000000  1.0
    0.193333   -0.686861  0.000000  1.0
    0.193333   -0.684810  0.000000  1.0
    0.193333   -0.682758  0.000000  1.0
    0.193333   -0.680707  0.000000  1.0
    0.193333   -0.678656  0.000000  1.0
    0.193333   -0.676605  0.000000  1.0
    0.193333   -0.674553  0.000000  1.0
    0.193333   -0.672502  0.000000  1.0
    0.193333   -0.670451  0.000000  1.0
    0.193333   -0.668399  0.000000  1.0
    0.193333   -0.666348  0.000000  1.0
    0.193333   -0.664297  0.000000  1.0
    0.193333   -0.662246  0.000000  1.0
    0.193333   -0.660194  0.000000  1.0
    0.193333   -0.658143  0.000000  1.0
    0.193333   -0.656092  0.000000  1.0
    0.193333   -0.654040  0.000000  1.0
    0.193333   -0.651989  0.000000  1.0
    0.193333   -0.649938  0.000000  1.0
    0.193333   -0.647887  0.000000  1.0
    0.195385   -0.727887  0.000000  1.0
    0.195385   -0.725835  0.000000  1.0
    0.195385   -0.723784  0.000000  1.0
    0.195385   -0.721733  0.000000  1.0
    0.195385   -0.719681  0.000000  1.0
    0.195385   -0.717630  0.000000  1.0
    0.195385   -0.715579  0.000000  1.0
    0.195385   -0.713528  0.000000  1.0
    0.195385   -0.711476  0.000000  1.0
    0.195385   -0.709425  0.000000  1.0
    0.195385   -0.707374  0.000000  1.0
    0.195385   -0.705323  0.000000  1.0
    0.195385   -0.703271  0.000000  1.0
    0.195385   -0.701220  0.000000  1.0
    0.195385   -0.699169  0.000000  1.0
    0.195385   -0.697117  0.000000  1.0
    0.195385   -0.695066  0.000000  1.0
    0.195385   -0.693015  0.000000  1.0
    0.195385   -0.690964  0.000000  1.0
    0.195385   -0.688912  0.000000  1.0
    0.195385   -0.686861  0.000000  1.0
    0.195385   -0.684810  0.000000  1.0
    0.195385   -0.682758  0.000000  1.0
    0.195385   -0.680707  0.000000  1.0
    0.195385   -0.678656  0.000000  1.0
    0.195385   -0.676605  0.000000  1.0
    0.195385   -0.674553  0.000000  1.0
    0.195385   -0.672502  0.000000  1.0
    0.195385   -0.670451  0.000000  1.0
    0.195385   -0.668399  0.000000  1.0
    0.195385   -0.666348  0.000000  1.0
    0.195385   -0.664297  0.000000  1.0
    0.195385   -0.662246  0.000000  1.0
    0.195385   -0.660194  0.000000  1.0
    0.195385   -0.658143  0.000000  1.0
    0.195385   -0.656092  0.000000  1.0
    0.195385   -0.654040  0.000000  1.0
    0.195385   -0.651989  0.000000  1.0
    0.195385   -0.649938  0.000000  1.0
    0.195385   -0.647887  0.000000  1.0
    0.197436   -0.727887  0.000000  1.0
    0.197436   -0.725835  0.000000  1.0
    0.197436   -0.723784  0.000000  1.0
    0.197436   -0.721733  0.000000  1.0
    0.197436   -0.719681  0.000000  1.0
    0.197436   -0.717630  0.000000  1.0
    0.197436   -0.715579  0.000000  1.0
    0.197436   -0.713528  0.000000  1.0
    0.197436   -0.711476  0.000000  1.0
    0.197436   -0.709425  0.000000  1.0
    0.197436   -0.707374  0.000000  1.0
    0.197436   -0.705323  0.000000  1.0
    0.197436   -0.703271  0.000000  1.0
    0.197436   -0.701220  0.000000  1.0
    0.197436   -0.699169  0.000000  1.0
    0.197436   -0.697117  0.000000  1.0
    0.197436   -0.695066  0.000000  1.0
    0.197436   -0.693015  0.000000  1.0
    0.197436   -0.690964  0.000000  1.0
    0.197436   -0.688912  0.000000  1.0
    0.197436   -0.686861  0.000000  1.0
    0.197436   -0.684810  0.000000  1.0
    0.197436   -0.682758  0.000000  1.0
    0.197436   -0.680707  0.000000  1.0
    0.197436   -0.678656  0.000000  1.0
    0.197436   -0.676605  0.000000  1.0
    0.197436   -0.674553  0.000000  1.0
    0.197436   -0.672502  0.000000  1.0
    0.197436   -0.670451  0.000000  1.0
    0.197436   -0.668399  0.000000  1.0
    0.197436   -0.666348  0.000000  1.0
    0.197436   -0.664297  0.000000  1.0
    0.197436   -0.662246  0.000000  1.0
    0.197436   -0.660194  0.000000  1.0
    0.197436   -0.658143  0.000000  1.0
    0.197436   -0.656092  0.000000  1.0
    0.197436   -0.654040  0.000000  1.0
    0.197436   -0.651989  0.000000  1.0
    0.197436   -0.649938  0.000000  1.0
    0.197436   -0.647887  0.000000  1.0
    0.199487   -0.727887  0.000000  1.0
    0.199487   -0.725835  0.000000  1.0
    0.199487   -0.723784  0.000000  1.0
    0.199487   -0.721733  0.000000  1.0
    0.199487   -0.719681  0.000000  1.0
    0.199487   -0.717630  0.000000  1.0
    0.199487   -0.715579  0.000000  1.0
    0.199487   -0.713528  0.000000  1.0
    0.199487   -0.711476  0.000000  1.0
    0.199487   -0.709425  0.000000  1.0
    0.199487   -0.707374  0.000000  1.0
    0.199487   -0.705323  0.000000  1.0
    0.199487   -0.703271  0.000000  1.0
    0.199487   -0.701220  0.000000  1.0
    0.199487   -0.699169  0.000000  1.0
    0.199487   -0.697117  0.000000  1.0
    0.199487   -0.695066  0.000000  1.0
    0.199487   -0.693015  0.000000  1.0
    0.199487   -0.690964  0.000000  1.0
    0.199487   -0.688912  0.000000  1.0
    0.199487   -0.686861  0.000000  1.0
    0.199487   -0.684810  0.000000  1.0
    0.199487   -0.682758  0.000000  1.0
    0.199487   -0.680707  0.000000  1.0
    0.199487   -0.678656  0.000000  1.0
    0.199487   -0.676605  0.000000  1.0
    0.199487   -0.674553  0.000000  1.0
    0.199487   -0.672502  0.000000  1.0
    0.199487   -0.670451  0.000000  1.0
    0.199487   -0.668399  0.000000  1.0
    0.199487   -0.666348  0.000000  1.0
    0.199487   -0.664297  0.000000  1.0
    0.199487   -0.662246  0.000000  1.0
    0.199487   -0.660194  0.000000  1.0
    0.199487   -0.658143  0.000000  1.0
    0.199487   -0.656092  0.000000  1.0
    0.199487   -0.654040  0.000000  1.0
    0.199487   -0.651989  0.000000  1.0
    0.199487   -0.649938  0.000000  1.0
    0.199487   -0.647887  0.000000  1.0
    0.201538   -0.727887  0.000000  1.0
    0.201538   -0.725835  0.000000  1.0
    0.201538   -0.723784  0.000000  1.0
    0.201538   -0.721733  0.000000  1.0
    0.201538   -0.719681  0.000000  1.0
    0.201538   -0.717630  0.000000  1.0
    0.201538   -0.715579  0.000000  1.0
    0.201538   -0.713528  0.000000  1.0
    0.201538   -0.711476  0.000000  1.0
    0.201538   -0.709425  0.000000  1.0
    0.201538   -0.707374  0.000000  1.0
    0.201538   -0.705323  0.000000  1.0
    0.201538   -0.703271  0.000000  1.0
    0.201538   -0.701220  0.000000  1.0
    0.201538   -0.699169  0.000000  1.0
    0.201538   -0.697117  0.000000  1.0
    0.201538   -0.695066  0.000000  1.0
    0.201538   -0.693015  0.000000  1.0
    0.201538   -0.690964  0.000000  1.0
    0.201538   -0.688912  0.000000  1.0
    0.201538   -0.686861  0.000000  1.0
    0.201538   -0.684810  0.000000  1.0
    0.201538   -0.682758  0.000000  1.0
    0.201538   -0.680707  0.000000  1.0
    0.201538   -0.678656  0.000000  1.0
    0.201538   -0.676605  0.000000  1.0
    0.201538   -0.674553  0.000000  1.0
    0.201538   -0.672502  0.000000  1.0
    0.201538   -0.670451  0.000000  1.0
    0.201538   -0.668399  0.000000  1.0
    0.201538   -0.666348  0.000000  1.0
    0.201538   -0.664297  0.000000  1.0
    0.201538   -0.662246  0.000000  1.0
    0.201538   -0.660194  0.000000  1.0
    0.201538   -0.658143  0.000000  1.0
    0.201538   -0.656092  0.000000  1.0
    0.201538   -0.654040  0.000000  1.0
    0.201538   -0.651989  0.000000  1.0
    0.201538   -0.649938  0.000000  1.0
    0.201538   -0.647887  0.000000  1.0
    0.203590   -0.727887  0.000000  1.0
    0.203590   -0.725835  0.000000  1.0
    0.203590   -0.723784  0.000000  1.0
    0.203590   -0.721733  0.000000  1.0
    0.203590   -0.719681  0.000000  1.0
    0.203590   -0.717630  0.000000  1.0
    0.203590   -0.715579  0.000000  1.0
    0.203590   -0.713528  0.000000  1.0
    0.203590   -0.711476  0.000000  1.0
    0.203590   -0.709425  0.000000  1.0
    0.203590   -0.707374  0.000000  1.0
    0.203590   -0.705323  0.000000  1.0
    0.203590   -0.703271  0.000000  1.0
    0.203590   -0.701220  0.000000  1.0
    0.203590   -0.699169  0.000000  1.0
    0.203590   -0.697117  0.000000  1.0
    0.203590   -0.695066  0.000000  1.0
    0.203590   -0.693015  0.000000  1.0
    0.203590   -0.690964  0.000000  1.0
    0.203590   -0.688912  0.000000  1.0
    0.203590   -0.686861  0.000000  1.0
    0.203590   -0.684810  0.000000  1.0
    0.203590   -0.682758  0.000000  1.0
    0.203590   -0.680707  0.000000  1.0
    0.203590   -0.678656  0.000000  1.0
    0.203590   -0.676605  0.000000  1.0
    0.203590   -0.674553  0.000000  1.0
    0.203590   -0.672502  0.000000  1.0
    0.203590   -0.670451  0.000000  1.0
    0.203590   -0.668399  0.000000  1.0
    0.203590   -0.666348  0.000000  1.0
    0.203590   -0.664297  0.000000  1.0
    0.203590   -0.662246  0.000000  1.0
    0.203590   -0.660194  0.000000  1.0
    0.203590   -0.658143  0.000000  1.0
    0.203590   -0.656092  0.000000  1.0
    0.203590   -0.654040  0.000000  1.0
    0.203590   -0.651989  0.000000  1.0
    0.203590   -0.649938  0.000000  1.0
    0.203590   -0.647887  0.000000  1.0
    0.205641   -0.727887  0.000000  1.0
    0.205641   -0.725835  0.000000  1.0
    0.205641   -0.723784  0.000000  1.0
    0.205641   -0.721733  0.000000  1.0
    0.205641   -0.719681  0.000000  1.0
    0.205641   -0.717630  0.000000  1.0
    0.205641   -0.715579  0.000000  1.0
    0.205641   -0.713528  0.000000  1.0
    0.205641   -0.711476  0.000000  1.0
    0.205641   -0.709425  0.000000  1.0
    0.205641   -0.707374  0.000000  1.0
    0.205641   -0.705323  0.000000  1.0
    0.205641   -0.703271  0.000000  1.0
    0.205641   -0.701220  0.000000  1.0
    0.205641   -0.699169  0.000000  1.0
    0.205641   -0.697117  0.000000  1.0
    0.205641   -0.695066  0.000000  1.0
    0.205641   -0.693015  0.000000  1.0
    0.205641   -0.690964  0.000000  1.0
    0.205641   -0.688912  0.000000  1.0
    0.205641   -0.686861  0.000000  1.0
    0.205641   -0.684810  0.000000  1.0
    0.205641   -0.682758  0.000000  1.0
    0.205641   -0.680707  0.000000  1.0
    0.205641   -0.678656  0.000000  1.0
    0.205641   -0.676605  0.000000  1.0
    0.205641   -0.674553  0.000000  1.0
    0.205641   -0.672502  0.000000  1.0
    0.205641   -0.670451  0.000000  1.0
    0.205641   -0.668399  0.000000  1.0
    0.205641   -0.666348  0.000000  1.0
    0.205641   -0.664297  0.000000  1.0
    0.205641   -0.662246  0.000000  1.0
    0.205641   -0.660194  0.000000  1.0
    0.205641   -0.658143  0.000000  1.0
    0.205641   -0.656092  0.000000  1.0
    0.205641   -0.654040  0.000000  1.0
    0.205641   -0.651989  0.000000  1.0
    0.205641   -0.649938  0.000000  1.0
    0.205641   -0.647887  0.000000  1.0
    0.207692   -0.727887  0.000000  1.0
    0.207692   -0.725835  0.000000  1.0
    0.207692   -0.723784  0.000000  1.0
    0.207692   -0.721733  0.000000  1.0
    0.207692   -0.719681  0.000000  1.0
    0.207692   -0.717630  0.000000  1.0
    0.207692   -0.715579  0.000000  1.0
    0.207692   -0.713528  0.000000  1.0
    0.207692   -0.711476  0.000000  1.0
    0.207692   -0.709425  0.000000  1.0
    0.207692   -0.707374  0.000000  1.0
    0.207692   -0.705323  0.000000  1.0
    0.207692   -0.703271  0.000000  1.0
    0.207692   -0.701220  0.000000  1.0
    0.207692   -0.699169  0.000000  1.0
    0.207692   -0.697117  0.000000  1.0
    0.207692   -0.695066  0.000000  1.0
    0.207692   -0.693015  0.000000  1.0
    0.207692   -0.690964  0.000000  1.0
    0.207692   -0.688912  0.000000  1.0
    0.207692   -0.686861  0.000000  1.0
    0.207692   -0.684810  0.000000  1.0
    0.207692   -0.682758  0.000000  1.0
    0.207692   -0.680707  0.000000  1.0
    0.207692   -0.678656  0.000000  1.0
    0.207692   -0.676605  0.000000  1.0
    0.207692   -0.674553  0.000000  1.0
    0.207692   -0.672502  0.000000  1.0
    0.207692   -0.670451  0.000000  1.0
    0.207692   -0.668399  0.000000  1.0
    0.207692   -0.666348  0.000000  1.0
    0.207692   -0.664297  0.000000  1.0
    0.207692   -0.662246  0.000000  1.0
    0.207692   -0.660194  0.000000  1.0
    0.207692   -0.658143  0.000000  1.0
    0.207692   -0.656092  0.000000  1.0
    0.207692   -0.654040  0.000000  1.0
    0.207692   -0.651989  0.000000  1.0
    0.207692   -0.649938  0.000000  1.0
    0.207692   -0.647887  0.000000  1.0
    0.209744   -0.727887  0.000000  1.0
    0.209744   -0.725835  0.000000  1.0
    0.209744   -0.723784  0.000000  1.0
    0.209744   -0.721733  0.000000  1.0
    0.209744   -0.719681  0.000000  1.0
    0.209744   -0.717630  0.000000  1.0
    0.209744   -0.715579  0.000000  1.0
    0.209744   -0.713528  0.000000  1.0
    0.209744   -0.711476  0.000000  1.0
    0.209744   -0.709425  0.000000  1.0
    0.209744   -0.707374  0.000000  1.0
    0.209744   -0.705323  0.000000  1.0
    0.209744   -0.703271  0.000000  1.0
    0.209744   -0.701220  0.000000  1.0
    0.209744   -0.699169  0.000000  1.0
    0.209744   -0.697117  0.000000  1.0
    0.209744   -0.695066  0.000000  1.0
    0.209744   -0.693015  0.000000  1.0
    0.209744   -0.690964  0.000000  1.0
    0.209744   -0.688912  0.000000  1.0
    0.209744   -0.686861  0.000000  1.0
    0.209744   -0.684810  0.000000  1.0
    0.209744   -0.682758  0.000000  1.0
    0.209744   -0.680707  0.000000  1.0
    0.209744   -0.678656  0.000000  1.0
    0.209744   -0.676605  0.000000  1.0
    0.209744   -0.674553  0.000000  1.0
    0.209744   -0.672502  0.000000  1.0
    0.209744   -0.670451  0.000000  1.0
    0.209744   -0.668399  0.000000  1.0
    0.209744   -0.666348  0.000000  1.0
    0.209744   -0.664297  0.000000  1.0
    0.209744   -0.662246  0.000000  1.0
    0.209744   -0.660194  0.000000  1.0
    0.209744   -0.658143  0.000000  1.0
    0.209744   -0.656092  0.000000  1.0
    0.209744   -0.654040  0.000000  1.0
    0.209744   -0.651989  0.000000  1.0
    0.209744   -0.649938  0.000000  1.0
    0.209744   -0.647887  0.000000  1.0
    0.211795   -0.727887  0.000000  1.0
    0.211795   -0.725835  0.000000  1.0
    0.211795   -0.723784  0.000000  1.0
    0.211795   -0.721733  0.000000  1.0
    0.211795   -0.719681  0.000000  1.0
    0.211795   -0.717630  0.000000  1.0
    0.211795   -0.715579  0.000000  1.0
    0.211795   -0.713528  0.000000  1.0
    0.211795   -0.711476  0.000000  1.0
    0.211795   -0.709425  0.000000  1.0
    0.211795   -0.707374  0.000000  1.0
    0.211795   -0.705323  0.000000  1.0
    0.211795   -0.703271  0.000000  1.0
    0.211795   -0.701220  0.000000  1.0
    0.211795   -0.699169  0.000000  1.0
    0.211795   -0.697117  0.000000  1.0
    0.211795   -0.695066  0.000000  1.0
    0.211795   -0.693015  0.000000  1.0
    0.211795   -0.690964  0.000000  1.0
    0.211795   -0.688912  0.000000  1.0
    0.211795   -0.686861  0.000000  1.0
    0.211795   -0.684810  0.000000  1.0
    0.211795   -0.682758  0.000000  1.0
    0.211795   -0.680707  0.000000  1.0
    0.211795   -0.678656  0.000000  1.0
    0.211795   -0.676605  0.000000  1.0
    0.211795   -0.674553  0.000000  1.0
    0.211795   -0.672502  0.000000  1.0
    0.211795   -0.670451  0.000000  1.0
    0.211795   -0.668399  0.000000  1.0
    0.211795   -0.666348  0.000000  1.0
    0.211795   -0.664297  0.000000  1.0
    0.211795   -0.662246  0.000000  1.0
    0.211795   -0.660194  0.000000  1.0
    0.211795   -0.658143  0.000000  1.0
    0.211795   -0.656092  0.000000  1.0
    0.211795   -0.654040  0.000000  1.0
    0.211795   -0.651989  0.000000  1.0
    0.211795   -0.649938  0.000000  1.0
    0.211795   -0.647887  0.000000  1.0
    0.213846   -0.727887  0.000000  1.0
    0.213846   -0.725835  0.000000  1.0
    0.213846   -0.723784  0.000000  1.0
    0.213846   -0.721733  0.000000  1.0
    0.213846   -0.719681  0.000000  1.0
    0.213846   -0.717630  0.000000  1.0
    0.213846   -0.715579  0.000000  1.0
    0.213846   -0.713528  0.000000  1.0
    0.213846   -0.711476  0.000000  1.0
    0.213846   -0.709425  0.000000  1.0
    0.213846   -0.707374  0.000000  1.0
    0.213846   -0.705323  0.000000  1.0
    0.213846   -0.703271  0.000000  1.0
    0.213846   -0.701220  0.000000  1.0
    0.213846   -0.699169  0.000000  1.0
    0.213846   -0.697117  0.000000  1.0
    0.213846   -0.695066  0.000000  1.0
    0.213846   -0.693015  0.000000  1.0
    0.213846   -0.690964  0.000000  1.0
    0.213846   -0.688912  0.000000  1.0
    0.213846   -0.686861  0.000000  1.0
    0.213846   -0.684810  0.000000  1.0
    0.213846   -0.682758  0.000000  1.0
    0.213846   -0.680707  0.000000  1.0
    0.213846   -0.678656  0.000000  1.0
    0.213846   -0.676605  0.000000  1.0
    0.213846   -0.674553  0.000000  1.0
    0.213846   -0.672502  0.000000  1.0
    0.213846   -0.670451  0.000000  1.0
    0.213846   -0.668399  0.000000  1.0
    0.213846   -0.666348  0.000000  1.0
    0.213846   -0.664297  0.000000  1.0
    0.213846   -0.662246  0.000000  1.0
    0.213846   -0.660194  0.000000  1.0
    0.213846   -0.658143  0.000000  1.0
    0.213846   -0.656092  0.000000  1.0
    0.213846   -0.654040  0.000000  1.0
    0.213846   -0.651989  0.000000  1.0
    0.213846   -0.649938  0.000000  1.0
    0.213846   -0.647887  0.000000  1.0
    0.215897   -0.727887  0.000000  1.0
    0.215897   -0.725835  0.000000  1.0
    0.215897   -0.723784  0.000000  1.0
    0.215897   -0.721733  0.000000  1.0
    0.215897   -0.719681  0.000000  1.0
    0.215897   -0.717630  0.000000  1.0
    0.215897   -0.715579  0.000000  1.0
    0.215897   -0.713528  0.000000  1.0
    0.215897   -0.711476  0.000000  1.0
    0.215897   -0.709425  0.000000  1.0
    0.215897   -0.707374  0.000000  1.0
    0.215897   -0.705323  0.000000  1.0
    0.215897   -0.703271  0.000000  1.0
    0.215897   -0.701220  0.000000  1.0
    0.215897   -0.699169  0.000000  1.0
    0.215897   -0.697117  0.000000  1.0
    0.215897   -0.695066  0.000000  1.0
    0.215897   -0.693015  0.000000  1.0
    0.215897   -0.690964  0.000000  1.0
    0.215897   -0.688912  0.000000  1.0
    0.215897   -0.686861  0.000000  1.0
    0.215897   -0.684810  0.000000  1.0
    0.215897   -0.682758  0.000000  1.0
    0.215897   -0.680707  0.000000  1.0
    0.215897   -0.678656  0.000000  1.0
    0.215897   -0.676605  0.000000  1.0
    0.215897   -0.674553  0.000000  1.0
    0.215897   -0.672502  0.000000  1.0
    0.215897   -0.670451  0.000000  1.0
    0.215897   -0.668399  0.000000  1.0
    0.215897   -0.666348  0.000000  1.0
    0.215897   -0.664297  0.000000  1.0
    0.215897   -0.662246  0.000000  1.0
    0.215897   -0.660194  0.000000  1.0
    0.215897   -0.658143  0.000000  1.0
    0.215897   -0.656092  0.000000  1.0
    0.215897   -0.654040  0.000000  1.0
    0.215897   -0.651989  0.000000  1.0
    0.215897   -0.649938  0.000000  1.0
    0.215897   -0.647887  0.000000  1.0
    0.217949   -0.727887  0.000000  1.0
    0.217949   -0.725835  0.000000  1.0
    0.217949   -0.723784  0.000000  1.0
    0.217949   -0.721733  0.000000  1.0
    0.217949   -0.719681  0.000000  1.0
    0.217949   -0.717630  0.000000  1.0
    0.217949   -0.715579  0.000000  1.0
    0.217949   -0.713528  0.000000  1.0
    0.217949   -0.711476  0.000000  1.0
    0.217949   -0.709425  0.000000  1.0
    0.217949   -0.707374  0.000000  1.0
    0.217949   -0.705323  0.000000  1.0
    0.217949   -0.703271  0.000000  1.0
    0.217949   -0.701220  0.000000  1.0
    0.217949   -0.699169  0.000000  1.0
    0.217949   -0.697117  0.000000  1.0
    0.217949   -0.695066  0.000000  1.0
    0.217949   -0.693015  0.000000  1.0
    0.217949   -0.690964  0.000000  1.0
    0.217949   -0.688912  0.000000  1.0
    0.217949   -0.686861  0.000000  1.0
    0.217949   -0.684810  0.000000  1.0
    0.217949   -0.682758  0.000000  1.0
    0.217949   -0.680707  0.000000  1.0
    0.217949   -0.678656  0.000000  1.0
    0.217949   -0.676605  0.000000  1.0
    0.217949   -0.674553  0.000000  1.0
    0.217949   -0.672502  0.000000  1.0
    0.217949   -0.670451  0.000000  1.0
    0.217949   -0.668399  0.000000  1.0
    0.217949   -0.666348  0.000000  1.0
    0.217949   -0.664297  0.000000  1.0
    0.217949   -0.662246  0.000000  1.0
    0.217949   -0.660194  0.000000  1.0
    0.217949   -0.658143  0.000000  1.0
    0.217949   -0.656092  0.000000  1.0
    0.217949   -0.654040  0.000000  1.0
    0.217949   -0.651989  0.000000  1.0
    0.217949   -0.649938  0.000000  1.0
    0.217949   -0.647887  0.000000  1.0
    0.220000   -0.727887  0.000000  1.0
    0.220000   -0.725835  0.000000  1.0
    0.220000   -0.723784  0.000000  1.0
    0.220000   -0.721733  0.000000  1.0
    0.220000   -0.719681  0.000000  1.0
    0.220000   -0.717630  0.000000  1.0
    0.220000   -0.715579  0.000000  1.0
    0.220000   -0.713528  0.000000  1.0
    0.220000   -0.711476  0.000000  1.0
    0.220000   -0.709425  0.000000  1.0
    0.220000   -0.707374  0.000000  1.0
    0.220000   -0.705323  0.000000  1.0
    0.220000   -0.703271  0.000000  1.0
    0.220000   -0.701220  0.000000  1.0
    0.220000   -0.699169  0.000000  1.0
    0.220000   -0.697117  0.000000  1.0
    0.220000   -0.695066  0.000000  1.0
    0.220000   -0.693015  0.000000  1.0
    0.220000   -0.690964  0.000000  1.0
    0.220000   -0.688912  0.000000  1.0
    0.220000   -0.686861  0.000000  1.0
    0.220000   -0.684810  0.000000  1.0
    0.220000   -0.682758  0.000000  1.0
    0.220000   -0.680707  0.000000  1.0
    0.220000   -0.678656  0.000000  1.0
    0.220000   -0.676605  0.000000  1.0
    0.220000   -0.674553  0.000000  1.0
    0.220000   -0.672502  0.000000  1.0
    0.220000   -0.670451  0.000000  1.0
    0.220000   -0.668399  0.000000  1.0
    0.220000   -0.666348  0.000000  1.0
    0.220000   -0.664297  0.000000  1.0
    0.220000   -0.662246  0.000000  1.0
    0.220000   -0.660194  0.000000  1.0
    0.220000   -0.658143  0.000000  1.0
    0.220000   -0.656092  0.000000  1.0
    0.220000   -0.654040  0.000000  1.0
    0.220000   -0.651989  0.000000  1.0
    0.220000   -0.649938  0.000000  1.0
    0.220000   -0.647887  0.000000  1.0
    0.222051   -0.727887  0.000000  1.0
    0.222051   -0.725835  0.000000  1.0
    0.222051   -0.723784  0.000000  1.0
    0.222051   -0.721733  0.000000  1.0
    0.222051   -0.719681  0.000000  1.0
    0.222051   -0.717630  0.000000  1.0
    0.222051   -0.715579  0.000000  1.0
    0.222051   -0.713528  0.000000  1.0
    0.222051   -0.711476  0.000000  1.0
    0.222051   -0.709425  0.000000  1.0
    0.222051   -0.707374  0.000000  1.0
    0.222051   -0.705323  0.000000  1.0
    0.222051   -0.703271  0.000000  1.0
    0.222051   -0.701220  0.000000  1.0
    0.222051   -0.699169  0.000000  1.0
    0.222051   -0.697117  0.000000  1.0
    0.222051   -0.695066  0.000000  1.0
    0.222051   -0.693015  0.000000  1.0
    0.222051   -0.690964  0.000000  1.0
    0.222051   -0.688912  0.000000  1.0
    0.222051   -0.686861  0.000000  1.0
    0.222051   -0.684810  0.000000  1.0
    0.222051   -0.682758  0.000000  1.0
    0.222051   -0.680707  0.000000  1.0
    0.222051   -0.678656  0.000000  1.0
    0.222051   -0.676605  0.000000  1.0
    0.222051   -0.674553  0.000000  1.0
    0.222051   -0.672502  0.000000  1.0
    0.222051   -0.670451  0.000000  1.0
    0.222051   -0.668399  0.000000  1.0
    0.222051   -0.666348  0.000000  1.0
    0.222051   -0.664297  0.000000  1.0
    0.222051   -0.662246  0.000000  1.0
    0.222051   -0.660194  0.000000  1.0
    0.222051   -0.658143  0.000000  1.0
    0.222051   -0.656092  0.000000  1.0
    0.222051   -0.654040  0.000000  1.0
    0.222051   -0.651989  0.000000  1.0
    0.222051   -0.649938  0.000000  1.0
    0.222051   -0.647887  0.000000  1.0
    0.224103   -0.727887  0.000000  1.0
    0.224103   -0.725835  0.000000  1.0
    0.224103   -0.723784  0.000000  1.0
    0.224103   -0.721733  0.000000  1.0
    0.224103   -0.719681  0.000000  1.0
    0.224103   -0.717630  0.000000  1.0
    0.224103   -0.715579  0.000000  1.0
    0.224103   -0.713528  0.000000  1.0
    0.224103   -0.711476  0.000000  1.0
    0.224103   -0.709425  0.000000  1.0
    0.224103   -0.707374  0.000000  1.0
    0.224103   -0.705323  0.000000  1.0
    0.224103   -0.703271  0.000000  1.0
    0.224103   -0.701220  0.000000  1.0
    0.224103   -0.699169  0.000000  1.0
    0.224103   -0.697117  0.000000  1.0
    0.224103   -0.695066  0.000000  1.0
    0.224103   -0.693015  0.000000  1.0
    0.224103   -0.690964  0.000000  1.0
    0.224103   -0.688912  0.000000  1.0
    0.224103   -0.686861  0.000000  1.0
    0.224103   -0.684810  0.000000  1.0
    0.224103   -0.682758  0.000000  1.0
    0.224103   -0.680707  0.000000  1.0
    0.224103   -0.678656  0.000000  1.0
    0.224103   -0.676605  0.000000  1.0
    0.224103   -0.674553  0.000000  1.0
    0.224103   -0.672502  0.000000  1.0
    0.224103   -0.670451  0.000000  1.0
    0.224103   -0.668399  0.000000  1.0
    0.224103   -0.666348  0.000000  1.0
    0.224103   -0.664297  0.000000  1.0
    0.224103   -0.662246  0.000000  1.0
    0.224103   -0.660194  0.000000  1.0
    0.224103   -0.658143  0.000000  1.0
    0.224103   -0.656092  0.000000  1.0
    0.224103   -0.654040  0.000000  1.0
    0.224103   -0.651989  0.000000  1.0
    0.224103   -0.649938  0.000000  1.0
    0.224103   -0.647887  0.000000  1.0
    0.226154   -0.727887  0.000000  1.0
    0.226154   -0.725835  0.000000  1.0
    0.226154   -0.723784  0.000000  1.0
    0.226154   -0.721733  0.000000  1.0
    0.226154   -0.719681  0.000000  1.0
    0.226154   -0.717630  0.000000  1.0
    0.226154   -0.715579  0.000000  1.0
    0.226154   -0.713528  0.000000  1.0
    0.226154   -0.711476  0.000000  1.0
    0.226154   -0.709425  0.000000  1.0
    0.226154   -0.707374  0.000000  1.0
    0.226154   -0.705323  0.000000  1.0
    0.226154   -0.703271  0.000000  1.0
    0.226154   -0.701220  0.000000  1.0
    0.226154   -0.699169  0.000000  1.0
    0.226154   -0.697117  0.000000  1.0
    0.226154   -0.695066  0.000000  1.0
    0.226154   -0.693015  0.000000  1.0
    0.226154   -0.690964  0.000000  1.0
    0.226154   -0.688912  0.000000  1.0
    0.226154   -0.686861  0.000000  1.0
    0.226154   -0.684810  0.000000  1.0
    0.226154   -0.682758  0.000000  1.0
    0.226154   -0.680707  0.000000  1.0
    0.226154   -0.678656  0.000000  1.0
    0.226154   -0.676605  0.000000  1.0
    0.226154   -0.674553  0.000000  1.0
    0.226154   -0.672502  0.000000  1.0
    0.226154   -0.670451  0.000000  1.0
    0.226154   -0.668399  0.000000  1.0
    0.226154   -0.666348  0.000000  1.0
    0.226154   -0.664297  0.000000  1.0
    0.226154   -0.662246  0.000000  1.0
    0.226154   -0.660194  0.000000  1.0
    0.226154   -0.658143  0.000000  1.0
    0.226154   -0.656092  0.000000  1.0
    0.226154   -0.654040  0.000000  1.0
    0.226154   -0.651989  0.000000  1.0
    0.226154   -0.649938  0.000000  1.0
    0.226154   -0.647887  0.000000  1.0
    0.228205   -0.727887  0.000000  1.0
    0.228205   -0.725835  0.000000  1.0
    0.228205   -0.723784  0.000000  1.0
    0.228205   -0.721733  0.000000  1.0
    0.228205   -0.719681  0.000000  1.0
    0.228205   -0.717630  0.000000  1.0
    0.228205   -0.715579  0.000000  1.0
    0.228205   -0.713528  0.000000  1.0
    0.228205   -0.711476  0.000000  1.0
    0.228205   -0.709425  0.000000  1.0
    0.228205   -0.707374  0.000000  1.0
    0.228205   -0.705323  0.000000  1.0
    0.228205   -0.703271  0.000000  1.0
    0.228205   -0.701220  0.000000  1.0
    0.228205   -0.699169  0.000000  1.0
    0.228205   -0.697117  0.000000  1.0
    0.228205   -0.695066  0.000000  1.0
    0.228205   -0.693015  0.000000  1.0
    0.228205   -0.690964  0.000000  1.0
    0.228205   -0.688912  0.000000  1.0
    0.228205   -0.686861  0.000000  1.0
    0.228205   -0.684810  0.000000  1.0
    0.228205   -0.682758  0.000000  1.0
    0.228205   -0.680707  0.000000  1.0
    0.228205   -0.678656  0.000000  1.0
    0.228205   -0.676605  0.000000  1.0
    0.228205   -0.674553  0.000000  1.0
    0.228205   -0.672502  0.000000  1.0
    0.228205   -0.670451  0.000000  1.0
    0.228205   -0.668399  0.000000  1.0
    0.228205   -0.666348  0.000000  1.0
    0.228205   -0.664297  0.000000  1.0
    0.228205   -0.662246  0.000000  1.0
    0.228205   -0.660194  0.000000  1.0
    0.228205   -0.658143  0.000000  1.0
    0.228205   -0.656092  0.000000  1.0
    0.228205   -0.654040  0.000000  1.0
    0.228205   -0.651989  0.000000  1.0
    0.228205   -0.649938  0.000000  1.0
    0.228205   -0.647887  0.000000  1.0
    0.230256   -0.727887  0.000000  1.0
    0.230256   -0.725835  0.000000  1.0
    0.230256   -0.723784  0.000000  1.0
    0.230256   -0.721733  0.000000  1.0
    0.230256   -0.719681  0.000000  1.0
    0.230256   -0.717630  0.000000  1.0
    0.230256   -0.715579  0.000000  1.0
    0.230256   -0.713528  0.000000  1.0
    0.230256   -0.711476  0.000000  1.0
    0.230256   -0.709425  0.000000  1.0
    0.230256   -0.707374  0.000000  1.0
    0.230256   -0.705323  0.000000  1.0
    0.230256   -0.703271  0.000000  1.0
    0.230256   -0.701220  0.000000  1.0
    0.230256   -0.699169  0.000000  1.0
    0.230256   -0.697117  0.000000  1.0
    0.230256   -0.695066  0.000000  1.0
    0.230256   -0.693015  0.000000  1.0
    0.230256   -0.690964  0.000000  1.0
    0.230256   -0.688912  0.000000  1.0
    0.230256   -0.686861  0.000000  1.0
    0.230256   -0.684810  0.000000  1.0
    0.230256   -0.682758  0.000000  1.0
    0.230256   -0.680707  0.000000  1.0
    0.230256   -0.678656  0.000000  1.0
    0.230256   -0.676605  0.000000  1.0
    0.230256   -0.674553  0.000000  1.0
    0.230256   -0.672502  0.000000  1.0
    0.230256   -0.670451  0.000000  1.0
    0.230256   -0.668399  0.000000  1.0
    0.230256   -0.666348  0.000000  1.0
    0.230256   -0.664297  0.000000  1.0
    0.230256   -0.662246  0.000000  1.0
    0.230256   -0.660194  0.000000  1.0
    0.230256   -0.658143  0.000000  1.0
    0.230256   -0.656092  0.000000  1.0
    0.230256   -0.654040  0.000000  1.0
    0.230256   -0.651989  0.000000  1.0
    0.230256   -0.649938  0.000000  1.0
    0.230256   -0.647887  0.000000  1.0
    0.232308   -0.727887  0.000000  1.0
    0.232308   -0.725835  0.000000  1.0
    0.232308   -0.723784  0.000000  1.0
    0.232308   -0.721733  0.000000  1.0
    0.232308   -0.719681  0.000000  1.0
    0.232308   -0.717630  0.000000  1.0
    0.232308   -0.715579  0.000000  1.0
    0.232308   -0.713528  0.000000  1.0
    0.232308   -0.711476  0.000000  1.0
    0.232308   -0.709425  0.000000  1.0
    0.232308   -0.707374  0.000000  1.0
    0.232308   -0.705323  0.000000  1.0
    0.232308   -0.703271  0.000000  1.0
    0.232308   -0.701220  0.000000  1.0
    0.232308   -0.699169  0.000000  1.0
    0.232308   -0.697117  0.000000  1.0
    0.232308   -0.695066  0.000000  1.0
    0.232308   -0.693015  0.000000  1.0
    0.232308   -0.690964  0.000000  1.0
    0.232308   -0.688912  0.000000  1.0
    0.232308   -0.686861  0.000000  1.0
    0.232308   -0.684810  0.000000  1.0
    0.232308   -0.682758  0.000000  1.0
    0.232308   -0.680707  0.000000  1.0
    0.232308   -0.678656  0.000000  1.0
    0.232308   -0.676605  0.000000  1.0
    0.232308   -0.674553  0.000000  1.0
    0.232308   -0.672502  0.000000  1.0
    0.232308   -0.670451  0.000000  1.0
    0.232308   -0.668399  0.000000  1.0
    0.232308   -0.666348  0.000000  1.0
    0.232308   -0.664297  0.000000  1.0
    0.232308   -0.662246  0.000000  1.0
    0.232308   -0.660194  0.000000  1.0
    0.232308   -0.658143  0.000000  1.0
    0.232308   -0.656092  0.000000  1.0
    0.232308   -0.654040  0.000000  1.0
    0.232308   -0.651989  0.000000  1.0
    0.232308   -0.649938  0.000000  1.0
    0.232308   -0.647887  0.000000  1.0
    0.234359   -0.727887  0.000000  1.0
    0.234359   -0.725835  0.000000  1.0
    0.234359   -0.723784  0.000000  1.0
    0.234359   -0.721733  0.000000  1.0
    0.234359   -0.719681  0.000000  1.0
    0.234359   -0.717630  0.000000  1.0
    0.234359   -0.715579  0.000000  1.0
    0.234359   -0.713528  0.000000  1.0
    0.234359   -0.711476  0.000000  1.0
    0.234359   -0.709425  0.000000  1.0
    0.234359   -0.707374  0.000000  1.0
    0.234359   -0.705323  0.000000  1.0
    0.234359   -0.703271  0.000000  1.0
    0.234359   -0.701220  0.000000  1.0
    0.234359   -0.699169  0.000000  1.0
    0.234359   -0.697117  0.000000  1.0
    0.234359   -0.695066  0.000000  1.0
    0.234359   -0.693015  0.000000  1.0
    0.234359   -0.690964  0.000000  1.0
    0.234359   -0.688912  0.000000  1.0
    0.234359   -0.686861  0.000000  1.0
    0.234359   -0.684810  0.000000  1.0
    0.234359   -0.682758  0.000000  1.0
    0.234359   -0.680707  0.000000  1.0
    0.234359   -0.678656  0.000000  1.0
    0.234359   -0.676605  0.000000  1.0
    0.234359   -0.674553  0.000000  1.0
    0.234359   -0.672502  0.000000  1.0
    0.234359   -0.670451  0.000000  1.0
    0.234359   -0.668399  0.000000  1.0
    0.234359   -0.666348  0.000000  1.0
    0.234359   -0.664297  0.000000  1.0
    0.234359   -0.662246  0.000000  1.0
    0.234359   -0.660194  0.000000  1.0
    0.234359   -0.658143  0.000000  1.0
    0.234359   -0.656092  0.000000  1.0
    0.234359   -0.654040  0.000000  1.0
    0.234359   -0.651989  0.000000  1.0
    0.234359   -0.649938  0.000000  1.0
    0.234359   -0.647887  0.000000  1.0
    0.236410   -0.727887  0.000000  1.0
    0.236410   -0.725835  0.000000  1.0
    0.236410   -0.723784  0.000000  1.0
    0.236410   -0.721733  0.000000  1.0
    0.236410   -0.719681  0.000000  1.0
    0.236410   -0.717630  0.000000  1.0
    0.236410   -0.715579  0.000000  1.0
    0.236410   -0.713528  0.000000  1.0
    0.236410   -0.711476  0.000000  1.0
    0.236410   -0.709425  0.000000  1.0
    0.236410   -0.707374  0.000000  1.0
    0.236410   -0.705323  0.000000  1.0
    0.236410   -0.703271  0.000000  1.0
    0.236410   -0.701220  0.000000  1.0
    0.236410   -0.699169  0.000000  1.0
    0.236410   -0.697117  0.000000  1.0
    0.236410   -0.695066  0.000000  1.0
    0.236410   -0.693015  0.000000  1.0
    0.236410   -0.690964  0.000000  1.0
    0.236410   -0.688912  0.000000  1.0
    0.236410   -0.686861  0.000000  1.0
    0.236410   -0.684810  0.000000  1.0
    0.236410   -0.682758  0.000000  1.0
    0.236410   -0.680707  0.000000  1.0
    0.236410   -0.678656  0.000000  1.0
    0.236410   -0.676605  0.000000  1.0
    0.236410   -0.674553  0.000000  1.0
    0.236410   -0.672502  0.000000  1.0
    0.236410   -0.670451  0.000000  1.0
    0.236410   -0.668399  0.000000  1.0
    0.236410   -0.666348  0.000000  1.0
    0.236410   -0.664297  0.000000  1.0
    0.236410   -0.662246  0.000000  1.0
    0.236410   -0.660194  0.000000  1.0
    0.236410   -0.658143  0.000000  1.0
    0.236410   -0.656092  0.000000  1.0
    0.236410   -0.654040  0.000000  1.0
    0.236410   -0.651989  0.000000  1.0
    0.236410   -0.649938  0.000000  1.0
    0.236410   -0.647887  0.000000  1.0
    0.238462   -0.727887  0.000000  1.0
    0.238462   -0.725835  0.000000  1.0
    0.238462   -0.723784  0.000000  1.0
    0.238462   -0.721733  0.000000  1.0
    0.238462   -0.719681  0.000000  1.0
    0.238462   -0.717630  0.000000  1.0
    0.238462   -0.715579  0.000000  1.0
    0.238462   -0.713528  0.000000  1.0
    0.238462   -0.711476  0.000000  1.0
    0.238462   -0.709425  0.000000  1.0
    0.238462   -0.707374  0.000000  1.0
    0.238462   -0.705323  0.000000  1.0
    0.238462   -0.703271  0.000000  1.0
    0.238462   -0.701220  0.000000  1.0
    0.238462   -0.699169  0.000000  1.0
    0.238462   -0.697117  0.000000  1.0
    0.238462   -0.695066  0.000000  1.0
    0.238462   -0.693015  0.000000  1.0
    0.238462   -0.690964  0.000000  1.0
    0.238462   -0.688912  0.000000  1.0
    0.238462   -0.686861  0.000000  1.0
    0.238462   -0.684810  0.000000  1.0
    0.238462   -0.682758  0.000000  1.0
    0.238462   -0.680707  0.000000  1.0
    0.238462   -0.678656  0.000000  1.0
    0.238462   -0.676605  0.000000  1.0
    0.238462   -0.674553  0.000000  1.0
    0.238462   -0.672502  0.000000  1.0
    0.238462   -0.670451  0.000000  1.0
    0.238462   -0.668399  0.000000  1.0
    0.238462   -0.666348  0.000000  1.0
    0.238462   -0.664297  0.000000  1.0
    0.238462   -0.662246  0.000000  1.0
    0.238462   -0.660194  0.000000  1.0
    0.238462   -0.658143  0.000000  1.0
    0.238462   -0.656092  0.000000  1.0
    0.238462   -0.654040  0.000000  1.0
    0.238462   -0.651989  0.000000  1.0
    0.238462   -0.649938  0.000000  1.0
    0.238462   -0.647887  0.000000  1.0
    0.240513   -0.727887  0.000000  1.0
    0.240513   -0.725835  0.000000  1.0
    0.240513   -0.723784  0.000000  1.0
    0.240513   -0.721733  0.000000  1.0
    0.240513   -0.719681  0.000000  1.0
    0.240513   -0.717630  0.000000  1.0
    0.240513   -0.715579  0.000000  1.0
    0.240513   -0.713528  0.000000  1.0
    0.240513   -0.711476  0.000000  1.0
    0.240513   -0.709425  0.000000  1.0
    0.240513   -0.707374  0.000000  1.0
    0.240513   -0.705323  0.000000  1.0
    0.240513   -0.703271  0.000000  1.0
    0.240513   -0.701220  0.000000  1.0
    0.240513   -0.699169  0.000000  1.0
    0.240513   -0.697117  0.000000  1.0
    0.240513   -0.695066  0.000000  1.0
    0.240513   -0.693015  0.000000  1.0
    0.240513   -0.690964  0.000000  1.0
    0.240513   -0.688912  0.000000  1.0
    0.240513   -0.686861  0.000000  1.0
    0.240513   -0.684810  0.000000  1.0
    0.240513   -0.682758  0.000000  1.0
    0.240513   -0.680707  0.000000  1.0
    0.240513   -0.678656  0.000000  1.0
    0.240513   -0.676605  0.000000  1.0
    0.240513   -0.674553  0.000000  1.0
    0.240513   -0.672502  0.000000  1.0
    0.240513   -0.670451  0.000000  1.0
    0.240513   -0.668399  0.000000  1.0
    0.240513   -0.666348  0.000000  1.0
    0.240513   -0.664297  0.000000  1.0
    0.240513   -0.662246  0.000000  1.0
    0.240513   -0.660194  0.000000  1.0
    0.240513   -0.658143  0.000000  1.0
    0.240513   -0.656092  0.000000  1.0
    0.240513   -0.654040  0.000000  1.0
    0.240513   -0.651989  0.000000  1.0
    0.240513   -0.649938  0.000000  1.0
    0.240513   -0.647887  0.000000  1.0
    0.242564   -0.727887  0.000000  1.0
    0.242564   -0.725835  0.000000  1.0
    0.242564   -0.723784  0.000000  1.0
    0.242564   -0.721733  0.000000  1.0
    0.242564   -0.719681  0.000000  1.0
    0.242564   -0.717630  0.000000  1.0
    0.242564   -0.715579  0.000000  1.0
    0.242564   -0.713528  0.000000  1.0
    0.242564   -0.711476  0.000000  1.0
    0.242564   -0.709425  0.000000  1.0
    0.242564   -0.707374  0.000000  1.0
    0.242564   -0.705323  0.000000  1.0
    0.242564   -0.703271  0.000000  1.0
    0.242564   -0.701220  0.000000  1.0
    0.242564   -0.699169  0.000000  1.0
    0.242564   -0.697117  0.000000  1.0
    0.242564   -0.695066  0.000000  1.0
    0.242564   -0.693015  0.000000  1.0
    0.242564   -0.690964  0.000000  1.0
    0.242564   -0.688912  0.000000  1.0
    0.242564   -0.686861  0.000000  1.0
    0.242564   -0.684810  0.000000  1.0
    0.242564   -0.682758  0.000000  1.0
    0.242564   -0.680707  0.000000  1.0
    0.242564   -0.678656  0.000000  1.0
    0.242564   -0.676605  0.000000  1.0
    0.242564   -0.674553  0.000000  1.0
    0.242564   -0.672502  0.000000  1.0
    0.242564   -0.670451  0.000000  1.0
    0.242564   -0.668399  0.000000  1.0
    0.242564   -0.666348  0.000000  1.0
    0.242564   -0.664297  0.000000  1.0
    0.242564   -0.662246  0.000000  1.0
    0.242564   -0.660194  0.000000  1.0
    0.242564   -0.658143  0.000000  1.0
    0.242564   -0.656092  0.000000  1.0
    0.242564   -0.654040  0.000000  1.0
    0.242564   -0.651989  0.000000  1.0
    0.242564   -0.649938  0.000000  1.0
    0.242564   -0.647887  0.000000  1.0
    0.244615   -0.727887  0.000000  1.0
    0.244615   -0.725835  0.000000  1.0
    0.244615   -0.723784  0.000000  1.0
    0.244615   -0.721733  0.000000  1.0
    0.244615   -0.719681  0.000000  1.0
    0.244615   -0.717630  0.000000  1.0
    0.244615   -0.715579  0.000000  1.0
    0.244615   -0.713528  0.000000  1.0
    0.244615   -0.711476  0.000000  1.0
    0.244615   -0.709425  0.000000  1.0
    0.244615   -0.707374  0.000000  1.0
    0.244615   -0.705323  0.000000  1.0
    0.244615   -0.703271  0.000000  1.0
    0.244615   -0.701220  0.000000  1.0
    0.244615   -0.699169  0.000000  1.0
    0.244615   -0.697117  0.000000  1.0
    0.244615   -0.695066  0.000000  1.0
    0.244615   -0.693015  0.000000  1.0
    0.244615   -0.690964  0.000000  1.0
    0.244615   -0.688912  0.000000  1.0
    0.244615   -0.686861  0.000000  1.0
    0.244615   -0.684810  0.000000  1.0
    0.244615   -0.682758  0.000000  1.0
    0.244615   -0.680707  0.000000  1.0
    0.244615   -0.678656  0.000000  1.0
    0.244615   -0.676605  0.000000  1.0
    0.244615   -0.674553  0.000000  1.0
    0.244615   -0.672502  0.000000  1.0
    0.244615   -0.670451  0.000000  1.0
    0.244615   -0.668399  0.000000  1.0
    0.244615   -0.666348  0.000000  1.0
    0.244615   -0.664297  0.000000  1.0
    0.244615   -0.662246  0.000000  1.0
    0.244615   -0.660194  0.000000  1.0
    0.244615   -0.658143  0.000000  1.0
    0.244615   -0.656092  0.000000  1.0
    0.244615   -0.654040  0.000000  1.0
    0.244615   -0.651989  0.000000  1.0
    0.244615   -0.649938  0.000000  1.0
    0.244615   -0.647887  0.000000  1.0
    0.246667   -0.727887  0.000000  1.0
    0.246667   -0.725835  0.000000  1.0
    0.246667   -0.723784  0.000000  1.0
    0.246667   -0.721733  0.000000  1.0
    0.246667   -0.719681  0.000000  1.0
    0.246667   -0.717630  0.000000  1.0
    0.246667   -0.715579  0.000000  1.0
    0.246667   -0.713528  0.000000  1.0
    0.246667   -0.711476  0.000000  1.0
    0.246667   -0.709425  0.000000  1.0
    0.246667   -0.707374  0.000000  1.0
    0.246667   -0.705323  0.000000  1.0
    0.246667   -0.703271  0.000000  1.0
    0.246667   -0.701220  0.000000  1.0
    0.246667   -0.699169  0.000000  1.0
    0.246667   -0.697117  0.000000  1.0
    0.246667   -0.695066  0.000000  1.0
    0.246667   -0.693015  0.000000  1.0
    0.246667   -0.690964  0.000000  1.0
    0.246667   -0.688912  0.000000  1.0
    0.246667   -0.686861  0.000000  1.0
    0.246667   -0.684810  0.000000  1.0
    0.246667   -0.682758  0.000000  1.0
    0.246667   -0.680707  0.000000  1.0
    0.246667   -0.678656  0.000000  1.0
    0.246667   -0.676605  0.000000  1.0
    0.246667   -0.674553  0.000000  1.0
    0.246667   -0.672502  0.000000  1.0
    0.246667   -0.670451  0.000000  1.0
    0.246667   -0.668399  0.000000  1.0
    0.246667   -0.666348  0.000000  1.0
    0.246667   -0.664297  0.000000  1.0
    0.246667   -0.662246  0.000000  1.0
    0.246667   -0.660194  0.000000  1.0
    0.246667   -0.658143  0.000000  1.0
    0.246667   -0.656092  0.000000  1.0
    0.246667   -0.654040  0.000000  1.0
    0.246667   -0.651989  0.000000  1.0
    0.246667   -0.649938  0.000000  1.0
    0.246667   -0.647887  0.000000  1.0
    0.248718   -0.727887  0.000000  1.0
    0.248718   -0.725835  0.000000  1.0
    0.248718   -0.723784  0.000000  1.0
    0.248718   -0.721733  0.000000  1.0
    0.248718   -0.719681  0.000000  1.0
    0.248718   -0.717630  0.000000  1.0
    0.248718   -0.715579  0.000000  1.0
    0.248718   -0.713528  0.000000  1.0
    0.248718   -0.711476  0.000000  1.0
    0.248718   -0.709425  0.000000  1.0
    0.248718   -0.707374  0.000000  1.0
    0.248718   -0.705323  0.000000  1.0
    0.248718   -0.703271  0.000000  1.0
    0.248718   -0.701220  0.000000  1.0
    0.248718   -0.699169  0.000000  1.0
    0.248718   -0.697117  0.000000  1.0
    0.248718   -0.695066  0.000000  1.0
    0.248718   -0.693015  0.000000  1.0
    0.248718   -0.690964  0.000000  1.0
    0.248718   -0.688912  0.000000  1.0
    0.248718   -0.686861  0.000000  1.0
    0.248718   -0.684810  0.000000  1.0
    0.248718   -0.682758  0.000000  1.0
    0.248718   -0.680707  0.000000  1.0
    0.248718   -0.678656  0.000000  1.0
    0.248718   -0.676605  0.000000  1.0
    0.248718   -0.674553  0.000000  1.0
    0.248718   -0.672502  0.000000  1.0
    0.248718   -0.670451  0.000000  1.0
    0.248718   -0.668399  0.000000  1.0
    0.248718   -0.666348  0.000000  1.0
    0.248718   -0.664297  0.000000  1.0
    0.248718   -0.662246  0.000000  1.0
    0.248718   -0.660194  0.000000  1.0
    0.248718   -0.658143  0.000000  1.0
    0.248718   -0.656092  0.000000  1.0
    0.248718   -0.654040  0.000000  1.0
    0.248718   -0.651989  0.000000  1.0
    0.248718   -0.649938  0.000000  1.0
    0.248718   -0.647887  0.000000  1.0
    0.250769   -0.727887  0.000000  1.0
    0.250769   -0.725835  0.000000  1.0
    0.250769   -0.723784  0.000000  1.0
    0.250769   -0.721733  0.000000  1.0
    0.250769   -0.719681  0.000000  1.0
    0.250769   -0.717630  0.000000  1.0
    0.250769   -0.715579  0.000000  1.0
    0.250769   -0.713528  0.000000  1.0
    0.250769   -0.711476  0.000000  1.0
    0.250769   -0.709425  0.000000  1.0
    0.250769   -0.707374  0.000000  1.0
    0.250769   -0.705323  0.000000  1.0
    0.250769   -0.703271  0.000000  1.0
    0.250769   -0.701220  0.000000  1.0
    0.250769   -0.699169  0.000000  1.0
    0.250769   -0.697117  0.000000  1.0
    0.250769   -0.695066  0.000000  1.0
    0.250769   -0.693015  0.000000  1.0
    0.250769   -0.690964  0.000000  1.0
    0.250769   -0.688912  0.000000  1.0
    0.250769   -0.686861  0.000000  1.0
    0.250769   -0.684810  0.000000  1.0
    0.250769   -0.682758  0.000000  1.0
    0.250769   -0.680707  0.000000  1.0
    0.250769   -0.678656  0.000000  1.0
    0.250769   -0.676605  0.000000  1.0
    0.250769   -0.674553  0.000000  1.0
    0.250769   -0.672502  0.000000  1.0
    0.250769   -0.670451  0.000000  1.0
    0.250769   -0.668399  0.000000  1.0
    0.250769   -0.666348  0.000000  1.0
    0.250769   -0.664297  0.000000  1.0
    0.250769   -0.662246  0.000000  1.0
    0.250769   -0.660194  0.000000  1.0
    0.250769   -0.658143  0.000000  1.0
    0.250769   -0.656092  0.000000  1.0
    0.250769   -0.654040  0.000000  1.0
    0.250769   -0.651989  0.000000  1.0
    0.250769   -0.649938  0.000000  1.0
    0.250769   -0.647887  0.000000  1.0
    0.252821   -0.727887  0.000000  1.0
    0.252821   -0.725835  0.000000  1.0
    0.252821   -0.723784  0.000000  1.0
    0.252821   -0.721733  0.000000  1.0
    0.252821   -0.719681  0.000000  1.0
    0.252821   -0.717630  0.000000  1.0
    0.252821   -0.715579  0.000000  1.0
    0.252821   -0.713528  0.000000  1.0
    0.252821   -0.711476  0.000000  1.0
    0.252821   -0.709425  0.000000  1.0
    0.252821   -0.707374  0.000000  1.0
    0.252821   -0.705323  0.000000  1.0
    0.252821   -0.703271  0.000000  1.0
    0.252821   -0.701220  0.000000  1.0
    0.252821   -0.699169  0.000000  1.0
    0.252821   -0.697117  0.000000  1.0
    0.252821   -0.695066  0.000000  1.0
    0.252821   -0.693015  0.000000  1.0
    0.252821   -0.690964  0.000000  1.0
    0.252821   -0.688912  0.000000  1.0
    0.252821   -0.686861  0.000000  1.0
    0.252821   -0.684810  0.000000  1.0
    0.252821   -0.682758  0.000000  1.0
    0.252821   -0.680707  0.000000  1.0
    0.252821   -0.678656  0.000000  1.0
    0.252821   -0.676605  0.000000  1.0
    0.252821   -0.674553  0.000000  1.0
    0.252821   -0.672502  0.000000  1.0
    0.252821   -0.670451  0.000000  1.0
    0.252821   -0.668399  0.000000  1.0
    0.252821   -0.666348  0.000000  1.0
    0.252821   -0.664297  0.000000  1.0
    0.252821   -0.662246  0.000000  1.0
    0.252821   -0.660194  0.000000  1.0
    0.252821   -0.658143  0.000000  1.0
    0.252821   -0.656092  0.000000  1.0
    0.252821   -0.654040  0.000000  1.0
    0.252821   -0.651989  0.000000  1.0
    0.252821   -0.649938  0.000000  1.0
    0.252821   -0.647887  0.000000  1.0
    0.254872   -0.727887  0.000000  1.0
    0.254872   -0.725835  0.000000  1.0
    0.254872   -0.723784  0.000000  1.0
    0.254872   -0.721733  0.000000  1.0
    0.254872   -0.719681  0.000000  1.0
    0.254872   -0.717630  0.000000  1.0
    0.254872   -0.715579  0.000000  1.0
    0.254872   -0.713528  0.000000  1.0
    0.254872   -0.711476  0.000000  1.0
    0.254872   -0.709425  0.000000  1.0
    0.254872   -0.707374  0.000000  1.0
    0.254872   -0.705323  0.000000  1.0
    0.254872   -0.703271  0.000000  1.0
    0.254872   -0.701220  0.000000  1.0
    0.254872   -0.699169  0.000000  1.0
    0.254872   -0.697117  0.000000  1.0
    0.254872   -0.695066  0.000000  1.0
    0.254872   -0.693015  0.000000  1.0
    0.254872   -0.690964  0.000000  1.0
    0.254872   -0.688912  0.000000  1.0
    0.254872   -0.686861  0.000000  1.0
    0.254872   -0.684810  0.000000  1.0
    0.254872   -0.682758  0.000000  1.0
    0.254872   -0.680707  0.000000  1.0
    0.254872   -0.678656  0.000000  1.0
    0.254872   -0.676605  0.000000  1.0
    0.254872   -0.674553  0.000000  1.0
    0.254872   -0.672502  0.000000  1.0
    0.254872   -0.670451  0.000000  1.0
    0.254872   -0.668399  0.000000  1.0
    0.254872   -0.666348  0.000000  1.0
    0.254872   -0.664297  0.000000  1.0
    0.254872   -0.662246  0.000000  1.0
    0.254872   -0.660194  0.000000  1.0
    0.254872   -0.658143  0.000000  1.0
    0.254872   -0.656092  0.000000  1.0
    0.254872   -0.654040  0.000000  1.0
    0.254872   -0.651989  0.000000  1.0
    0.254872   -0.649938  0.000000  1.0
    0.254872   -0.647887  0.000000  1.0
    0.256923   -0.727887  0.000000  1.0
    0.256923   -0.725835  0.000000  1.0
    0.256923   -0.723784  0.000000  1.0
    0.256923   -0.721733  0.000000  1.0
    0.256923   -0.719681  0.000000  1.0
    0.256923   -0.717630  0.000000  1.0
    0.256923   -0.715579  0.000000  1.0
    0.256923   -0.713528  0.000000  1.0
    0.256923   -0.711476  0.000000  1.0
    0.256923   -0.709425  0.000000  1.0
    0.256923   -0.707374  0.000000  1.0
    0.256923   -0.705323  0.000000  1.0
    0.256923   -0.703271  0.000000  1.0
    0.256923   -0.701220  0.000000  1.0
    0.256923   -0.699169  0.000000  1.0
    0.256923   -0.697117  0.000000  1.0
    0.256923   -0.695066  0.000000  1.0
    0.256923   -0.693015  0.000000  1.0
    0.256923   -0.690964  0.000000  1.0
    0.256923   -0.688912  0.000000  1.0
    0.256923   -0.686861  0.000000  1.0
    0.256923   -0.684810  0.000000  1.0
    0.256923   -0.682758  0.000000  1.0
    0.256923   -0.680707  0.000000  1.0
    0.256923   -0.678656  0.000000  1.0
    0.256923   -0.676605  0.000000  1.0
    0.256923   -0.674553  0.000000  1.0
    0.256923   -0.672502  0.000000  1.0
    0.256923   -0.670451  0.000000  1.0
    0.256923   -0.668399  0.000000  1.0
    0.256923   -0.666348  0.000000  1.0
    0.256923   -0.664297  0.000000  1.0
    0.256923   -0.662246  0.000000  1.0
    0.256923   -0.660194  0.000000  1.0
    0.256923   -0.658143  0.000000  1.0
    0.256923   -0.656092  0.000000  1.0
    0.256923   -0.654040  0.000000  1.0
    0.256923   -0.651989  0.000000  1.0
    0.256923   -0.649938  0.000000  1.0
    0.256923   -0.647887  0.000000  1.0
    0.258974   -0.727887  0.000000  1.0
    0.258974   -0.725835  0.000000  1.0
    0.258974   -0.723784  0.000000  1.0
    0.258974   -0.721733  0.000000  1.0
    0.258974   -0.719681  0.000000  1.0
    0.258974   -0.717630  0.000000  1.0
    0.258974   -0.715579  0.000000  1.0
    0.258974   -0.713528  0.000000  1.0
    0.258974   -0.711476  0.000000  1.0
    0.258974   -0.709425  0.000000  1.0
    0.258974   -0.707374  0.000000  1.0
    0.258974   -0.705323  0.000000  1.0
    0.258974   -0.703271  0.000000  1.0
    0.258974   -0.701220  0.000000  1.0
    0.258974   -0.699169  0.000000  1.0
    0.258974   -0.697117  0.000000  1.0
    0.258974   -0.695066  0.000000  1.0
    0.258974   -0.693015  0.000000  1.0
    0.258974   -0.690964  0.000000  1.0
    0.258974   -0.688912  0.000000  1.0
    0.258974   -0.686861  0.000000  1.0
    0.258974   -0.684810  0.000000  1.0
    0.258974   -0.682758  0.000000  1.0
    0.258974   -0.680707  0.000000  1.0
    0.258974   -0.678656  0.000000  1.0
    0.258974   -0.676605  0.000000  1.0
    0.258974   -0.674553  0.000000  1.0
    0.258974   -0.672502  0.000000  1.0
    0.258974   -0.670451  0.000000  1.0
    0.258974   -0.668399  0.000000  1.0
    0.258974   -0.666348  0.000000  1.0
    0.258974   -0.664297  0.000000  1.0
    0.258974   -0.662246  0.000000  1.0
    0.258974   -0.660194  0.000000  1.0
    0.258974   -0.658143  0.000000  1.0
    0.258974   -0.656092  0.000000  1.0
    0.258974   -0.654040  0.000000  1.0
    0.258974   -0.651989  0.000000  1.0
    0.258974   -0.649938  0.000000  1.0
    0.258974   -0.647887  0.000000  1.0
    0.261026   -0.727887  0.000000  1.0
    0.261026   -0.725835  0.000000  1.0
    0.261026   -0.723784  0.000000  1.0
    0.261026   -0.721733  0.000000  1.0
    0.261026   -0.719681  0.000000  1.0
    0.261026   -0.717630  0.000000  1.0
    0.261026   -0.715579  0.000000  1.0
    0.261026   -0.713528  0.000000  1.0
    0.261026   -0.711476  0.000000  1.0
    0.261026   -0.709425  0.000000  1.0
    0.261026   -0.707374  0.000000  1.0
    0.261026   -0.705323  0.000000  1.0
    0.261026   -0.703271  0.000000  1.0
    0.261026   -0.701220  0.000000  1.0
    0.261026   -0.699169  0.000000  1.0
    0.261026   -0.697117  0.000000  1.0
    0.261026   -0.695066  0.000000  1.0
    0.261026   -0.693015  0.000000  1.0
    0.261026   -0.690964  0.000000  1.0
    0.261026   -0.688912  0.000000  1.0
    0.261026   -0.686861  0.000000  1.0
    0.261026   -0.684810  0.000000  1.0
    0.261026   -0.682758  0.000000  1.0
    0.261026   -0.680707  0.000000  1.0
    0.261026   -0.678656  0.000000  1.0
    0.261026   -0.676605  0.000000  1.0
    0.261026   -0.674553  0.000000  1.0
    0.261026   -0.672502  0.000000  1.0
    0.261026   -0.670451  0.000000  1.0
    0.261026   -0.668399  0.000000  1.0
    0.261026   -0.666348  0.000000  1.0
    0.261026   -0.664297  0.000000  1.0
    0.261026   -0.662246  0.000000  1.0
    0.261026   -0.660194  0.000000  1.0
    0.261026   -0.658143  0.000000  1.0
    0.261026   -0.656092  0.000000  1.0
    0.261026   -0.654040  0.000000  1.0
    0.261026   -0.651989  0.000000  1.0
    0.261026   -0.649938  0.000000  1.0
    0.261026   -0.647887  0.000000  1.0
    0.263077   -0.727887  0.000000  1.0
    0.263077   -0.725835  0.000000  1.0
    0.263077   -0.723784  0.000000  1.0
    0.263077   -0.721733  0.000000  1.0
    0.263077   -0.719681  0.000000  1.0
    0.263077   -0.717630  0.000000  1.0
    0.263077   -0.715579  0.000000  1.0
    0.263077   -0.713528  0.000000  1.0
    0.263077   -0.711476  0.000000  1.0
    0.263077   -0.709425  0.000000  1.0
    0.263077   -0.707374  0.000000  1.0
    0.263077   -0.705323  0.000000  1.0
    0.263077   -0.703271  0.000000  1.0
    0.263077   -0.701220  0.000000  1.0
    0.263077   -0.699169  0.000000  1.0
    0.263077   -0.697117  0.000000  1.0
    0.263077   -0.695066  0.000000  1.0
    0.263077   -0.693015  0.000000  1.0
    0.263077   -0.690964  0.000000  1.0
    0.263077   -0.688912  0.000000  1.0
    0.263077   -0.686861  0.000000  1.0
    0.263077   -0.684810  0.000000  1.0
    0.263077   -0.682758  0.000000  1.0
    0.263077   -0.680707  0.000000  1.0
    0.263077   -0.678656  0.000000  1.0
    0.263077   -0.676605  0.000000  1.0
    0.263077   -0.674553  0.000000  1.0
    0.263077   -0.672502  0.000000  1.0
    0.263077   -0.670451  0.000000  1.0
    0.263077   -0.668399  0.000000  1.0
    0.263077   -0.666348  0.000000  1.0
    0.263077   -0.664297  0.000000  1.0
    0.263077   -0.662246  0.000000  1.0
    0.263077   -0.660194  0.000000  1.0
    0.263077   -0.658143  0.000000  1.0
    0.263077   -0.656092  0.000000  1.0
    0.263077   -0.654040  0.000000  1.0
    0.263077   -0.651989  0.000000  1.0
    0.263077   -0.649938  0.000000  1.0
    0.263077   -0.647887  0.000000  1.0
    0.265128   -0.727887  0.000000  1.0
    0.265128   -0.725835  0.000000  1.0
    0.265128   -0.723784  0.000000  1.0
    0.265128   -0.721733  0.000000  1.0
    0.265128   -0.719681  0.000000  1.0
    0.265128   -0.717630  0.000000  1.0
    0.265128   -0.715579  0.000000  1.0
    0.265128   -0.713528  0.000000  1.0
    0.265128   -0.711476  0.000000  1.0
    0.265128   -0.709425  0.000000  1.0
    0.265128   -0.707374  0.000000  1.0
    0.265128   -0.705323  0.000000  1.0
    0.265128   -0.703271  0.000000  1.0
    0.265128   -0.701220  0.000000  1.0
    0.265128   -0.699169  0.000000  1.0
    0.265128   -0.697117  0.000000  1.0
    0.265128   -0.695066  0.000000  1.0
    0.265128   -0.693015  0.000000  1.0
    0.265128   -0.690964  0.000000  1.0
    0.265128   -0.688912  0.000000  1.0
    0.265128   -0.686861  0.000000  1.0
    0.265128   -0.684810  0.000000  1.0
    0.265128   -0.682758  0.000000  1.0
    0.265128   -0.680707  0.000000  1.0
    0.265128   -0.678656  0.000000  1.0
    0.265128   -0.676605  0.000000  1.0
    0.265128   -0.674553  0.000000  1.0
    0.265128   -0.672502  0.000000  1.0
    0.265128   -0.670451  0.000000  1.0
    0.265128   -0.668399  0.000000  1.0
    0.265128   -0.666348  0.000000  1.0
    0.265128   -0.664297  0.000000  1.0
    0.265128   -0.662246  0.000000  1.0
    0.265128   -0.660194  0.000000  1.0
    0.265128   -0.658143  0.000000  1.0
    0.265128   -0.656092  0.000000  1.0
    0.265128   -0.654040  0.000000  1.0
    0.265128   -0.651989  0.000000  1.0
    0.265128   -0.649938  0.000000  1.0
    0.265128   -0.647887  0.000000  1.0
    0.267179   -0.727887  0.000000  1.0
    0.267179   -0.725835  0.000000  1.0
    0.267179   -0.723784  0.000000  1.0
    0.267179   -0.721733  0.000000  1.0
    0.267179   -0.719681  0.000000  1.0
    0.267179   -0.717630  0.000000  1.0
    0.267179   -0.715579  0.000000  1.0
    0.267179   -0.713528  0.000000  1.0
    0.267179   -0.711476  0.000000  1.0
    0.267179   -0.709425  0.000000  1.0
    0.267179   -0.707374  0.000000  1.0
    0.267179   -0.705323  0.000000  1.0
    0.267179   -0.703271  0.000000  1.0
    0.267179   -0.701220  0.000000  1.0
    0.267179   -0.699169  0.000000  1.0
    0.267179   -0.697117  0.000000  1.0
    0.267179   -0.695066  0.000000  1.0
    0.267179   -0.693015  0.000000  1.0
    0.267179   -0.690964  0.000000  1.0
    0.267179   -0.688912  0.000000  1.0
    0.267179   -0.686861  0.000000  1.0
    0.267179   -0.684810  0.000000  1.0
    0.267179   -0.682758  0.000000  1.0
    0.267179   -0.680707  0.000000  1.0
    0.267179   -0.678656  0.000000  1.0
    0.267179   -0.676605  0.000000  1.0
    0.267179   -0.674553  0.000000  1.0
    0.267179   -0.672502  0.000000  1.0
    0.267179   -0.670451  0.000000  1.0
    0.267179   -0.668399  0.000000  1.0
    0.267179   -0.666348  0.000000  1.0
    0.267179   -0.664297  0.000000  1.0
    0.267179   -0.662246  0.000000  1.0
    0.267179   -0.660194  0.000000  1.0
    0.267179   -0.658143  0.000000  1.0
    0.267179   -0.656092  0.000000  1.0
    0.267179   -0.654040  0.000000  1.0
    0.267179   -0.651989  0.000000  1.0
    0.267179   -0.649938  0.000000  1.0
    0.267179   -0.647887  0.000000  1.0
    0.269231   -0.727887  0.000000  1.0
    0.269231   -0.725835  0.000000  1.0
    0.269231   -0.723784  0.000000  1.0
    0.269231   -0.721733  0.000000  1.0
    0.269231   -0.719681  0.000000  1.0
    0.269231   -0.717630  0.000000  1.0
    0.269231   -0.715579  0.000000  1.0
    0.269231   -0.713528  0.000000  1.0
    0.269231   -0.711476  0.000000  1.0
    0.269231   -0.709425  0.000000  1.0
    0.269231   -0.707374  0.000000  1.0
    0.269231   -0.705323  0.000000  1.0
    0.269231   -0.703271  0.000000  1.0
    0.269231   -0.701220  0.000000  1.0
    0.269231   -0.699169  0.000000  1.0
    0.269231   -0.697117  0.000000  1.0
    0.269231   -0.695066  0.000000  1.0
    0.269231   -0.693015  0.000000  1.0
    0.269231   -0.690964  0.000000  1.0
    0.269231   -0.688912  0.000000  1.0
    0.269231   -0.686861  0.000000  1.0
    0.269231   -0.684810  0.000000  1.0
    0.269231   -0.682758  0.000000  1.0
    0.269231   -0.680707  0.000000  1.0
    0.269231   -0.678656  0.000000  1.0
    0.269231   -0.676605  0.000000  1.0
    0.269231   -0.674553  0.000000  1.0
    0.269231   -0.672502  0.000000  1.0
    0.269231   -0.670451  0.000000  1.0
    0.269231   -0.668399  0.000000  1.0
    0.269231   -0.666348  0.000000  1.0
    0.269231   -0.664297  0.000000  1.0
    0.269231   -0.662246  0.000000  1.0
    0.269231   -0.660194  0.000000  1.0
    0.269231   -0.658143  0.000000  1.0
    0.269231   -0.656092  0.000000  1.0
    0.269231   -0.654040  0.000000  1.0
    0.269231   -0.651989  0.000000  1.0
    0.269231   -0.649938  0.000000  1.0
    0.269231   -0.647887  0.000000  1.0
    0.271282   -0.727887  0.000000  1.0
    0.271282   -0.725835  0.000000  1.0
    0.271282   -0.723784  0.000000  1.0
    0.271282   -0.721733  0.000000  1.0
    0.271282   -0.719681  0.000000  1.0
    0.271282   -0.717630  0.000000  1.0
    0.271282   -0.715579  0.000000  1.0
    0.271282   -0.713528  0.000000  1.0
    0.271282   -0.711476  0.000000  1.0
    0.271282   -0.709425  0.000000  1.0
    0.271282   -0.707374  0.000000  1.0
    0.271282   -0.705323  0.000000  1.0
    0.271282   -0.703271  0.000000  1.0
    0.271282   -0.701220  0.000000  1.0
    0.271282   -0.699169  0.000000  1.0
    0.271282   -0.697117  0.000000  1.0
    0.271282   -0.695066  0.000000  1.0
    0.271282   -0.693015  0.000000  1.0
    0.271282   -0.690964  0.000000  1.0
    0.271282   -0.688912  0.000000  1.0
    0.271282   -0.686861  0.000000  1.0
    0.271282   -0.684810  0.000000  1.0
    0.271282   -0.682758  0.000000  1.0
    0.271282   -0.680707  0.000000  1.0
    0.271282   -0.678656  0.000000  1.0
    0.271282   -0.676605  0.000000  1.0
    0.271282   -0.674553  0.000000  1.0
    0.271282   -0.672502  0.000000  1.0
    0.271282   -0.670451  0.000000  1.0
    0.271282   -0.668399  0.000000  1.0
    0.271282   -0.666348  0.000000  1.0
    0.271282   -0.664297  0.000000  1.0
    0.271282   -0.662246  0.000000  1.0
    0.271282   -0.660194  0.000000  1.0
    0.271282   -0.658143  0.000000  1.0
    0.271282   -0.656092  0.000000  1.0
    0.271282   -0.654040  0.000000  1.0
    0.271282   -0.651989  0.000000  1.0
    0.271282   -0.649938  0.000000  1.0
    0.271282   -0.647887  0.000000  1.0
    0.273333   -0.727887  0.000000  1.0
    0.273333   -0.725835  0.000000  1.0
    0.273333   -0.723784  0.000000  1.0
    0.273333   -0.721733  0.000000  1.0
    0.273333   -0.719681  0.000000  1.0
    0.273333   -0.717630  0.000000  1.0
    0.273333   -0.715579  0.000000  1.0
    0.273333   -0.713528  0.000000  1.0
    0.273333   -0.711476  0.000000  1.0
    0.273333   -0.709425  0.000000  1.0
    0.273333   -0.707374  0.000000  1.0
    0.273333   -0.705323  0.000000  1.0
    0.273333   -0.703271  0.000000  1.0
    0.273333   -0.701220  0.000000  1.0
    0.273333   -0.699169  0.000000  1.0
    0.273333   -0.697117  0.000000  1.0
    0.273333   -0.695066  0.000000  1.0
    0.273333   -0.693015  0.000000  1.0
    0.273333   -0.690964  0.000000  1.0
    0.273333   -0.688912  0.000000  1.0
    0.273333   -0.686861  0.000000  1.0
    0.273333   -0.684810  0.000000  1.0
    0.273333   -0.682758  0.000000  1.0
    0.273333   -0.680707  0.000000  1.0
    0.273333   -0.678656  0.000000  1.0
    0.273333   -0.676605  0.000000  1.0
    0.273333   -0.674553  0.000000  1.0
    0.273333   -0.672502  0.000000  1.0
    0.273333   -0.670451  0.000000  1.0
    0.273333   -0.668399  0.000000  1.0
    0.273333   -0.666348  0.000000  1.0
    0.273333   -0.664297  0.000000  1.0
    0.273333   -0.662246  0.000000  1.0
    0.273333   -0.660194  0.000000  1.0
    0.273333   -0.658143  0.000000  1.0
    0.273333   -0.656092  0.000000  1.0
    0.273333   -0.654040  0.000000  1.0
    0.273333   -0.651989  0.000000  1.0
    0.273333   -0.649938  0.000000  1.0
    0.273333   -0.647887  0.000000  1.0
