&CONTROL
  calculation = 'bands'
  prefix = 'graphene26.0zoom'
  outdir = './tmp'
  pseudo_dir = './'
  verbosity = 'high'
/
&SYSTEM
  ibrav = 0
  nat = 2
  ntyp = 1
  ecutwfc = 40.0
  nosym = .true.
  noinv = .true.
  nbnd = 8
/
&ELECTRONS
/
ATOMIC_SPECIES
  C  12.011  C.pbe-n-kjpaw_psl.1.0.0.UPF
CELL_PARAMETERS {bohr}
  5.864040  0.000000  0.000000
  2.932020  3.857575  0.000000
  0.000000  0.000000  30.000000
ATOMIC_POSITIONS {crystal}
  C  0.000893  0.164941  0.000000
  C  0.332440  0.501726  0.000000
K_POINTS {tpiba}
1600
   -0.023333   -0.787400  0.000000  1.0
   -0.023333   -0.785349  0.000000  1.0
   -0.023333   -0.783298  0.000000  1.0
   -0.023333   -0.781247  0.000000  1.0
   -0.023333   -0.779195  0.000000  1.0
   -0.023333   -0.777144  0.000000  1.0
   -0.023333   -0.775093  0.000000  1.0
   -0.023333   -0.773041  0.000000  1.0
   -0.023333   -0.770990  0.000000  1.0
   -0.023333   -0.768939  0.000000  1.0
   -0.023333   -0.766888  0.000000  1.0
   -0.023333   -0.764836  0.000000  1.0
   -0.023333   -0.762785  0.000000  1.0
   -0.023333   -0.760734  0.000000  1.0
   -0.023333   -0.758682  0.000000  1.0
   -0.023333   -0.756631  0.000000  1.0
   -0.023333   -0.754580  0.000000  1.0
   -0.023333   -0.752529  0.000000  1.0
   -0.023333   -0.750477  0.000000  1.0
   -0.023333   -0.748426  0.000000  1.0
   -0.023333   -0.746375  0.000000  1.0
   -0.023333   -0.744323  0.000000  1.0
   -0.023333   -0.742272  0.000000  1.0
   -0.023333   -0.740221  0.000000  1.0
   -0.023333   -0.738170  0.000000  1.0
   -0.023333   -0.736118  0.000000  1.0
   -0.023333   -0.734067  0.000000  1.0
   -0.023333   -0.732016  0.000000  1.0
   -0.023333   -0.729964  0.000000  1.0
   -0.023333   -0.727913  0.000000  1.0
   -0.023333   -0.725862  0.000000  1.0
   -0.023333   -0.723811  0.000000  1.0
   -0.023333   -0.721759  0.000000  1.0
   -0.023333   -0.719708  0.000000  1.0
   -0.023333   -0.717657  0.000000  1.0
   -0.023333   -0.715606  0.000000  1.0
   -0.023333   -0.713554  0.000000  1.0
   -0.023333   -0.711503  0.000000  1.0
   -0.023333   -0.709452  0.000000  1.0
   -0.023333   -0.707400  0.000000  1.0
   -0.021282   -0.787400  0.000000  1.0
   -0.021282   -0.785349  0.000000  1.0
   -0.021282   -0.783298  0.000000  1.0
   -0.021282   -0.781247  0.000000  1.0
   -0.021282   -0.779195  0.000000  1.0
   -0.021282   -0.777144  0.000000  1.0
   -0.021282   -0.775093  0.000000  1.0
   -0.021282   -0.773041  0.000000  1.0
   -0.021282   -0.770990  0.000000  1.0
   -0.021282   -0.768939  0.000000  1.0
   -0.021282   -0.766888  0.000000  1.0
   -0.021282   -0.764836  0.000000  1.0
   -0.021282   -0.762785  0.000000  1.0
   -0.021282   -0.760734  0.000000  1.0
   -0.021282   -0.758682  0.000000  1.0
   -0.021282   -0.756631  0.000000  1.0
   -0.021282   -0.754580  0.000000  1.0
   -0.021282   -0.752529  0.000000  1.0
   -0.021282   -0.750477  0.000000  1.0
   -0.021282   -0.748426  0.000000  1.0
   -0.021282   -0.746375  0.000000  1.0
   -0.021282   -0.744323  0.000000  1.0
   -0.021282   -0.742272  0.000000  1.0
   -0.021282   -0.740221  0.000000  1.0
   -0.021282   -0.738170  0.000000  1.0
   -0.021282   -0.736118  0.000000  1.0
   -0.021282   -0.734067  0.000000  1.0
   -0.021282   -0.732016  0.000000  1.0
   -0.021282   -0.729964  0.000000  1.0
   -0.021282   -0.727913  0.000000  1.0
   -0.021282   -0.725862  0.000000  1.0
   -0.021282   -0.723811  0.000000  1.0
   -0.021282   -0.721759  0.000000  1.0
   -0.021282   -0.719708  0.000000  1.0
   -0.021282   -0.717657  0.000000  1.0
   -0.021282   -0.715606  0.000000  1.0
   -0.021282   -0.713554  0.000000  1.0
   -0.021282   -0.711503  0.000000  1.0
   -0.021282   -0.709452  0.000000  1.0
   -0.021282   -0.707400  0.000000  1.0
   -0.019231   -0.787400  0.000000  1.0
   -0.019231   -0.785349  0.000000  1.0
   -0.019231   -0.783298  0.000000  1.0
   -0.019231   -0.781247  0.000000  1.0
   -0.019231   -0.779195  0.000000  1.0
   -0.019231   -0.777144  0.000000  1.0
   -0.019231   -0.775093  0.000000  1.0
   -0.019231   -0.773041  0.000000  1.0
   -0.019231   -0.770990  0.000000  1.0
   -0.019231   -0.768939  0.000000  1.0
   -0.019231   -0.766888  0.000000  1.0
   -0.019231   -0.764836  0.000000  1.0
   -0.019231   -0.762785  0.000000  1.0
   -0.019231   -0.760734  0.000000  1.0
   -0.019231   -0.758682  0.000000  1.0
   -0.019231   -0.756631  0.000000  1.0
   -0.019231   -0.754580  0.000000  1.0
   -0.019231   -0.752529  0.000000  1.0
   -0.019231   -0.750477  0.000000  1.0
   -0.019231   -0.748426  0.000000  1.0
   -0.019231   -0.746375  0.000000  1.0
   -0.019231   -0.744323  0.000000  1.0
   -0.019231   -0.742272  0.000000  1.0
   -0.019231   -0.740221  0.000000  1.0
   -0.019231   -0.738170  0.000000  1.0
   -0.019231   -0.736118  0.000000  1.0
   -0.019231   -0.734067  0.000000  1.0
   -0.019231   -0.732016  0.000000  1.0
   -0.019231   -0.729964  0.000000  1.0
   -0.019231   -0.727913  0.000000  1.0
   -0.019231   -0.725862  0.000000  1.0
   -0.019231   -0.723811  0.000000  1.0
   -0.019231   -0.721759  0.000000  1.0
   -0.019231   -0.719708  0.000000  1.0
   -0.019231   -0.717657  0.000000  1.0
   -0.019231   -0.715606  0.000000  1.0
   -0.019231   -0.713554  0.000000  1.0
   -0.019231   -0.711503  0.000000  1.0
   -0.019231   -0.709452  0.000000  1.0
   -0.019231   -0.707400  0.000000  1.0
   -0.017179   -0.787400  0.000000  1.0
   -0.017179   -0.785349  0.000000  1.0
   -0.017179   -0.783298  0.000000  1.0
   -0.017179   -0.781247  0.000000  1.0
   -0.017179   -0.779195  0.000000  1.0
   -0.017179   -0.777144  0.000000  1.0
   -0.017179   -0.775093  0.000000  1.0
   -0.017179   -0.773041  0.000000  1.0
   -0.017179   -0.770990  0.000000  1.0
   -0.017179   -0.768939  0.000000  1.0
   -0.017179   -0.766888  0.000000  1.0
   -0.017179   -0.764836  0.000000  1.0
   -0.017179   -0.762785  0.000000  1.0
   -0.017179   -0.760734  0.000000  1.0
   -0.017179   -0.758682  0.000000  1.0
   -0.017179   -0.756631  0.000000  1.0
   -0.017179   -0.754580  0.000000  1.0
   -0.017179   -0.752529  0.000000  1.0
   -0.017179   -0.750477  0.000000  1.0
   -0.017179   -0.748426  0.000000  1.0
   -0.017179   -0.746375  0.000000  1.0
   -0.017179   -0.744323  0.000000  1.0
   -0.017179   -0.742272  0.000000  1.0
   -0.017179   -0.740221  0.000000  1.0
   -0.017179   -0.738170  0.000000  1.0
   -0.017179   -0.736118  0.000000  1.0
   -0.017179   -0.734067  0.000000  1.0
   -0.017179   -0.732016  0.000000  1.0
   -0.017179   -0.729964  0.000000  1.0
   -0.017179   -0.727913  0.000000  1.0
   -0.017179   -0.725862  0.000000  1.0
   -0.017179   -0.723811  0.000000  1.0
   -0.017179   -0.721759  0.000000  1.0
   -0.017179   -0.719708  0.000000  1.0
   -0.017179   -0.717657  0.000000  1.0
   -0.017179   -0.715606  0.000000  1.0
   -0.017179   -0.713554  0.000000  1.0
   -0.017179   -0.711503  0.000000  1.0
   -0.017179   -0.709452  0.000000  1.0
   -0.017179   -0.707400  0.000000  1.0
   -0.015128   -0.787400  0.000000  1.0
   -0.015128   -0.785349  0.000000  1.0
   -0.015128   -0.783298  0.000000  1.0
   -0.015128   -0.781247  0.000000  1.0
   -0.015128   -0.779195  0.000000  1.0
   -0.015128   -0.777144  0.000000  1.0
   -0.015128   -0.775093  0.000000  1.0
   -0.015128   -0.773041  0.000000  1.0
   -0.015128   -0.770990  0.000000  1.0
   -0.015128   -0.768939  0.000000  1.0
   -0.015128   -0.766888  0.000000  1.0
   -0.015128   -0.764836  0.000000  1.0
   -0.015128   -0.762785  0.000000  1.0
   -0.015128   -0.760734  0.000000  1.0
   -0.015128   -0.758682  0.000000  1.0
   -0.015128   -0.756631  0.000000  1.0
   -0.015128   -0.754580  0.000000  1.0
   -0.015128   -0.752529  0.000000  1.0
   -0.015128   -0.750477  0.000000  1.0
   -0.015128   -0.748426  0.000000  1.0
   -0.015128   -0.746375  0.000000  1.0
   -0.015128   -0.744323  0.000000  1.0
   -0.015128   -0.742272  0.000000  1.0
   -0.015128   -0.740221  0.000000  1.0
   -0.015128   -0.738170  0.000000  1.0
   -0.015128   -0.736118  0.000000  1.0
   -0.015128   -0.734067  0.000000  1.0
   -0.015128   -0.732016  0.000000  1.0
   -0.015128   -0.729964  0.000000  1.0
   -0.015128   -0.727913  0.000000  1.0
   -0.015128   -0.725862  0.000000  1.0
   -0.015128   -0.723811  0.000000  1.0
   -0.015128   -0.721759  0.000000  1.0
   -0.015128   -0.719708  0.000000  1.0
   -0.015128   -0.717657  0.000000  1.0
   -0.015128   -0.715606  0.000000  1.0
   -0.015128   -0.713554  0.000000  1.0
   -0.015128   -0.711503  0.000000  1.0
   -0.015128   -0.709452  0.000000  1.0
   -0.015128   -0.707400  0.000000  1.0
   -0.013077   -0.787400  0.000000  1.0
   -0.013077   -0.785349  0.000000  1.0
   -0.013077   -0.783298  0.000000  1.0
   -0.013077   -0.781247  0.000000  1.0
   -0.013077   -0.779195  0.000000  1.0
   -0.013077   -0.777144  0.000000  1.0
   -0.013077   -0.775093  0.000000  1.0
   -0.013077   -0.773041  0.000000  1.0
   -0.013077   -0.770990  0.000000  1.0
   -0.013077   -0.768939  0.000000  1.0
   -0.013077   -0.766888  0.000000  1.0
   -0.013077   -0.764836  0.000000  1.0
   -0.013077   -0.762785  0.000000  1.0
   -0.013077   -0.760734  0.000000  1.0
   -0.013077   -0.758682  0.000000  1.0
   -0.013077   -0.756631  0.000000  1.0
   -0.013077   -0.754580  0.000000  1.0
   -0.013077   -0.752529  0.000000  1.0
   -0.013077   -0.750477  0.000000  1.0
   -0.013077   -0.748426  0.000000  1.0
   -0.013077   -0.746375  0.000000  1.0
   -0.013077   -0.744323  0.000000  1.0
   -0.013077   -0.742272  0.000000  1.0
   -0.013077   -0.740221  0.000000  1.0
   -0.013077   -0.738170  0.000000  1.0
   -0.013077   -0.736118  0.000000  1.0
   -0.013077   -0.734067  0.000000  1.0
   -0.013077   -0.732016  0.000000  1.0
   -0.013077   -0.729964  0.000000  1.0
   -0.013077   -0.727913  0.000000  1.0
   -0.013077   -0.725862  0.000000  1.0
   -0.013077   -0.723811  0.000000  1.0
   -0.013077   -0.721759  0.000000  1.0
   -0.013077   -0.719708  0.000000  1.0
   -0.013077   -0.717657  0.000000  1.0
   -0.013077   -0.715606  0.000000  1.0
   -0.013077   -0.713554  0.000000  1.0
   -0.013077   -0.711503  0.000000  1.0
   -0.013077   -0.709452  0.000000  1.0
   -0.013077   -0.707400  0.000000  1.0
   -0.011026   -0.787400  0.000000  1.0
   -0.011026   -0.785349  0.000000  1.0
   -0.011026   -0.783298  0.000000  1.0
   -0.011026   -0.781247  0.000000  1.0
   -0.011026   -0.779195  0.000000  1.0
   -0.011026   -0.777144  0.000000  1.0
   -0.011026   -0.775093  0.000000  1.0
   -0.011026   -0.773041  0.000000  1.0
   -0.011026   -0.770990  0.000000  1.0
   -0.011026   -0.768939  0.000000  1.0
   -0.011026   -0.766888  0.000000  1.0
   -0.011026   -0.764836  0.000000  1.0
   -0.011026   -0.762785  0.000000  1.0
   -0.011026   -0.760734  0.000000  1.0
   -0.011026   -0.758682  0.000000  1.0
   -0.011026   -0.756631  0.000000  1.0
   -0.011026   -0.754580  0.000000  1.0
   -0.011026   -0.752529  0.000000  1.0
   -0.011026   -0.750477  0.000000  1.0
   -0.011026   -0.748426  0.000000  1.0
   -0.011026   -0.746375  0.000000  1.0
   -0.011026   -0.744323  0.000000  1.0
   -0.011026   -0.742272  0.000000  1.0
   -0.011026   -0.740221  0.000000  1.0
   -0.011026   -0.738170  0.000000  1.0
   -0.011026   -0.736118  0.000000  1.0
   -0.011026   -0.734067  0.000000  1.0
   -0.011026   -0.732016  0.000000  1.0
   -0.011026   -0.729964  0.000000  1.0
   -0.011026   -0.727913  0.000000  1.0
   -0.011026   -0.725862  0.000000  1.0
   -0.011026   -0.723811  0.000000  1.0
   -0.011026   -0.721759  0.000000  1.0
   -0.011026   -0.719708  0.000000  1.0
   -0.011026   -0.717657  0.000000  1.0
   -0.011026   -0.715606  0.000000  1.0
   -0.011026   -0.713554  0.000000  1.0
   -0.011026   -0.711503  0.000000  1.0
   -0.011026   -0.709452  0.000000  1.0
   -0.011026   -0.707400  0.000000  1.0
   -0.008974   -0.787400  0.000000  1.0
   -0.008974   -0.785349  0.000000  1.0
   -0.008974   -0.783298  0.000000  1.0
   -0.008974   -0.781247  0.000000  1.0
   -0.008974   -0.779195  0.000000  1.0
   -0.008974   -0.777144  0.000000  1.0
   -0.008974   -0.775093  0.000000  1.0
   -0.008974   -0.773041  0.000000  1.0
   -0.008974   -0.770990  0.000000  1.0
   -0.008974   -0.768939  0.000000  1.0
   -0.008974   -0.766888  0.000000  1.0
   -0.008974   -0.764836  0.000000  1.0
   -0.008974   -0.762785  0.000000  1.0
   -0.008974   -0.760734  0.000000  1.0
   -0.008974   -0.758682  0.000000  1.0
   -0.008974   -0.756631  0.000000  1.0
   -0.008974   -0.754580  0.000000  1.0
   -0.008974   -0.752529  0.000000  1.0
   -0.008974   -0.750477  0.000000  1.0
   -0.008974   -0.748426  0.000000  1.0
   -0.008974   -0.746375  0.000000  1.0
   -0.008974   -0.744323  0.000000  1.0
   -0.008974   -0.742272  0.000000  1.0
   -0.008974   -0.740221  0.000000  1.0
   -0.008974   -0.738170  0.000000  1.0
   -0.008974   -0.736118  0.000000  1.0
   -0.008974   -0.734067  0.000000  1.0
   -0.008974   -0.732016  0.000000  1.0
   -0.008974   -0.729964  0.000000  1.0
   -0.008974   -0.727913  0.000000  1.0
   -0.008974   -0.725862  0.000000  1.0
   -0.008974   -0.723811  0.000000  1.0
   -0.008974   -0.721759  0.000000  1.0
   -0.008974   -0.719708  0.000000  1.0
   -0.008974   -0.717657  0.000000  1.0
   -0.008974   -0.715606  0.000000  1.0
   -0.008974   -0.713554  0.000000  1.0
   -0.008974   -0.711503  0.000000  1.0
   -0.008974   -0.709452  0.000000  1.0
   -0.008974   -0.707400  0.000000  1.0
   -0.006923   -0.787400  0.000000  1.0
   -0.006923   -0.785349  0.000000  1.0
   -0.006923   -0.783298  0.000000  1.0
   -0.006923   -0.781247  0.000000  1.0
   -0.006923   -0.779195  0.000000  1.0
   -0.006923   -0.777144  0.000000  1.0
   -0.006923   -0.775093  0.000000  1.0
   -0.006923   -0.773041  0.000000  1.0
   -0.006923   -0.770990  0.000000  1.0
   -0.006923   -0.768939  0.000000  1.0
   -0.006923   -0.766888  0.000000  1.0
   -0.006923   -0.764836  0.000000  1.0
   -0.006923   -0.762785  0.000000  1.0
   -0.006923   -0.760734  0.000000  1.0
   -0.006923   -0.758682  0.000000  1.0
   -0.006923   -0.756631  0.000000  1.0
   -0.006923   -0.754580  0.000000  1.0
   -0.006923   -0.752529  0.000000  1.0
   -0.006923   -0.750477  0.000000  1.0
   -0.006923   -0.748426  0.000000  1.0
   -0.006923   -0.746375  0.000000  1.0
   -0.006923   -0.744323  0.000000  1.0
   -0.006923   -0.742272  0.000000  1.0
   -0.006923   -0.740221  0.000000  1.0
   -0.006923   -0.738170  0.000000  1.0
   -0.006923   -0.736118  0.000000  1.0
   -0.006923   -0.734067  0.000000  1.0
   -0.006923   -0.732016  0.000000  1.0
   -0.006923   -0.729964  0.000000  1.0
   -0.006923   -0.727913  0.000000  1.0
   -0.006923   -0.725862  0.000000  1.0
   -0.006923   -0.723811  0.000000  1.0
   -0.006923   -0.721759  0.000000  1.0
   -0.006923   -0.719708  0.000000  1.0
   -0.006923   -0.717657  0.000000  1.0
   -0.006923   -0.715606  0.000000  1.0
   -0.006923   -0.713554  0.000000  1.0
   -0.006923   -0.711503  0.000000  1.0
   -0.006923   -0.709452  0.000000  1.0
   -0.006923   -0.707400  0.000000  1.0
   -0.004872   -0.787400  0.000000  1.0
   -0.004872   -0.785349  0.000000  1.0
   -0.004872   -0.783298  0.000000  1.0
   -0.004872   -0.781247  0.000000  1.0
   -0.004872   -0.779195  0.000000  1.0
   -0.004872   -0.777144  0.000000  1.0
   -0.004872   -0.775093  0.000000  1.0
   -0.004872   -0.773041  0.000000  1.0
   -0.004872   -0.770990  0.000000  1.0
   -0.004872   -0.768939  0.000000  1.0
   -0.004872   -0.766888  0.000000  1.0
   -0.004872   -0.764836  0.000000  1.0
   -0.004872   -0.762785  0.000000  1.0
   -0.004872   -0.760734  0.000000  1.0
   -0.004872   -0.758682  0.000000  1.0
   -0.004872   -0.756631  0.000000  1.0
   -0.004872   -0.754580  0.000000  1.0
   -0.004872   -0.752529  0.000000  1.0
   -0.004872   -0.750477  0.000000  1.0
   -0.004872   -0.748426  0.000000  1.0
   -0.004872   -0.746375  0.000000  1.0
   -0.004872   -0.744323  0.000000  1.0
   -0.004872   -0.742272  0.000000  1.0
   -0.004872   -0.740221  0.000000  1.0
   -0.004872   -0.738170  0.000000  1.0
   -0.004872   -0.736118  0.000000  1.0
   -0.004872   -0.734067  0.000000  1.0
   -0.004872   -0.732016  0.000000  1.0
   -0.004872   -0.729964  0.000000  1.0
   -0.004872   -0.727913  0.000000  1.0
   -0.004872   -0.725862  0.000000  1.0
   -0.004872   -0.723811  0.000000  1.0
   -0.004872   -0.721759  0.000000  1.0
   -0.004872   -0.719708  0.000000  1.0
   -0.004872   -0.717657  0.000000  1.0
   -0.004872   -0.715606  0.000000  1.0
   -0.004872   -0.713554  0.000000  1.0
   -0.004872   -0.711503  0.000000  1.0
   -0.004872   -0.709452  0.000000  1.0
   -0.004872   -0.707400  0.000000  1.0
   -0.002821   -0.787400  0.000000  1.0
   -0.002821   -0.785349  0.000000  1.0
   -0.002821   -0.783298  0.000000  1.0
   -0.002821   -0.781247  0.000000  1.0
   -0.002821   -0.779195  0.000000  1.0
   -0.002821   -0.777144  0.000000  1.0
   -0.002821   -0.775093  0.000000  1.0
   -0.002821   -0.773041  0.000000  1.0
   -0.002821   -0.770990  0.000000  1.0
   -0.002821   -0.768939  0.000000  1.0
   -0.002821   -0.766888  0.000000  1.0
   -0.002821   -0.764836  0.000000  1.0
   -0.002821   -0.762785  0.000000  1.0
   -0.002821   -0.760734  0.000000  1.0
   -0.002821   -0.758682  0.000000  1.0
   -0.002821   -0.756631  0.000000  1.0
   -0.002821   -0.754580  0.000000  1.0
   -0.002821   -0.752529  0.000000  1.0
   -0.002821   -0.750477  0.000000  1.0
   -0.002821   -0.748426  0.000000  1.0
   -0.002821   -0.746375  0.000000  1.0
   -0.002821   -0.744323  0.000000  1.0
   -0.002821   -0.742272  0.000000  1.0
   -0.002821   -0.740221  0.000000  1.0
   -0.002821   -0.738170  0.000000  1.0
   -0.002821   -0.736118  0.000000  1.0
   -0.002821   -0.734067  0.000000  1.0
   -0.002821   -0.732016  0.000000  1.0
   -0.002821   -0.729964  0.000000  1.0
   -0.002821   -0.727913  0.000000  1.0
   -0.002821   -0.725862  0.000000  1.0
   -0.002821   -0.723811  0.000000  1.0
   -0.002821   -0.721759  0.000000  1.0
   -0.002821   -0.719708  0.000000  1.0
   -0.002821   -0.717657  0.000000  1.0
   -0.002821   -0.715606  0.000000  1.0
   -0.002821   -0.713554  0.000000  1.0
   -0.002821   -0.711503  0.000000  1.0
   -0.002821   -0.709452  0.000000  1.0
   -0.002821   -0.707400  0.000000  1.0
   -0.000769   -0.787400  0.000000  1.0
   -0.000769   -0.785349  0.000000  1.0
   -0.000769   -0.783298  0.000000  1.0
   -0.000769   -0.781247  0.000000  1.0
   -0.000769   -0.779195  0.000000  1.0
   -0.000769   -0.777144  0.000000  1.0
   -0.000769   -0.775093  0.000000  1.0
   -0.000769   -0.773041  0.000000  1.0
   -0.000769   -0.770990  0.000000  1.0
   -0.000769   -0.768939  0.000000  1.0
   -0.000769   -0.766888  0.000000  1.0
   -0.000769   -0.764836  0.000000  1.0
   -0.000769   -0.762785  0.000000  1.0
   -0.000769   -0.760734  0.000000  1.0
   -0.000769   -0.758682  0.000000  1.0
   -0.000769   -0.756631  0.000000  1.0
   -0.000769   -0.754580  0.000000  1.0
   -0.000769   -0.752529  0.000000  1.0
   -0.000769   -0.750477  0.000000  1.0
   -0.000769   -0.748426  0.000000  1.0
   -0.000769   -0.746375  0.000000  1.0
   -0.000769   -0.744323  0.000000  1.0
   -0.000769   -0.742272  0.000000  1.0
   -0.000769   -0.740221  0.000000  1.0
   -0.000769   -0.738170  0.000000  1.0
   -0.000769   -0.736118  0.000000  1.0
   -0.000769   -0.734067  0.000000  1.0
   -0.000769   -0.732016  0.000000  1.0
   -0.000769   -0.729964  0.000000  1.0
   -0.000769   -0.727913  0.000000  1.0
   -0.000769   -0.725862  0.000000  1.0
   -0.000769   -0.723811  0.000000  1.0
   -0.000769   -0.721759  0.000000  1.0
   -0.000769   -0.719708  0.000000  1.0
   -0.000769   -0.717657  0.000000  1.0
   -0.000769   -0.715606  0.000000  1.0
   -0.000769   -0.713554  0.000000  1.0
   -0.000769   -0.711503  0.000000  1.0
   -0.000769   -0.709452  0.000000  1.0
   -0.000769   -0.707400  0.000000  1.0
    0.001282   -0.787400  0.000000  1.0
    0.001282   -0.785349  0.000000  1.0
    0.001282   -0.783298  0.000000  1.0
    0.001282   -0.781247  0.000000  1.0
    0.001282   -0.779195  0.000000  1.0
    0.001282   -0.777144  0.000000  1.0
    0.001282   -0.775093  0.000000  1.0
    0.001282   -0.773041  0.000000  1.0
    0.001282   -0.770990  0.000000  1.0
    0.001282   -0.768939  0.000000  1.0
    0.001282   -0.766888  0.000000  1.0
    0.001282   -0.764836  0.000000  1.0
    0.001282   -0.762785  0.000000  1.0
    0.001282   -0.760734  0.000000  1.0
    0.001282   -0.758682  0.000000  1.0
    0.001282   -0.756631  0.000000  1.0
    0.001282   -0.754580  0.000000  1.0
    0.001282   -0.752529  0.000000  1.0
    0.001282   -0.750477  0.000000  1.0
    0.001282   -0.748426  0.000000  1.0
    0.001282   -0.746375  0.000000  1.0
    0.001282   -0.744323  0.000000  1.0
    0.001282   -0.742272  0.000000  1.0
    0.001282   -0.740221  0.000000  1.0
    0.001282   -0.738170  0.000000  1.0
    0.001282   -0.736118  0.000000  1.0
    0.001282   -0.734067  0.000000  1.0
    0.001282   -0.732016  0.000000  1.0
    0.001282   -0.729964  0.000000  1.0
    0.001282   -0.727913  0.000000  1.0
    0.001282   -0.725862  0.000000  1.0
    0.001282   -0.723811  0.000000  1.0
    0.001282   -0.721759  0.000000  1.0
    0.001282   -0.719708  0.000000  1.0
    0.001282   -0.717657  0.000000  1.0
    0.001282   -0.715606  0.000000  1.0
    0.001282   -0.713554  0.000000  1.0
    0.001282   -0.711503  0.000000  1.0
    0.001282   -0.709452  0.000000  1.0
    0.001282   -0.707400  0.000000  1.0
    0.003333   -0.787400  0.000000  1.0
    0.003333   -0.785349  0.000000  1.0
    0.003333   -0.783298  0.000000  1.0
    0.003333   -0.781247  0.000000  1.0
    0.003333   -0.779195  0.000000  1.0
    0.003333   -0.777144  0.000000  1.0
    0.003333   -0.775093  0.000000  1.0
    0.003333   -0.773041  0.000000  1.0
    0.003333   -0.770990  0.000000  1.0
    0.003333   -0.768939  0.000000  1.0
    0.003333   -0.766888  0.000000  1.0
    0.003333   -0.764836  0.000000  1.0
    0.003333   -0.762785  0.000000  1.0
    0.003333   -0.760734  0.000000  1.0
    0.003333   -0.758682  0.000000  1.0
    0.003333   -0.756631  0.000000  1.0
    0.003333   -0.754580  0.000000  1.0
    0.003333   -0.752529  0.000000  1.0
    0.003333   -0.750477  0.000000  1.0
    0.003333   -0.748426  0.000000  1.0
    0.003333   -0.746375  0.000000  1.0
    0.003333   -0.744323  0.000000  1.0
    0.003333   -0.742272  0.000000  1.0
    0.003333   -0.740221  0.000000  1.0
    0.003333   -0.738170  0.000000  1.0
    0.003333   -0.736118  0.000000  1.0
    0.003333   -0.734067  0.000000  1.0
    0.003333   -0.732016  0.000000  1.0
    0.003333   -0.729964  0.000000  1.0
    0.003333   -0.727913  0.000000  1.0
    0.003333   -0.725862  0.000000  1.0
    0.003333   -0.723811  0.000000  1.0
    0.003333   -0.721759  0.000000  1.0
    0.003333   -0.719708  0.000000  1.0
    0.003333   -0.717657  0.000000  1.0
    0.003333   -0.715606  0.000000  1.0
    0.003333   -0.713554  0.000000  1.0
    0.003333   -0.711503  0.000000  1.0
    0.003333   -0.709452  0.000000  1.0
    0.003333   -0.707400  0.000000  1.0
    0.005385   -0.787400  0.000000  1.0
    0.005385   -0.785349  0.000000  1.0
    0.005385   -0.783298  0.000000  1.0
    0.005385   -0.781247  0.000000  1.0
    0.005385   -0.779195  0.000000  1.0
    0.005385   -0.777144  0.000000  1.0
    0.005385   -0.775093  0.000000  1.0
    0.005385   -0.773041  0.000000  1.0
    0.005385   -0.770990  0.000000  1.0
    0.005385   -0.768939  0.000000  1.0
    0.005385   -0.766888  0.000000  1.0
    0.005385   -0.764836  0.000000  1.0
    0.005385   -0.762785  0.000000  1.0
    0.005385   -0.760734  0.000000  1.0
    0.005385   -0.758682  0.000000  1.0
    0.005385   -0.756631  0.000000  1.0
    0.005385   -0.754580  0.000000  1.0
    0.005385   -0.752529  0.000000  1.0
    0.005385   -0.750477  0.000000  1.0
    0.005385   -0.748426  0.000000  1.0
    0.005385   -0.746375  0.000000  1.0
    0.005385   -0.744323  0.000000  1.0
    0.005385   -0.742272  0.000000  1.0
    0.005385   -0.740221  0.000000  1.0
    0.005385   -0.738170  0.000000  1.0
    0.005385   -0.736118  0.000000  1.0
    0.005385   -0.734067  0.000000  1.0
    0.005385   -0.732016  0.000000  1.0
    0.005385   -0.729964  0.000000  1.0
    0.005385   -0.727913  0.000000  1.0
    0.005385   -0.725862  0.000000  1.0
    0.005385   -0.723811  0.000000  1.0
    0.005385   -0.721759  0.000000  1.0
    0.005385   -0.719708  0.000000  1.0
    0.005385   -0.717657  0.000000  1.0
    0.005385   -0.715606  0.000000  1.0
    0.005385   -0.713554  0.000000  1.0
    0.005385   -0.711503  0.000000  1.0
    0.005385   -0.709452  0.000000  1.0
    0.005385   -0.707400  0.000000  1.0
    0.007436   -0.787400  0.000000  1.0
    0.007436   -0.785349  0.000000  1.0
    0.007436   -0.783298  0.000000  1.0
    0.007436   -0.781247  0.000000  1.0
    0.007436   -0.779195  0.000000  1.0
    0.007436   -0.777144  0.000000  1.0
    0.007436   -0.775093  0.000000  1.0
    0.007436   -0.773041  0.000000  1.0
    0.007436   -0.770990  0.000000  1.0
    0.007436   -0.768939  0.000000  1.0
    0.007436   -0.766888  0.000000  1.0
    0.007436   -0.764836  0.000000  1.0
    0.007436   -0.762785  0.000000  1.0
    0.007436   -0.760734  0.000000  1.0
    0.007436   -0.758682  0.000000  1.0
    0.007436   -0.756631  0.000000  1.0
    0.007436   -0.754580  0.000000  1.0
    0.007436   -0.752529  0.000000  1.0
    0.007436   -0.750477  0.000000  1.0
    0.007436   -0.748426  0.000000  1.0
    0.007436   -0.746375  0.000000  1.0
    0.007436   -0.744323  0.000000  1.0
    0.007436   -0.742272  0.000000  1.0
    0.007436   -0.740221  0.000000  1.0
    0.007436   -0.738170  0.000000  1.0
    0.007436   -0.736118  0.000000  1.0
    0.007436   -0.734067  0.000000  1.0
    0.007436   -0.732016  0.000000  1.0
    0.007436   -0.729964  0.000000  1.0
    0.007436   -0.727913  0.000000  1.0
    0.007436   -0.725862  0.000000  1.0
    0.007436   -0.723811  0.000000  1.0
    0.007436   -0.721759  0.000000  1.0
    0.007436   -0.719708  0.000000  1.0
    0.007436   -0.717657  0.000000  1.0
    0.007436   -0.715606  0.000000  1.0
    0.007436   -0.713554  0.000000  1.0
    0.007436   -0.711503  0.000000  1.0
    0.007436   -0.709452  0.000000  1.0
    0.007436   -0.707400  0.000000  1.0
    0.009487   -0.787400  0.000000  1.0
    0.009487   -0.785349  0.000000  1.0
    0.009487   -0.783298  0.000000  1.0
    0.009487   -0.781247  0.000000  1.0
    0.009487   -0.779195  0.000000  1.0
    0.009487   -0.777144  0.000000  1.0
    0.009487   -0.775093  0.000000  1.0
    0.009487   -0.773041  0.000000  1.0
    0.009487   -0.770990  0.000000  1.0
    0.009487   -0.768939  0.000000  1.0
    0.009487   -0.766888  0.000000  1.0
    0.009487   -0.764836  0.000000  1.0
    0.009487   -0.762785  0.000000  1.0
    0.009487   -0.760734  0.000000  1.0
    0.009487   -0.758682  0.000000  1.0
    0.009487   -0.756631  0.000000  1.0
    0.009487   -0.754580  0.000000  1.0
    0.009487   -0.752529  0.000000  1.0
    0.009487   -0.750477  0.000000  1.0
    0.009487   -0.748426  0.000000  1.0
    0.009487   -0.746375  0.000000  1.0
    0.009487   -0.744323  0.000000  1.0
    0.009487   -0.742272  0.000000  1.0
    0.009487   -0.740221  0.000000  1.0
    0.009487   -0.738170  0.000000  1.0
    0.009487   -0.736118  0.000000  1.0
    0.009487   -0.734067  0.000000  1.0
    0.009487   -0.732016  0.000000  1.0
    0.009487   -0.729964  0.000000  1.0
    0.009487   -0.727913  0.000000  1.0
    0.009487   -0.725862  0.000000  1.0
    0.009487   -0.723811  0.000000  1.0
    0.009487   -0.721759  0.000000  1.0
    0.009487   -0.719708  0.000000  1.0
    0.009487   -0.717657  0.000000  1.0
    0.009487   -0.715606  0.000000  1.0
    0.009487   -0.713554  0.000000  1.0
    0.009487   -0.711503  0.000000  1.0
    0.009487   -0.709452  0.000000  1.0
    0.009487   -0.707400  0.000000  1.0
    0.011538   -0.787400  0.000000  1.0
    0.011538   -0.785349  0.000000  1.0
    0.011538   -0.783298  0.000000  1.0
    0.011538   -0.781247  0.000000  1.0
    0.011538   -0.779195  0.000000  1.0
    0.011538   -0.777144  0.000000  1.0
    0.011538   -0.775093  0.000000  1.0
    0.011538   -0.773041  0.000000  1.0
    0.011538   -0.770990  0.000000  1.0
    0.011538   -0.768939  0.000000  1.0
    0.011538   -0.766888  0.000000  1.0
    0.011538   -0.764836  0.000000  1.0
    0.011538   -0.762785  0.000000  1.0
    0.011538   -0.760734  0.000000  1.0
    0.011538   -0.758682  0.000000  1.0
    0.011538   -0.756631  0.000000  1.0
    0.011538   -0.754580  0.000000  1.0
    0.011538   -0.752529  0.000000  1.0
    0.011538   -0.750477  0.000000  1.0
    0.011538   -0.748426  0.000000  1.0
    0.011538   -0.746375  0.000000  1.0
    0.011538   -0.744323  0.000000  1.0
    0.011538   -0.742272  0.000000  1.0
    0.011538   -0.740221  0.000000  1.0
    0.011538   -0.738170  0.000000  1.0
    0.011538   -0.736118  0.000000  1.0
    0.011538   -0.734067  0.000000  1.0
    0.011538   -0.732016  0.000000  1.0
    0.011538   -0.729964  0.000000  1.0
    0.011538   -0.727913  0.000000  1.0
    0.011538   -0.725862  0.000000  1.0
    0.011538   -0.723811  0.000000  1.0
    0.011538   -0.721759  0.000000  1.0
    0.011538   -0.719708  0.000000  1.0
    0.011538   -0.717657  0.000000  1.0
    0.011538   -0.715606  0.000000  1.0
    0.011538   -0.713554  0.000000  1.0
    0.011538   -0.711503  0.000000  1.0
    0.011538   -0.709452  0.000000  1.0
    0.011538   -0.707400  0.000000  1.0
    0.013590   -0.787400  0.000000  1.0
    0.013590   -0.785349  0.000000  1.0
    0.013590   -0.783298  0.000000  1.0
    0.013590   -0.781247  0.000000  1.0
    0.013590   -0.779195  0.000000  1.0
    0.013590   -0.777144  0.000000  1.0
    0.013590   -0.775093  0.000000  1.0
    0.013590   -0.773041  0.000000  1.0
    0.013590   -0.770990  0.000000  1.0
    0.013590   -0.768939  0.000000  1.0
    0.013590   -0.766888  0.000000  1.0
    0.013590   -0.764836  0.000000  1.0
    0.013590   -0.762785  0.000000  1.0
    0.013590   -0.760734  0.000000  1.0
    0.013590   -0.758682  0.000000  1.0
    0.013590   -0.756631  0.000000  1.0
    0.013590   -0.754580  0.000000  1.0
    0.013590   -0.752529  0.000000  1.0
    0.013590   -0.750477  0.000000  1.0
    0.013590   -0.748426  0.000000  1.0
    0.013590   -0.746375  0.000000  1.0
    0.013590   -0.744323  0.000000  1.0
    0.013590   -0.742272  0.000000  1.0
    0.013590   -0.740221  0.000000  1.0
    0.013590   -0.738170  0.000000  1.0
    0.013590   -0.736118  0.000000  1.0
    0.013590   -0.734067  0.000000  1.0
    0.013590   -0.732016  0.000000  1.0
    0.013590   -0.729964  0.000000  1.0
    0.013590   -0.727913  0.000000  1.0
    0.013590   -0.725862  0.000000  1.0
    0.013590   -0.723811  0.000000  1.0
    0.013590   -0.721759  0.000000  1.0
    0.013590   -0.719708  0.000000  1.0
    0.013590   -0.717657  0.000000  1.0
    0.013590   -0.715606  0.000000  1.0
    0.013590   -0.713554  0.000000  1.0
    0.013590   -0.711503  0.000000  1.0
    0.013590   -0.709452  0.000000  1.0
    0.013590   -0.707400  0.000000  1.0
    0.015641   -0.787400  0.000000  1.0
    0.015641   -0.785349  0.000000  1.0
    0.015641   -0.783298  0.000000  1.0
    0.015641   -0.781247  0.000000  1.0
    0.015641   -0.779195  0.000000  1.0
    0.015641   -0.777144  0.000000  1.0
    0.015641   -0.775093  0.000000  1.0
    0.015641   -0.773041  0.000000  1.0
    0.015641   -0.770990  0.000000  1.0
    0.015641   -0.768939  0.000000  1.0
    0.015641   -0.766888  0.000000  1.0
    0.015641   -0.764836  0.000000  1.0
    0.015641   -0.762785  0.000000  1.0
    0.015641   -0.760734  0.000000  1.0
    0.015641   -0.758682  0.000000  1.0
    0.015641   -0.756631  0.000000  1.0
    0.015641   -0.754580  0.000000  1.0
    0.015641   -0.752529  0.000000  1.0
    0.015641   -0.750477  0.000000  1.0
    0.015641   -0.748426  0.000000  1.0
    0.015641   -0.746375  0.000000  1.0
    0.015641   -0.744323  0.000000  1.0
    0.015641   -0.742272  0.000000  1.0
    0.015641   -0.740221  0.000000  1.0
    0.015641   -0.738170  0.000000  1.0
    0.015641   -0.736118  0.000000  1.0
    0.015641   -0.734067  0.000000  1.0
    0.015641   -0.732016  0.000000  1.0
    0.015641   -0.729964  0.000000  1.0
    0.015641   -0.727913  0.000000  1.0
    0.015641   -0.725862  0.000000  1.0
    0.015641   -0.723811  0.000000  1.0
    0.015641   -0.721759  0.000000  1.0
    0.015641   -0.719708  0.000000  1.0
    0.015641   -0.717657  0.000000  1.0
    0.015641   -0.715606  0.000000  1.0
    0.015641   -0.713554  0.000000  1.0
    0.015641   -0.711503  0.000000  1.0
    0.015641   -0.709452  0.000000  1.0
    0.015641   -0.707400  0.000000  1.0
    0.017692   -0.787400  0.000000  1.0
    0.017692   -0.785349  0.000000  1.0
    0.017692   -0.783298  0.000000  1.0
    0.017692   -0.781247  0.000000  1.0
    0.017692   -0.779195  0.000000  1.0
    0.017692   -0.777144  0.000000  1.0
    0.017692   -0.775093  0.000000  1.0
    0.017692   -0.773041  0.000000  1.0
    0.017692   -0.770990  0.000000  1.0
    0.017692   -0.768939  0.000000  1.0
    0.017692   -0.766888  0.000000  1.0
    0.017692   -0.764836  0.000000  1.0
    0.017692   -0.762785  0.000000  1.0
    0.017692   -0.760734  0.000000  1.0
    0.017692   -0.758682  0.000000  1.0
    0.017692   -0.756631  0.000000  1.0
    0.017692   -0.754580  0.000000  1.0
    0.017692   -0.752529  0.000000  1.0
    0.017692   -0.750477  0.000000  1.0
    0.017692   -0.748426  0.000000  1.0
    0.017692   -0.746375  0.000000  1.0
    0.017692   -0.744323  0.000000  1.0
    0.017692   -0.742272  0.000000  1.0
    0.017692   -0.740221  0.000000  1.0
    0.017692   -0.738170  0.000000  1.0
    0.017692   -0.736118  0.000000  1.0
    0.017692   -0.734067  0.000000  1.0
    0.017692   -0.732016  0.000000  1.0
    0.017692   -0.729964  0.000000  1.0
    0.017692   -0.727913  0.000000  1.0
    0.017692   -0.725862  0.000000  1.0
    0.017692   -0.723811  0.000000  1.0
    0.017692   -0.721759  0.000000  1.0
    0.017692   -0.719708  0.000000  1.0
    0.017692   -0.717657  0.000000  1.0
    0.017692   -0.715606  0.000000  1.0
    0.017692   -0.713554  0.000000  1.0
    0.017692   -0.711503  0.000000  1.0
    0.017692   -0.709452  0.000000  1.0
    0.017692   -0.707400  0.000000  1.0
    0.019744   -0.787400  0.000000  1.0
    0.019744   -0.785349  0.000000  1.0
    0.019744   -0.783298  0.000000  1.0
    0.019744   -0.781247  0.000000  1.0
    0.019744   -0.779195  0.000000  1.0
    0.019744   -0.777144  0.000000  1.0
    0.019744   -0.775093  0.000000  1.0
    0.019744   -0.773041  0.000000  1.0
    0.019744   -0.770990  0.000000  1.0
    0.019744   -0.768939  0.000000  1.0
    0.019744   -0.766888  0.000000  1.0
    0.019744   -0.764836  0.000000  1.0
    0.019744   -0.762785  0.000000  1.0
    0.019744   -0.760734  0.000000  1.0
    0.019744   -0.758682  0.000000  1.0
    0.019744   -0.756631  0.000000  1.0
    0.019744   -0.754580  0.000000  1.0
    0.019744   -0.752529  0.000000  1.0
    0.019744   -0.750477  0.000000  1.0
    0.019744   -0.748426  0.000000  1.0
    0.019744   -0.746375  0.000000  1.0
    0.019744   -0.744323  0.000000  1.0
    0.019744   -0.742272  0.000000  1.0
    0.019744   -0.740221  0.000000  1.0
    0.019744   -0.738170  0.000000  1.0
    0.019744   -0.736118  0.000000  1.0
    0.019744   -0.734067  0.000000  1.0
    0.019744   -0.732016  0.000000  1.0
    0.019744   -0.729964  0.000000  1.0
    0.019744   -0.727913  0.000000  1.0
    0.019744   -0.725862  0.000000  1.0
    0.019744   -0.723811  0.000000  1.0
    0.019744   -0.721759  0.000000  1.0
    0.019744   -0.719708  0.000000  1.0
    0.019744   -0.717657  0.000000  1.0
    0.019744   -0.715606  0.000000  1.0
    0.019744   -0.713554  0.000000  1.0
    0.019744   -0.711503  0.000000  1.0
    0.019744   -0.709452  0.000000  1.0
    0.019744   -0.707400  0.000000  1.0
    0.021795   -0.787400  0.000000  1.0
    0.021795   -0.785349  0.000000  1.0
    0.021795   -0.783298  0.000000  1.0
    0.021795   -0.781247  0.000000  1.0
    0.021795   -0.779195  0.000000  1.0
    0.021795   -0.777144  0.000000  1.0
    0.021795   -0.775093  0.000000  1.0
    0.021795   -0.773041  0.000000  1.0
    0.021795   -0.770990  0.000000  1.0
    0.021795   -0.768939  0.000000  1.0
    0.021795   -0.766888  0.000000  1.0
    0.021795   -0.764836  0.000000  1.0
    0.021795   -0.762785  0.000000  1.0
    0.021795   -0.760734  0.000000  1.0
    0.021795   -0.758682  0.000000  1.0
    0.021795   -0.756631  0.000000  1.0
    0.021795   -0.754580  0.000000  1.0
    0.021795   -0.752529  0.000000  1.0
    0.021795   -0.750477  0.000000  1.0
    0.021795   -0.748426  0.000000  1.0
    0.021795   -0.746375  0.000000  1.0
    0.021795   -0.744323  0.000000  1.0
    0.021795   -0.742272  0.000000  1.0
    0.021795   -0.740221  0.000000  1.0
    0.021795   -0.738170  0.000000  1.0
    0.021795   -0.736118  0.000000  1.0
    0.021795   -0.734067  0.000000  1.0
    0.021795   -0.732016  0.000000  1.0
    0.021795   -0.729964  0.000000  1.0
    0.021795   -0.727913  0.000000  1.0
    0.021795   -0.725862  0.000000  1.0
    0.021795   -0.723811  0.000000  1.0
    0.021795   -0.721759  0.000000  1.0
    0.021795   -0.719708  0.000000  1.0
    0.021795   -0.717657  0.000000  1.0
    0.021795   -0.715606  0.000000  1.0
    0.021795   -0.713554  0.000000  1.0
    0.021795   -0.711503  0.000000  1.0
    0.021795   -0.709452  0.000000  1.0
    0.021795   -0.707400  0.000000  1.0
    0.023846   -0.787400  0.000000  1.0
    0.023846   -0.785349  0.000000  1.0
    0.023846   -0.783298  0.000000  1.0
    0.023846   -0.781247  0.000000  1.0
    0.023846   -0.779195  0.000000  1.0
    0.023846   -0.777144  0.000000  1.0
    0.023846   -0.775093  0.000000  1.0
    0.023846   -0.773041  0.000000  1.0
    0.023846   -0.770990  0.000000  1.0
    0.023846   -0.768939  0.000000  1.0
    0.023846   -0.766888  0.000000  1.0
    0.023846   -0.764836  0.000000  1.0
    0.023846   -0.762785  0.000000  1.0
    0.023846   -0.760734  0.000000  1.0
    0.023846   -0.758682  0.000000  1.0
    0.023846   -0.756631  0.000000  1.0
    0.023846   -0.754580  0.000000  1.0
    0.023846   -0.752529  0.000000  1.0
    0.023846   -0.750477  0.000000  1.0
    0.023846   -0.748426  0.000000  1.0
    0.023846   -0.746375  0.000000  1.0
    0.023846   -0.744323  0.000000  1.0
    0.023846   -0.742272  0.000000  1.0
    0.023846   -0.740221  0.000000  1.0
    0.023846   -0.738170  0.000000  1.0
    0.023846   -0.736118  0.000000  1.0
    0.023846   -0.734067  0.000000  1.0
    0.023846   -0.732016  0.000000  1.0
    0.023846   -0.729964  0.000000  1.0
    0.023846   -0.727913  0.000000  1.0
    0.023846   -0.725862  0.000000  1.0
    0.023846   -0.723811  0.000000  1.0
    0.023846   -0.721759  0.000000  1.0
    0.023846   -0.719708  0.000000  1.0
    0.023846   -0.717657  0.000000  1.0
    0.023846   -0.715606  0.000000  1.0
    0.023846   -0.713554  0.000000  1.0
    0.023846   -0.711503  0.000000  1.0
    0.023846   -0.709452  0.000000  1.0
    0.023846   -0.707400  0.000000  1.0
    0.025897   -0.787400  0.000000  1.0
    0.025897   -0.785349  0.000000  1.0
    0.025897   -0.783298  0.000000  1.0
    0.025897   -0.781247  0.000000  1.0
    0.025897   -0.779195  0.000000  1.0
    0.025897   -0.777144  0.000000  1.0
    0.025897   -0.775093  0.000000  1.0
    0.025897   -0.773041  0.000000  1.0
    0.025897   -0.770990  0.000000  1.0
    0.025897   -0.768939  0.000000  1.0
    0.025897   -0.766888  0.000000  1.0
    0.025897   -0.764836  0.000000  1.0
    0.025897   -0.762785  0.000000  1.0
    0.025897   -0.760734  0.000000  1.0
    0.025897   -0.758682  0.000000  1.0
    0.025897   -0.756631  0.000000  1.0
    0.025897   -0.754580  0.000000  1.0
    0.025897   -0.752529  0.000000  1.0
    0.025897   -0.750477  0.000000  1.0
    0.025897   -0.748426  0.000000  1.0
    0.025897   -0.746375  0.000000  1.0
    0.025897   -0.744323  0.000000  1.0
    0.025897   -0.742272  0.000000  1.0
    0.025897   -0.740221  0.000000  1.0
    0.025897   -0.738170  0.000000  1.0
    0.025897   -0.736118  0.000000  1.0
    0.025897   -0.734067  0.000000  1.0
    0.025897   -0.732016  0.000000  1.0
    0.025897   -0.729964  0.000000  1.0
    0.025897   -0.727913  0.000000  1.0
    0.025897   -0.725862  0.000000  1.0
    0.025897   -0.723811  0.000000  1.0
    0.025897   -0.721759  0.000000  1.0
    0.025897   -0.719708  0.000000  1.0
    0.025897   -0.717657  0.000000  1.0
    0.025897   -0.715606  0.000000  1.0
    0.025897   -0.713554  0.000000  1.0
    0.025897   -0.711503  0.000000  1.0
    0.025897   -0.709452  0.000000  1.0
    0.025897   -0.707400  0.000000  1.0
    0.027949   -0.787400  0.000000  1.0
    0.027949   -0.785349  0.000000  1.0
    0.027949   -0.783298  0.000000  1.0
    0.027949   -0.781247  0.000000  1.0
    0.027949   -0.779195  0.000000  1.0
    0.027949   -0.777144  0.000000  1.0
    0.027949   -0.775093  0.000000  1.0
    0.027949   -0.773041  0.000000  1.0
    0.027949   -0.770990  0.000000  1.0
    0.027949   -0.768939  0.000000  1.0
    0.027949   -0.766888  0.000000  1.0
    0.027949   -0.764836  0.000000  1.0
    0.027949   -0.762785  0.000000  1.0
    0.027949   -0.760734  0.000000  1.0
    0.027949   -0.758682  0.000000  1.0
    0.027949   -0.756631  0.000000  1.0
    0.027949   -0.754580  0.000000  1.0
    0.027949   -0.752529  0.000000  1.0
    0.027949   -0.750477  0.000000  1.0
    0.027949   -0.748426  0.000000  1.0
    0.027949   -0.746375  0.000000  1.0
    0.027949   -0.744323  0.000000  1.0
    0.027949   -0.742272  0.000000  1.0
    0.027949   -0.740221  0.000000  1.0
    0.027949   -0.738170  0.000000  1.0
    0.027949   -0.736118  0.000000  1.0
    0.027949   -0.734067  0.000000  1.0
    0.027949   -0.732016  0.000000  1.0
    0.027949   -0.729964  0.000000  1.0
    0.027949   -0.727913  0.000000  1.0
    0.027949   -0.725862  0.000000  1.0
    0.027949   -0.723811  0.000000  1.0
    0.027949   -0.721759  0.000000  1.0
    0.027949   -0.719708  0.000000  1.0
    0.027949   -0.717657  0.000000  1.0
    0.027949   -0.715606  0.000000  1.0
    0.027949   -0.713554  0.000000  1.0
    0.027949   -0.711503  0.000000  1.0
    0.027949   -0.709452  0.000000  1.0
    0.027949   -0.707400  0.000000  1.0
    0.030000   -0.787400  0.000000  1.0
    0.030000   -0.785349  0.000000  1.0
    0.030000   -0.783298  0.000000  1.0
    0.030000   -0.781247  0.000000  1.0
    0.030000   -0.779195  0.000000  1.0
    0.030000   -0.777144  0.000000  1.0
    0.030000   -0.775093  0.000000  1.0
    0.030000   -0.773041  0.000000  1.0
    0.030000   -0.770990  0.000000  1.0
    0.030000   -0.768939  0.000000  1.0
    0.030000   -0.766888  0.000000  1.0
    0.030000   -0.764836  0.000000  1.0
    0.030000   -0.762785  0.000000  1.0
    0.030000   -0.760734  0.000000  1.0
    0.030000   -0.758682  0.000000  1.0
    0.030000   -0.756631  0.000000  1.0
    0.030000   -0.754580  0.000000  1.0
    0.030000   -0.752529  0.000000  1.0
    0.030000   -0.750477  0.000000  1.0
    0.030000   -0.748426  0.000000  1.0
    0.030000   -0.746375  0.000000  1.0
    0.030000   -0.744323  0.000000  1.0
    0.030000   -0.742272  0.000000  1.0
    0.030000   -0.740221  0.000000  1.0
    0.030000   -0.738170  0.000000  1.0
    0.030000   -0.736118  0.000000  1.0
    0.030000   -0.734067  0.000000  1.0
    0.030000   -0.732016  0.000000  1.0
    0.030000   -0.729964  0.000000  1.0
    0.030000   -0.727913  0.000000  1.0
    0.030000   -0.725862  0.000000  1.0
    0.030000   -0.723811  0.000000  1.0
    0.030000   -0.721759  0.000000  1.0
    0.030000   -0.719708  0.000000  1.0
    0.030000   -0.717657  0.000000  1.0
    0.030000   -0.715606  0.000000  1.0
    0.030000   -0.713554  0.000000  1.0
    0.030000   -0.711503  0.000000  1.0
    0.030000   -0.709452  0.000000  1.0
    0.030000   -0.707400  0.000000  1.0
    0.032051   -0.787400  0.000000  1.0
    0.032051   -0.785349  0.000000  1.0
    0.032051   -0.783298  0.000000  1.0
    0.032051   -0.781247  0.000000  1.0
    0.032051   -0.779195  0.000000  1.0
    0.032051   -0.777144  0.000000  1.0
    0.032051   -0.775093  0.000000  1.0
    0.032051   -0.773041  0.000000  1.0
    0.032051   -0.770990  0.000000  1.0
    0.032051   -0.768939  0.000000  1.0
    0.032051   -0.766888  0.000000  1.0
    0.032051   -0.764836  0.000000  1.0
    0.032051   -0.762785  0.000000  1.0
    0.032051   -0.760734  0.000000  1.0
    0.032051   -0.758682  0.000000  1.0
    0.032051   -0.756631  0.000000  1.0
    0.032051   -0.754580  0.000000  1.0
    0.032051   -0.752529  0.000000  1.0
    0.032051   -0.750477  0.000000  1.0
    0.032051   -0.748426  0.000000  1.0
    0.032051   -0.746375  0.000000  1.0
    0.032051   -0.744323  0.000000  1.0
    0.032051   -0.742272  0.000000  1.0
    0.032051   -0.740221  0.000000  1.0
    0.032051   -0.738170  0.000000  1.0
    0.032051   -0.736118  0.000000  1.0
    0.032051   -0.734067  0.000000  1.0
    0.032051   -0.732016  0.000000  1.0
    0.032051   -0.729964  0.000000  1.0
    0.032051   -0.727913  0.000000  1.0
    0.032051   -0.725862  0.000000  1.0
    0.032051   -0.723811  0.000000  1.0
    0.032051   -0.721759  0.000000  1.0
    0.032051   -0.719708  0.000000  1.0
    0.032051   -0.717657  0.000000  1.0
    0.032051   -0.715606  0.000000  1.0
    0.032051   -0.713554  0.000000  1.0
    0.032051   -0.711503  0.000000  1.0
    0.032051   -0.709452  0.000000  1.0
    0.032051   -0.707400  0.000000  1.0
    0.034103   -0.787400  0.000000  1.0
    0.034103   -0.785349  0.000000  1.0
    0.034103   -0.783298  0.000000  1.0
    0.034103   -0.781247  0.000000  1.0
    0.034103   -0.779195  0.000000  1.0
    0.034103   -0.777144  0.000000  1.0
    0.034103   -0.775093  0.000000  1.0
    0.034103   -0.773041  0.000000  1.0
    0.034103   -0.770990  0.000000  1.0
    0.034103   -0.768939  0.000000  1.0
    0.034103   -0.766888  0.000000  1.0
    0.034103   -0.764836  0.000000  1.0
    0.034103   -0.762785  0.000000  1.0
    0.034103   -0.760734  0.000000  1.0
    0.034103   -0.758682  0.000000  1.0
    0.034103   -0.756631  0.000000  1.0
    0.034103   -0.754580  0.000000  1.0
    0.034103   -0.752529  0.000000  1.0
    0.034103   -0.750477  0.000000  1.0
    0.034103   -0.748426  0.000000  1.0
    0.034103   -0.746375  0.000000  1.0
    0.034103   -0.744323  0.000000  1.0
    0.034103   -0.742272  0.000000  1.0
    0.034103   -0.740221  0.000000  1.0
    0.034103   -0.738170  0.000000  1.0
    0.034103   -0.736118  0.000000  1.0
    0.034103   -0.734067  0.000000  1.0
    0.034103   -0.732016  0.000000  1.0
    0.034103   -0.729964  0.000000  1.0
    0.034103   -0.727913  0.000000  1.0
    0.034103   -0.725862  0.000000  1.0
    0.034103   -0.723811  0.000000  1.0
    0.034103   -0.721759  0.000000  1.0
    0.034103   -0.719708  0.000000  1.0
    0.034103   -0.717657  0.000000  1.0
    0.034103   -0.715606  0.000000  1.0
    0.034103   -0.713554  0.000000  1.0
    0.034103   -0.711503  0.000000  1.0
    0.034103   -0.709452  0.000000  1.0
    0.034103   -0.707400  0.000000  1.0
    0.036154   -0.787400  0.000000  1.0
    0.036154   -0.785349  0.000000  1.0
    0.036154   -0.783298  0.000000  1.0
    0.036154   -0.781247  0.000000  1.0
    0.036154   -0.779195  0.000000  1.0
    0.036154   -0.777144  0.000000  1.0
    0.036154   -0.775093  0.000000  1.0
    0.036154   -0.773041  0.000000  1.0
    0.036154   -0.770990  0.000000  1.0
    0.036154   -0.768939  0.000000  1.0
    0.036154   -0.766888  0.000000  1.0
    0.036154   -0.764836  0.000000  1.0
    0.036154   -0.762785  0.000000  1.0
    0.036154   -0.760734  0.000000  1.0
    0.036154   -0.758682  0.000000  1.0
    0.036154   -0.756631  0.000000  1.0
    0.036154   -0.754580  0.000000  1.0
    0.036154   -0.752529  0.000000  1.0
    0.036154   -0.750477  0.000000  1.0
    0.036154   -0.748426  0.000000  1.0
    0.036154   -0.746375  0.000000  1.0
    0.036154   -0.744323  0.000000  1.0
    0.036154   -0.742272  0.000000  1.0
    0.036154   -0.740221  0.000000  1.0
    0.036154   -0.738170  0.000000  1.0
    0.036154   -0.736118  0.000000  1.0
    0.036154   -0.734067  0.000000  1.0
    0.036154   -0.732016  0.000000  1.0
    0.036154   -0.729964  0.000000  1.0
    0.036154   -0.727913  0.000000  1.0
    0.036154   -0.725862  0.000000  1.0
    0.036154   -0.723811  0.000000  1.0
    0.036154   -0.721759  0.000000  1.0
    0.036154   -0.719708  0.000000  1.0
    0.036154   -0.717657  0.000000  1.0
    0.036154   -0.715606  0.000000  1.0
    0.036154   -0.713554  0.000000  1.0
    0.036154   -0.711503  0.000000  1.0
    0.036154   -0.709452  0.000000  1.0
    0.036154   -0.707400  0.000000  1.0
    0.038205   -0.787400  0.000000  1.0
    0.038205   -0.785349  0.000000  1.0
    0.038205   -0.783298  0.000000  1.0
    0.038205   -0.781247  0.000000  1.0
    0.038205   -0.779195  0.000000  1.0
    0.038205   -0.777144  0.000000  1.0
    0.038205   -0.775093  0.000000  1.0
    0.038205   -0.773041  0.000000  1.0
    0.038205   -0.770990  0.000000  1.0
    0.038205   -0.768939  0.000000  1.0
    0.038205   -0.766888  0.000000  1.0
    0.038205   -0.764836  0.000000  1.0
    0.038205   -0.762785  0.000000  1.0
    0.038205   -0.760734  0.000000  1.0
    0.038205   -0.758682  0.000000  1.0
    0.038205   -0.756631  0.000000  1.0
    0.038205   -0.754580  0.000000  1.0
    0.038205   -0.752529  0.000000  1.0
    0.038205   -0.750477  0.000000  1.0
    0.038205   -0.748426  0.000000  1.0
    0.038205   -0.746375  0.000000  1.0
    0.038205   -0.744323  0.000000  1.0
    0.038205   -0.742272  0.000000  1.0
    0.038205   -0.740221  0.000000  1.0
    0.038205   -0.738170  0.000000  1.0
    0.038205   -0.736118  0.000000  1.0
    0.038205   -0.734067  0.000000  1.0
    0.038205   -0.732016  0.000000  1.0
    0.038205   -0.729964  0.000000  1.0
    0.038205   -0.727913  0.000000  1.0
    0.038205   -0.725862  0.000000  1.0
    0.038205   -0.723811  0.000000  1.0
    0.038205   -0.721759  0.000000  1.0
    0.038205   -0.719708  0.000000  1.0
    0.038205   -0.717657  0.000000  1.0
    0.038205   -0.715606  0.000000  1.0
    0.038205   -0.713554  0.000000  1.0
    0.038205   -0.711503  0.000000  1.0
    0.038205   -0.709452  0.000000  1.0
    0.038205   -0.707400  0.000000  1.0
    0.040256   -0.787400  0.000000  1.0
    0.040256   -0.785349  0.000000  1.0
    0.040256   -0.783298  0.000000  1.0
    0.040256   -0.781247  0.000000  1.0
    0.040256   -0.779195  0.000000  1.0
    0.040256   -0.777144  0.000000  1.0
    0.040256   -0.775093  0.000000  1.0
    0.040256   -0.773041  0.000000  1.0
    0.040256   -0.770990  0.000000  1.0
    0.040256   -0.768939  0.000000  1.0
    0.040256   -0.766888  0.000000  1.0
    0.040256   -0.764836  0.000000  1.0
    0.040256   -0.762785  0.000000  1.0
    0.040256   -0.760734  0.000000  1.0
    0.040256   -0.758682  0.000000  1.0
    0.040256   -0.756631  0.000000  1.0
    0.040256   -0.754580  0.000000  1.0
    0.040256   -0.752529  0.000000  1.0
    0.040256   -0.750477  0.000000  1.0
    0.040256   -0.748426  0.000000  1.0
    0.040256   -0.746375  0.000000  1.0
    0.040256   -0.744323  0.000000  1.0
    0.040256   -0.742272  0.000000  1.0
    0.040256   -0.740221  0.000000  1.0
    0.040256   -0.738170  0.000000  1.0
    0.040256   -0.736118  0.000000  1.0
    0.040256   -0.734067  0.000000  1.0
    0.040256   -0.732016  0.000000  1.0
    0.040256   -0.729964  0.000000  1.0
    0.040256   -0.727913  0.000000  1.0
    0.040256   -0.725862  0.000000  1.0
    0.040256   -0.723811  0.000000  1.0
    0.040256   -0.721759  0.000000  1.0
    0.040256   -0.719708  0.000000  1.0
    0.040256   -0.717657  0.000000  1.0
    0.040256   -0.715606  0.000000  1.0
    0.040256   -0.713554  0.000000  1.0
    0.040256   -0.711503  0.000000  1.0
    0.040256   -0.709452  0.000000  1.0
    0.040256   -0.707400  0.000000  1.0
    0.042308   -0.787400  0.000000  1.0
    0.042308   -0.785349  0.000000  1.0
    0.042308   -0.783298  0.000000  1.0
    0.042308   -0.781247  0.000000  1.0
    0.042308   -0.779195  0.000000  1.0
    0.042308   -0.777144  0.000000  1.0
    0.042308   -0.775093  0.000000  1.0
    0.042308   -0.773041  0.000000  1.0
    0.042308   -0.770990  0.000000  1.0
    0.042308   -0.768939  0.000000  1.0
    0.042308   -0.766888  0.000000  1.0
    0.042308   -0.764836  0.000000  1.0
    0.042308   -0.762785  0.000000  1.0
    0.042308   -0.760734  0.000000  1.0
    0.042308   -0.758682  0.000000  1.0
    0.042308   -0.756631  0.000000  1.0
    0.042308   -0.754580  0.000000  1.0
    0.042308   -0.752529  0.000000  1.0
    0.042308   -0.750477  0.000000  1.0
    0.042308   -0.748426  0.000000  1.0
    0.042308   -0.746375  0.000000  1.0
    0.042308   -0.744323  0.000000  1.0
    0.042308   -0.742272  0.000000  1.0
    0.042308   -0.740221  0.000000  1.0
    0.042308   -0.738170  0.000000  1.0
    0.042308   -0.736118  0.000000  1.0
    0.042308   -0.734067  0.000000  1.0
    0.042308   -0.732016  0.000000  1.0
    0.042308   -0.729964  0.000000  1.0
    0.042308   -0.727913  0.000000  1.0
    0.042308   -0.725862  0.000000  1.0
    0.042308   -0.723811  0.000000  1.0
    0.042308   -0.721759  0.000000  1.0
    0.042308   -0.719708  0.000000  1.0
    0.042308   -0.717657  0.000000  1.0
    0.042308   -0.715606  0.000000  1.0
    0.042308   -0.713554  0.000000  1.0
    0.042308   -0.711503  0.000000  1.0
    0.042308   -0.709452  0.000000  1.0
    0.042308   -0.707400  0.000000  1.0
    0.044359   -0.787400  0.000000  1.0
    0.044359   -0.785349  0.000000  1.0
    0.044359   -0.783298  0.000000  1.0
    0.044359   -0.781247  0.000000  1.0
    0.044359   -0.779195  0.000000  1.0
    0.044359   -0.777144  0.000000  1.0
    0.044359   -0.775093  0.000000  1.0
    0.044359   -0.773041  0.000000  1.0
    0.044359   -0.770990  0.000000  1.0
    0.044359   -0.768939  0.000000  1.0
    0.044359   -0.766888  0.000000  1.0
    0.044359   -0.764836  0.000000  1.0
    0.044359   -0.762785  0.000000  1.0
    0.044359   -0.760734  0.000000  1.0
    0.044359   -0.758682  0.000000  1.0
    0.044359   -0.756631  0.000000  1.0
    0.044359   -0.754580  0.000000  1.0
    0.044359   -0.752529  0.000000  1.0
    0.044359   -0.750477  0.000000  1.0
    0.044359   -0.748426  0.000000  1.0
    0.044359   -0.746375  0.000000  1.0
    0.044359   -0.744323  0.000000  1.0
    0.044359   -0.742272  0.000000  1.0
    0.044359   -0.740221  0.000000  1.0
    0.044359   -0.738170  0.000000  1.0
    0.044359   -0.736118  0.000000  1.0
    0.044359   -0.734067  0.000000  1.0
    0.044359   -0.732016  0.000000  1.0
    0.044359   -0.729964  0.000000  1.0
    0.044359   -0.727913  0.000000  1.0
    0.044359   -0.725862  0.000000  1.0
    0.044359   -0.723811  0.000000  1.0
    0.044359   -0.721759  0.000000  1.0
    0.044359   -0.719708  0.000000  1.0
    0.044359   -0.717657  0.000000  1.0
    0.044359   -0.715606  0.000000  1.0
    0.044359   -0.713554  0.000000  1.0
    0.044359   -0.711503  0.000000  1.0
    0.044359   -0.709452  0.000000  1.0
    0.044359   -0.707400  0.000000  1.0
    0.046410   -0.787400  0.000000  1.0
    0.046410   -0.785349  0.000000  1.0
    0.046410   -0.783298  0.000000  1.0
    0.046410   -0.781247  0.000000  1.0
    0.046410   -0.779195  0.000000  1.0
    0.046410   -0.777144  0.000000  1.0
    0.046410   -0.775093  0.000000  1.0
    0.046410   -0.773041  0.000000  1.0
    0.046410   -0.770990  0.000000  1.0
    0.046410   -0.768939  0.000000  1.0
    0.046410   -0.766888  0.000000  1.0
    0.046410   -0.764836  0.000000  1.0
    0.046410   -0.762785  0.000000  1.0
    0.046410   -0.760734  0.000000  1.0
    0.046410   -0.758682  0.000000  1.0
    0.046410   -0.756631  0.000000  1.0
    0.046410   -0.754580  0.000000  1.0
    0.046410   -0.752529  0.000000  1.0
    0.046410   -0.750477  0.000000  1.0
    0.046410   -0.748426  0.000000  1.0
    0.046410   -0.746375  0.000000  1.0
    0.046410   -0.744323  0.000000  1.0
    0.046410   -0.742272  0.000000  1.0
    0.046410   -0.740221  0.000000  1.0
    0.046410   -0.738170  0.000000  1.0
    0.046410   -0.736118  0.000000  1.0
    0.046410   -0.734067  0.000000  1.0
    0.046410   -0.732016  0.000000  1.0
    0.046410   -0.729964  0.000000  1.0
    0.046410   -0.727913  0.000000  1.0
    0.046410   -0.725862  0.000000  1.0
    0.046410   -0.723811  0.000000  1.0
    0.046410   -0.721759  0.000000  1.0
    0.046410   -0.719708  0.000000  1.0
    0.046410   -0.717657  0.000000  1.0
    0.046410   -0.715606  0.000000  1.0
    0.046410   -0.713554  0.000000  1.0
    0.046410   -0.711503  0.000000  1.0
    0.046410   -0.709452  0.000000  1.0
    0.046410   -0.707400  0.000000  1.0
    0.048462   -0.787400  0.000000  1.0
    0.048462   -0.785349  0.000000  1.0
    0.048462   -0.783298  0.000000  1.0
    0.048462   -0.781247  0.000000  1.0
    0.048462   -0.779195  0.000000  1.0
    0.048462   -0.777144  0.000000  1.0
    0.048462   -0.775093  0.000000  1.0
    0.048462   -0.773041  0.000000  1.0
    0.048462   -0.770990  0.000000  1.0
    0.048462   -0.768939  0.000000  1.0
    0.048462   -0.766888  0.000000  1.0
    0.048462   -0.764836  0.000000  1.0
    0.048462   -0.762785  0.000000  1.0
    0.048462   -0.760734  0.000000  1.0
    0.048462   -0.758682  0.000000  1.0
    0.048462   -0.756631  0.000000  1.0
    0.048462   -0.754580  0.000000  1.0
    0.048462   -0.752529  0.000000  1.0
    0.048462   -0.750477  0.000000  1.0
    0.048462   -0.748426  0.000000  1.0
    0.048462   -0.746375  0.000000  1.0
    0.048462   -0.744323  0.000000  1.0
    0.048462   -0.742272  0.000000  1.0
    0.048462   -0.740221  0.000000  1.0
    0.048462   -0.738170  0.000000  1.0
    0.048462   -0.736118  0.000000  1.0
    0.048462   -0.734067  0.000000  1.0
    0.048462   -0.732016  0.000000  1.0
    0.048462   -0.729964  0.000000  1.0
    0.048462   -0.727913  0.000000  1.0
    0.048462   -0.725862  0.000000  1.0
    0.048462   -0.723811  0.000000  1.0
    0.048462   -0.721759  0.000000  1.0
    0.048462   -0.719708  0.000000  1.0
    0.048462   -0.717657  0.000000  1.0
    0.048462   -0.715606  0.000000  1.0
    0.048462   -0.713554  0.000000  1.0
    0.048462   -0.711503  0.000000  1.0
    0.048462   -0.709452  0.000000  1.0
    0.048462   -0.707400  0.000000  1.0
    0.050513   -0.787400  0.000000  1.0
    0.050513   -0.785349  0.000000  1.0
    0.050513   -0.783298  0.000000  1.0
    0.050513   -0.781247  0.000000  1.0
    0.050513   -0.779195  0.000000  1.0
    0.050513   -0.777144  0.000000  1.0
    0.050513   -0.775093  0.000000  1.0
    0.050513   -0.773041  0.000000  1.0
    0.050513   -0.770990  0.000000  1.0
    0.050513   -0.768939  0.000000  1.0
    0.050513   -0.766888  0.000000  1.0
    0.050513   -0.764836  0.000000  1.0
    0.050513   -0.762785  0.000000  1.0
    0.050513   -0.760734  0.000000  1.0
    0.050513   -0.758682  0.000000  1.0
    0.050513   -0.756631  0.000000  1.0
    0.050513   -0.754580  0.000000  1.0
    0.050513   -0.752529  0.000000  1.0
    0.050513   -0.750477  0.000000  1.0
    0.050513   -0.748426  0.000000  1.0
    0.050513   -0.746375  0.000000  1.0
    0.050513   -0.744323  0.000000  1.0
    0.050513   -0.742272  0.000000  1.0
    0.050513   -0.740221  0.000000  1.0
    0.050513   -0.738170  0.000000  1.0
    0.050513   -0.736118  0.000000  1.0
    0.050513   -0.734067  0.000000  1.0
    0.050513   -0.732016  0.000000  1.0
    0.050513   -0.729964  0.000000  1.0
    0.050513   -0.727913  0.000000  1.0
    0.050513   -0.725862  0.000000  1.0
    0.050513   -0.723811  0.000000  1.0
    0.050513   -0.721759  0.000000  1.0
    0.050513   -0.719708  0.000000  1.0
    0.050513   -0.717657  0.000000  1.0
    0.050513   -0.715606  0.000000  1.0
    0.050513   -0.713554  0.000000  1.0
    0.050513   -0.711503  0.000000  1.0
    0.050513   -0.709452  0.000000  1.0
    0.050513   -0.707400  0.000000  1.0
    0.052564   -0.787400  0.000000  1.0
    0.052564   -0.785349  0.000000  1.0
    0.052564   -0.783298  0.000000  1.0
    0.052564   -0.781247  0.000000  1.0
    0.052564   -0.779195  0.000000  1.0
    0.052564   -0.777144  0.000000  1.0
    0.052564   -0.775093  0.000000  1.0
    0.052564   -0.773041  0.000000  1.0
    0.052564   -0.770990  0.000000  1.0
    0.052564   -0.768939  0.000000  1.0
    0.052564   -0.766888  0.000000  1.0
    0.052564   -0.764836  0.000000  1.0
    0.052564   -0.762785  0.000000  1.0
    0.052564   -0.760734  0.000000  1.0
    0.052564   -0.758682  0.000000  1.0
    0.052564   -0.756631  0.000000  1.0
    0.052564   -0.754580  0.000000  1.0
    0.052564   -0.752529  0.000000  1.0
    0.052564   -0.750477  0.000000  1.0
    0.052564   -0.748426  0.000000  1.0
    0.052564   -0.746375  0.000000  1.0
    0.052564   -0.744323  0.000000  1.0
    0.052564   -0.742272  0.000000  1.0
    0.052564   -0.740221  0.000000  1.0
    0.052564   -0.738170  0.000000  1.0
    0.052564   -0.736118  0.000000  1.0
    0.052564   -0.734067  0.000000  1.0
    0.052564   -0.732016  0.000000  1.0
    0.052564   -0.729964  0.000000  1.0
    0.052564   -0.727913  0.000000  1.0
    0.052564   -0.725862  0.000000  1.0
    0.052564   -0.723811  0.000000  1.0
    0.052564   -0.721759  0.000000  1.0
    0.052564   -0.719708  0.000000  1.0
    0.052564   -0.717657  0.000000  1.0
    0.052564   -0.715606  0.000000  1.0
    0.052564   -0.713554  0.000000  1.0
    0.052564   -0.711503  0.000000  1.0
    0.052564   -0.709452  0.000000  1.0
    0.052564   -0.707400  0.000000  1.0
    0.054615   -0.787400  0.000000  1.0
    0.054615   -0.785349  0.000000  1.0
    0.054615   -0.783298  0.000000  1.0
    0.054615   -0.781247  0.000000  1.0
    0.054615   -0.779195  0.000000  1.0
    0.054615   -0.777144  0.000000  1.0
    0.054615   -0.775093  0.000000  1.0
    0.054615   -0.773041  0.000000  1.0
    0.054615   -0.770990  0.000000  1.0
    0.054615   -0.768939  0.000000  1.0
    0.054615   -0.766888  0.000000  1.0
    0.054615   -0.764836  0.000000  1.0
    0.054615   -0.762785  0.000000  1.0
    0.054615   -0.760734  0.000000  1.0
    0.054615   -0.758682  0.000000  1.0
    0.054615   -0.756631  0.000000  1.0
    0.054615   -0.754580  0.000000  1.0
    0.054615   -0.752529  0.000000  1.0
    0.054615   -0.750477  0.000000  1.0
    0.054615   -0.748426  0.000000  1.0
    0.054615   -0.746375  0.000000  1.0
    0.054615   -0.744323  0.000000  1.0
    0.054615   -0.742272  0.000000  1.0
    0.054615   -0.740221  0.000000  1.0
    0.054615   -0.738170  0.000000  1.0
    0.054615   -0.736118  0.000000  1.0
    0.054615   -0.734067  0.000000  1.0
    0.054615   -0.732016  0.000000  1.0
    0.054615   -0.729964  0.000000  1.0
    0.054615   -0.727913  0.000000  1.0
    0.054615   -0.725862  0.000000  1.0
    0.054615   -0.723811  0.000000  1.0
    0.054615   -0.721759  0.000000  1.0
    0.054615   -0.719708  0.000000  1.0
    0.054615   -0.717657  0.000000  1.0
    0.054615   -0.715606  0.000000  1.0
    0.054615   -0.713554  0.000000  1.0
    0.054615   -0.711503  0.000000  1.0
    0.054615   -0.709452  0.000000  1.0
    0.054615   -0.707400  0.000000  1.0
    0.056667   -0.787400  0.000000  1.0
    0.056667   -0.785349  0.000000  1.0
    0.056667   -0.783298  0.000000  1.0
    0.056667   -0.781247  0.000000  1.0
    0.056667   -0.779195  0.000000  1.0
    0.056667   -0.777144  0.000000  1.0
    0.056667   -0.775093  0.000000  1.0
    0.056667   -0.773041  0.000000  1.0
    0.056667   -0.770990  0.000000  1.0
    0.056667   -0.768939  0.000000  1.0
    0.056667   -0.766888  0.000000  1.0
    0.056667   -0.764836  0.000000  1.0
    0.056667   -0.762785  0.000000  1.0
    0.056667   -0.760734  0.000000  1.0
    0.056667   -0.758682  0.000000  1.0
    0.056667   -0.756631  0.000000  1.0
    0.056667   -0.754580  0.000000  1.0
    0.056667   -0.752529  0.000000  1.0
    0.056667   -0.750477  0.000000  1.0
    0.056667   -0.748426  0.000000  1.0
    0.056667   -0.746375  0.000000  1.0
    0.056667   -0.744323  0.000000  1.0
    0.056667   -0.742272  0.000000  1.0
    0.056667   -0.740221  0.000000  1.0
    0.056667   -0.738170  0.000000  1.0
    0.056667   -0.736118  0.000000  1.0
    0.056667   -0.734067  0.000000  1.0
    0.056667   -0.732016  0.000000  1.0
    0.056667   -0.729964  0.000000  1.0
    0.056667   -0.727913  0.000000  1.0
    0.056667   -0.725862  0.000000  1.0
    0.056667   -0.723811  0.000000  1.0
    0.056667   -0.721759  0.000000  1.0
    0.056667   -0.719708  0.000000  1.0
    0.056667   -0.717657  0.000000  1.0
    0.056667   -0.715606  0.000000  1.0
    0.056667   -0.713554  0.000000  1.0
    0.056667   -0.711503  0.000000  1.0
    0.056667   -0.709452  0.000000  1.0
    0.056667   -0.707400  0.000000  1.0
