&CONTROL
  calculation = 'bands'
  prefix = 'graphene24.0zoom'
  outdir = './tmp'
  pseudo_dir = './'
  verbosity = 'high'
/
&SYSTEM
  ibrav = 0
  nat = 2
  ntyp = 1
  ecutwfc = 40.0
  nosym = .true.
  noinv = .true.
  nbnd = 8
/
&ELECTRONS
/
ATOMIC_SPECIES
  C  12.011  C.pbe-n-kjpaw_psl.1.0.0.UPF
CELL_PARAMETERS {bohr}
  5.770960  0.000000  0.000000
  2.885480  3.870875  0.000000
  0.000000  0.000000  30.000000
ATOMIC_POSITIONS {crystal}
  C  0.000611  0.165524  0.000000
  C  0.332722  0.501143  0.000000
K_POINTS {tpiba}
1600
   -0.140000    0.705434  0.000000  1.0
   -0.140000    0.707485  0.000000  1.0
   -0.140000    0.709536  0.000000  1.0
   -0.140000    0.711587  0.000000  1.0
   -0.140000    0.713639  0.000000  1.0
   -0.140000    0.715690  0.000000  1.0
   -0.140000    0.717741  0.000000  1.0
   -0.140000    0.719793  0.000000  1.0
   -0.140000    0.721844  0.000000  1.0
   -0.140000    0.723895  0.000000  1.0
   -0.140000    0.725946  0.000000  1.0
   -0.140000    0.727998  0.000000  1.0
   -0.140000    0.730049  0.000000  1.0
   -0.140000    0.732100  0.000000  1.0
   -0.140000    0.734151  0.000000  1.0
   -0.140000    0.736203  0.000000  1.0
   -0.140000    0.738254  0.000000  1.0
   -0.140000    0.740305  0.000000  1.0
   -0.140000    0.742357  0.000000  1.0
   -0.140000    0.744408  0.000000  1.0
   -0.140000    0.746459  0.000000  1.0
   -0.140000    0.748510  0.000000  1.0
   -0.140000    0.750562  0.000000  1.0
   -0.140000    0.752613  0.000000  1.0
   -0.140000    0.754664  0.000000  1.0
   -0.140000    0.756716  0.000000  1.0
   -0.140000    0.758767  0.000000  1.0
   -0.140000    0.760818  0.000000  1.0
   -0.140000    0.762869  0.000000  1.0
   -0.140000    0.764921  0.000000  1.0
   -0.140000    0.766972  0.000000  1.0
   -0.140000    0.769023  0.000000  1.0
   -0.140000    0.771075  0.000000  1.0
   -0.140000    0.773126  0.000000  1.0
   -0.140000    0.775177  0.000000  1.0
   -0.140000    0.777228  0.000000  1.0
   -0.140000    0.779280  0.000000  1.0
   -0.140000    0.781331  0.000000  1.0
   -0.140000    0.783382  0.000000  1.0
   -0.140000    0.785434  0.000000  1.0
   -0.137949    0.705434  0.000000  1.0
   -0.137949    0.707485  0.000000  1.0
   -0.137949    0.709536  0.000000  1.0
   -0.137949    0.711587  0.000000  1.0
   -0.137949    0.713639  0.000000  1.0
   -0.137949    0.715690  0.000000  1.0
   -0.137949    0.717741  0.000000  1.0
   -0.137949    0.719793  0.000000  1.0
   -0.137949    0.721844  0.000000  1.0
   -0.137949    0.723895  0.000000  1.0
   -0.137949    0.725946  0.000000  1.0
   -0.137949    0.727998  0.000000  1.0
   -0.137949    0.730049  0.000000  1.0
   -0.137949    0.732100  0.000000  1.0
   -0.137949    0.734151  0.000000  1.0
   -0.137949    0.736203  0.000000  1.0
   -0.137949    0.738254  0.000000  1.0
   -0.137949    0.740305  0.000000  1.0
   -0.137949    0.742357  0.000000  1.0
   -0.137949    0.744408  0.000000  1.0
   -0.137949    0.746459  0.000000  1.0
   -0.137949    0.748510  0.000000  1.0
   -0.137949    0.750562  0.000000  1.0
   -0.137949    0.752613  0.000000  1.0
   -0.137949    0.754664  0.000000  1.0
   -0.137949    0.756716  0.000000  1.0
   -0.137949    0.758767  0.000000  1.0
   -0.137949    0.760818  0.000000  1.0
   -0.137949    0.762869  0.000000  1.0
   -0.137949    0.764921  0.000000  1.0
   -0.137949    0.766972  0.000000  1.0
   -0.137949    0.769023  0.000000  1.0
   -0.137949    0.771075  0.000000  1.0
   -0.137949    0.773126  0.000000  1.0
   -0.137949    0.775177  0.000000  1.0
   -0.137949    0.777228  0.000000  1.0
   -0.137949    0.779280  0.000000  1.0
   -0.137949    0.781331  0.000000  1.0
   -0.137949    0.783382  0.000000  1.0
   -0.137949    0.785434  0.000000  1.0
   -0.135897    0.705434  0.000000  1.0
   -0.135897    0.707485  0.000000  1.0
   -0.135897    0.709536  0.000000  1.0
   -0.135897    0.711587  0.000000  1.0
   -0.135897    0.713639  0.000000  1.0
   -0.135897    0.715690  0.000000  1.0
   -0.135897    0.717741  0.000000  1.0
   -0.135897    0.719793  0.000000  1.0
   -0.135897    0.721844  0.000000  1.0
   -0.135897    0.723895  0.000000  1.0
   -0.135897    0.725946  0.000000  1.0
   -0.135897    0.727998  0.000000  1.0
   -0.135897    0.730049  0.000000  1.0
   -0.135897    0.732100  0.000000  1.0
   -0.135897    0.734151  0.000000  1.0
   -0.135897    0.736203  0.000000  1.0
   -0.135897    0.738254  0.000000  1.0
   -0.135897    0.740305  0.000000  1.0
   -0.135897    0.742357  0.000000  1.0
   -0.135897    0.744408  0.000000  1.0
   -0.135897    0.746459  0.000000  1.0
   -0.135897    0.748510  0.000000  1.0
   -0.135897    0.750562  0.000000  1.0
   -0.135897    0.752613  0.000000  1.0
   -0.135897    0.754664  0.000000  1.0
   -0.135897    0.756716  0.000000  1.0
   -0.135897    0.758767  0.000000  1.0
   -0.135897    0.760818  0.000000  1.0
   -0.135897    0.762869  0.000000  1.0
   -0.135897    0.764921  0.000000  1.0
   -0.135897    0.766972  0.000000  1.0
   -0.135897    0.769023  0.000000  1.0
   -0.135897    0.771075  0.000000  1.0
   -0.135897    0.773126  0.000000  1.0
   -0.135897    0.775177  0.000000  1.0
   -0.135897    0.777228  0.000000  1.0
   -0.135897    0.779280  0.000000  1.0
   -0.135897    0.781331  0.000000  1.0
   -0.135897    0.783382  0.000000  1.0
   -0.135897    0.785434  0.000000  1.0
   -0.133846    0.705434  0.000000  1.0
   -0.133846    0.707485  0.000000  1.0
   -0.133846    0.709536  0.000000  1.0
   -0.133846    0.711587  0.000000  1.0
   -0.133846    0.713639  0.000000  1.0
   -0.133846    0.715690  0.000000  1.0
   -0.133846    0.717741  0.000000  1.0
   -0.133846    0.719793  0.000000  1.0
   -0.133846    0.721844  0.000000  1.0
   -0.133846    0.723895  0.000000  1.0
   -0.133846    0.725946  0.000000  1.0
   -0.133846    0.727998  0.000000  1.0
   -0.133846    0.730049  0.000000  1.0
   -0.133846    0.732100  0.000000  1.0
   -0.133846    0.734151  0.000000  1.0
   -0.133846    0.736203  0.000000  1.0
   -0.133846    0.738254  0.000000  1.0
   -0.133846    0.740305  0.000000  1.0
   -0.133846    0.742357  0.000000  1.0
   -0.133846    0.744408  0.000000  1.0
   -0.133846    0.746459  0.000000  1.0
   -0.133846    0.748510  0.000000  1.0
   -0.133846    0.750562  0.000000  1.0
   -0.133846    0.752613  0.000000  1.0
   -0.133846    0.754664  0.000000  1.0
   -0.133846    0.756716  0.000000  1.0
   -0.133846    0.758767  0.000000  1.0
   -0.133846    0.760818  0.000000  1.0
   -0.133846    0.762869  0.000000  1.0
   -0.133846    0.764921  0.000000  1.0
   -0.133846    0.766972  0.000000  1.0
   -0.133846    0.769023  0.000000  1.0
   -0.133846    0.771075  0.000000  1.0
   -0.133846    0.773126  0.000000  1.0
   -0.133846    0.775177  0.000000  1.0
   -0.133846    0.777228  0.000000  1.0
   -0.133846    0.779280  0.000000  1.0
   -0.133846    0.781331  0.000000  1.0
   -0.133846    0.783382  0.000000  1.0
   -0.133846    0.785434  0.000000  1.0
   -0.131795    0.705434  0.000000  1.0
   -0.131795    0.707485  0.000000  1.0
   -0.131795    0.709536  0.000000  1.0
   -0.131795    0.711587  0.000000  1.0
   -0.131795    0.713639  0.000000  1.0
   -0.131795    0.715690  0.000000  1.0
   -0.131795    0.717741  0.000000  1.0
   -0.131795    0.719793  0.000000  1.0
   -0.131795    0.721844  0.000000  1.0
   -0.131795    0.723895  0.000000  1.0
   -0.131795    0.725946  0.000000  1.0
   -0.131795    0.727998  0.000000  1.0
   -0.131795    0.730049  0.000000  1.0
   -0.131795    0.732100  0.000000  1.0
   -0.131795    0.734151  0.000000  1.0
   -0.131795    0.736203  0.000000  1.0
   -0.131795    0.738254  0.000000  1.0
   -0.131795    0.740305  0.000000  1.0
   -0.131795    0.742357  0.000000  1.0
   -0.131795    0.744408  0.000000  1.0
   -0.131795    0.746459  0.000000  1.0
   -0.131795    0.748510  0.000000  1.0
   -0.131795    0.750562  0.000000  1.0
   -0.131795    0.752613  0.000000  1.0
   -0.131795    0.754664  0.000000  1.0
   -0.131795    0.756716  0.000000  1.0
   -0.131795    0.758767  0.000000  1.0
   -0.131795    0.760818  0.000000  1.0
   -0.131795    0.762869  0.000000  1.0
   -0.131795    0.764921  0.000000  1.0
   -0.131795    0.766972  0.000000  1.0
   -0.131795    0.769023  0.000000  1.0
   -0.131795    0.771075  0.000000  1.0
   -0.131795    0.773126  0.000000  1.0
   -0.131795    0.775177  0.000000  1.0
   -0.131795    0.777228  0.000000  1.0
   -0.131795    0.779280  0.000000  1.0
   -0.131795    0.781331  0.000000  1.0
   -0.131795    0.783382  0.000000  1.0
   -0.131795    0.785434  0.000000  1.0
   -0.129744    0.705434  0.000000  1.0
   -0.129744    0.707485  0.000000  1.0
   -0.129744    0.709536  0.000000  1.0
   -0.129744    0.711587  0.000000  1.0
   -0.129744    0.713639  0.000000  1.0
   -0.129744    0.715690  0.000000  1.0
   -0.129744    0.717741  0.000000  1.0
   -0.129744    0.719793  0.000000  1.0
   -0.129744    0.721844  0.000000  1.0
   -0.129744    0.723895  0.000000  1.0
   -0.129744    0.725946  0.000000  1.0
   -0.129744    0.727998  0.000000  1.0
   -0.129744    0.730049  0.000000  1.0
   -0.129744    0.732100  0.000000  1.0
   -0.129744    0.734151  0.000000  1.0
   -0.129744    0.736203  0.000000  1.0
   -0.129744    0.738254  0.000000  1.0
   -0.129744    0.740305  0.000000  1.0
   -0.129744    0.742357  0.000000  1.0
   -0.129744    0.744408  0.000000  1.0
   -0.129744    0.746459  0.000000  1.0
   -0.129744    0.748510  0.000000  1.0
   -0.129744    0.750562  0.000000  1.0
   -0.129744    0.752613  0.000000  1.0
   -0.129744    0.754664  0.000000  1.0
   -0.129744    0.756716  0.000000  1.0
   -0.129744    0.758767  0.000000  1.0
   -0.129744    0.760818  0.000000  1.0
   -0.129744    0.762869  0.000000  1.0
   -0.129744    0.764921  0.000000  1.0
   -0.129744    0.766972  0.000000  1.0
   -0.129744    0.769023  0.000000  1.0
   -0.129744    0.771075  0.000000  1.0
   -0.129744    0.773126  0.000000  1.0
   -0.129744    0.775177  0.000000  1.0
   -0.129744    0.777228  0.000000  1.0
   -0.129744    0.779280  0.000000  1.0
   -0.129744    0.781331  0.000000  1.0
   -0.129744    0.783382  0.000000  1.0
   -0.129744    0.785434  0.000000  1.0
   -0.127692    0.705434  0.000000  1.0
   -0.127692    0.707485  0.000000  1.0
   -0.127692    0.709536  0.000000  1.0
   -0.127692    0.711587  0.000000  1.0
   -0.127692    0.713639  0.000000  1.0
   -0.127692    0.715690  0.000000  1.0
   -0.127692    0.717741  0.000000  1.0
   -0.127692    0.719793  0.000000  1.0
   -0.127692    0.721844  0.000000  1.0
   -0.127692    0.723895  0.000000  1.0
   -0.127692    0.725946  0.000000  1.0
   -0.127692    0.727998  0.000000  1.0
   -0.127692    0.730049  0.000000  1.0
   -0.127692    0.732100  0.000000  1.0
   -0.127692    0.734151  0.000000  1.0
   -0.127692    0.736203  0.000000  1.0
   -0.127692    0.738254  0.000000  1.0
   -0.127692    0.740305  0.000000  1.0
   -0.127692    0.742357  0.000000  1.0
   -0.127692    0.744408  0.000000  1.0
   -0.127692    0.746459  0.000000  1.0
   -0.127692    0.748510  0.000000  1.0
   -0.127692    0.750562  0.000000  1.0
   -0.127692    0.752613  0.000000  1.0
   -0.127692    0.754664  0.000000  1.0
   -0.127692    0.756716  0.000000  1.0
   -0.127692    0.758767  0.000000  1.0
   -0.127692    0.760818  0.000000  1.0
   -0.127692    0.762869  0.000000  1.0
   -0.127692    0.764921  0.000000  1.0
   -0.127692    0.766972  0.000000  1.0
   -0.127692    0.769023  0.000000  1.0
   -0.127692    0.771075  0.000000  1.0
   -0.127692    0.773126  0.000000  1.0
   -0.127692    0.775177  0.000000  1.0
   -0.127692    0.777228  0.000000  1.0
   -0.127692    0.779280  0.000000  1.0
   -0.127692    0.781331  0.000000  1.0
   -0.127692    0.783382  0.000000  1.0
   -0.127692    0.785434  0.000000  1.0
   -0.125641    0.705434  0.000000  1.0
   -0.125641    0.707485  0.000000  1.0
   -0.125641    0.709536  0.000000  1.0
   -0.125641    0.711587  0.000000  1.0
   -0.125641    0.713639  0.000000  1.0
   -0.125641    0.715690  0.000000  1.0
   -0.125641    0.717741  0.000000  1.0
   -0.125641    0.719793  0.000000  1.0
   -0.125641    0.721844  0.000000  1.0
   -0.125641    0.723895  0.000000  1.0
   -0.125641    0.725946  0.000000  1.0
   -0.125641    0.727998  0.000000  1.0
   -0.125641    0.730049  0.000000  1.0
   -0.125641    0.732100  0.000000  1.0
   -0.125641    0.734151  0.000000  1.0
   -0.125641    0.736203  0.000000  1.0
   -0.125641    0.738254  0.000000  1.0
   -0.125641    0.740305  0.000000  1.0
   -0.125641    0.742357  0.000000  1.0
   -0.125641    0.744408  0.000000  1.0
   -0.125641    0.746459  0.000000  1.0
   -0.125641    0.748510  0.000000  1.0
   -0.125641    0.750562  0.000000  1.0
   -0.125641    0.752613  0.000000  1.0
   -0.125641    0.754664  0.000000  1.0
   -0.125641    0.756716  0.000000  1.0
   -0.125641    0.758767  0.000000  1.0
   -0.125641    0.760818  0.000000  1.0
   -0.125641    0.762869  0.000000  1.0
   -0.125641    0.764921  0.000000  1.0
   -0.125641    0.766972  0.000000  1.0
   -0.125641    0.769023  0.000000  1.0
   -0.125641    0.771075  0.000000  1.0
   -0.125641    0.773126  0.000000  1.0
   -0.125641    0.775177  0.000000  1.0
   -0.125641    0.777228  0.000000  1.0
   -0.125641    0.779280  0.000000  1.0
   -0.125641    0.781331  0.000000  1.0
   -0.125641    0.783382  0.000000  1.0
   -0.125641    0.785434  0.000000  1.0
   -0.123590    0.705434  0.000000  1.0
   -0.123590    0.707485  0.000000  1.0
   -0.123590    0.709536  0.000000  1.0
   -0.123590    0.711587  0.000000  1.0
   -0.123590    0.713639  0.000000  1.0
   -0.123590    0.715690  0.000000  1.0
   -0.123590    0.717741  0.000000  1.0
   -0.123590    0.719793  0.000000  1.0
   -0.123590    0.721844  0.000000  1.0
   -0.123590    0.723895  0.000000  1.0
   -0.123590    0.725946  0.000000  1.0
   -0.123590    0.727998  0.000000  1.0
   -0.123590    0.730049  0.000000  1.0
   -0.123590    0.732100  0.000000  1.0
   -0.123590    0.734151  0.000000  1.0
   -0.123590    0.736203  0.000000  1.0
   -0.123590    0.738254  0.000000  1.0
   -0.123590    0.740305  0.000000  1.0
   -0.123590    0.742357  0.000000  1.0
   -0.123590    0.744408  0.000000  1.0
   -0.123590    0.746459  0.000000  1.0
   -0.123590    0.748510  0.000000  1.0
   -0.123590    0.750562  0.000000  1.0
   -0.123590    0.752613  0.000000  1.0
   -0.123590    0.754664  0.000000  1.0
   -0.123590    0.756716  0.000000  1.0
   -0.123590    0.758767  0.000000  1.0
   -0.123590    0.760818  0.000000  1.0
   -0.123590    0.762869  0.000000  1.0
   -0.123590    0.764921  0.000000  1.0
   -0.123590    0.766972  0.000000  1.0
   -0.123590    0.769023  0.000000  1.0
   -0.123590    0.771075  0.000000  1.0
   -0.123590    0.773126  0.000000  1.0
   -0.123590    0.775177  0.000000  1.0
   -0.123590    0.777228  0.000000  1.0
   -0.123590    0.779280  0.000000  1.0
   -0.123590    0.781331  0.000000  1.0
   -0.123590    0.783382  0.000000  1.0
   -0.123590    0.785434  0.000000  1.0
   -0.121538    0.705434  0.000000  1.0
   -0.121538    0.707485  0.000000  1.0
   -0.121538    0.709536  0.000000  1.0
   -0.121538    0.711587  0.000000  1.0
   -0.121538    0.713639  0.000000  1.0
   -0.121538    0.715690  0.000000  1.0
   -0.121538    0.717741  0.000000  1.0
   -0.121538    0.719793  0.000000  1.0
   -0.121538    0.721844  0.000000  1.0
   -0.121538    0.723895  0.000000  1.0
   -0.121538    0.725946  0.000000  1.0
   -0.121538    0.727998  0.000000  1.0
   -0.121538    0.730049  0.000000  1.0
   -0.121538    0.732100  0.000000  1.0
   -0.121538    0.734151  0.000000  1.0
   -0.121538    0.736203  0.000000  1.0
   -0.121538    0.738254  0.000000  1.0
   -0.121538    0.740305  0.000000  1.0
   -0.121538    0.742357  0.000000  1.0
   -0.121538    0.744408  0.000000  1.0
   -0.121538    0.746459  0.000000  1.0
   -0.121538    0.748510  0.000000  1.0
   -0.121538    0.750562  0.000000  1.0
   -0.121538    0.752613  0.000000  1.0
   -0.121538    0.754664  0.000000  1.0
   -0.121538    0.756716  0.000000  1.0
   -0.121538    0.758767  0.000000  1.0
   -0.121538    0.760818  0.000000  1.0
   -0.121538    0.762869  0.000000  1.0
   -0.121538    0.764921  0.000000  1.0
   -0.121538    0.766972  0.000000  1.0
   -0.121538    0.769023  0.000000  1.0
   -0.121538    0.771075  0.000000  1.0
   -0.121538    0.773126  0.000000  1.0
   -0.121538    0.775177  0.000000  1.0
   -0.121538    0.777228  0.000000  1.0
   -0.121538    0.779280  0.000000  1.0
   -0.121538    0.781331  0.000000  1.0
   -0.121538    0.783382  0.000000  1.0
   -0.121538    0.785434  0.000000  1.0
   -0.119487    0.705434  0.000000  1.0
   -0.119487    0.707485  0.000000  1.0
   -0.119487    0.709536  0.000000  1.0
   -0.119487    0.711587  0.000000  1.0
   -0.119487    0.713639  0.000000  1.0
   -0.119487    0.715690  0.000000  1.0
   -0.119487    0.717741  0.000000  1.0
   -0.119487    0.719793  0.000000  1.0
   -0.119487    0.721844  0.000000  1.0
   -0.119487    0.723895  0.000000  1.0
   -0.119487    0.725946  0.000000  1.0
   -0.119487    0.727998  0.000000  1.0
   -0.119487    0.730049  0.000000  1.0
   -0.119487    0.732100  0.000000  1.0
   -0.119487    0.734151  0.000000  1.0
   -0.119487    0.736203  0.000000  1.0
   -0.119487    0.738254  0.000000  1.0
   -0.119487    0.740305  0.000000  1.0
   -0.119487    0.742357  0.000000  1.0
   -0.119487    0.744408  0.000000  1.0
   -0.119487    0.746459  0.000000  1.0
   -0.119487    0.748510  0.000000  1.0
   -0.119487    0.750562  0.000000  1.0
   -0.119487    0.752613  0.000000  1.0
   -0.119487    0.754664  0.000000  1.0
   -0.119487    0.756716  0.000000  1.0
   -0.119487    0.758767  0.000000  1.0
   -0.119487    0.760818  0.000000  1.0
   -0.119487    0.762869  0.000000  1.0
   -0.119487    0.764921  0.000000  1.0
   -0.119487    0.766972  0.000000  1.0
   -0.119487    0.769023  0.000000  1.0
   -0.119487    0.771075  0.000000  1.0
   -0.119487    0.773126  0.000000  1.0
   -0.119487    0.775177  0.000000  1.0
   -0.119487    0.777228  0.000000  1.0
   -0.119487    0.779280  0.000000  1.0
   -0.119487    0.781331  0.000000  1.0
   -0.119487    0.783382  0.000000  1.0
   -0.119487    0.785434  0.000000  1.0
   -0.117436    0.705434  0.000000  1.0
   -0.117436    0.707485  0.000000  1.0
   -0.117436    0.709536  0.000000  1.0
   -0.117436    0.711587  0.000000  1.0
   -0.117436    0.713639  0.000000  1.0
   -0.117436    0.715690  0.000000  1.0
   -0.117436    0.717741  0.000000  1.0
   -0.117436    0.719793  0.000000  1.0
   -0.117436    0.721844  0.000000  1.0
   -0.117436    0.723895  0.000000  1.0
   -0.117436    0.725946  0.000000  1.0
   -0.117436    0.727998  0.000000  1.0
   -0.117436    0.730049  0.000000  1.0
   -0.117436    0.732100  0.000000  1.0
   -0.117436    0.734151  0.000000  1.0
   -0.117436    0.736203  0.000000  1.0
   -0.117436    0.738254  0.000000  1.0
   -0.117436    0.740305  0.000000  1.0
   -0.117436    0.742357  0.000000  1.0
   -0.117436    0.744408  0.000000  1.0
   -0.117436    0.746459  0.000000  1.0
   -0.117436    0.748510  0.000000  1.0
   -0.117436    0.750562  0.000000  1.0
   -0.117436    0.752613  0.000000  1.0
   -0.117436    0.754664  0.000000  1.0
   -0.117436    0.756716  0.000000  1.0
   -0.117436    0.758767  0.000000  1.0
   -0.117436    0.760818  0.000000  1.0
   -0.117436    0.762869  0.000000  1.0
   -0.117436    0.764921  0.000000  1.0
   -0.117436    0.766972  0.000000  1.0
   -0.117436    0.769023  0.000000  1.0
   -0.117436    0.771075  0.000000  1.0
   -0.117436    0.773126  0.000000  1.0
   -0.117436    0.775177  0.000000  1.0
   -0.117436    0.777228  0.000000  1.0
   -0.117436    0.779280  0.000000  1.0
   -0.117436    0.781331  0.000000  1.0
   -0.117436    0.783382  0.000000  1.0
   -0.117436    0.785434  0.000000  1.0
   -0.115385    0.705434  0.000000  1.0
   -0.115385    0.707485  0.000000  1.0
   -0.115385    0.709536  0.000000  1.0
   -0.115385    0.711587  0.000000  1.0
   -0.115385    0.713639  0.000000  1.0
   -0.115385    0.715690  0.000000  1.0
   -0.115385    0.717741  0.000000  1.0
   -0.115385    0.719793  0.000000  1.0
   -0.115385    0.721844  0.000000  1.0
   -0.115385    0.723895  0.000000  1.0
   -0.115385    0.725946  0.000000  1.0
   -0.115385    0.727998  0.000000  1.0
   -0.115385    0.730049  0.000000  1.0
   -0.115385    0.732100  0.000000  1.0
   -0.115385    0.734151  0.000000  1.0
   -0.115385    0.736203  0.000000  1.0
   -0.115385    0.738254  0.000000  1.0
   -0.115385    0.740305  0.000000  1.0
   -0.115385    0.742357  0.000000  1.0
   -0.115385    0.744408  0.000000  1.0
   -0.115385    0.746459  0.000000  1.0
   -0.115385    0.748510  0.000000  1.0
   -0.115385    0.750562  0.000000  1.0
   -0.115385    0.752613  0.000000  1.0
   -0.115385    0.754664  0.000000  1.0
   -0.115385    0.756716  0.000000  1.0
   -0.115385    0.758767  0.000000  1.0
   -0.115385    0.760818  0.000000  1.0
   -0.115385    0.762869  0.000000  1.0
   -0.115385    0.764921  0.000000  1.0
   -0.115385    0.766972  0.000000  1.0
   -0.115385    0.769023  0.000000  1.0
   -0.115385    0.771075  0.000000  1.0
   -0.115385    0.773126  0.000000  1.0
   -0.115385    0.775177  0.000000  1.0
   -0.115385    0.777228  0.000000  1.0
   -0.115385    0.779280  0.000000  1.0
   -0.115385    0.781331  0.000000  1.0
   -0.115385    0.783382  0.000000  1.0
   -0.115385    0.785434  0.000000  1.0
   -0.113333    0.705434  0.000000  1.0
   -0.113333    0.707485  0.000000  1.0
   -0.113333    0.709536  0.000000  1.0
   -0.113333    0.711587  0.000000  1.0
   -0.113333    0.713639  0.000000  1.0
   -0.113333    0.715690  0.000000  1.0
   -0.113333    0.717741  0.000000  1.0
   -0.113333    0.719793  0.000000  1.0
   -0.113333    0.721844  0.000000  1.0
   -0.113333    0.723895  0.000000  1.0
   -0.113333    0.725946  0.000000  1.0
   -0.113333    0.727998  0.000000  1.0
   -0.113333    0.730049  0.000000  1.0
   -0.113333    0.732100  0.000000  1.0
   -0.113333    0.734151  0.000000  1.0
   -0.113333    0.736203  0.000000  1.0
   -0.113333    0.738254  0.000000  1.0
   -0.113333    0.740305  0.000000  1.0
   -0.113333    0.742357  0.000000  1.0
   -0.113333    0.744408  0.000000  1.0
   -0.113333    0.746459  0.000000  1.0
   -0.113333    0.748510  0.000000  1.0
   -0.113333    0.750562  0.000000  1.0
   -0.113333    0.752613  0.000000  1.0
   -0.113333    0.754664  0.000000  1.0
   -0.113333    0.756716  0.000000  1.0
   -0.113333    0.758767  0.000000  1.0
   -0.113333    0.760818  0.000000  1.0
   -0.113333    0.762869  0.000000  1.0
   -0.113333    0.764921  0.000000  1.0
   -0.113333    0.766972  0.000000  1.0
   -0.113333    0.769023  0.000000  1.0
   -0.113333    0.771075  0.000000  1.0
   -0.113333    0.773126  0.000000  1.0
   -0.113333    0.775177  0.000000  1.0
   -0.113333    0.777228  0.000000  1.0
   -0.113333    0.779280  0.000000  1.0
   -0.113333    0.781331  0.000000  1.0
   -0.113333    0.783382  0.000000  1.0
   -0.113333    0.785434  0.000000  1.0
   -0.111282    0.705434  0.000000  1.0
   -0.111282    0.707485  0.000000  1.0
   -0.111282    0.709536  0.000000  1.0
   -0.111282    0.711587  0.000000  1.0
   -0.111282    0.713639  0.000000  1.0
   -0.111282    0.715690  0.000000  1.0
   -0.111282    0.717741  0.000000  1.0
   -0.111282    0.719793  0.000000  1.0
   -0.111282    0.721844  0.000000  1.0
   -0.111282    0.723895  0.000000  1.0
   -0.111282    0.725946  0.000000  1.0
   -0.111282    0.727998  0.000000  1.0
   -0.111282    0.730049  0.000000  1.0
   -0.111282    0.732100  0.000000  1.0
   -0.111282    0.734151  0.000000  1.0
   -0.111282    0.736203  0.000000  1.0
   -0.111282    0.738254  0.000000  1.0
   -0.111282    0.740305  0.000000  1.0
   -0.111282    0.742357  0.000000  1.0
   -0.111282    0.744408  0.000000  1.0
   -0.111282    0.746459  0.000000  1.0
   -0.111282    0.748510  0.000000  1.0
   -0.111282    0.750562  0.000000  1.0
   -0.111282    0.752613  0.000000  1.0
   -0.111282    0.754664  0.000000  1.0
   -0.111282    0.756716  0.000000  1.0
   -0.111282    0.758767  0.000000  1.0
   -0.111282    0.760818  0.000000  1.0
   -0.111282    0.762869  0.000000  1.0
   -0.111282    0.764921  0.000000  1.0
   -0.111282    0.766972  0.000000  1.0
   -0.111282    0.769023  0.000000  1.0
   -0.111282    0.771075  0.000000  1.0
   -0.111282    0.773126  0.000000  1.0
   -0.111282    0.775177  0.000000  1.0
   -0.111282    0.777228  0.000000  1.0
   -0.111282    0.779280  0.000000  1.0
   -0.111282    0.781331  0.000000  1.0
   -0.111282    0.783382  0.000000  1.0
   -0.111282    0.785434  0.000000  1.0
   -0.109231    0.705434  0.000000  1.0
   -0.109231    0.707485  0.000000  1.0
   -0.109231    0.709536  0.000000  1.0
   -0.109231    0.711587  0.000000  1.0
   -0.109231    0.713639  0.000000  1.0
   -0.109231    0.715690  0.000000  1.0
   -0.109231    0.717741  0.000000  1.0
   -0.109231    0.719793  0.000000  1.0
   -0.109231    0.721844  0.000000  1.0
   -0.109231    0.723895  0.000000  1.0
   -0.109231    0.725946  0.000000  1.0
   -0.109231    0.727998  0.000000  1.0
   -0.109231    0.730049  0.000000  1.0
   -0.109231    0.732100  0.000000  1.0
   -0.109231    0.734151  0.000000  1.0
   -0.109231    0.736203  0.000000  1.0
   -0.109231    0.738254  0.000000  1.0
   -0.109231    0.740305  0.000000  1.0
   -0.109231    0.742357  0.000000  1.0
   -0.109231    0.744408  0.000000  1.0
   -0.109231    0.746459  0.000000  1.0
   -0.109231    0.748510  0.000000  1.0
   -0.109231    0.750562  0.000000  1.0
   -0.109231    0.752613  0.000000  1.0
   -0.109231    0.754664  0.000000  1.0
   -0.109231    0.756716  0.000000  1.0
   -0.109231    0.758767  0.000000  1.0
   -0.109231    0.760818  0.000000  1.0
   -0.109231    0.762869  0.000000  1.0
   -0.109231    0.764921  0.000000  1.0
   -0.109231    0.766972  0.000000  1.0
   -0.109231    0.769023  0.000000  1.0
   -0.109231    0.771075  0.000000  1.0
   -0.109231    0.773126  0.000000  1.0
   -0.109231    0.775177  0.000000  1.0
   -0.109231    0.777228  0.000000  1.0
   -0.109231    0.779280  0.000000  1.0
   -0.109231    0.781331  0.000000  1.0
   -0.109231    0.783382  0.000000  1.0
   -0.109231    0.785434  0.000000  1.0
   -0.107179    0.705434  0.000000  1.0
   -0.107179    0.707485  0.000000  1.0
   -0.107179    0.709536  0.000000  1.0
   -0.107179    0.711587  0.000000  1.0
   -0.107179    0.713639  0.000000  1.0
   -0.107179    0.715690  0.000000  1.0
   -0.107179    0.717741  0.000000  1.0
   -0.107179    0.719793  0.000000  1.0
   -0.107179    0.721844  0.000000  1.0
   -0.107179    0.723895  0.000000  1.0
   -0.107179    0.725946  0.000000  1.0
   -0.107179    0.727998  0.000000  1.0
   -0.107179    0.730049  0.000000  1.0
   -0.107179    0.732100  0.000000  1.0
   -0.107179    0.734151  0.000000  1.0
   -0.107179    0.736203  0.000000  1.0
   -0.107179    0.738254  0.000000  1.0
   -0.107179    0.740305  0.000000  1.0
   -0.107179    0.742357  0.000000  1.0
   -0.107179    0.744408  0.000000  1.0
   -0.107179    0.746459  0.000000  1.0
   -0.107179    0.748510  0.000000  1.0
   -0.107179    0.750562  0.000000  1.0
   -0.107179    0.752613  0.000000  1.0
   -0.107179    0.754664  0.000000  1.0
   -0.107179    0.756716  0.000000  1.0
   -0.107179    0.758767  0.000000  1.0
   -0.107179    0.760818  0.000000  1.0
   -0.107179    0.762869  0.000000  1.0
   -0.107179    0.764921  0.000000  1.0
   -0.107179    0.766972  0.000000  1.0
   -0.107179    0.769023  0.000000  1.0
   -0.107179    0.771075  0.000000  1.0
   -0.107179    0.773126  0.000000  1.0
   -0.107179    0.775177  0.000000  1.0
   -0.107179    0.777228  0.000000  1.0
   -0.107179    0.779280  0.000000  1.0
   -0.107179    0.781331  0.000000  1.0
   -0.107179    0.783382  0.000000  1.0
   -0.107179    0.785434  0.000000  1.0
   -0.105128    0.705434  0.000000  1.0
   -0.105128    0.707485  0.000000  1.0
   -0.105128    0.709536  0.000000  1.0
   -0.105128    0.711587  0.000000  1.0
   -0.105128    0.713639  0.000000  1.0
   -0.105128    0.715690  0.000000  1.0
   -0.105128    0.717741  0.000000  1.0
   -0.105128    0.719793  0.000000  1.0
   -0.105128    0.721844  0.000000  1.0
   -0.105128    0.723895  0.000000  1.0
   -0.105128    0.725946  0.000000  1.0
   -0.105128    0.727998  0.000000  1.0
   -0.105128    0.730049  0.000000  1.0
   -0.105128    0.732100  0.000000  1.0
   -0.105128    0.734151  0.000000  1.0
   -0.105128    0.736203  0.000000  1.0
   -0.105128    0.738254  0.000000  1.0
   -0.105128    0.740305  0.000000  1.0
   -0.105128    0.742357  0.000000  1.0
   -0.105128    0.744408  0.000000  1.0
   -0.105128    0.746459  0.000000  1.0
   -0.105128    0.748510  0.000000  1.0
   -0.105128    0.750562  0.000000  1.0
   -0.105128    0.752613  0.000000  1.0
   -0.105128    0.754664  0.000000  1.0
   -0.105128    0.756716  0.000000  1.0
   -0.105128    0.758767  0.000000  1.0
   -0.105128    0.760818  0.000000  1.0
   -0.105128    0.762869  0.000000  1.0
   -0.105128    0.764921  0.000000  1.0
   -0.105128    0.766972  0.000000  1.0
   -0.105128    0.769023  0.000000  1.0
   -0.105128    0.771075  0.000000  1.0
   -0.105128    0.773126  0.000000  1.0
   -0.105128    0.775177  0.000000  1.0
   -0.105128    0.777228  0.000000  1.0
   -0.105128    0.779280  0.000000  1.0
   -0.105128    0.781331  0.000000  1.0
   -0.105128    0.783382  0.000000  1.0
   -0.105128    0.785434  0.000000  1.0
   -0.103077    0.705434  0.000000  1.0
   -0.103077    0.707485  0.000000  1.0
   -0.103077    0.709536  0.000000  1.0
   -0.103077    0.711587  0.000000  1.0
   -0.103077    0.713639  0.000000  1.0
   -0.103077    0.715690  0.000000  1.0
   -0.103077    0.717741  0.000000  1.0
   -0.103077    0.719793  0.000000  1.0
   -0.103077    0.721844  0.000000  1.0
   -0.103077    0.723895  0.000000  1.0
   -0.103077    0.725946  0.000000  1.0
   -0.103077    0.727998  0.000000  1.0
   -0.103077    0.730049  0.000000  1.0
   -0.103077    0.732100  0.000000  1.0
   -0.103077    0.734151  0.000000  1.0
   -0.103077    0.736203  0.000000  1.0
   -0.103077    0.738254  0.000000  1.0
   -0.103077    0.740305  0.000000  1.0
   -0.103077    0.742357  0.000000  1.0
   -0.103077    0.744408  0.000000  1.0
   -0.103077    0.746459  0.000000  1.0
   -0.103077    0.748510  0.000000  1.0
   -0.103077    0.750562  0.000000  1.0
   -0.103077    0.752613  0.000000  1.0
   -0.103077    0.754664  0.000000  1.0
   -0.103077    0.756716  0.000000  1.0
   -0.103077    0.758767  0.000000  1.0
   -0.103077    0.760818  0.000000  1.0
   -0.103077    0.762869  0.000000  1.0
   -0.103077    0.764921  0.000000  1.0
   -0.103077    0.766972  0.000000  1.0
   -0.103077    0.769023  0.000000  1.0
   -0.103077    0.771075  0.000000  1.0
   -0.103077    0.773126  0.000000  1.0
   -0.103077    0.775177  0.000000  1.0
   -0.103077    0.777228  0.000000  1.0
   -0.103077    0.779280  0.000000  1.0
   -0.103077    0.781331  0.000000  1.0
   -0.103077    0.783382  0.000000  1.0
   -0.103077    0.785434  0.000000  1.0
   -0.101026    0.705434  0.000000  1.0
   -0.101026    0.707485  0.000000  1.0
   -0.101026    0.709536  0.000000  1.0
   -0.101026    0.711587  0.000000  1.0
   -0.101026    0.713639  0.000000  1.0
   -0.101026    0.715690  0.000000  1.0
   -0.101026    0.717741  0.000000  1.0
   -0.101026    0.719793  0.000000  1.0
   -0.101026    0.721844  0.000000  1.0
   -0.101026    0.723895  0.000000  1.0
   -0.101026    0.725946  0.000000  1.0
   -0.101026    0.727998  0.000000  1.0
   -0.101026    0.730049  0.000000  1.0
   -0.101026    0.732100  0.000000  1.0
   -0.101026    0.734151  0.000000  1.0
   -0.101026    0.736203  0.000000  1.0
   -0.101026    0.738254  0.000000  1.0
   -0.101026    0.740305  0.000000  1.0
   -0.101026    0.742357  0.000000  1.0
   -0.101026    0.744408  0.000000  1.0
   -0.101026    0.746459  0.000000  1.0
   -0.101026    0.748510  0.000000  1.0
   -0.101026    0.750562  0.000000  1.0
   -0.101026    0.752613  0.000000  1.0
   -0.101026    0.754664  0.000000  1.0
   -0.101026    0.756716  0.000000  1.0
   -0.101026    0.758767  0.000000  1.0
   -0.101026    0.760818  0.000000  1.0
   -0.101026    0.762869  0.000000  1.0
   -0.101026    0.764921  0.000000  1.0
   -0.101026    0.766972  0.000000  1.0
   -0.101026    0.769023  0.000000  1.0
   -0.101026    0.771075  0.000000  1.0
   -0.101026    0.773126  0.000000  1.0
   -0.101026    0.775177  0.000000  1.0
   -0.101026    0.777228  0.000000  1.0
   -0.101026    0.779280  0.000000  1.0
   -0.101026    0.781331  0.000000  1.0
   -0.101026    0.783382  0.000000  1.0
   -0.101026    0.785434  0.000000  1.0
   -0.098974    0.705434  0.000000  1.0
   -0.098974    0.707485  0.000000  1.0
   -0.098974    0.709536  0.000000  1.0
   -0.098974    0.711587  0.000000  1.0
   -0.098974    0.713639  0.000000  1.0
   -0.098974    0.715690  0.000000  1.0
   -0.098974    0.717741  0.000000  1.0
   -0.098974    0.719793  0.000000  1.0
   -0.098974    0.721844  0.000000  1.0
   -0.098974    0.723895  0.000000  1.0
   -0.098974    0.725946  0.000000  1.0
   -0.098974    0.727998  0.000000  1.0
   -0.098974    0.730049  0.000000  1.0
   -0.098974    0.732100  0.000000  1.0
   -0.098974    0.734151  0.000000  1.0
   -0.098974    0.736203  0.000000  1.0
   -0.098974    0.738254  0.000000  1.0
   -0.098974    0.740305  0.000000  1.0
   -0.098974    0.742357  0.000000  1.0
   -0.098974    0.744408  0.000000  1.0
   -0.098974    0.746459  0.000000  1.0
   -0.098974    0.748510  0.000000  1.0
   -0.098974    0.750562  0.000000  1.0
   -0.098974    0.752613  0.000000  1.0
   -0.098974    0.754664  0.000000  1.0
   -0.098974    0.756716  0.000000  1.0
   -0.098974    0.758767  0.000000  1.0
   -0.098974    0.760818  0.000000  1.0
   -0.098974    0.762869  0.000000  1.0
   -0.098974    0.764921  0.000000  1.0
   -0.098974    0.766972  0.000000  1.0
   -0.098974    0.769023  0.000000  1.0
   -0.098974    0.771075  0.000000  1.0
   -0.098974    0.773126  0.000000  1.0
   -0.098974    0.775177  0.000000  1.0
   -0.098974    0.777228  0.000000  1.0
   -0.098974    0.779280  0.000000  1.0
   -0.098974    0.781331  0.000000  1.0
   -0.098974    0.783382  0.000000  1.0
   -0.098974    0.785434  0.000000  1.0
   -0.096923    0.705434  0.000000  1.0
   -0.096923    0.707485  0.000000  1.0
   -0.096923    0.709536  0.000000  1.0
   -0.096923    0.711587  0.000000  1.0
   -0.096923    0.713639  0.000000  1.0
   -0.096923    0.715690  0.000000  1.0
   -0.096923    0.717741  0.000000  1.0
   -0.096923    0.719793  0.000000  1.0
   -0.096923    0.721844  0.000000  1.0
   -0.096923    0.723895  0.000000  1.0
   -0.096923    0.725946  0.000000  1.0
   -0.096923    0.727998  0.000000  1.0
   -0.096923    0.730049  0.000000  1.0
   -0.096923    0.732100  0.000000  1.0
   -0.096923    0.734151  0.000000  1.0
   -0.096923    0.736203  0.000000  1.0
   -0.096923    0.738254  0.000000  1.0
   -0.096923    0.740305  0.000000  1.0
   -0.096923    0.742357  0.000000  1.0
   -0.096923    0.744408  0.000000  1.0
   -0.096923    0.746459  0.000000  1.0
   -0.096923    0.748510  0.000000  1.0
   -0.096923    0.750562  0.000000  1.0
   -0.096923    0.752613  0.000000  1.0
   -0.096923    0.754664  0.000000  1.0
   -0.096923    0.756716  0.000000  1.0
   -0.096923    0.758767  0.000000  1.0
   -0.096923    0.760818  0.000000  1.0
   -0.096923    0.762869  0.000000  1.0
   -0.096923    0.764921  0.000000  1.0
   -0.096923    0.766972  0.000000  1.0
   -0.096923    0.769023  0.000000  1.0
   -0.096923    0.771075  0.000000  1.0
   -0.096923    0.773126  0.000000  1.0
   -0.096923    0.775177  0.000000  1.0
   -0.096923    0.777228  0.000000  1.0
   -0.096923    0.779280  0.000000  1.0
   -0.096923    0.781331  0.000000  1.0
   -0.096923    0.783382  0.000000  1.0
   -0.096923    0.785434  0.000000  1.0
   -0.094872    0.705434  0.000000  1.0
   -0.094872    0.707485  0.000000  1.0
   -0.094872    0.709536  0.000000  1.0
   -0.094872    0.711587  0.000000  1.0
   -0.094872    0.713639  0.000000  1.0
   -0.094872    0.715690  0.000000  1.0
   -0.094872    0.717741  0.000000  1.0
   -0.094872    0.719793  0.000000  1.0
   -0.094872    0.721844  0.000000  1.0
   -0.094872    0.723895  0.000000  1.0
   -0.094872    0.725946  0.000000  1.0
   -0.094872    0.727998  0.000000  1.0
   -0.094872    0.730049  0.000000  1.0
   -0.094872    0.732100  0.000000  1.0
   -0.094872    0.734151  0.000000  1.0
   -0.094872    0.736203  0.000000  1.0
   -0.094872    0.738254  0.000000  1.0
   -0.094872    0.740305  0.000000  1.0
   -0.094872    0.742357  0.000000  1.0
   -0.094872    0.744408  0.000000  1.0
   -0.094872    0.746459  0.000000  1.0
   -0.094872    0.748510  0.000000  1.0
   -0.094872    0.750562  0.000000  1.0
   -0.094872    0.752613  0.000000  1.0
   -0.094872    0.754664  0.000000  1.0
   -0.094872    0.756716  0.000000  1.0
   -0.094872    0.758767  0.000000  1.0
   -0.094872    0.760818  0.000000  1.0
   -0.094872    0.762869  0.000000  1.0
   -0.094872    0.764921  0.000000  1.0
   -0.094872    0.766972  0.000000  1.0
   -0.094872    0.769023  0.000000  1.0
   -0.094872    0.771075  0.000000  1.0
   -0.094872    0.773126  0.000000  1.0
   -0.094872    0.775177  0.000000  1.0
   -0.094872    0.777228  0.000000  1.0
   -0.094872    0.779280  0.000000  1.0
   -0.094872    0.781331  0.000000  1.0
   -0.094872    0.783382  0.000000  1.0
   -0.094872    0.785434  0.000000  1.0
   -0.092821    0.705434  0.000000  1.0
   -0.092821    0.707485  0.000000  1.0
   -0.092821    0.709536  0.000000  1.0
   -0.092821    0.711587  0.000000  1.0
   -0.092821    0.713639  0.000000  1.0
   -0.092821    0.715690  0.000000  1.0
   -0.092821    0.717741  0.000000  1.0
   -0.092821    0.719793  0.000000  1.0
   -0.092821    0.721844  0.000000  1.0
   -0.092821    0.723895  0.000000  1.0
   -0.092821    0.725946  0.000000  1.0
   -0.092821    0.727998  0.000000  1.0
   -0.092821    0.730049  0.000000  1.0
   -0.092821    0.732100  0.000000  1.0
   -0.092821    0.734151  0.000000  1.0
   -0.092821    0.736203  0.000000  1.0
   -0.092821    0.738254  0.000000  1.0
   -0.092821    0.740305  0.000000  1.0
   -0.092821    0.742357  0.000000  1.0
   -0.092821    0.744408  0.000000  1.0
   -0.092821    0.746459  0.000000  1.0
   -0.092821    0.748510  0.000000  1.0
   -0.092821    0.750562  0.000000  1.0
   -0.092821    0.752613  0.000000  1.0
   -0.092821    0.754664  0.000000  1.0
   -0.092821    0.756716  0.000000  1.0
   -0.092821    0.758767  0.000000  1.0
   -0.092821    0.760818  0.000000  1.0
   -0.092821    0.762869  0.000000  1.0
   -0.092821    0.764921  0.000000  1.0
   -0.092821    0.766972  0.000000  1.0
   -0.092821    0.769023  0.000000  1.0
   -0.092821    0.771075  0.000000  1.0
   -0.092821    0.773126  0.000000  1.0
   -0.092821    0.775177  0.000000  1.0
   -0.092821    0.777228  0.000000  1.0
   -0.092821    0.779280  0.000000  1.0
   -0.092821    0.781331  0.000000  1.0
   -0.092821    0.783382  0.000000  1.0
   -0.092821    0.785434  0.000000  1.0
   -0.090769    0.705434  0.000000  1.0
   -0.090769    0.707485  0.000000  1.0
   -0.090769    0.709536  0.000000  1.0
   -0.090769    0.711587  0.000000  1.0
   -0.090769    0.713639  0.000000  1.0
   -0.090769    0.715690  0.000000  1.0
   -0.090769    0.717741  0.000000  1.0
   -0.090769    0.719793  0.000000  1.0
   -0.090769    0.721844  0.000000  1.0
   -0.090769    0.723895  0.000000  1.0
   -0.090769    0.725946  0.000000  1.0
   -0.090769    0.727998  0.000000  1.0
   -0.090769    0.730049  0.000000  1.0
   -0.090769    0.732100  0.000000  1.0
   -0.090769    0.734151  0.000000  1.0
   -0.090769    0.736203  0.000000  1.0
   -0.090769    0.738254  0.000000  1.0
   -0.090769    0.740305  0.000000  1.0
   -0.090769    0.742357  0.000000  1.0
   -0.090769    0.744408  0.000000  1.0
   -0.090769    0.746459  0.000000  1.0
   -0.090769    0.748510  0.000000  1.0
   -0.090769    0.750562  0.000000  1.0
   -0.090769    0.752613  0.000000  1.0
   -0.090769    0.754664  0.000000  1.0
   -0.090769    0.756716  0.000000  1.0
   -0.090769    0.758767  0.000000  1.0
   -0.090769    0.760818  0.000000  1.0
   -0.090769    0.762869  0.000000  1.0
   -0.090769    0.764921  0.000000  1.0
   -0.090769    0.766972  0.000000  1.0
   -0.090769    0.769023  0.000000  1.0
   -0.090769    0.771075  0.000000  1.0
   -0.090769    0.773126  0.000000  1.0
   -0.090769    0.775177  0.000000  1.0
   -0.090769    0.777228  0.000000  1.0
   -0.090769    0.779280  0.000000  1.0
   -0.090769    0.781331  0.000000  1.0
   -0.090769    0.783382  0.000000  1.0
   -0.090769    0.785434  0.000000  1.0
   -0.088718    0.705434  0.000000  1.0
   -0.088718    0.707485  0.000000  1.0
   -0.088718    0.709536  0.000000  1.0
   -0.088718    0.711587  0.000000  1.0
   -0.088718    0.713639  0.000000  1.0
   -0.088718    0.715690  0.000000  1.0
   -0.088718    0.717741  0.000000  1.0
   -0.088718    0.719793  0.000000  1.0
   -0.088718    0.721844  0.000000  1.0
   -0.088718    0.723895  0.000000  1.0
   -0.088718    0.725946  0.000000  1.0
   -0.088718    0.727998  0.000000  1.0
   -0.088718    0.730049  0.000000  1.0
   -0.088718    0.732100  0.000000  1.0
   -0.088718    0.734151  0.000000  1.0
   -0.088718    0.736203  0.000000  1.0
   -0.088718    0.738254  0.000000  1.0
   -0.088718    0.740305  0.000000  1.0
   -0.088718    0.742357  0.000000  1.0
   -0.088718    0.744408  0.000000  1.0
   -0.088718    0.746459  0.000000  1.0
   -0.088718    0.748510  0.000000  1.0
   -0.088718    0.750562  0.000000  1.0
   -0.088718    0.752613  0.000000  1.0
   -0.088718    0.754664  0.000000  1.0
   -0.088718    0.756716  0.000000  1.0
   -0.088718    0.758767  0.000000  1.0
   -0.088718    0.760818  0.000000  1.0
   -0.088718    0.762869  0.000000  1.0
   -0.088718    0.764921  0.000000  1.0
   -0.088718    0.766972  0.000000  1.0
   -0.088718    0.769023  0.000000  1.0
   -0.088718    0.771075  0.000000  1.0
   -0.088718    0.773126  0.000000  1.0
   -0.088718    0.775177  0.000000  1.0
   -0.088718    0.777228  0.000000  1.0
   -0.088718    0.779280  0.000000  1.0
   -0.088718    0.781331  0.000000  1.0
   -0.088718    0.783382  0.000000  1.0
   -0.088718    0.785434  0.000000  1.0
   -0.086667    0.705434  0.000000  1.0
   -0.086667    0.707485  0.000000  1.0
   -0.086667    0.709536  0.000000  1.0
   -0.086667    0.711587  0.000000  1.0
   -0.086667    0.713639  0.000000  1.0
   -0.086667    0.715690  0.000000  1.0
   -0.086667    0.717741  0.000000  1.0
   -0.086667    0.719793  0.000000  1.0
   -0.086667    0.721844  0.000000  1.0
   -0.086667    0.723895  0.000000  1.0
   -0.086667    0.725946  0.000000  1.0
   -0.086667    0.727998  0.000000  1.0
   -0.086667    0.730049  0.000000  1.0
   -0.086667    0.732100  0.000000  1.0
   -0.086667    0.734151  0.000000  1.0
   -0.086667    0.736203  0.000000  1.0
   -0.086667    0.738254  0.000000  1.0
   -0.086667    0.740305  0.000000  1.0
   -0.086667    0.742357  0.000000  1.0
   -0.086667    0.744408  0.000000  1.0
   -0.086667    0.746459  0.000000  1.0
   -0.086667    0.748510  0.000000  1.0
   -0.086667    0.750562  0.000000  1.0
   -0.086667    0.752613  0.000000  1.0
   -0.086667    0.754664  0.000000  1.0
   -0.086667    0.756716  0.000000  1.0
   -0.086667    0.758767  0.000000  1.0
   -0.086667    0.760818  0.000000  1.0
   -0.086667    0.762869  0.000000  1.0
   -0.086667    0.764921  0.000000  1.0
   -0.086667    0.766972  0.000000  1.0
   -0.086667    0.769023  0.000000  1.0
   -0.086667    0.771075  0.000000  1.0
   -0.086667    0.773126  0.000000  1.0
   -0.086667    0.775177  0.000000  1.0
   -0.086667    0.777228  0.000000  1.0
   -0.086667    0.779280  0.000000  1.0
   -0.086667    0.781331  0.000000  1.0
   -0.086667    0.783382  0.000000  1.0
   -0.086667    0.785434  0.000000  1.0
   -0.084615    0.705434  0.000000  1.0
   -0.084615    0.707485  0.000000  1.0
   -0.084615    0.709536  0.000000  1.0
   -0.084615    0.711587  0.000000  1.0
   -0.084615    0.713639  0.000000  1.0
   -0.084615    0.715690  0.000000  1.0
   -0.084615    0.717741  0.000000  1.0
   -0.084615    0.719793  0.000000  1.0
   -0.084615    0.721844  0.000000  1.0
   -0.084615    0.723895  0.000000  1.0
   -0.084615    0.725946  0.000000  1.0
   -0.084615    0.727998  0.000000  1.0
   -0.084615    0.730049  0.000000  1.0
   -0.084615    0.732100  0.000000  1.0
   -0.084615    0.734151  0.000000  1.0
   -0.084615    0.736203  0.000000  1.0
   -0.084615    0.738254  0.000000  1.0
   -0.084615    0.740305  0.000000  1.0
   -0.084615    0.742357  0.000000  1.0
   -0.084615    0.744408  0.000000  1.0
   -0.084615    0.746459  0.000000  1.0
   -0.084615    0.748510  0.000000  1.0
   -0.084615    0.750562  0.000000  1.0
   -0.084615    0.752613  0.000000  1.0
   -0.084615    0.754664  0.000000  1.0
   -0.084615    0.756716  0.000000  1.0
   -0.084615    0.758767  0.000000  1.0
   -0.084615    0.760818  0.000000  1.0
   -0.084615    0.762869  0.000000  1.0
   -0.084615    0.764921  0.000000  1.0
   -0.084615    0.766972  0.000000  1.0
   -0.084615    0.769023  0.000000  1.0
   -0.084615    0.771075  0.000000  1.0
   -0.084615    0.773126  0.000000  1.0
   -0.084615    0.775177  0.000000  1.0
   -0.084615    0.777228  0.000000  1.0
   -0.084615    0.779280  0.000000  1.0
   -0.084615    0.781331  0.000000  1.0
   -0.084615    0.783382  0.000000  1.0
   -0.084615    0.785434  0.000000  1.0
   -0.082564    0.705434  0.000000  1.0
   -0.082564    0.707485  0.000000  1.0
   -0.082564    0.709536  0.000000  1.0
   -0.082564    0.711587  0.000000  1.0
   -0.082564    0.713639  0.000000  1.0
   -0.082564    0.715690  0.000000  1.0
   -0.082564    0.717741  0.000000  1.0
   -0.082564    0.719793  0.000000  1.0
   -0.082564    0.721844  0.000000  1.0
   -0.082564    0.723895  0.000000  1.0
   -0.082564    0.725946  0.000000  1.0
   -0.082564    0.727998  0.000000  1.0
   -0.082564    0.730049  0.000000  1.0
   -0.082564    0.732100  0.000000  1.0
   -0.082564    0.734151  0.000000  1.0
   -0.082564    0.736203  0.000000  1.0
   -0.082564    0.738254  0.000000  1.0
   -0.082564    0.740305  0.000000  1.0
   -0.082564    0.742357  0.000000  1.0
   -0.082564    0.744408  0.000000  1.0
   -0.082564    0.746459  0.000000  1.0
   -0.082564    0.748510  0.000000  1.0
   -0.082564    0.750562  0.000000  1.0
   -0.082564    0.752613  0.000000  1.0
   -0.082564    0.754664  0.000000  1.0
   -0.082564    0.756716  0.000000  1.0
   -0.082564    0.758767  0.000000  1.0
   -0.082564    0.760818  0.000000  1.0
   -0.082564    0.762869  0.000000  1.0
   -0.082564    0.764921  0.000000  1.0
   -0.082564    0.766972  0.000000  1.0
   -0.082564    0.769023  0.000000  1.0
   -0.082564    0.771075  0.000000  1.0
   -0.082564    0.773126  0.000000  1.0
   -0.082564    0.775177  0.000000  1.0
   -0.082564    0.777228  0.000000  1.0
   -0.082564    0.779280  0.000000  1.0
   -0.082564    0.781331  0.000000  1.0
   -0.082564    0.783382  0.000000  1.0
   -0.082564    0.785434  0.000000  1.0
   -0.080513    0.705434  0.000000  1.0
   -0.080513    0.707485  0.000000  1.0
   -0.080513    0.709536  0.000000  1.0
   -0.080513    0.711587  0.000000  1.0
   -0.080513    0.713639  0.000000  1.0
   -0.080513    0.715690  0.000000  1.0
   -0.080513    0.717741  0.000000  1.0
   -0.080513    0.719793  0.000000  1.0
   -0.080513    0.721844  0.000000  1.0
   -0.080513    0.723895  0.000000  1.0
   -0.080513    0.725946  0.000000  1.0
   -0.080513    0.727998  0.000000  1.0
   -0.080513    0.730049  0.000000  1.0
   -0.080513    0.732100  0.000000  1.0
   -0.080513    0.734151  0.000000  1.0
   -0.080513    0.736203  0.000000  1.0
   -0.080513    0.738254  0.000000  1.0
   -0.080513    0.740305  0.000000  1.0
   -0.080513    0.742357  0.000000  1.0
   -0.080513    0.744408  0.000000  1.0
   -0.080513    0.746459  0.000000  1.0
   -0.080513    0.748510  0.000000  1.0
   -0.080513    0.750562  0.000000  1.0
   -0.080513    0.752613  0.000000  1.0
   -0.080513    0.754664  0.000000  1.0
   -0.080513    0.756716  0.000000  1.0
   -0.080513    0.758767  0.000000  1.0
   -0.080513    0.760818  0.000000  1.0
   -0.080513    0.762869  0.000000  1.0
   -0.080513    0.764921  0.000000  1.0
   -0.080513    0.766972  0.000000  1.0
   -0.080513    0.769023  0.000000  1.0
   -0.080513    0.771075  0.000000  1.0
   -0.080513    0.773126  0.000000  1.0
   -0.080513    0.775177  0.000000  1.0
   -0.080513    0.777228  0.000000  1.0
   -0.080513    0.779280  0.000000  1.0
   -0.080513    0.781331  0.000000  1.0
   -0.080513    0.783382  0.000000  1.0
   -0.080513    0.785434  0.000000  1.0
   -0.078462    0.705434  0.000000  1.0
   -0.078462    0.707485  0.000000  1.0
   -0.078462    0.709536  0.000000  1.0
   -0.078462    0.711587  0.000000  1.0
   -0.078462    0.713639  0.000000  1.0
   -0.078462    0.715690  0.000000  1.0
   -0.078462    0.717741  0.000000  1.0
   -0.078462    0.719793  0.000000  1.0
   -0.078462    0.721844  0.000000  1.0
   -0.078462    0.723895  0.000000  1.0
   -0.078462    0.725946  0.000000  1.0
   -0.078462    0.727998  0.000000  1.0
   -0.078462    0.730049  0.000000  1.0
   -0.078462    0.732100  0.000000  1.0
   -0.078462    0.734151  0.000000  1.0
   -0.078462    0.736203  0.000000  1.0
   -0.078462    0.738254  0.000000  1.0
   -0.078462    0.740305  0.000000  1.0
   -0.078462    0.742357  0.000000  1.0
   -0.078462    0.744408  0.000000  1.0
   -0.078462    0.746459  0.000000  1.0
   -0.078462    0.748510  0.000000  1.0
   -0.078462    0.750562  0.000000  1.0
   -0.078462    0.752613  0.000000  1.0
   -0.078462    0.754664  0.000000  1.0
   -0.078462    0.756716  0.000000  1.0
   -0.078462    0.758767  0.000000  1.0
   -0.078462    0.760818  0.000000  1.0
   -0.078462    0.762869  0.000000  1.0
   -0.078462    0.764921  0.000000  1.0
   -0.078462    0.766972  0.000000  1.0
   -0.078462    0.769023  0.000000  1.0
   -0.078462    0.771075  0.000000  1.0
   -0.078462    0.773126  0.000000  1.0
   -0.078462    0.775177  0.000000  1.0
   -0.078462    0.777228  0.000000  1.0
   -0.078462    0.779280  0.000000  1.0
   -0.078462    0.781331  0.000000  1.0
   -0.078462    0.783382  0.000000  1.0
   -0.078462    0.785434  0.000000  1.0
   -0.076410    0.705434  0.000000  1.0
   -0.076410    0.707485  0.000000  1.0
   -0.076410    0.709536  0.000000  1.0
   -0.076410    0.711587  0.000000  1.0
   -0.076410    0.713639  0.000000  1.0
   -0.076410    0.715690  0.000000  1.0
   -0.076410    0.717741  0.000000  1.0
   -0.076410    0.719793  0.000000  1.0
   -0.076410    0.721844  0.000000  1.0
   -0.076410    0.723895  0.000000  1.0
   -0.076410    0.725946  0.000000  1.0
   -0.076410    0.727998  0.000000  1.0
   -0.076410    0.730049  0.000000  1.0
   -0.076410    0.732100  0.000000  1.0
   -0.076410    0.734151  0.000000  1.0
   -0.076410    0.736203  0.000000  1.0
   -0.076410    0.738254  0.000000  1.0
   -0.076410    0.740305  0.000000  1.0
   -0.076410    0.742357  0.000000  1.0
   -0.076410    0.744408  0.000000  1.0
   -0.076410    0.746459  0.000000  1.0
   -0.076410    0.748510  0.000000  1.0
   -0.076410    0.750562  0.000000  1.0
   -0.076410    0.752613  0.000000  1.0
   -0.076410    0.754664  0.000000  1.0
   -0.076410    0.756716  0.000000  1.0
   -0.076410    0.758767  0.000000  1.0
   -0.076410    0.760818  0.000000  1.0
   -0.076410    0.762869  0.000000  1.0
   -0.076410    0.764921  0.000000  1.0
   -0.076410    0.766972  0.000000  1.0
   -0.076410    0.769023  0.000000  1.0
   -0.076410    0.771075  0.000000  1.0
   -0.076410    0.773126  0.000000  1.0
   -0.076410    0.775177  0.000000  1.0
   -0.076410    0.777228  0.000000  1.0
   -0.076410    0.779280  0.000000  1.0
   -0.076410    0.781331  0.000000  1.0
   -0.076410    0.783382  0.000000  1.0
   -0.076410    0.785434  0.000000  1.0
   -0.074359    0.705434  0.000000  1.0
   -0.074359    0.707485  0.000000  1.0
   -0.074359    0.709536  0.000000  1.0
   -0.074359    0.711587  0.000000  1.0
   -0.074359    0.713639  0.000000  1.0
   -0.074359    0.715690  0.000000  1.0
   -0.074359    0.717741  0.000000  1.0
   -0.074359    0.719793  0.000000  1.0
   -0.074359    0.721844  0.000000  1.0
   -0.074359    0.723895  0.000000  1.0
   -0.074359    0.725946  0.000000  1.0
   -0.074359    0.727998  0.000000  1.0
   -0.074359    0.730049  0.000000  1.0
   -0.074359    0.732100  0.000000  1.0
   -0.074359    0.734151  0.000000  1.0
   -0.074359    0.736203  0.000000  1.0
   -0.074359    0.738254  0.000000  1.0
   -0.074359    0.740305  0.000000  1.0
   -0.074359    0.742357  0.000000  1.0
   -0.074359    0.744408  0.000000  1.0
   -0.074359    0.746459  0.000000  1.0
   -0.074359    0.748510  0.000000  1.0
   -0.074359    0.750562  0.000000  1.0
   -0.074359    0.752613  0.000000  1.0
   -0.074359    0.754664  0.000000  1.0
   -0.074359    0.756716  0.000000  1.0
   -0.074359    0.758767  0.000000  1.0
   -0.074359    0.760818  0.000000  1.0
   -0.074359    0.762869  0.000000  1.0
   -0.074359    0.764921  0.000000  1.0
   -0.074359    0.766972  0.000000  1.0
   -0.074359    0.769023  0.000000  1.0
   -0.074359    0.771075  0.000000  1.0
   -0.074359    0.773126  0.000000  1.0
   -0.074359    0.775177  0.000000  1.0
   -0.074359    0.777228  0.000000  1.0
   -0.074359    0.779280  0.000000  1.0
   -0.074359    0.781331  0.000000  1.0
   -0.074359    0.783382  0.000000  1.0
   -0.074359    0.785434  0.000000  1.0
   -0.072308    0.705434  0.000000  1.0
   -0.072308    0.707485  0.000000  1.0
   -0.072308    0.709536  0.000000  1.0
   -0.072308    0.711587  0.000000  1.0
   -0.072308    0.713639  0.000000  1.0
   -0.072308    0.715690  0.000000  1.0
   -0.072308    0.717741  0.000000  1.0
   -0.072308    0.719793  0.000000  1.0
   -0.072308    0.721844  0.000000  1.0
   -0.072308    0.723895  0.000000  1.0
   -0.072308    0.725946  0.000000  1.0
   -0.072308    0.727998  0.000000  1.0
   -0.072308    0.730049  0.000000  1.0
   -0.072308    0.732100  0.000000  1.0
   -0.072308    0.734151  0.000000  1.0
   -0.072308    0.736203  0.000000  1.0
   -0.072308    0.738254  0.000000  1.0
   -0.072308    0.740305  0.000000  1.0
   -0.072308    0.742357  0.000000  1.0
   -0.072308    0.744408  0.000000  1.0
   -0.072308    0.746459  0.000000  1.0
   -0.072308    0.748510  0.000000  1.0
   -0.072308    0.750562  0.000000  1.0
   -0.072308    0.752613  0.000000  1.0
   -0.072308    0.754664  0.000000  1.0
   -0.072308    0.756716  0.000000  1.0
   -0.072308    0.758767  0.000000  1.0
   -0.072308    0.760818  0.000000  1.0
   -0.072308    0.762869  0.000000  1.0
   -0.072308    0.764921  0.000000  1.0
   -0.072308    0.766972  0.000000  1.0
   -0.072308    0.769023  0.000000  1.0
   -0.072308    0.771075  0.000000  1.0
   -0.072308    0.773126  0.000000  1.0
   -0.072308    0.775177  0.000000  1.0
   -0.072308    0.777228  0.000000  1.0
   -0.072308    0.779280  0.000000  1.0
   -0.072308    0.781331  0.000000  1.0
   -0.072308    0.783382  0.000000  1.0
   -0.072308    0.785434  0.000000  1.0
   -0.070256    0.705434  0.000000  1.0
   -0.070256    0.707485  0.000000  1.0
   -0.070256    0.709536  0.000000  1.0
   -0.070256    0.711587  0.000000  1.0
   -0.070256    0.713639  0.000000  1.0
   -0.070256    0.715690  0.000000  1.0
   -0.070256    0.717741  0.000000  1.0
   -0.070256    0.719793  0.000000  1.0
   -0.070256    0.721844  0.000000  1.0
   -0.070256    0.723895  0.000000  1.0
   -0.070256    0.725946  0.000000  1.0
   -0.070256    0.727998  0.000000  1.0
   -0.070256    0.730049  0.000000  1.0
   -0.070256    0.732100  0.000000  1.0
   -0.070256    0.734151  0.000000  1.0
   -0.070256    0.736203  0.000000  1.0
   -0.070256    0.738254  0.000000  1.0
   -0.070256    0.740305  0.000000  1.0
   -0.070256    0.742357  0.000000  1.0
   -0.070256    0.744408  0.000000  1.0
   -0.070256    0.746459  0.000000  1.0
   -0.070256    0.748510  0.000000  1.0
   -0.070256    0.750562  0.000000  1.0
   -0.070256    0.752613  0.000000  1.0
   -0.070256    0.754664  0.000000  1.0
   -0.070256    0.756716  0.000000  1.0
   -0.070256    0.758767  0.000000  1.0
   -0.070256    0.760818  0.000000  1.0
   -0.070256    0.762869  0.000000  1.0
   -0.070256    0.764921  0.000000  1.0
   -0.070256    0.766972  0.000000  1.0
   -0.070256    0.769023  0.000000  1.0
   -0.070256    0.771075  0.000000  1.0
   -0.070256    0.773126  0.000000  1.0
   -0.070256    0.775177  0.000000  1.0
   -0.070256    0.777228  0.000000  1.0
   -0.070256    0.779280  0.000000  1.0
   -0.070256    0.781331  0.000000  1.0
   -0.070256    0.783382  0.000000  1.0
   -0.070256    0.785434  0.000000  1.0
   -0.068205    0.705434  0.000000  1.0
   -0.068205    0.707485  0.000000  1.0
   -0.068205    0.709536  0.000000  1.0
   -0.068205    0.711587  0.000000  1.0
   -0.068205    0.713639  0.000000  1.0
   -0.068205    0.715690  0.000000  1.0
   -0.068205    0.717741  0.000000  1.0
   -0.068205    0.719793  0.000000  1.0
   -0.068205    0.721844  0.000000  1.0
   -0.068205    0.723895  0.000000  1.0
   -0.068205    0.725946  0.000000  1.0
   -0.068205    0.727998  0.000000  1.0
   -0.068205    0.730049  0.000000  1.0
   -0.068205    0.732100  0.000000  1.0
   -0.068205    0.734151  0.000000  1.0
   -0.068205    0.736203  0.000000  1.0
   -0.068205    0.738254  0.000000  1.0
   -0.068205    0.740305  0.000000  1.0
   -0.068205    0.742357  0.000000  1.0
   -0.068205    0.744408  0.000000  1.0
   -0.068205    0.746459  0.000000  1.0
   -0.068205    0.748510  0.000000  1.0
   -0.068205    0.750562  0.000000  1.0
   -0.068205    0.752613  0.000000  1.0
   -0.068205    0.754664  0.000000  1.0
   -0.068205    0.756716  0.000000  1.0
   -0.068205    0.758767  0.000000  1.0
   -0.068205    0.760818  0.000000  1.0
   -0.068205    0.762869  0.000000  1.0
   -0.068205    0.764921  0.000000  1.0
   -0.068205    0.766972  0.000000  1.0
   -0.068205    0.769023  0.000000  1.0
   -0.068205    0.771075  0.000000  1.0
   -0.068205    0.773126  0.000000  1.0
   -0.068205    0.775177  0.000000  1.0
   -0.068205    0.777228  0.000000  1.0
   -0.068205    0.779280  0.000000  1.0
   -0.068205    0.781331  0.000000  1.0
   -0.068205    0.783382  0.000000  1.0
   -0.068205    0.785434  0.000000  1.0
   -0.066154    0.705434  0.000000  1.0
   -0.066154    0.707485  0.000000  1.0
   -0.066154    0.709536  0.000000  1.0
   -0.066154    0.711587  0.000000  1.0
   -0.066154    0.713639  0.000000  1.0
   -0.066154    0.715690  0.000000  1.0
   -0.066154    0.717741  0.000000  1.0
   -0.066154    0.719793  0.000000  1.0
   -0.066154    0.721844  0.000000  1.0
   -0.066154    0.723895  0.000000  1.0
   -0.066154    0.725946  0.000000  1.0
   -0.066154    0.727998  0.000000  1.0
   -0.066154    0.730049  0.000000  1.0
   -0.066154    0.732100  0.000000  1.0
   -0.066154    0.734151  0.000000  1.0
   -0.066154    0.736203  0.000000  1.0
   -0.066154    0.738254  0.000000  1.0
   -0.066154    0.740305  0.000000  1.0
   -0.066154    0.742357  0.000000  1.0
   -0.066154    0.744408  0.000000  1.0
   -0.066154    0.746459  0.000000  1.0
   -0.066154    0.748510  0.000000  1.0
   -0.066154    0.750562  0.000000  1.0
   -0.066154    0.752613  0.000000  1.0
   -0.066154    0.754664  0.000000  1.0
   -0.066154    0.756716  0.000000  1.0
   -0.066154    0.758767  0.000000  1.0
   -0.066154    0.760818  0.000000  1.0
   -0.066154    0.762869  0.000000  1.0
   -0.066154    0.764921  0.000000  1.0
   -0.066154    0.766972  0.000000  1.0
   -0.066154    0.769023  0.000000  1.0
   -0.066154    0.771075  0.000000  1.0
   -0.066154    0.773126  0.000000  1.0
   -0.066154    0.775177  0.000000  1.0
   -0.066154    0.777228  0.000000  1.0
   -0.066154    0.779280  0.000000  1.0
   -0.066154    0.781331  0.000000  1.0
   -0.066154    0.783382  0.000000  1.0
   -0.066154    0.785434  0.000000  1.0
   -0.064103    0.705434  0.000000  1.0
   -0.064103    0.707485  0.000000  1.0
   -0.064103    0.709536  0.000000  1.0
   -0.064103    0.711587  0.000000  1.0
   -0.064103    0.713639  0.000000  1.0
   -0.064103    0.715690  0.000000  1.0
   -0.064103    0.717741  0.000000  1.0
   -0.064103    0.719793  0.000000  1.0
   -0.064103    0.721844  0.000000  1.0
   -0.064103    0.723895  0.000000  1.0
   -0.064103    0.725946  0.000000  1.0
   -0.064103    0.727998  0.000000  1.0
   -0.064103    0.730049  0.000000  1.0
   -0.064103    0.732100  0.000000  1.0
   -0.064103    0.734151  0.000000  1.0
   -0.064103    0.736203  0.000000  1.0
   -0.064103    0.738254  0.000000  1.0
   -0.064103    0.740305  0.000000  1.0
   -0.064103    0.742357  0.000000  1.0
   -0.064103    0.744408  0.000000  1.0
   -0.064103    0.746459  0.000000  1.0
   -0.064103    0.748510  0.000000  1.0
   -0.064103    0.750562  0.000000  1.0
   -0.064103    0.752613  0.000000  1.0
   -0.064103    0.754664  0.000000  1.0
   -0.064103    0.756716  0.000000  1.0
   -0.064103    0.758767  0.000000  1.0
   -0.064103    0.760818  0.000000  1.0
   -0.064103    0.762869  0.000000  1.0
   -0.064103    0.764921  0.000000  1.0
   -0.064103    0.766972  0.000000  1.0
   -0.064103    0.769023  0.000000  1.0
   -0.064103    0.771075  0.000000  1.0
   -0.064103    0.773126  0.000000  1.0
   -0.064103    0.775177  0.000000  1.0
   -0.064103    0.777228  0.000000  1.0
   -0.064103    0.779280  0.000000  1.0
   -0.064103    0.781331  0.000000  1.0
   -0.064103    0.783382  0.000000  1.0
   -0.064103    0.785434  0.000000  1.0
   -0.062051    0.705434  0.000000  1.0
   -0.062051    0.707485  0.000000  1.0
   -0.062051    0.709536  0.000000  1.0
   -0.062051    0.711587  0.000000  1.0
   -0.062051    0.713639  0.000000  1.0
   -0.062051    0.715690  0.000000  1.0
   -0.062051    0.717741  0.000000  1.0
   -0.062051    0.719793  0.000000  1.0
   -0.062051    0.721844  0.000000  1.0
   -0.062051    0.723895  0.000000  1.0
   -0.062051    0.725946  0.000000  1.0
   -0.062051    0.727998  0.000000  1.0
   -0.062051    0.730049  0.000000  1.0
   -0.062051    0.732100  0.000000  1.0
   -0.062051    0.734151  0.000000  1.0
   -0.062051    0.736203  0.000000  1.0
   -0.062051    0.738254  0.000000  1.0
   -0.062051    0.740305  0.000000  1.0
   -0.062051    0.742357  0.000000  1.0
   -0.062051    0.744408  0.000000  1.0
   -0.062051    0.746459  0.000000  1.0
   -0.062051    0.748510  0.000000  1.0
   -0.062051    0.750562  0.000000  1.0
   -0.062051    0.752613  0.000000  1.0
   -0.062051    0.754664  0.000000  1.0
   -0.062051    0.756716  0.000000  1.0
   -0.062051    0.758767  0.000000  1.0
   -0.062051    0.760818  0.000000  1.0
   -0.062051    0.762869  0.000000  1.0
   -0.062051    0.764921  0.000000  1.0
   -0.062051    0.766972  0.000000  1.0
   -0.062051    0.769023  0.000000  1.0
   -0.062051    0.771075  0.000000  1.0
   -0.062051    0.773126  0.000000  1.0
   -0.062051    0.775177  0.000000  1.0
   -0.062051    0.777228  0.000000  1.0
   -0.062051    0.779280  0.000000  1.0
   -0.062051    0.781331  0.000000  1.0
   -0.062051    0.783382  0.000000  1.0
   -0.062051    0.785434  0.000000  1.0
   -0.060000    0.705434  0.000000  1.0
   -0.060000    0.707485  0.000000  1.0
   -0.060000    0.709536  0.000000  1.0
   -0.060000    0.711587  0.000000  1.0
   -0.060000    0.713639  0.000000  1.0
   -0.060000    0.715690  0.000000  1.0
   -0.060000    0.717741  0.000000  1.0
   -0.060000    0.719793  0.000000  1.0
   -0.060000    0.721844  0.000000  1.0
   -0.060000    0.723895  0.000000  1.0
   -0.060000    0.725946  0.000000  1.0
   -0.060000    0.727998  0.000000  1.0
   -0.060000    0.730049  0.000000  1.0
   -0.060000    0.732100  0.000000  1.0
   -0.060000    0.734151  0.000000  1.0
   -0.060000    0.736203  0.000000  1.0
   -0.060000    0.738254  0.000000  1.0
   -0.060000    0.740305  0.000000  1.0
   -0.060000    0.742357  0.000000  1.0
   -0.060000    0.744408  0.000000  1.0
   -0.060000    0.746459  0.000000  1.0
   -0.060000    0.748510  0.000000  1.0
   -0.060000    0.750562  0.000000  1.0
   -0.060000    0.752613  0.000000  1.0
   -0.060000    0.754664  0.000000  1.0
   -0.060000    0.756716  0.000000  1.0
   -0.060000    0.758767  0.000000  1.0
   -0.060000    0.760818  0.000000  1.0
   -0.060000    0.762869  0.000000  1.0
   -0.060000    0.764921  0.000000  1.0
   -0.060000    0.766972  0.000000  1.0
   -0.060000    0.769023  0.000000  1.0
   -0.060000    0.771075  0.000000  1.0
   -0.060000    0.773126  0.000000  1.0
   -0.060000    0.775177  0.000000  1.0
   -0.060000    0.777228  0.000000  1.0
   -0.060000    0.779280  0.000000  1.0
   -0.060000    0.781331  0.000000  1.0
   -0.060000    0.783382  0.000000  1.0
   -0.060000    0.785434  0.000000  1.0
