&CONTROL
  calculation = 'bands'
  prefix = 'graphene18.0zoom'
  outdir = './tmp'
  pseudo_dir = './'
  verbosity = 'high'
/
&SYSTEM
  ibrav = 0
  nat = 2
  ntyp = 1
  ecutwfc = 40.0
  nosym = .true.
  noinv = .true.
  nbnd = 8
/
&ELECTRONS
/
ATOMIC_SPECIES
  C  12.011  C.pbe-n-kjpaw_psl.1.0.0.UPF
CELL_PARAMETERS {bohr}
  5.491720  0.000000  0.000000
  2.745860  3.910777  0.000000
  0.000000  0.000000  30.000000
ATOMIC_POSITIONS {crystal}
  C  -0.000733  0.168230  0.000000
  C  0.334066  0.498437  0.000000
K_POINTS {tpiba}
1600
    0.160000   -0.742126  0.000000  1.0
    0.160000   -0.740075  0.000000  1.0
    0.160000   -0.738024  0.000000  1.0
    0.160000   -0.735973  0.000000  1.0
    0.160000   -0.733921  0.000000  1.0
    0.160000   -0.731870  0.000000  1.0
    0.160000   -0.729819  0.000000  1.0
    0.160000   -0.727767  0.000000  1.0
    0.160000   -0.725716  0.000000  1.0
    0.160000   -0.723665  0.000000  1.0
    0.160000   -0.721614  0.000000  1.0
    0.160000   -0.719562  0.000000  1.0
    0.160000   -0.717511  0.000000  1.0
    0.160000   -0.715460  0.000000  1.0
    0.160000   -0.713409  0.000000  1.0
    0.160000   -0.711357  0.000000  1.0
    0.160000   -0.709306  0.000000  1.0
    0.160000   -0.707255  0.000000  1.0
    0.160000   -0.705203  0.000000  1.0
    0.160000   -0.703152  0.000000  1.0
    0.160000   -0.701101  0.000000  1.0
    0.160000   -0.699050  0.000000  1.0
    0.160000   -0.696998  0.000000  1.0
    0.160000   -0.694947  0.000000  1.0
    0.160000   -0.692896  0.000000  1.0
    0.160000   -0.690844  0.000000  1.0
    0.160000   -0.688793  0.000000  1.0
    0.160000   -0.686742  0.000000  1.0
    0.160000   -0.684691  0.000000  1.0
    0.160000   -0.682639  0.000000  1.0
    0.160000   -0.680588  0.000000  1.0
    0.160000   -0.678537  0.000000  1.0
    0.160000   -0.676485  0.000000  1.0
    0.160000   -0.674434  0.000000  1.0
    0.160000   -0.672383  0.000000  1.0
    0.160000   -0.670332  0.000000  1.0
    0.160000   -0.668280  0.000000  1.0
    0.160000   -0.666229  0.000000  1.0
    0.160000   -0.664178  0.000000  1.0
    0.160000   -0.662126  0.000000  1.0
    0.162051   -0.742126  0.000000  1.0
    0.162051   -0.740075  0.000000  1.0
    0.162051   -0.738024  0.000000  1.0
    0.162051   -0.735973  0.000000  1.0
    0.162051   -0.733921  0.000000  1.0
    0.162051   -0.731870  0.000000  1.0
    0.162051   -0.729819  0.000000  1.0
    0.162051   -0.727767  0.000000  1.0
    0.162051   -0.725716  0.000000  1.0
    0.162051   -0.723665  0.000000  1.0
    0.162051   -0.721614  0.000000  1.0
    0.162051   -0.719562  0.000000  1.0
    0.162051   -0.717511  0.000000  1.0
    0.162051   -0.715460  0.000000  1.0
    0.162051   -0.713409  0.000000  1.0
    0.162051   -0.711357  0.000000  1.0
    0.162051   -0.709306  0.000000  1.0
    0.162051   -0.707255  0.000000  1.0
    0.162051   -0.705203  0.000000  1.0
    0.162051   -0.703152  0.000000  1.0
    0.162051   -0.701101  0.000000  1.0
    0.162051   -0.699050  0.000000  1.0
    0.162051   -0.696998  0.000000  1.0
    0.162051   -0.694947  0.000000  1.0
    0.162051   -0.692896  0.000000  1.0
    0.162051   -0.690844  0.000000  1.0
    0.162051   -0.688793  0.000000  1.0
    0.162051   -0.686742  0.000000  1.0
    0.162051   -0.684691  0.000000  1.0
    0.162051   -0.682639  0.000000  1.0
    0.162051   -0.680588  0.000000  1.0
    0.162051   -0.678537  0.000000  1.0
    0.162051   -0.676485  0.000000  1.0
    0.162051   -0.674434  0.000000  1.0
    0.162051   -0.672383  0.000000  1.0
    0.162051   -0.670332  0.000000  1.0
    0.162051   -0.668280  0.000000  1.0
    0.162051   -0.666229  0.000000  1.0
    0.162051   -0.664178  0.000000  1.0
    0.162051   -0.662126  0.000000  1.0
    0.164103   -0.742126  0.000000  1.0
    0.164103   -0.740075  0.000000  1.0
    0.164103   -0.738024  0.000000  1.0
    0.164103   -0.735973  0.000000  1.0
    0.164103   -0.733921  0.000000  1.0
    0.164103   -0.731870  0.000000  1.0
    0.164103   -0.729819  0.000000  1.0
    0.164103   -0.727767  0.000000  1.0
    0.164103   -0.725716  0.000000  1.0
    0.164103   -0.723665  0.000000  1.0
    0.164103   -0.721614  0.000000  1.0
    0.164103   -0.719562  0.000000  1.0
    0.164103   -0.717511  0.000000  1.0
    0.164103   -0.715460  0.000000  1.0
    0.164103   -0.713409  0.000000  1.0
    0.164103   -0.711357  0.000000  1.0
    0.164103   -0.709306  0.000000  1.0
    0.164103   -0.707255  0.000000  1.0
    0.164103   -0.705203  0.000000  1.0
    0.164103   -0.703152  0.000000  1.0
    0.164103   -0.701101  0.000000  1.0
    0.164103   -0.699050  0.000000  1.0
    0.164103   -0.696998  0.000000  1.0
    0.164103   -0.694947  0.000000  1.0
    0.164103   -0.692896  0.000000  1.0
    0.164103   -0.690844  0.000000  1.0
    0.164103   -0.688793  0.000000  1.0
    0.164103   -0.686742  0.000000  1.0
    0.164103   -0.684691  0.000000  1.0
    0.164103   -0.682639  0.000000  1.0
    0.164103   -0.680588  0.000000  1.0
    0.164103   -0.678537  0.000000  1.0
    0.164103   -0.676485  0.000000  1.0
    0.164103   -0.674434  0.000000  1.0
    0.164103   -0.672383  0.000000  1.0
    0.164103   -0.670332  0.000000  1.0
    0.164103   -0.668280  0.000000  1.0
    0.164103   -0.666229  0.000000  1.0
    0.164103   -0.664178  0.000000  1.0
    0.164103   -0.662126  0.000000  1.0
    0.166154   -0.742126  0.000000  1.0
    0.166154   -0.740075  0.000000  1.0
    0.166154   -0.738024  0.000000  1.0
    0.166154   -0.735973  0.000000  1.0
    0.166154   -0.733921  0.000000  1.0
    0.166154   -0.731870  0.000000  1.0
    0.166154   -0.729819  0.000000  1.0
    0.166154   -0.727767  0.000000  1.0
    0.166154   -0.725716  0.000000  1.0
    0.166154   -0.723665  0.000000  1.0
    0.166154   -0.721614  0.000000  1.0
    0.166154   -0.719562  0.000000  1.0
    0.166154   -0.717511  0.000000  1.0
    0.166154   -0.715460  0.000000  1.0
    0.166154   -0.713409  0.000000  1.0
    0.166154   -0.711357  0.000000  1.0
    0.166154   -0.709306  0.000000  1.0
    0.166154   -0.707255  0.000000  1.0
    0.166154   -0.705203  0.000000  1.0
    0.166154   -0.703152  0.000000  1.0
    0.166154   -0.701101  0.000000  1.0
    0.166154   -0.699050  0.000000  1.0
    0.166154   -0.696998  0.000000  1.0
    0.166154   -0.694947  0.000000  1.0
    0.166154   -0.692896  0.000000  1.0
    0.166154   -0.690844  0.000000  1.0
    0.166154   -0.688793  0.000000  1.0
    0.166154   -0.686742  0.000000  1.0
    0.166154   -0.684691  0.000000  1.0
    0.166154   -0.682639  0.000000  1.0
    0.166154   -0.680588  0.000000  1.0
    0.166154   -0.678537  0.000000  1.0
    0.166154   -0.676485  0.000000  1.0
    0.166154   -0.674434  0.000000  1.0
    0.166154   -0.672383  0.000000  1.0
    0.166154   -0.670332  0.000000  1.0
    0.166154   -0.668280  0.000000  1.0
    0.166154   -0.666229  0.000000  1.0
    0.166154   -0.664178  0.000000  1.0
    0.166154   -0.662126  0.000000  1.0
    0.168205   -0.742126  0.000000  1.0
    0.168205   -0.740075  0.000000  1.0
    0.168205   -0.738024  0.000000  1.0
    0.168205   -0.735973  0.000000  1.0
    0.168205   -0.733921  0.000000  1.0
    0.168205   -0.731870  0.000000  1.0
    0.168205   -0.729819  0.000000  1.0
    0.168205   -0.727767  0.000000  1.0
    0.168205   -0.725716  0.000000  1.0
    0.168205   -0.723665  0.000000  1.0
    0.168205   -0.721614  0.000000  1.0
    0.168205   -0.719562  0.000000  1.0
    0.168205   -0.717511  0.000000  1.0
    0.168205   -0.715460  0.000000  1.0
    0.168205   -0.713409  0.000000  1.0
    0.168205   -0.711357  0.000000  1.0
    0.168205   -0.709306  0.000000  1.0
    0.168205   -0.707255  0.000000  1.0
    0.168205   -0.705203  0.000000  1.0
    0.168205   -0.703152  0.000000  1.0
    0.168205   -0.701101  0.000000  1.0
    0.168205   -0.699050  0.000000  1.0
    0.168205   -0.696998  0.000000  1.0
    0.168205   -0.694947  0.000000  1.0
    0.168205   -0.692896  0.000000  1.0
    0.168205   -0.690844  0.000000  1.0
    0.168205   -0.688793  0.000000  1.0
    0.168205   -0.686742  0.000000  1.0
    0.168205   -0.684691  0.000000  1.0
    0.168205   -0.682639  0.000000  1.0
    0.168205   -0.680588  0.000000  1.0
    0.168205   -0.678537  0.000000  1.0
    0.168205   -0.676485  0.000000  1.0
    0.168205   -0.674434  0.000000  1.0
    0.168205   -0.672383  0.000000  1.0
    0.168205   -0.670332  0.000000  1.0
    0.168205   -0.668280  0.000000  1.0
    0.168205   -0.666229  0.000000  1.0
    0.168205   -0.664178  0.000000  1.0
    0.168205   -0.662126  0.000000  1.0
    0.170256   -0.742126  0.000000  1.0
    0.170256   -0.740075  0.000000  1.0
    0.170256   -0.738024  0.000000  1.0
    0.170256   -0.735973  0.000000  1.0
    0.170256   -0.733921  0.000000  1.0
    0.170256   -0.731870  0.000000  1.0
    0.170256   -0.729819  0.000000  1.0
    0.170256   -0.727767  0.000000  1.0
    0.170256   -0.725716  0.000000  1.0
    0.170256   -0.723665  0.000000  1.0
    0.170256   -0.721614  0.000000  1.0
    0.170256   -0.719562  0.000000  1.0
    0.170256   -0.717511  0.000000  1.0
    0.170256   -0.715460  0.000000  1.0
    0.170256   -0.713409  0.000000  1.0
    0.170256   -0.711357  0.000000  1.0
    0.170256   -0.709306  0.000000  1.0
    0.170256   -0.707255  0.000000  1.0
    0.170256   -0.705203  0.000000  1.0
    0.170256   -0.703152  0.000000  1.0
    0.170256   -0.701101  0.000000  1.0
    0.170256   -0.699050  0.000000  1.0
    0.170256   -0.696998  0.000000  1.0
    0.170256   -0.694947  0.000000  1.0
    0.170256   -0.692896  0.000000  1.0
    0.170256   -0.690844  0.000000  1.0
    0.170256   -0.688793  0.000000  1.0
    0.170256   -0.686742  0.000000  1.0
    0.170256   -0.684691  0.000000  1.0
    0.170256   -0.682639  0.000000  1.0
    0.170256   -0.680588  0.000000  1.0
    0.170256   -0.678537  0.000000  1.0
    0.170256   -0.676485  0.000000  1.0
    0.170256   -0.674434  0.000000  1.0
    0.170256   -0.672383  0.000000  1.0
    0.170256   -0.670332  0.000000  1.0
    0.170256   -0.668280  0.000000  1.0
    0.170256   -0.666229  0.000000  1.0
    0.170256   -0.664178  0.000000  1.0
    0.170256   -0.662126  0.000000  1.0
    0.172308   -0.742126  0.000000  1.0
    0.172308   -0.740075  0.000000  1.0
    0.172308   -0.738024  0.000000  1.0
    0.172308   -0.735973  0.000000  1.0
    0.172308   -0.733921  0.000000  1.0
    0.172308   -0.731870  0.000000  1.0
    0.172308   -0.729819  0.000000  1.0
    0.172308   -0.727767  0.000000  1.0
    0.172308   -0.725716  0.000000  1.0
    0.172308   -0.723665  0.000000  1.0
    0.172308   -0.721614  0.000000  1.0
    0.172308   -0.719562  0.000000  1.0
    0.172308   -0.717511  0.000000  1.0
    0.172308   -0.715460  0.000000  1.0
    0.172308   -0.713409  0.000000  1.0
    0.172308   -0.711357  0.000000  1.0
    0.172308   -0.709306  0.000000  1.0
    0.172308   -0.707255  0.000000  1.0
    0.172308   -0.705203  0.000000  1.0
    0.172308   -0.703152  0.000000  1.0
    0.172308   -0.701101  0.000000  1.0
    0.172308   -0.699050  0.000000  1.0
    0.172308   -0.696998  0.000000  1.0
    0.172308   -0.694947  0.000000  1.0
    0.172308   -0.692896  0.000000  1.0
    0.172308   -0.690844  0.000000  1.0
    0.172308   -0.688793  0.000000  1.0
    0.172308   -0.686742  0.000000  1.0
    0.172308   -0.684691  0.000000  1.0
    0.172308   -0.682639  0.000000  1.0
    0.172308   -0.680588  0.000000  1.0
    0.172308   -0.678537  0.000000  1.0
    0.172308   -0.676485  0.000000  1.0
    0.172308   -0.674434  0.000000  1.0
    0.172308   -0.672383  0.000000  1.0
    0.172308   -0.670332  0.000000  1.0
    0.172308   -0.668280  0.000000  1.0
    0.172308   -0.666229  0.000000  1.0
    0.172308   -0.664178  0.000000  1.0
    0.172308   -0.662126  0.000000  1.0
    0.174359   -0.742126  0.000000  1.0
    0.174359   -0.740075  0.000000  1.0
    0.174359   -0.738024  0.000000  1.0
    0.174359   -0.735973  0.000000  1.0
    0.174359   -0.733921  0.000000  1.0
    0.174359   -0.731870  0.000000  1.0
    0.174359   -0.729819  0.000000  1.0
    0.174359   -0.727767  0.000000  1.0
    0.174359   -0.725716  0.000000  1.0
    0.174359   -0.723665  0.000000  1.0
    0.174359   -0.721614  0.000000  1.0
    0.174359   -0.719562  0.000000  1.0
    0.174359   -0.717511  0.000000  1.0
    0.174359   -0.715460  0.000000  1.0
    0.174359   -0.713409  0.000000  1.0
    0.174359   -0.711357  0.000000  1.0
    0.174359   -0.709306  0.000000  1.0
    0.174359   -0.707255  0.000000  1.0
    0.174359   -0.705203  0.000000  1.0
    0.174359   -0.703152  0.000000  1.0
    0.174359   -0.701101  0.000000  1.0
    0.174359   -0.699050  0.000000  1.0
    0.174359   -0.696998  0.000000  1.0
    0.174359   -0.694947  0.000000  1.0
    0.174359   -0.692896  0.000000  1.0
    0.174359   -0.690844  0.000000  1.0
    0.174359   -0.688793  0.000000  1.0
    0.174359   -0.686742  0.000000  1.0
    0.174359   -0.684691  0.000000  1.0
    0.174359   -0.682639  0.000000  1.0
    0.174359   -0.680588  0.000000  1.0
    0.174359   -0.678537  0.000000  1.0
    0.174359   -0.676485  0.000000  1.0
    0.174359   -0.674434  0.000000  1.0
    0.174359   -0.672383  0.000000  1.0
    0.174359   -0.670332  0.000000  1.0
    0.174359   -0.668280  0.000000  1.0
    0.174359   -0.666229  0.000000  1.0
    0.174359   -0.664178  0.000000  1.0
    0.174359   -0.662126  0.000000  1.0
    0.176410   -0.742126  0.000000  1.0
    0.176410   -0.740075  0.000000  1.0
    0.176410   -0.738024  0.000000  1.0
    0.176410   -0.735973  0.000000  1.0
    0.176410   -0.733921  0.000000  1.0
    0.176410   -0.731870  0.000000  1.0
    0.176410   -0.729819  0.000000  1.0
    0.176410   -0.727767  0.000000  1.0
    0.176410   -0.725716  0.000000  1.0
    0.176410   -0.723665  0.000000  1.0
    0.176410   -0.721614  0.000000  1.0
    0.176410   -0.719562  0.000000  1.0
    0.176410   -0.717511  0.000000  1.0
    0.176410   -0.715460  0.000000  1.0
    0.176410   -0.713409  0.000000  1.0
    0.176410   -0.711357  0.000000  1.0
    0.176410   -0.709306  0.000000  1.0
    0.176410   -0.707255  0.000000  1.0
    0.176410   -0.705203  0.000000  1.0
    0.176410   -0.703152  0.000000  1.0
    0.176410   -0.701101  0.000000  1.0
    0.176410   -0.699050  0.000000  1.0
    0.176410   -0.696998  0.000000  1.0
    0.176410   -0.694947  0.000000  1.0
    0.176410   -0.692896  0.000000  1.0
    0.176410   -0.690844  0.000000  1.0
    0.176410   -0.688793  0.000000  1.0
    0.176410   -0.686742  0.000000  1.0
    0.176410   -0.684691  0.000000  1.0
    0.176410   -0.682639  0.000000  1.0
    0.176410   -0.680588  0.000000  1.0
    0.176410   -0.678537  0.000000  1.0
    0.176410   -0.676485  0.000000  1.0
    0.176410   -0.674434  0.000000  1.0
    0.176410   -0.672383  0.000000  1.0
    0.176410   -0.670332  0.000000  1.0
    0.176410   -0.668280  0.000000  1.0
    0.176410   -0.666229  0.000000  1.0
    0.176410   -0.664178  0.000000  1.0
    0.176410   -0.662126  0.000000  1.0
    0.178462   -0.742126  0.000000  1.0
    0.178462   -0.740075  0.000000  1.0
    0.178462   -0.738024  0.000000  1.0
    0.178462   -0.735973  0.000000  1.0
    0.178462   -0.733921  0.000000  1.0
    0.178462   -0.731870  0.000000  1.0
    0.178462   -0.729819  0.000000  1.0
    0.178462   -0.727767  0.000000  1.0
    0.178462   -0.725716  0.000000  1.0
    0.178462   -0.723665  0.000000  1.0
    0.178462   -0.721614  0.000000  1.0
    0.178462   -0.719562  0.000000  1.0
    0.178462   -0.717511  0.000000  1.0
    0.178462   -0.715460  0.000000  1.0
    0.178462   -0.713409  0.000000  1.0
    0.178462   -0.711357  0.000000  1.0
    0.178462   -0.709306  0.000000  1.0
    0.178462   -0.707255  0.000000  1.0
    0.178462   -0.705203  0.000000  1.0
    0.178462   -0.703152  0.000000  1.0
    0.178462   -0.701101  0.000000  1.0
    0.178462   -0.699050  0.000000  1.0
    0.178462   -0.696998  0.000000  1.0
    0.178462   -0.694947  0.000000  1.0
    0.178462   -0.692896  0.000000  1.0
    0.178462   -0.690844  0.000000  1.0
    0.178462   -0.688793  0.000000  1.0
    0.178462   -0.686742  0.000000  1.0
    0.178462   -0.684691  0.000000  1.0
    0.178462   -0.682639  0.000000  1.0
    0.178462   -0.680588  0.000000  1.0
    0.178462   -0.678537  0.000000  1.0
    0.178462   -0.676485  0.000000  1.0
    0.178462   -0.674434  0.000000  1.0
    0.178462   -0.672383  0.000000  1.0
    0.178462   -0.670332  0.000000  1.0
    0.178462   -0.668280  0.000000  1.0
    0.178462   -0.666229  0.000000  1.0
    0.178462   -0.664178  0.000000  1.0
    0.178462   -0.662126  0.000000  1.0
    0.180513   -0.742126  0.000000  1.0
    0.180513   -0.740075  0.000000  1.0
    0.180513   -0.738024  0.000000  1.0
    0.180513   -0.735973  0.000000  1.0
    0.180513   -0.733921  0.000000  1.0
    0.180513   -0.731870  0.000000  1.0
    0.180513   -0.729819  0.000000  1.0
    0.180513   -0.727767  0.000000  1.0
    0.180513   -0.725716  0.000000  1.0
    0.180513   -0.723665  0.000000  1.0
    0.180513   -0.721614  0.000000  1.0
    0.180513   -0.719562  0.000000  1.0
    0.180513   -0.717511  0.000000  1.0
    0.180513   -0.715460  0.000000  1.0
    0.180513   -0.713409  0.000000  1.0
    0.180513   -0.711357  0.000000  1.0
    0.180513   -0.709306  0.000000  1.0
    0.180513   -0.707255  0.000000  1.0
    0.180513   -0.705203  0.000000  1.0
    0.180513   -0.703152  0.000000  1.0
    0.180513   -0.701101  0.000000  1.0
    0.180513   -0.699050  0.000000  1.0
    0.180513   -0.696998  0.000000  1.0
    0.180513   -0.694947  0.000000  1.0
    0.180513   -0.692896  0.000000  1.0
    0.180513   -0.690844  0.000000  1.0
    0.180513   -0.688793  0.000000  1.0
    0.180513   -0.686742  0.000000  1.0
    0.180513   -0.684691  0.000000  1.0
    0.180513   -0.682639  0.000000  1.0
    0.180513   -0.680588  0.000000  1.0
    0.180513   -0.678537  0.000000  1.0
    0.180513   -0.676485  0.000000  1.0
    0.180513   -0.674434  0.000000  1.0
    0.180513   -0.672383  0.000000  1.0
    0.180513   -0.670332  0.000000  1.0
    0.180513   -0.668280  0.000000  1.0
    0.180513   -0.666229  0.000000  1.0
    0.180513   -0.664178  0.000000  1.0
    0.180513   -0.662126  0.000000  1.0
    0.182564   -0.742126  0.000000  1.0
    0.182564   -0.740075  0.000000  1.0
    0.182564   -0.738024  0.000000  1.0
    0.182564   -0.735973  0.000000  1.0
    0.182564   -0.733921  0.000000  1.0
    0.182564   -0.731870  0.000000  1.0
    0.182564   -0.729819  0.000000  1.0
    0.182564   -0.727767  0.000000  1.0
    0.182564   -0.725716  0.000000  1.0
    0.182564   -0.723665  0.000000  1.0
    0.182564   -0.721614  0.000000  1.0
    0.182564   -0.719562  0.000000  1.0
    0.182564   -0.717511  0.000000  1.0
    0.182564   -0.715460  0.000000  1.0
    0.182564   -0.713409  0.000000  1.0
    0.182564   -0.711357  0.000000  1.0
    0.182564   -0.709306  0.000000  1.0
    0.182564   -0.707255  0.000000  1.0
    0.182564   -0.705203  0.000000  1.0
    0.182564   -0.703152  0.000000  1.0
    0.182564   -0.701101  0.000000  1.0
    0.182564   -0.699050  0.000000  1.0
    0.182564   -0.696998  0.000000  1.0
    0.182564   -0.694947  0.000000  1.0
    0.182564   -0.692896  0.000000  1.0
    0.182564   -0.690844  0.000000  1.0
    0.182564   -0.688793  0.000000  1.0
    0.182564   -0.686742  0.000000  1.0
    0.182564   -0.684691  0.000000  1.0
    0.182564   -0.682639  0.000000  1.0
    0.182564   -0.680588  0.000000  1.0
    0.182564   -0.678537  0.000000  1.0
    0.182564   -0.676485  0.000000  1.0
    0.182564   -0.674434  0.000000  1.0
    0.182564   -0.672383  0.000000  1.0
    0.182564   -0.670332  0.000000  1.0
    0.182564   -0.668280  0.000000  1.0
    0.182564   -0.666229  0.000000  1.0
    0.182564   -0.664178  0.000000  1.0
    0.182564   -0.662126  0.000000  1.0
    0.184615   -0.742126  0.000000  1.0
    0.184615   -0.740075  0.000000  1.0
    0.184615   -0.738024  0.000000  1.0
    0.184615   -0.735973  0.000000  1.0
    0.184615   -0.733921  0.000000  1.0
    0.184615   -0.731870  0.000000  1.0
    0.184615   -0.729819  0.000000  1.0
    0.184615   -0.727767  0.000000  1.0
    0.184615   -0.725716  0.000000  1.0
    0.184615   -0.723665  0.000000  1.0
    0.184615   -0.721614  0.000000  1.0
    0.184615   -0.719562  0.000000  1.0
    0.184615   -0.717511  0.000000  1.0
    0.184615   -0.715460  0.000000  1.0
    0.184615   -0.713409  0.000000  1.0
    0.184615   -0.711357  0.000000  1.0
    0.184615   -0.709306  0.000000  1.0
    0.184615   -0.707255  0.000000  1.0
    0.184615   -0.705203  0.000000  1.0
    0.184615   -0.703152  0.000000  1.0
    0.184615   -0.701101  0.000000  1.0
    0.184615   -0.699050  0.000000  1.0
    0.184615   -0.696998  0.000000  1.0
    0.184615   -0.694947  0.000000  1.0
    0.184615   -0.692896  0.000000  1.0
    0.184615   -0.690844  0.000000  1.0
    0.184615   -0.688793  0.000000  1.0
    0.184615   -0.686742  0.000000  1.0
    0.184615   -0.684691  0.000000  1.0
    0.184615   -0.682639  0.000000  1.0
    0.184615   -0.680588  0.000000  1.0
    0.184615   -0.678537  0.000000  1.0
    0.184615   -0.676485  0.000000  1.0
    0.184615   -0.674434  0.000000  1.0
    0.184615   -0.672383  0.000000  1.0
    0.184615   -0.670332  0.000000  1.0
    0.184615   -0.668280  0.000000  1.0
    0.184615   -0.666229  0.000000  1.0
    0.184615   -0.664178  0.000000  1.0
    0.184615   -0.662126  0.000000  1.0
    0.186667   -0.742126  0.000000  1.0
    0.186667   -0.740075  0.000000  1.0
    0.186667   -0.738024  0.000000  1.0
    0.186667   -0.735973  0.000000  1.0
    0.186667   -0.733921  0.000000  1.0
    0.186667   -0.731870  0.000000  1.0
    0.186667   -0.729819  0.000000  1.0
    0.186667   -0.727767  0.000000  1.0
    0.186667   -0.725716  0.000000  1.0
    0.186667   -0.723665  0.000000  1.0
    0.186667   -0.721614  0.000000  1.0
    0.186667   -0.719562  0.000000  1.0
    0.186667   -0.717511  0.000000  1.0
    0.186667   -0.715460  0.000000  1.0
    0.186667   -0.713409  0.000000  1.0
    0.186667   -0.711357  0.000000  1.0
    0.186667   -0.709306  0.000000  1.0
    0.186667   -0.707255  0.000000  1.0
    0.186667   -0.705203  0.000000  1.0
    0.186667   -0.703152  0.000000  1.0
    0.186667   -0.701101  0.000000  1.0
    0.186667   -0.699050  0.000000  1.0
    0.186667   -0.696998  0.000000  1.0
    0.186667   -0.694947  0.000000  1.0
    0.186667   -0.692896  0.000000  1.0
    0.186667   -0.690844  0.000000  1.0
    0.186667   -0.688793  0.000000  1.0
    0.186667   -0.686742  0.000000  1.0
    0.186667   -0.684691  0.000000  1.0
    0.186667   -0.682639  0.000000  1.0
    0.186667   -0.680588  0.000000  1.0
    0.186667   -0.678537  0.000000  1.0
    0.186667   -0.676485  0.000000  1.0
    0.186667   -0.674434  0.000000  1.0
    0.186667   -0.672383  0.000000  1.0
    0.186667   -0.670332  0.000000  1.0
    0.186667   -0.668280  0.000000  1.0
    0.186667   -0.666229  0.000000  1.0
    0.186667   -0.664178  0.000000  1.0
    0.186667   -0.662126  0.000000  1.0
    0.188718   -0.742126  0.000000  1.0
    0.188718   -0.740075  0.000000  1.0
    0.188718   -0.738024  0.000000  1.0
    0.188718   -0.735973  0.000000  1.0
    0.188718   -0.733921  0.000000  1.0
    0.188718   -0.731870  0.000000  1.0
    0.188718   -0.729819  0.000000  1.0
    0.188718   -0.727767  0.000000  1.0
    0.188718   -0.725716  0.000000  1.0
    0.188718   -0.723665  0.000000  1.0
    0.188718   -0.721614  0.000000  1.0
    0.188718   -0.719562  0.000000  1.0
    0.188718   -0.717511  0.000000  1.0
    0.188718   -0.715460  0.000000  1.0
    0.188718   -0.713409  0.000000  1.0
    0.188718   -0.711357  0.000000  1.0
    0.188718   -0.709306  0.000000  1.0
    0.188718   -0.707255  0.000000  1.0
    0.188718   -0.705203  0.000000  1.0
    0.188718   -0.703152  0.000000  1.0
    0.188718   -0.701101  0.000000  1.0
    0.188718   -0.699050  0.000000  1.0
    0.188718   -0.696998  0.000000  1.0
    0.188718   -0.694947  0.000000  1.0
    0.188718   -0.692896  0.000000  1.0
    0.188718   -0.690844  0.000000  1.0
    0.188718   -0.688793  0.000000  1.0
    0.188718   -0.686742  0.000000  1.0
    0.188718   -0.684691  0.000000  1.0
    0.188718   -0.682639  0.000000  1.0
    0.188718   -0.680588  0.000000  1.0
    0.188718   -0.678537  0.000000  1.0
    0.188718   -0.676485  0.000000  1.0
    0.188718   -0.674434  0.000000  1.0
    0.188718   -0.672383  0.000000  1.0
    0.188718   -0.670332  0.000000  1.0
    0.188718   -0.668280  0.000000  1.0
    0.188718   -0.666229  0.000000  1.0
    0.188718   -0.664178  0.000000  1.0
    0.188718   -0.662126  0.000000  1.0
    0.190769   -0.742126  0.000000  1.0
    0.190769   -0.740075  0.000000  1.0
    0.190769   -0.738024  0.000000  1.0
    0.190769   -0.735973  0.000000  1.0
    0.190769   -0.733921  0.000000  1.0
    0.190769   -0.731870  0.000000  1.0
    0.190769   -0.729819  0.000000  1.0
    0.190769   -0.727767  0.000000  1.0
    0.190769   -0.725716  0.000000  1.0
    0.190769   -0.723665  0.000000  1.0
    0.190769   -0.721614  0.000000  1.0
    0.190769   -0.719562  0.000000  1.0
    0.190769   -0.717511  0.000000  1.0
    0.190769   -0.715460  0.000000  1.0
    0.190769   -0.713409  0.000000  1.0
    0.190769   -0.711357  0.000000  1.0
    0.190769   -0.709306  0.000000  1.0
    0.190769   -0.707255  0.000000  1.0
    0.190769   -0.705203  0.000000  1.0
    0.190769   -0.703152  0.000000  1.0
    0.190769   -0.701101  0.000000  1.0
    0.190769   -0.699050  0.000000  1.0
    0.190769   -0.696998  0.000000  1.0
    0.190769   -0.694947  0.000000  1.0
    0.190769   -0.692896  0.000000  1.0
    0.190769   -0.690844  0.000000  1.0
    0.190769   -0.688793  0.000000  1.0
    0.190769   -0.686742  0.000000  1.0
    0.190769   -0.684691  0.000000  1.0
    0.190769   -0.682639  0.000000  1.0
    0.190769   -0.680588  0.000000  1.0
    0.190769   -0.678537  0.000000  1.0
    0.190769   -0.676485  0.000000  1.0
    0.190769   -0.674434  0.000000  1.0
    0.190769   -0.672383  0.000000  1.0
    0.190769   -0.670332  0.000000  1.0
    0.190769   -0.668280  0.000000  1.0
    0.190769   -0.666229  0.000000  1.0
    0.190769   -0.664178  0.000000  1.0
    0.190769   -0.662126  0.000000  1.0
    0.192821   -0.742126  0.000000  1.0
    0.192821   -0.740075  0.000000  1.0
    0.192821   -0.738024  0.000000  1.0
    0.192821   -0.735973  0.000000  1.0
    0.192821   -0.733921  0.000000  1.0
    0.192821   -0.731870  0.000000  1.0
    0.192821   -0.729819  0.000000  1.0
    0.192821   -0.727767  0.000000  1.0
    0.192821   -0.725716  0.000000  1.0
    0.192821   -0.723665  0.000000  1.0
    0.192821   -0.721614  0.000000  1.0
    0.192821   -0.719562  0.000000  1.0
    0.192821   -0.717511  0.000000  1.0
    0.192821   -0.715460  0.000000  1.0
    0.192821   -0.713409  0.000000  1.0
    0.192821   -0.711357  0.000000  1.0
    0.192821   -0.709306  0.000000  1.0
    0.192821   -0.707255  0.000000  1.0
    0.192821   -0.705203  0.000000  1.0
    0.192821   -0.703152  0.000000  1.0
    0.192821   -0.701101  0.000000  1.0
    0.192821   -0.699050  0.000000  1.0
    0.192821   -0.696998  0.000000  1.0
    0.192821   -0.694947  0.000000  1.0
    0.192821   -0.692896  0.000000  1.0
    0.192821   -0.690844  0.000000  1.0
    0.192821   -0.688793  0.000000  1.0
    0.192821   -0.686742  0.000000  1.0
    0.192821   -0.684691  0.000000  1.0
    0.192821   -0.682639  0.000000  1.0
    0.192821   -0.680588  0.000000  1.0
    0.192821   -0.678537  0.000000  1.0
    0.192821   -0.676485  0.000000  1.0
    0.192821   -0.674434  0.000000  1.0
    0.192821   -0.672383  0.000000  1.0
    0.192821   -0.670332  0.000000  1.0
    0.192821   -0.668280  0.000000  1.0
    0.192821   -0.666229  0.000000  1.0
    0.192821   -0.664178  0.000000  1.0
    0.192821   -0.662126  0.000000  1.0
    0.194872   -0.742126  0.000000  1.0
    0.194872   -0.740075  0.000000  1.0
    0.194872   -0.738024  0.000000  1.0
    0.194872   -0.735973  0.000000  1.0
    0.194872   -0.733921  0.000000  1.0
    0.194872   -0.731870  0.000000  1.0
    0.194872   -0.729819  0.000000  1.0
    0.194872   -0.727767  0.000000  1.0
    0.194872   -0.725716  0.000000  1.0
    0.194872   -0.723665  0.000000  1.0
    0.194872   -0.721614  0.000000  1.0
    0.194872   -0.719562  0.000000  1.0
    0.194872   -0.717511  0.000000  1.0
    0.194872   -0.715460  0.000000  1.0
    0.194872   -0.713409  0.000000  1.0
    0.194872   -0.711357  0.000000  1.0
    0.194872   -0.709306  0.000000  1.0
    0.194872   -0.707255  0.000000  1.0
    0.194872   -0.705203  0.000000  1.0
    0.194872   -0.703152  0.000000  1.0
    0.194872   -0.701101  0.000000  1.0
    0.194872   -0.699050  0.000000  1.0
    0.194872   -0.696998  0.000000  1.0
    0.194872   -0.694947  0.000000  1.0
    0.194872   -0.692896  0.000000  1.0
    0.194872   -0.690844  0.000000  1.0
    0.194872   -0.688793  0.000000  1.0
    0.194872   -0.686742  0.000000  1.0
    0.194872   -0.684691  0.000000  1.0
    0.194872   -0.682639  0.000000  1.0
    0.194872   -0.680588  0.000000  1.0
    0.194872   -0.678537  0.000000  1.0
    0.194872   -0.676485  0.000000  1.0
    0.194872   -0.674434  0.000000  1.0
    0.194872   -0.672383  0.000000  1.0
    0.194872   -0.670332  0.000000  1.0
    0.194872   -0.668280  0.000000  1.0
    0.194872   -0.666229  0.000000  1.0
    0.194872   -0.664178  0.000000  1.0
    0.194872   -0.662126  0.000000  1.0
    0.196923   -0.742126  0.000000  1.0
    0.196923   -0.740075  0.000000  1.0
    0.196923   -0.738024  0.000000  1.0
    0.196923   -0.735973  0.000000  1.0
    0.196923   -0.733921  0.000000  1.0
    0.196923   -0.731870  0.000000  1.0
    0.196923   -0.729819  0.000000  1.0
    0.196923   -0.727767  0.000000  1.0
    0.196923   -0.725716  0.000000  1.0
    0.196923   -0.723665  0.000000  1.0
    0.196923   -0.721614  0.000000  1.0
    0.196923   -0.719562  0.000000  1.0
    0.196923   -0.717511  0.000000  1.0
    0.196923   -0.715460  0.000000  1.0
    0.196923   -0.713409  0.000000  1.0
    0.196923   -0.711357  0.000000  1.0
    0.196923   -0.709306  0.000000  1.0
    0.196923   -0.707255  0.000000  1.0
    0.196923   -0.705203  0.000000  1.0
    0.196923   -0.703152  0.000000  1.0
    0.196923   -0.701101  0.000000  1.0
    0.196923   -0.699050  0.000000  1.0
    0.196923   -0.696998  0.000000  1.0
    0.196923   -0.694947  0.000000  1.0
    0.196923   -0.692896  0.000000  1.0
    0.196923   -0.690844  0.000000  1.0
    0.196923   -0.688793  0.000000  1.0
    0.196923   -0.686742  0.000000  1.0
    0.196923   -0.684691  0.000000  1.0
    0.196923   -0.682639  0.000000  1.0
    0.196923   -0.680588  0.000000  1.0
    0.196923   -0.678537  0.000000  1.0
    0.196923   -0.676485  0.000000  1.0
    0.196923   -0.674434  0.000000  1.0
    0.196923   -0.672383  0.000000  1.0
    0.196923   -0.670332  0.000000  1.0
    0.196923   -0.668280  0.000000  1.0
    0.196923   -0.666229  0.000000  1.0
    0.196923   -0.664178  0.000000  1.0
    0.196923   -0.662126  0.000000  1.0
    0.198974   -0.742126  0.000000  1.0
    0.198974   -0.740075  0.000000  1.0
    0.198974   -0.738024  0.000000  1.0
    0.198974   -0.735973  0.000000  1.0
    0.198974   -0.733921  0.000000  1.0
    0.198974   -0.731870  0.000000  1.0
    0.198974   -0.729819  0.000000  1.0
    0.198974   -0.727767  0.000000  1.0
    0.198974   -0.725716  0.000000  1.0
    0.198974   -0.723665  0.000000  1.0
    0.198974   -0.721614  0.000000  1.0
    0.198974   -0.719562  0.000000  1.0
    0.198974   -0.717511  0.000000  1.0
    0.198974   -0.715460  0.000000  1.0
    0.198974   -0.713409  0.000000  1.0
    0.198974   -0.711357  0.000000  1.0
    0.198974   -0.709306  0.000000  1.0
    0.198974   -0.707255  0.000000  1.0
    0.198974   -0.705203  0.000000  1.0
    0.198974   -0.703152  0.000000  1.0
    0.198974   -0.701101  0.000000  1.0
    0.198974   -0.699050  0.000000  1.0
    0.198974   -0.696998  0.000000  1.0
    0.198974   -0.694947  0.000000  1.0
    0.198974   -0.692896  0.000000  1.0
    0.198974   -0.690844  0.000000  1.0
    0.198974   -0.688793  0.000000  1.0
    0.198974   -0.686742  0.000000  1.0
    0.198974   -0.684691  0.000000  1.0
    0.198974   -0.682639  0.000000  1.0
    0.198974   -0.680588  0.000000  1.0
    0.198974   -0.678537  0.000000  1.0
    0.198974   -0.676485  0.000000  1.0
    0.198974   -0.674434  0.000000  1.0
    0.198974   -0.672383  0.000000  1.0
    0.198974   -0.670332  0.000000  1.0
    0.198974   -0.668280  0.000000  1.0
    0.198974   -0.666229  0.000000  1.0
    0.198974   -0.664178  0.000000  1.0
    0.198974   -0.662126  0.000000  1.0
    0.201026   -0.742126  0.000000  1.0
    0.201026   -0.740075  0.000000  1.0
    0.201026   -0.738024  0.000000  1.0
    0.201026   -0.735973  0.000000  1.0
    0.201026   -0.733921  0.000000  1.0
    0.201026   -0.731870  0.000000  1.0
    0.201026   -0.729819  0.000000  1.0
    0.201026   -0.727767  0.000000  1.0
    0.201026   -0.725716  0.000000  1.0
    0.201026   -0.723665  0.000000  1.0
    0.201026   -0.721614  0.000000  1.0
    0.201026   -0.719562  0.000000  1.0
    0.201026   -0.717511  0.000000  1.0
    0.201026   -0.715460  0.000000  1.0
    0.201026   -0.713409  0.000000  1.0
    0.201026   -0.711357  0.000000  1.0
    0.201026   -0.709306  0.000000  1.0
    0.201026   -0.707255  0.000000  1.0
    0.201026   -0.705203  0.000000  1.0
    0.201026   -0.703152  0.000000  1.0
    0.201026   -0.701101  0.000000  1.0
    0.201026   -0.699050  0.000000  1.0
    0.201026   -0.696998  0.000000  1.0
    0.201026   -0.694947  0.000000  1.0
    0.201026   -0.692896  0.000000  1.0
    0.201026   -0.690844  0.000000  1.0
    0.201026   -0.688793  0.000000  1.0
    0.201026   -0.686742  0.000000  1.0
    0.201026   -0.684691  0.000000  1.0
    0.201026   -0.682639  0.000000  1.0
    0.201026   -0.680588  0.000000  1.0
    0.201026   -0.678537  0.000000  1.0
    0.201026   -0.676485  0.000000  1.0
    0.201026   -0.674434  0.000000  1.0
    0.201026   -0.672383  0.000000  1.0
    0.201026   -0.670332  0.000000  1.0
    0.201026   -0.668280  0.000000  1.0
    0.201026   -0.666229  0.000000  1.0
    0.201026   -0.664178  0.000000  1.0
    0.201026   -0.662126  0.000000  1.0
    0.203077   -0.742126  0.000000  1.0
    0.203077   -0.740075  0.000000  1.0
    0.203077   -0.738024  0.000000  1.0
    0.203077   -0.735973  0.000000  1.0
    0.203077   -0.733921  0.000000  1.0
    0.203077   -0.731870  0.000000  1.0
    0.203077   -0.729819  0.000000  1.0
    0.203077   -0.727767  0.000000  1.0
    0.203077   -0.725716  0.000000  1.0
    0.203077   -0.723665  0.000000  1.0
    0.203077   -0.721614  0.000000  1.0
    0.203077   -0.719562  0.000000  1.0
    0.203077   -0.717511  0.000000  1.0
    0.203077   -0.715460  0.000000  1.0
    0.203077   -0.713409  0.000000  1.0
    0.203077   -0.711357  0.000000  1.0
    0.203077   -0.709306  0.000000  1.0
    0.203077   -0.707255  0.000000  1.0
    0.203077   -0.705203  0.000000  1.0
    0.203077   -0.703152  0.000000  1.0
    0.203077   -0.701101  0.000000  1.0
    0.203077   -0.699050  0.000000  1.0
    0.203077   -0.696998  0.000000  1.0
    0.203077   -0.694947  0.000000  1.0
    0.203077   -0.692896  0.000000  1.0
    0.203077   -0.690844  0.000000  1.0
    0.203077   -0.688793  0.000000  1.0
    0.203077   -0.686742  0.000000  1.0
    0.203077   -0.684691  0.000000  1.0
    0.203077   -0.682639  0.000000  1.0
    0.203077   -0.680588  0.000000  1.0
    0.203077   -0.678537  0.000000  1.0
    0.203077   -0.676485  0.000000  1.0
    0.203077   -0.674434  0.000000  1.0
    0.203077   -0.672383  0.000000  1.0
    0.203077   -0.670332  0.000000  1.0
    0.203077   -0.668280  0.000000  1.0
    0.203077   -0.666229  0.000000  1.0
    0.203077   -0.664178  0.000000  1.0
    0.203077   -0.662126  0.000000  1.0
    0.205128   -0.742126  0.000000  1.0
    0.205128   -0.740075  0.000000  1.0
    0.205128   -0.738024  0.000000  1.0
    0.205128   -0.735973  0.000000  1.0
    0.205128   -0.733921  0.000000  1.0
    0.205128   -0.731870  0.000000  1.0
    0.205128   -0.729819  0.000000  1.0
    0.205128   -0.727767  0.000000  1.0
    0.205128   -0.725716  0.000000  1.0
    0.205128   -0.723665  0.000000  1.0
    0.205128   -0.721614  0.000000  1.0
    0.205128   -0.719562  0.000000  1.0
    0.205128   -0.717511  0.000000  1.0
    0.205128   -0.715460  0.000000  1.0
    0.205128   -0.713409  0.000000  1.0
    0.205128   -0.711357  0.000000  1.0
    0.205128   -0.709306  0.000000  1.0
    0.205128   -0.707255  0.000000  1.0
    0.205128   -0.705203  0.000000  1.0
    0.205128   -0.703152  0.000000  1.0
    0.205128   -0.701101  0.000000  1.0
    0.205128   -0.699050  0.000000  1.0
    0.205128   -0.696998  0.000000  1.0
    0.205128   -0.694947  0.000000  1.0
    0.205128   -0.692896  0.000000  1.0
    0.205128   -0.690844  0.000000  1.0
    0.205128   -0.688793  0.000000  1.0
    0.205128   -0.686742  0.000000  1.0
    0.205128   -0.684691  0.000000  1.0
    0.205128   -0.682639  0.000000  1.0
    0.205128   -0.680588  0.000000  1.0
    0.205128   -0.678537  0.000000  1.0
    0.205128   -0.676485  0.000000  1.0
    0.205128   -0.674434  0.000000  1.0
    0.205128   -0.672383  0.000000  1.0
    0.205128   -0.670332  0.000000  1.0
    0.205128   -0.668280  0.000000  1.0
    0.205128   -0.666229  0.000000  1.0
    0.205128   -0.664178  0.000000  1.0
    0.205128   -0.662126  0.000000  1.0
    0.207179   -0.742126  0.000000  1.0
    0.207179   -0.740075  0.000000  1.0
    0.207179   -0.738024  0.000000  1.0
    0.207179   -0.735973  0.000000  1.0
    0.207179   -0.733921  0.000000  1.0
    0.207179   -0.731870  0.000000  1.0
    0.207179   -0.729819  0.000000  1.0
    0.207179   -0.727767  0.000000  1.0
    0.207179   -0.725716  0.000000  1.0
    0.207179   -0.723665  0.000000  1.0
    0.207179   -0.721614  0.000000  1.0
    0.207179   -0.719562  0.000000  1.0
    0.207179   -0.717511  0.000000  1.0
    0.207179   -0.715460  0.000000  1.0
    0.207179   -0.713409  0.000000  1.0
    0.207179   -0.711357  0.000000  1.0
    0.207179   -0.709306  0.000000  1.0
    0.207179   -0.707255  0.000000  1.0
    0.207179   -0.705203  0.000000  1.0
    0.207179   -0.703152  0.000000  1.0
    0.207179   -0.701101  0.000000  1.0
    0.207179   -0.699050  0.000000  1.0
    0.207179   -0.696998  0.000000  1.0
    0.207179   -0.694947  0.000000  1.0
    0.207179   -0.692896  0.000000  1.0
    0.207179   -0.690844  0.000000  1.0
    0.207179   -0.688793  0.000000  1.0
    0.207179   -0.686742  0.000000  1.0
    0.207179   -0.684691  0.000000  1.0
    0.207179   -0.682639  0.000000  1.0
    0.207179   -0.680588  0.000000  1.0
    0.207179   -0.678537  0.000000  1.0
    0.207179   -0.676485  0.000000  1.0
    0.207179   -0.674434  0.000000  1.0
    0.207179   -0.672383  0.000000  1.0
    0.207179   -0.670332  0.000000  1.0
    0.207179   -0.668280  0.000000  1.0
    0.207179   -0.666229  0.000000  1.0
    0.207179   -0.664178  0.000000  1.0
    0.207179   -0.662126  0.000000  1.0
    0.209231   -0.742126  0.000000  1.0
    0.209231   -0.740075  0.000000  1.0
    0.209231   -0.738024  0.000000  1.0
    0.209231   -0.735973  0.000000  1.0
    0.209231   -0.733921  0.000000  1.0
    0.209231   -0.731870  0.000000  1.0
    0.209231   -0.729819  0.000000  1.0
    0.209231   -0.727767  0.000000  1.0
    0.209231   -0.725716  0.000000  1.0
    0.209231   -0.723665  0.000000  1.0
    0.209231   -0.721614  0.000000  1.0
    0.209231   -0.719562  0.000000  1.0
    0.209231   -0.717511  0.000000  1.0
    0.209231   -0.715460  0.000000  1.0
    0.209231   -0.713409  0.000000  1.0
    0.209231   -0.711357  0.000000  1.0
    0.209231   -0.709306  0.000000  1.0
    0.209231   -0.707255  0.000000  1.0
    0.209231   -0.705203  0.000000  1.0
    0.209231   -0.703152  0.000000  1.0
    0.209231   -0.701101  0.000000  1.0
    0.209231   -0.699050  0.000000  1.0
    0.209231   -0.696998  0.000000  1.0
    0.209231   -0.694947  0.000000  1.0
    0.209231   -0.692896  0.000000  1.0
    0.209231   -0.690844  0.000000  1.0
    0.209231   -0.688793  0.000000  1.0
    0.209231   -0.686742  0.000000  1.0
    0.209231   -0.684691  0.000000  1.0
    0.209231   -0.682639  0.000000  1.0
    0.209231   -0.680588  0.000000  1.0
    0.209231   -0.678537  0.000000  1.0
    0.209231   -0.676485  0.000000  1.0
    0.209231   -0.674434  0.000000  1.0
    0.209231   -0.672383  0.000000  1.0
    0.209231   -0.670332  0.000000  1.0
    0.209231   -0.668280  0.000000  1.0
    0.209231   -0.666229  0.000000  1.0
    0.209231   -0.664178  0.000000  1.0
    0.209231   -0.662126  0.000000  1.0
    0.211282   -0.742126  0.000000  1.0
    0.211282   -0.740075  0.000000  1.0
    0.211282   -0.738024  0.000000  1.0
    0.211282   -0.735973  0.000000  1.0
    0.211282   -0.733921  0.000000  1.0
    0.211282   -0.731870  0.000000  1.0
    0.211282   -0.729819  0.000000  1.0
    0.211282   -0.727767  0.000000  1.0
    0.211282   -0.725716  0.000000  1.0
    0.211282   -0.723665  0.000000  1.0
    0.211282   -0.721614  0.000000  1.0
    0.211282   -0.719562  0.000000  1.0
    0.211282   -0.717511  0.000000  1.0
    0.211282   -0.715460  0.000000  1.0
    0.211282   -0.713409  0.000000  1.0
    0.211282   -0.711357  0.000000  1.0
    0.211282   -0.709306  0.000000  1.0
    0.211282   -0.707255  0.000000  1.0
    0.211282   -0.705203  0.000000  1.0
    0.211282   -0.703152  0.000000  1.0
    0.211282   -0.701101  0.000000  1.0
    0.211282   -0.699050  0.000000  1.0
    0.211282   -0.696998  0.000000  1.0
    0.211282   -0.694947  0.000000  1.0
    0.211282   -0.692896  0.000000  1.0
    0.211282   -0.690844  0.000000  1.0
    0.211282   -0.688793  0.000000  1.0
    0.211282   -0.686742  0.000000  1.0
    0.211282   -0.684691  0.000000  1.0
    0.211282   -0.682639  0.000000  1.0
    0.211282   -0.680588  0.000000  1.0
    0.211282   -0.678537  0.000000  1.0
    0.211282   -0.676485  0.000000  1.0
    0.211282   -0.674434  0.000000  1.0
    0.211282   -0.672383  0.000000  1.0
    0.211282   -0.670332  0.000000  1.0
    0.211282   -0.668280  0.000000  1.0
    0.211282   -0.666229  0.000000  1.0
    0.211282   -0.664178  0.000000  1.0
    0.211282   -0.662126  0.000000  1.0
    0.213333   -0.742126  0.000000  1.0
    0.213333   -0.740075  0.000000  1.0
    0.213333   -0.738024  0.000000  1.0
    0.213333   -0.735973  0.000000  1.0
    0.213333   -0.733921  0.000000  1.0
    0.213333   -0.731870  0.000000  1.0
    0.213333   -0.729819  0.000000  1.0
    0.213333   -0.727767  0.000000  1.0
    0.213333   -0.725716  0.000000  1.0
    0.213333   -0.723665  0.000000  1.0
    0.213333   -0.721614  0.000000  1.0
    0.213333   -0.719562  0.000000  1.0
    0.213333   -0.717511  0.000000  1.0
    0.213333   -0.715460  0.000000  1.0
    0.213333   -0.713409  0.000000  1.0
    0.213333   -0.711357  0.000000  1.0
    0.213333   -0.709306  0.000000  1.0
    0.213333   -0.707255  0.000000  1.0
    0.213333   -0.705203  0.000000  1.0
    0.213333   -0.703152  0.000000  1.0
    0.213333   -0.701101  0.000000  1.0
    0.213333   -0.699050  0.000000  1.0
    0.213333   -0.696998  0.000000  1.0
    0.213333   -0.694947  0.000000  1.0
    0.213333   -0.692896  0.000000  1.0
    0.213333   -0.690844  0.000000  1.0
    0.213333   -0.688793  0.000000  1.0
    0.213333   -0.686742  0.000000  1.0
    0.213333   -0.684691  0.000000  1.0
    0.213333   -0.682639  0.000000  1.0
    0.213333   -0.680588  0.000000  1.0
    0.213333   -0.678537  0.000000  1.0
    0.213333   -0.676485  0.000000  1.0
    0.213333   -0.674434  0.000000  1.0
    0.213333   -0.672383  0.000000  1.0
    0.213333   -0.670332  0.000000  1.0
    0.213333   -0.668280  0.000000  1.0
    0.213333   -0.666229  0.000000  1.0
    0.213333   -0.664178  0.000000  1.0
    0.213333   -0.662126  0.000000  1.0
    0.215385   -0.742126  0.000000  1.0
    0.215385   -0.740075  0.000000  1.0
    0.215385   -0.738024  0.000000  1.0
    0.215385   -0.735973  0.000000  1.0
    0.215385   -0.733921  0.000000  1.0
    0.215385   -0.731870  0.000000  1.0
    0.215385   -0.729819  0.000000  1.0
    0.215385   -0.727767  0.000000  1.0
    0.215385   -0.725716  0.000000  1.0
    0.215385   -0.723665  0.000000  1.0
    0.215385   -0.721614  0.000000  1.0
    0.215385   -0.719562  0.000000  1.0
    0.215385   -0.717511  0.000000  1.0
    0.215385   -0.715460  0.000000  1.0
    0.215385   -0.713409  0.000000  1.0
    0.215385   -0.711357  0.000000  1.0
    0.215385   -0.709306  0.000000  1.0
    0.215385   -0.707255  0.000000  1.0
    0.215385   -0.705203  0.000000  1.0
    0.215385   -0.703152  0.000000  1.0
    0.215385   -0.701101  0.000000  1.0
    0.215385   -0.699050  0.000000  1.0
    0.215385   -0.696998  0.000000  1.0
    0.215385   -0.694947  0.000000  1.0
    0.215385   -0.692896  0.000000  1.0
    0.215385   -0.690844  0.000000  1.0
    0.215385   -0.688793  0.000000  1.0
    0.215385   -0.686742  0.000000  1.0
    0.215385   -0.684691  0.000000  1.0
    0.215385   -0.682639  0.000000  1.0
    0.215385   -0.680588  0.000000  1.0
    0.215385   -0.678537  0.000000  1.0
    0.215385   -0.676485  0.000000  1.0
    0.215385   -0.674434  0.000000  1.0
    0.215385   -0.672383  0.000000  1.0
    0.215385   -0.670332  0.000000  1.0
    0.215385   -0.668280  0.000000  1.0
    0.215385   -0.666229  0.000000  1.0
    0.215385   -0.664178  0.000000  1.0
    0.215385   -0.662126  0.000000  1.0
    0.217436   -0.742126  0.000000  1.0
    0.217436   -0.740075  0.000000  1.0
    0.217436   -0.738024  0.000000  1.0
    0.217436   -0.735973  0.000000  1.0
    0.217436   -0.733921  0.000000  1.0
    0.217436   -0.731870  0.000000  1.0
    0.217436   -0.729819  0.000000  1.0
    0.217436   -0.727767  0.000000  1.0
    0.217436   -0.725716  0.000000  1.0
    0.217436   -0.723665  0.000000  1.0
    0.217436   -0.721614  0.000000  1.0
    0.217436   -0.719562  0.000000  1.0
    0.217436   -0.717511  0.000000  1.0
    0.217436   -0.715460  0.000000  1.0
    0.217436   -0.713409  0.000000  1.0
    0.217436   -0.711357  0.000000  1.0
    0.217436   -0.709306  0.000000  1.0
    0.217436   -0.707255  0.000000  1.0
    0.217436   -0.705203  0.000000  1.0
    0.217436   -0.703152  0.000000  1.0
    0.217436   -0.701101  0.000000  1.0
    0.217436   -0.699050  0.000000  1.0
    0.217436   -0.696998  0.000000  1.0
    0.217436   -0.694947  0.000000  1.0
    0.217436   -0.692896  0.000000  1.0
    0.217436   -0.690844  0.000000  1.0
    0.217436   -0.688793  0.000000  1.0
    0.217436   -0.686742  0.000000  1.0
    0.217436   -0.684691  0.000000  1.0
    0.217436   -0.682639  0.000000  1.0
    0.217436   -0.680588  0.000000  1.0
    0.217436   -0.678537  0.000000  1.0
    0.217436   -0.676485  0.000000  1.0
    0.217436   -0.674434  0.000000  1.0
    0.217436   -0.672383  0.000000  1.0
    0.217436   -0.670332  0.000000  1.0
    0.217436   -0.668280  0.000000  1.0
    0.217436   -0.666229  0.000000  1.0
    0.217436   -0.664178  0.000000  1.0
    0.217436   -0.662126  0.000000  1.0
    0.219487   -0.742126  0.000000  1.0
    0.219487   -0.740075  0.000000  1.0
    0.219487   -0.738024  0.000000  1.0
    0.219487   -0.735973  0.000000  1.0
    0.219487   -0.733921  0.000000  1.0
    0.219487   -0.731870  0.000000  1.0
    0.219487   -0.729819  0.000000  1.0
    0.219487   -0.727767  0.000000  1.0
    0.219487   -0.725716  0.000000  1.0
    0.219487   -0.723665  0.000000  1.0
    0.219487   -0.721614  0.000000  1.0
    0.219487   -0.719562  0.000000  1.0
    0.219487   -0.717511  0.000000  1.0
    0.219487   -0.715460  0.000000  1.0
    0.219487   -0.713409  0.000000  1.0
    0.219487   -0.711357  0.000000  1.0
    0.219487   -0.709306  0.000000  1.0
    0.219487   -0.707255  0.000000  1.0
    0.219487   -0.705203  0.000000  1.0
    0.219487   -0.703152  0.000000  1.0
    0.219487   -0.701101  0.000000  1.0
    0.219487   -0.699050  0.000000  1.0
    0.219487   -0.696998  0.000000  1.0
    0.219487   -0.694947  0.000000  1.0
    0.219487   -0.692896  0.000000  1.0
    0.219487   -0.690844  0.000000  1.0
    0.219487   -0.688793  0.000000  1.0
    0.219487   -0.686742  0.000000  1.0
    0.219487   -0.684691  0.000000  1.0
    0.219487   -0.682639  0.000000  1.0
    0.219487   -0.680588  0.000000  1.0
    0.219487   -0.678537  0.000000  1.0
    0.219487   -0.676485  0.000000  1.0
    0.219487   -0.674434  0.000000  1.0
    0.219487   -0.672383  0.000000  1.0
    0.219487   -0.670332  0.000000  1.0
    0.219487   -0.668280  0.000000  1.0
    0.219487   -0.666229  0.000000  1.0
    0.219487   -0.664178  0.000000  1.0
    0.219487   -0.662126  0.000000  1.0
    0.221538   -0.742126  0.000000  1.0
    0.221538   -0.740075  0.000000  1.0
    0.221538   -0.738024  0.000000  1.0
    0.221538   -0.735973  0.000000  1.0
    0.221538   -0.733921  0.000000  1.0
    0.221538   -0.731870  0.000000  1.0
    0.221538   -0.729819  0.000000  1.0
    0.221538   -0.727767  0.000000  1.0
    0.221538   -0.725716  0.000000  1.0
    0.221538   -0.723665  0.000000  1.0
    0.221538   -0.721614  0.000000  1.0
    0.221538   -0.719562  0.000000  1.0
    0.221538   -0.717511  0.000000  1.0
    0.221538   -0.715460  0.000000  1.0
    0.221538   -0.713409  0.000000  1.0
    0.221538   -0.711357  0.000000  1.0
    0.221538   -0.709306  0.000000  1.0
    0.221538   -0.707255  0.000000  1.0
    0.221538   -0.705203  0.000000  1.0
    0.221538   -0.703152  0.000000  1.0
    0.221538   -0.701101  0.000000  1.0
    0.221538   -0.699050  0.000000  1.0
    0.221538   -0.696998  0.000000  1.0
    0.221538   -0.694947  0.000000  1.0
    0.221538   -0.692896  0.000000  1.0
    0.221538   -0.690844  0.000000  1.0
    0.221538   -0.688793  0.000000  1.0
    0.221538   -0.686742  0.000000  1.0
    0.221538   -0.684691  0.000000  1.0
    0.221538   -0.682639  0.000000  1.0
    0.221538   -0.680588  0.000000  1.0
    0.221538   -0.678537  0.000000  1.0
    0.221538   -0.676485  0.000000  1.0
    0.221538   -0.674434  0.000000  1.0
    0.221538   -0.672383  0.000000  1.0
    0.221538   -0.670332  0.000000  1.0
    0.221538   -0.668280  0.000000  1.0
    0.221538   -0.666229  0.000000  1.0
    0.221538   -0.664178  0.000000  1.0
    0.221538   -0.662126  0.000000  1.0
    0.223590   -0.742126  0.000000  1.0
    0.223590   -0.740075  0.000000  1.0
    0.223590   -0.738024  0.000000  1.0
    0.223590   -0.735973  0.000000  1.0
    0.223590   -0.733921  0.000000  1.0
    0.223590   -0.731870  0.000000  1.0
    0.223590   -0.729819  0.000000  1.0
    0.223590   -0.727767  0.000000  1.0
    0.223590   -0.725716  0.000000  1.0
    0.223590   -0.723665  0.000000  1.0
    0.223590   -0.721614  0.000000  1.0
    0.223590   -0.719562  0.000000  1.0
    0.223590   -0.717511  0.000000  1.0
    0.223590   -0.715460  0.000000  1.0
    0.223590   -0.713409  0.000000  1.0
    0.223590   -0.711357  0.000000  1.0
    0.223590   -0.709306  0.000000  1.0
    0.223590   -0.707255  0.000000  1.0
    0.223590   -0.705203  0.000000  1.0
    0.223590   -0.703152  0.000000  1.0
    0.223590   -0.701101  0.000000  1.0
    0.223590   -0.699050  0.000000  1.0
    0.223590   -0.696998  0.000000  1.0
    0.223590   -0.694947  0.000000  1.0
    0.223590   -0.692896  0.000000  1.0
    0.223590   -0.690844  0.000000  1.0
    0.223590   -0.688793  0.000000  1.0
    0.223590   -0.686742  0.000000  1.0
    0.223590   -0.684691  0.000000  1.0
    0.223590   -0.682639  0.000000  1.0
    0.223590   -0.680588  0.000000  1.0
    0.223590   -0.678537  0.000000  1.0
    0.223590   -0.676485  0.000000  1.0
    0.223590   -0.674434  0.000000  1.0
    0.223590   -0.672383  0.000000  1.0
    0.223590   -0.670332  0.000000  1.0
    0.223590   -0.668280  0.000000  1.0
    0.223590   -0.666229  0.000000  1.0
    0.223590   -0.664178  0.000000  1.0
    0.223590   -0.662126  0.000000  1.0
    0.225641   -0.742126  0.000000  1.0
    0.225641   -0.740075  0.000000  1.0
    0.225641   -0.738024  0.000000  1.0
    0.225641   -0.735973  0.000000  1.0
    0.225641   -0.733921  0.000000  1.0
    0.225641   -0.731870  0.000000  1.0
    0.225641   -0.729819  0.000000  1.0
    0.225641   -0.727767  0.000000  1.0
    0.225641   -0.725716  0.000000  1.0
    0.225641   -0.723665  0.000000  1.0
    0.225641   -0.721614  0.000000  1.0
    0.225641   -0.719562  0.000000  1.0
    0.225641   -0.717511  0.000000  1.0
    0.225641   -0.715460  0.000000  1.0
    0.225641   -0.713409  0.000000  1.0
    0.225641   -0.711357  0.000000  1.0
    0.225641   -0.709306  0.000000  1.0
    0.225641   -0.707255  0.000000  1.0
    0.225641   -0.705203  0.000000  1.0
    0.225641   -0.703152  0.000000  1.0
    0.225641   -0.701101  0.000000  1.0
    0.225641   -0.699050  0.000000  1.0
    0.225641   -0.696998  0.000000  1.0
    0.225641   -0.694947  0.000000  1.0
    0.225641   -0.692896  0.000000  1.0
    0.225641   -0.690844  0.000000  1.0
    0.225641   -0.688793  0.000000  1.0
    0.225641   -0.686742  0.000000  1.0
    0.225641   -0.684691  0.000000  1.0
    0.225641   -0.682639  0.000000  1.0
    0.225641   -0.680588  0.000000  1.0
    0.225641   -0.678537  0.000000  1.0
    0.225641   -0.676485  0.000000  1.0
    0.225641   -0.674434  0.000000  1.0
    0.225641   -0.672383  0.000000  1.0
    0.225641   -0.670332  0.000000  1.0
    0.225641   -0.668280  0.000000  1.0
    0.225641   -0.666229  0.000000  1.0
    0.225641   -0.664178  0.000000  1.0
    0.225641   -0.662126  0.000000  1.0
    0.227692   -0.742126  0.000000  1.0
    0.227692   -0.740075  0.000000  1.0
    0.227692   -0.738024  0.000000  1.0
    0.227692   -0.735973  0.000000  1.0
    0.227692   -0.733921  0.000000  1.0
    0.227692   -0.731870  0.000000  1.0
    0.227692   -0.729819  0.000000  1.0
    0.227692   -0.727767  0.000000  1.0
    0.227692   -0.725716  0.000000  1.0
    0.227692   -0.723665  0.000000  1.0
    0.227692   -0.721614  0.000000  1.0
    0.227692   -0.719562  0.000000  1.0
    0.227692   -0.717511  0.000000  1.0
    0.227692   -0.715460  0.000000  1.0
    0.227692   -0.713409  0.000000  1.0
    0.227692   -0.711357  0.000000  1.0
    0.227692   -0.709306  0.000000  1.0
    0.227692   -0.707255  0.000000  1.0
    0.227692   -0.705203  0.000000  1.0
    0.227692   -0.703152  0.000000  1.0
    0.227692   -0.701101  0.000000  1.0
    0.227692   -0.699050  0.000000  1.0
    0.227692   -0.696998  0.000000  1.0
    0.227692   -0.694947  0.000000  1.0
    0.227692   -0.692896  0.000000  1.0
    0.227692   -0.690844  0.000000  1.0
    0.227692   -0.688793  0.000000  1.0
    0.227692   -0.686742  0.000000  1.0
    0.227692   -0.684691  0.000000  1.0
    0.227692   -0.682639  0.000000  1.0
    0.227692   -0.680588  0.000000  1.0
    0.227692   -0.678537  0.000000  1.0
    0.227692   -0.676485  0.000000  1.0
    0.227692   -0.674434  0.000000  1.0
    0.227692   -0.672383  0.000000  1.0
    0.227692   -0.670332  0.000000  1.0
    0.227692   -0.668280  0.000000  1.0
    0.227692   -0.666229  0.000000  1.0
    0.227692   -0.664178  0.000000  1.0
    0.227692   -0.662126  0.000000  1.0
    0.229744   -0.742126  0.000000  1.0
    0.229744   -0.740075  0.000000  1.0
    0.229744   -0.738024  0.000000  1.0
    0.229744   -0.735973  0.000000  1.0
    0.229744   -0.733921  0.000000  1.0
    0.229744   -0.731870  0.000000  1.0
    0.229744   -0.729819  0.000000  1.0
    0.229744   -0.727767  0.000000  1.0
    0.229744   -0.725716  0.000000  1.0
    0.229744   -0.723665  0.000000  1.0
    0.229744   -0.721614  0.000000  1.0
    0.229744   -0.719562  0.000000  1.0
    0.229744   -0.717511  0.000000  1.0
    0.229744   -0.715460  0.000000  1.0
    0.229744   -0.713409  0.000000  1.0
    0.229744   -0.711357  0.000000  1.0
    0.229744   -0.709306  0.000000  1.0
    0.229744   -0.707255  0.000000  1.0
    0.229744   -0.705203  0.000000  1.0
    0.229744   -0.703152  0.000000  1.0
    0.229744   -0.701101  0.000000  1.0
    0.229744   -0.699050  0.000000  1.0
    0.229744   -0.696998  0.000000  1.0
    0.229744   -0.694947  0.000000  1.0
    0.229744   -0.692896  0.000000  1.0
    0.229744   -0.690844  0.000000  1.0
    0.229744   -0.688793  0.000000  1.0
    0.229744   -0.686742  0.000000  1.0
    0.229744   -0.684691  0.000000  1.0
    0.229744   -0.682639  0.000000  1.0
    0.229744   -0.680588  0.000000  1.0
    0.229744   -0.678537  0.000000  1.0
    0.229744   -0.676485  0.000000  1.0
    0.229744   -0.674434  0.000000  1.0
    0.229744   -0.672383  0.000000  1.0
    0.229744   -0.670332  0.000000  1.0
    0.229744   -0.668280  0.000000  1.0
    0.229744   -0.666229  0.000000  1.0
    0.229744   -0.664178  0.000000  1.0
    0.229744   -0.662126  0.000000  1.0
    0.231795   -0.742126  0.000000  1.0
    0.231795   -0.740075  0.000000  1.0
    0.231795   -0.738024  0.000000  1.0
    0.231795   -0.735973  0.000000  1.0
    0.231795   -0.733921  0.000000  1.0
    0.231795   -0.731870  0.000000  1.0
    0.231795   -0.729819  0.000000  1.0
    0.231795   -0.727767  0.000000  1.0
    0.231795   -0.725716  0.000000  1.0
    0.231795   -0.723665  0.000000  1.0
    0.231795   -0.721614  0.000000  1.0
    0.231795   -0.719562  0.000000  1.0
    0.231795   -0.717511  0.000000  1.0
    0.231795   -0.715460  0.000000  1.0
    0.231795   -0.713409  0.000000  1.0
    0.231795   -0.711357  0.000000  1.0
    0.231795   -0.709306  0.000000  1.0
    0.231795   -0.707255  0.000000  1.0
    0.231795   -0.705203  0.000000  1.0
    0.231795   -0.703152  0.000000  1.0
    0.231795   -0.701101  0.000000  1.0
    0.231795   -0.699050  0.000000  1.0
    0.231795   -0.696998  0.000000  1.0
    0.231795   -0.694947  0.000000  1.0
    0.231795   -0.692896  0.000000  1.0
    0.231795   -0.690844  0.000000  1.0
    0.231795   -0.688793  0.000000  1.0
    0.231795   -0.686742  0.000000  1.0
    0.231795   -0.684691  0.000000  1.0
    0.231795   -0.682639  0.000000  1.0
    0.231795   -0.680588  0.000000  1.0
    0.231795   -0.678537  0.000000  1.0
    0.231795   -0.676485  0.000000  1.0
    0.231795   -0.674434  0.000000  1.0
    0.231795   -0.672383  0.000000  1.0
    0.231795   -0.670332  0.000000  1.0
    0.231795   -0.668280  0.000000  1.0
    0.231795   -0.666229  0.000000  1.0
    0.231795   -0.664178  0.000000  1.0
    0.231795   -0.662126  0.000000  1.0
    0.233846   -0.742126  0.000000  1.0
    0.233846   -0.740075  0.000000  1.0
    0.233846   -0.738024  0.000000  1.0
    0.233846   -0.735973  0.000000  1.0
    0.233846   -0.733921  0.000000  1.0
    0.233846   -0.731870  0.000000  1.0
    0.233846   -0.729819  0.000000  1.0
    0.233846   -0.727767  0.000000  1.0
    0.233846   -0.725716  0.000000  1.0
    0.233846   -0.723665  0.000000  1.0
    0.233846   -0.721614  0.000000  1.0
    0.233846   -0.719562  0.000000  1.0
    0.233846   -0.717511  0.000000  1.0
    0.233846   -0.715460  0.000000  1.0
    0.233846   -0.713409  0.000000  1.0
    0.233846   -0.711357  0.000000  1.0
    0.233846   -0.709306  0.000000  1.0
    0.233846   -0.707255  0.000000  1.0
    0.233846   -0.705203  0.000000  1.0
    0.233846   -0.703152  0.000000  1.0
    0.233846   -0.701101  0.000000  1.0
    0.233846   -0.699050  0.000000  1.0
    0.233846   -0.696998  0.000000  1.0
    0.233846   -0.694947  0.000000  1.0
    0.233846   -0.692896  0.000000  1.0
    0.233846   -0.690844  0.000000  1.0
    0.233846   -0.688793  0.000000  1.0
    0.233846   -0.686742  0.000000  1.0
    0.233846   -0.684691  0.000000  1.0
    0.233846   -0.682639  0.000000  1.0
    0.233846   -0.680588  0.000000  1.0
    0.233846   -0.678537  0.000000  1.0
    0.233846   -0.676485  0.000000  1.0
    0.233846   -0.674434  0.000000  1.0
    0.233846   -0.672383  0.000000  1.0
    0.233846   -0.670332  0.000000  1.0
    0.233846   -0.668280  0.000000  1.0
    0.233846   -0.666229  0.000000  1.0
    0.233846   -0.664178  0.000000  1.0
    0.233846   -0.662126  0.000000  1.0
    0.235897   -0.742126  0.000000  1.0
    0.235897   -0.740075  0.000000  1.0
    0.235897   -0.738024  0.000000  1.0
    0.235897   -0.735973  0.000000  1.0
    0.235897   -0.733921  0.000000  1.0
    0.235897   -0.731870  0.000000  1.0
    0.235897   -0.729819  0.000000  1.0
    0.235897   -0.727767  0.000000  1.0
    0.235897   -0.725716  0.000000  1.0
    0.235897   -0.723665  0.000000  1.0
    0.235897   -0.721614  0.000000  1.0
    0.235897   -0.719562  0.000000  1.0
    0.235897   -0.717511  0.000000  1.0
    0.235897   -0.715460  0.000000  1.0
    0.235897   -0.713409  0.000000  1.0
    0.235897   -0.711357  0.000000  1.0
    0.235897   -0.709306  0.000000  1.0
    0.235897   -0.707255  0.000000  1.0
    0.235897   -0.705203  0.000000  1.0
    0.235897   -0.703152  0.000000  1.0
    0.235897   -0.701101  0.000000  1.0
    0.235897   -0.699050  0.000000  1.0
    0.235897   -0.696998  0.000000  1.0
    0.235897   -0.694947  0.000000  1.0
    0.235897   -0.692896  0.000000  1.0
    0.235897   -0.690844  0.000000  1.0
    0.235897   -0.688793  0.000000  1.0
    0.235897   -0.686742  0.000000  1.0
    0.235897   -0.684691  0.000000  1.0
    0.235897   -0.682639  0.000000  1.0
    0.235897   -0.680588  0.000000  1.0
    0.235897   -0.678537  0.000000  1.0
    0.235897   -0.676485  0.000000  1.0
    0.235897   -0.674434  0.000000  1.0
    0.235897   -0.672383  0.000000  1.0
    0.235897   -0.670332  0.000000  1.0
    0.235897   -0.668280  0.000000  1.0
    0.235897   -0.666229  0.000000  1.0
    0.235897   -0.664178  0.000000  1.0
    0.235897   -0.662126  0.000000  1.0
    0.237949   -0.742126  0.000000  1.0
    0.237949   -0.740075  0.000000  1.0
    0.237949   -0.738024  0.000000  1.0
    0.237949   -0.735973  0.000000  1.0
    0.237949   -0.733921  0.000000  1.0
    0.237949   -0.731870  0.000000  1.0
    0.237949   -0.729819  0.000000  1.0
    0.237949   -0.727767  0.000000  1.0
    0.237949   -0.725716  0.000000  1.0
    0.237949   -0.723665  0.000000  1.0
    0.237949   -0.721614  0.000000  1.0
    0.237949   -0.719562  0.000000  1.0
    0.237949   -0.717511  0.000000  1.0
    0.237949   -0.715460  0.000000  1.0
    0.237949   -0.713409  0.000000  1.0
    0.237949   -0.711357  0.000000  1.0
    0.237949   -0.709306  0.000000  1.0
    0.237949   -0.707255  0.000000  1.0
    0.237949   -0.705203  0.000000  1.0
    0.237949   -0.703152  0.000000  1.0
    0.237949   -0.701101  0.000000  1.0
    0.237949   -0.699050  0.000000  1.0
    0.237949   -0.696998  0.000000  1.0
    0.237949   -0.694947  0.000000  1.0
    0.237949   -0.692896  0.000000  1.0
    0.237949   -0.690844  0.000000  1.0
    0.237949   -0.688793  0.000000  1.0
    0.237949   -0.686742  0.000000  1.0
    0.237949   -0.684691  0.000000  1.0
    0.237949   -0.682639  0.000000  1.0
    0.237949   -0.680588  0.000000  1.0
    0.237949   -0.678537  0.000000  1.0
    0.237949   -0.676485  0.000000  1.0
    0.237949   -0.674434  0.000000  1.0
    0.237949   -0.672383  0.000000  1.0
    0.237949   -0.670332  0.000000  1.0
    0.237949   -0.668280  0.000000  1.0
    0.237949   -0.666229  0.000000  1.0
    0.237949   -0.664178  0.000000  1.0
    0.237949   -0.662126  0.000000  1.0
    0.240000   -0.742126  0.000000  1.0
    0.240000   -0.740075  0.000000  1.0
    0.240000   -0.738024  0.000000  1.0
    0.240000   -0.735973  0.000000  1.0
    0.240000   -0.733921  0.000000  1.0
    0.240000   -0.731870  0.000000  1.0
    0.240000   -0.729819  0.000000  1.0
    0.240000   -0.727767  0.000000  1.0
    0.240000   -0.725716  0.000000  1.0
    0.240000   -0.723665  0.000000  1.0
    0.240000   -0.721614  0.000000  1.0
    0.240000   -0.719562  0.000000  1.0
    0.240000   -0.717511  0.000000  1.0
    0.240000   -0.715460  0.000000  1.0
    0.240000   -0.713409  0.000000  1.0
    0.240000   -0.711357  0.000000  1.0
    0.240000   -0.709306  0.000000  1.0
    0.240000   -0.707255  0.000000  1.0
    0.240000   -0.705203  0.000000  1.0
    0.240000   -0.703152  0.000000  1.0
    0.240000   -0.701101  0.000000  1.0
    0.240000   -0.699050  0.000000  1.0
    0.240000   -0.696998  0.000000  1.0
    0.240000   -0.694947  0.000000  1.0
    0.240000   -0.692896  0.000000  1.0
    0.240000   -0.690844  0.000000  1.0
    0.240000   -0.688793  0.000000  1.0
    0.240000   -0.686742  0.000000  1.0
    0.240000   -0.684691  0.000000  1.0
    0.240000   -0.682639  0.000000  1.0
    0.240000   -0.680588  0.000000  1.0
    0.240000   -0.678537  0.000000  1.0
    0.240000   -0.676485  0.000000  1.0
    0.240000   -0.674434  0.000000  1.0
    0.240000   -0.672383  0.000000  1.0
    0.240000   -0.670332  0.000000  1.0
    0.240000   -0.668280  0.000000  1.0
    0.240000   -0.666229  0.000000  1.0
    0.240000   -0.664178  0.000000  1.0
    0.240000   -0.662126  0.000000  1.0
