&CONTROL
  calculation = 'bands'
  prefix = 'graphene12.0zoom'
  outdir = './tmp'
  pseudo_dir = './'
  verbosity = 'high'
/
&SYSTEM
  ibrav = 0
  nat = 2
  ntyp = 1
  ecutwfc = 40.0
  nosym = .true.
  noinv = .true.
  nbnd = 8
/
&ELECTRONS
/
ATOMIC_SPECIES
  C  12.011  C.pbe-n-kjpaw_psl.1.0.0.UPF
CELL_PARAMETERS {bohr}
  5.212480  0.000000  0.000000
  2.606240  3.950679  0.000000
  0.000000  0.000000  30.000000
ATOMIC_POSITIONS {crystal}
  C  -0.001438  0.169600  0.000000
  C  0.334771  0.497067  0.000000
K_POINTS {tpiba}
1600
   -0.306667    0.619694  0.000000  1.0
   -0.306667    0.621745  0.000000  1.0
   -0.306667    0.623797  0.000000  1.0
   -0.306667    0.625848  0.000000  1.0
   -0.306667    0.627899  0.000000  1.0
   -0.306667    0.629951  0.000000  1.0
   -0.306667    0.632002  0.000000  1.0
   -0.306667    0.634053  0.000000  1.0
   -0.306667    0.636104  0.000000  1.0
   -0.306667    0.638156  0.000000  1.0
   -0.306667    0.640207  0.000000  1.0
   -0.306667    0.642258  0.000000  1.0
   -0.306667    0.644310  0.000000  1.0
   -0.306667    0.646361  0.000000  1.0
   -0.306667    0.648412  0.000000  1.0
   -0.306667    0.650463  0.000000  1.0
   -0.306667    0.652515  0.000000  1.0
   -0.306667    0.654566  0.000000  1.0
   -0.306667    0.656617  0.000000  1.0
   -0.306667    0.658669  0.000000  1.0
   -0.306667    0.660720  0.000000  1.0
   -0.306667    0.662771  0.000000  1.0
   -0.306667    0.664822  0.000000  1.0
   -0.306667    0.666874  0.000000  1.0
   -0.306667    0.668925  0.000000  1.0
   -0.306667    0.670976  0.000000  1.0
   -0.306667    0.673028  0.000000  1.0
   -0.306667    0.675079  0.000000  1.0
   -0.306667    0.677130  0.000000  1.0
   -0.306667    0.679181  0.000000  1.0
   -0.306667    0.681233  0.000000  1.0
   -0.306667    0.683284  0.000000  1.0
   -0.306667    0.685335  0.000000  1.0
   -0.306667    0.687387  0.000000  1.0
   -0.306667    0.689438  0.000000  1.0
   -0.306667    0.691489  0.000000  1.0
   -0.306667    0.693540  0.000000  1.0
   -0.306667    0.695592  0.000000  1.0
   -0.306667    0.697643  0.000000  1.0
   -0.306667    0.699694  0.000000  1.0
   -0.304615    0.619694  0.000000  1.0
   -0.304615    0.621745  0.000000  1.0
   -0.304615    0.623797  0.000000  1.0
   -0.304615    0.625848  0.000000  1.0
   -0.304615    0.627899  0.000000  1.0
   -0.304615    0.629951  0.000000  1.0
   -0.304615    0.632002  0.000000  1.0
   -0.304615    0.634053  0.000000  1.0
   -0.304615    0.636104  0.000000  1.0
   -0.304615    0.638156  0.000000  1.0
   -0.304615    0.640207  0.000000  1.0
   -0.304615    0.642258  0.000000  1.0
   -0.304615    0.644310  0.000000  1.0
   -0.304615    0.646361  0.000000  1.0
   -0.304615    0.648412  0.000000  1.0
   -0.304615    0.650463  0.000000  1.0
   -0.304615    0.652515  0.000000  1.0
   -0.304615    0.654566  0.000000  1.0
   -0.304615    0.656617  0.000000  1.0
   -0.304615    0.658669  0.000000  1.0
   -0.304615    0.660720  0.000000  1.0
   -0.304615    0.662771  0.000000  1.0
   -0.304615    0.664822  0.000000  1.0
   -0.304615    0.666874  0.000000  1.0
   -0.304615    0.668925  0.000000  1.0
   -0.304615    0.670976  0.000000  1.0
   -0.304615    0.673028  0.000000  1.0
   -0.304615    0.675079  0.000000  1.0
   -0.304615    0.677130  0.000000  1.0
   -0.304615    0.679181  0.000000  1.0
   -0.304615    0.681233  0.000000  1.0
   -0.304615    0.683284  0.000000  1.0
   -0.304615    0.685335  0.000000  1.0
   -0.304615    0.687387  0.000000  1.0
   -0.304615    0.689438  0.000000  1.0
   -0.304615    0.691489  0.000000  1.0
   -0.304615    0.693540  0.000000  1.0
   -0.304615    0.695592  0.000000  1.0
   -0.304615    0.697643  0.000000  1.0
   -0.304615    0.699694  0.000000  1.0
   -0.302564    0.619694  0.000000  1.0
   -0.302564    0.621745  0.000000  1.0
   -0.302564    0.623797  0.000000  1.0
   -0.302564    0.625848  0.000000  1.0
   -0.302564    0.627899  0.000000  1.0
   -0.302564    0.629951  0.000000  1.0
   -0.302564    0.632002  0.000000  1.0
   -0.302564    0.634053  0.000000  1.0
   -0.302564    0.636104  0.000000  1.0
   -0.302564    0.638156  0.000000  1.0
   -0.302564    0.640207  0.000000  1.0
   -0.302564    0.642258  0.000000  1.0
   -0.302564    0.644310  0.000000  1.0
   -0.302564    0.646361  0.000000  1.0
   -0.302564    0.648412  0.000000  1.0
   -0.302564    0.650463  0.000000  1.0
   -0.302564    0.652515  0.000000  1.0
   -0.302564    0.654566  0.000000  1.0
   -0.302564    0.656617  0.000000  1.0
   -0.302564    0.658669  0.000000  1.0
   -0.302564    0.660720  0.000000  1.0
   -0.302564    0.662771  0.000000  1.0
   -0.302564    0.664822  0.000000  1.0
   -0.302564    0.666874  0.000000  1.0
   -0.302564    0.668925  0.000000  1.0
   -0.302564    0.670976  0.000000  1.0
   -0.302564    0.673028  0.000000  1.0
   -0.302564    0.675079  0.000000  1.0
   -0.302564    0.677130  0.000000  1.0
   -0.302564    0.679181  0.000000  1.0
   -0.302564    0.681233  0.000000  1.0
   -0.302564    0.683284  0.000000  1.0
   -0.302564    0.685335  0.000000  1.0
   -0.302564    0.687387  0.000000  1.0
   -0.302564    0.689438  0.000000  1.0
   -0.302564    0.691489  0.000000  1.0
   -0.302564    0.693540  0.000000  1.0
   -0.302564    0.695592  0.000000  1.0
   -0.302564    0.697643  0.000000  1.0
   -0.302564    0.699694  0.000000  1.0
   -0.300513    0.619694  0.000000  1.0
   -0.300513    0.621745  0.000000  1.0
   -0.300513    0.623797  0.000000  1.0
   -0.300513    0.625848  0.000000  1.0
   -0.300513    0.627899  0.000000  1.0
   -0.300513    0.629951  0.000000  1.0
   -0.300513    0.632002  0.000000  1.0
   -0.300513    0.634053  0.000000  1.0
   -0.300513    0.636104  0.000000  1.0
   -0.300513    0.638156  0.000000  1.0
   -0.300513    0.640207  0.000000  1.0
   -0.300513    0.642258  0.000000  1.0
   -0.300513    0.644310  0.000000  1.0
   -0.300513    0.646361  0.000000  1.0
   -0.300513    0.648412  0.000000  1.0
   -0.300513    0.650463  0.000000  1.0
   -0.300513    0.652515  0.000000  1.0
   -0.300513    0.654566  0.000000  1.0
   -0.300513    0.656617  0.000000  1.0
   -0.300513    0.658669  0.000000  1.0
   -0.300513    0.660720  0.000000  1.0
   -0.300513    0.662771  0.000000  1.0
   -0.300513    0.664822  0.000000  1.0
   -0.300513    0.666874  0.000000  1.0
   -0.300513    0.668925  0.000000  1.0
   -0.300513    0.670976  0.000000  1.0
   -0.300513    0.673028  0.000000  1.0
   -0.300513    0.675079  0.000000  1.0
   -0.300513    0.677130  0.000000  1.0
   -0.300513    0.679181  0.000000  1.0
   -0.300513    0.681233  0.000000  1.0
   -0.300513    0.683284  0.000000  1.0
   -0.300513    0.685335  0.000000  1.0
   -0.300513    0.687387  0.000000  1.0
   -0.300513    0.689438  0.000000  1.0
   -0.300513    0.691489  0.000000  1.0
   -0.300513    0.693540  0.000000  1.0
   -0.300513    0.695592  0.000000  1.0
   -0.300513    0.697643  0.000000  1.0
   -0.300513    0.699694  0.000000  1.0
   -0.298462    0.619694  0.000000  1.0
   -0.298462    0.621745  0.000000  1.0
   -0.298462    0.623797  0.000000  1.0
   -0.298462    0.625848  0.000000  1.0
   -0.298462    0.627899  0.000000  1.0
   -0.298462    0.629951  0.000000  1.0
   -0.298462    0.632002  0.000000  1.0
   -0.298462    0.634053  0.000000  1.0
   -0.298462    0.636104  0.000000  1.0
   -0.298462    0.638156  0.000000  1.0
   -0.298462    0.640207  0.000000  1.0
   -0.298462    0.642258  0.000000  1.0
   -0.298462    0.644310  0.000000  1.0
   -0.298462    0.646361  0.000000  1.0
   -0.298462    0.648412  0.000000  1.0
   -0.298462    0.650463  0.000000  1.0
   -0.298462    0.652515  0.000000  1.0
   -0.298462    0.654566  0.000000  1.0
   -0.298462    0.656617  0.000000  1.0
   -0.298462    0.658669  0.000000  1.0
   -0.298462    0.660720  0.000000  1.0
   -0.298462    0.662771  0.000000  1.0
   -0.298462    0.664822  0.000000  1.0
   -0.298462    0.666874  0.000000  1.0
   -0.298462    0.668925  0.000000  1.0
   -0.298462    0.670976  0.000000  1.0
   -0.298462    0.673028  0.000000  1.0
   -0.298462    0.675079  0.000000  1.0
   -0.298462    0.677130  0.000000  1.0
   -0.298462    0.679181  0.000000  1.0
   -0.298462    0.681233  0.000000  1.0
   -0.298462    0.683284  0.000000  1.0
   -0.298462    0.685335  0.000000  1.0
   -0.298462    0.687387  0.000000  1.0
   -0.298462    0.689438  0.000000  1.0
   -0.298462    0.691489  0.000000  1.0
   -0.298462    0.693540  0.000000  1.0
   -0.298462    0.695592  0.000000  1.0
   -0.298462    0.697643  0.000000  1.0
   -0.298462    0.699694  0.000000  1.0
   -0.296410    0.619694  0.000000  1.0
   -0.296410    0.621745  0.000000  1.0
   -0.296410    0.623797  0.000000  1.0
   -0.296410    0.625848  0.000000  1.0
   -0.296410    0.627899  0.000000  1.0
   -0.296410    0.629951  0.000000  1.0
   -0.296410    0.632002  0.000000  1.0
   -0.296410    0.634053  0.000000  1.0
   -0.296410    0.636104  0.000000  1.0
   -0.296410    0.638156  0.000000  1.0
   -0.296410    0.640207  0.000000  1.0
   -0.296410    0.642258  0.000000  1.0
   -0.296410    0.644310  0.000000  1.0
   -0.296410    0.646361  0.000000  1.0
   -0.296410    0.648412  0.000000  1.0
   -0.296410    0.650463  0.000000  1.0
   -0.296410    0.652515  0.000000  1.0
   -0.296410    0.654566  0.000000  1.0
   -0.296410    0.656617  0.000000  1.0
   -0.296410    0.658669  0.000000  1.0
   -0.296410    0.660720  0.000000  1.0
   -0.296410    0.662771  0.000000  1.0
   -0.296410    0.664822  0.000000  1.0
   -0.296410    0.666874  0.000000  1.0
   -0.296410    0.668925  0.000000  1.0
   -0.296410    0.670976  0.000000  1.0
   -0.296410    0.673028  0.000000  1.0
   -0.296410    0.675079  0.000000  1.0
   -0.296410    0.677130  0.000000  1.0
   -0.296410    0.679181  0.000000  1.0
   -0.296410    0.681233  0.000000  1.0
   -0.296410    0.683284  0.000000  1.0
   -0.296410    0.685335  0.000000  1.0
   -0.296410    0.687387  0.000000  1.0
   -0.296410    0.689438  0.000000  1.0
   -0.296410    0.691489  0.000000  1.0
   -0.296410    0.693540  0.000000  1.0
   -0.296410    0.695592  0.000000  1.0
   -0.296410    0.697643  0.000000  1.0
   -0.296410    0.699694  0.000000  1.0
   -0.294359    0.619694  0.000000  1.0
   -0.294359    0.621745  0.000000  1.0
   -0.294359    0.623797  0.000000  1.0
   -0.294359    0.625848  0.000000  1.0
   -0.294359    0.627899  0.000000  1.0
   -0.294359    0.629951  0.000000  1.0
   -0.294359    0.632002  0.000000  1.0
   -0.294359    0.634053  0.000000  1.0
   -0.294359    0.636104  0.000000  1.0
   -0.294359    0.638156  0.000000  1.0
   -0.294359    0.640207  0.000000  1.0
   -0.294359    0.642258  0.000000  1.0
   -0.294359    0.644310  0.000000  1.0
   -0.294359    0.646361  0.000000  1.0
   -0.294359    0.648412  0.000000  1.0
   -0.294359    0.650463  0.000000  1.0
   -0.294359    0.652515  0.000000  1.0
   -0.294359    0.654566  0.000000  1.0
   -0.294359    0.656617  0.000000  1.0
   -0.294359    0.658669  0.000000  1.0
   -0.294359    0.660720  0.000000  1.0
   -0.294359    0.662771  0.000000  1.0
   -0.294359    0.664822  0.000000  1.0
   -0.294359    0.666874  0.000000  1.0
   -0.294359    0.668925  0.000000  1.0
   -0.294359    0.670976  0.000000  1.0
   -0.294359    0.673028  0.000000  1.0
   -0.294359    0.675079  0.000000  1.0
   -0.294359    0.677130  0.000000  1.0
   -0.294359    0.679181  0.000000  1.0
   -0.294359    0.681233  0.000000  1.0
   -0.294359    0.683284  0.000000  1.0
   -0.294359    0.685335  0.000000  1.0
   -0.294359    0.687387  0.000000  1.0
   -0.294359    0.689438  0.000000  1.0
   -0.294359    0.691489  0.000000  1.0
   -0.294359    0.693540  0.000000  1.0
   -0.294359    0.695592  0.000000  1.0
   -0.294359    0.697643  0.000000  1.0
   -0.294359    0.699694  0.000000  1.0
   -0.292308    0.619694  0.000000  1.0
   -0.292308    0.621745  0.000000  1.0
   -0.292308    0.623797  0.000000  1.0
   -0.292308    0.625848  0.000000  1.0
   -0.292308    0.627899  0.000000  1.0
   -0.292308    0.629951  0.000000  1.0
   -0.292308    0.632002  0.000000  1.0
   -0.292308    0.634053  0.000000  1.0
   -0.292308    0.636104  0.000000  1.0
   -0.292308    0.638156  0.000000  1.0
   -0.292308    0.640207  0.000000  1.0
   -0.292308    0.642258  0.000000  1.0
   -0.292308    0.644310  0.000000  1.0
   -0.292308    0.646361  0.000000  1.0
   -0.292308    0.648412  0.000000  1.0
   -0.292308    0.650463  0.000000  1.0
   -0.292308    0.652515  0.000000  1.0
   -0.292308    0.654566  0.000000  1.0
   -0.292308    0.656617  0.000000  1.0
   -0.292308    0.658669  0.000000  1.0
   -0.292308    0.660720  0.000000  1.0
   -0.292308    0.662771  0.000000  1.0
   -0.292308    0.664822  0.000000  1.0
   -0.292308    0.666874  0.000000  1.0
   -0.292308    0.668925  0.000000  1.0
   -0.292308    0.670976  0.000000  1.0
   -0.292308    0.673028  0.000000  1.0
   -0.292308    0.675079  0.000000  1.0
   -0.292308    0.677130  0.000000  1.0
   -0.292308    0.679181  0.000000  1.0
   -0.292308    0.681233  0.000000  1.0
   -0.292308    0.683284  0.000000  1.0
   -0.292308    0.685335  0.000000  1.0
   -0.292308    0.687387  0.000000  1.0
   -0.292308    0.689438  0.000000  1.0
   -0.292308    0.691489  0.000000  1.0
   -0.292308    0.693540  0.000000  1.0
   -0.292308    0.695592  0.000000  1.0
   -0.292308    0.697643  0.000000  1.0
   -0.292308    0.699694  0.000000  1.0
   -0.290256    0.619694  0.000000  1.0
   -0.290256    0.621745  0.000000  1.0
   -0.290256    0.623797  0.000000  1.0
   -0.290256    0.625848  0.000000  1.0
   -0.290256    0.627899  0.000000  1.0
   -0.290256    0.629951  0.000000  1.0
   -0.290256    0.632002  0.000000  1.0
   -0.290256    0.634053  0.000000  1.0
   -0.290256    0.636104  0.000000  1.0
   -0.290256    0.638156  0.000000  1.0
   -0.290256    0.640207  0.000000  1.0
   -0.290256    0.642258  0.000000  1.0
   -0.290256    0.644310  0.000000  1.0
   -0.290256    0.646361  0.000000  1.0
   -0.290256    0.648412  0.000000  1.0
   -0.290256    0.650463  0.000000  1.0
   -0.290256    0.652515  0.000000  1.0
   -0.290256    0.654566  0.000000  1.0
   -0.290256    0.656617  0.000000  1.0
   -0.290256    0.658669  0.000000  1.0
   -0.290256    0.660720  0.000000  1.0
   -0.290256    0.662771  0.000000  1.0
   -0.290256    0.664822  0.000000  1.0
   -0.290256    0.666874  0.000000  1.0
   -0.290256    0.668925  0.000000  1.0
   -0.290256    0.670976  0.000000  1.0
   -0.290256    0.673028  0.000000  1.0
   -0.290256    0.675079  0.000000  1.0
   -0.290256    0.677130  0.000000  1.0
   -0.290256    0.679181  0.000000  1.0
   -0.290256    0.681233  0.000000  1.0
   -0.290256    0.683284  0.000000  1.0
   -0.290256    0.685335  0.000000  1.0
   -0.290256    0.687387  0.000000  1.0
   -0.290256    0.689438  0.000000  1.0
   -0.290256    0.691489  0.000000  1.0
   -0.290256    0.693540  0.000000  1.0
   -0.290256    0.695592  0.000000  1.0
   -0.290256    0.697643  0.000000  1.0
   -0.290256    0.699694  0.000000  1.0
   -0.288205    0.619694  0.000000  1.0
   -0.288205    0.621745  0.000000  1.0
   -0.288205    0.623797  0.000000  1.0
   -0.288205    0.625848  0.000000  1.0
   -0.288205    0.627899  0.000000  1.0
   -0.288205    0.629951  0.000000  1.0
   -0.288205    0.632002  0.000000  1.0
   -0.288205    0.634053  0.000000  1.0
   -0.288205    0.636104  0.000000  1.0
   -0.288205    0.638156  0.000000  1.0
   -0.288205    0.640207  0.000000  1.0
   -0.288205    0.642258  0.000000  1.0
   -0.288205    0.644310  0.000000  1.0
   -0.288205    0.646361  0.000000  1.0
   -0.288205    0.648412  0.000000  1.0
   -0.288205    0.650463  0.000000  1.0
   -0.288205    0.652515  0.000000  1.0
   -0.288205    0.654566  0.000000  1.0
   -0.288205    0.656617  0.000000  1.0
   -0.288205    0.658669  0.000000  1.0
   -0.288205    0.660720  0.000000  1.0
   -0.288205    0.662771  0.000000  1.0
   -0.288205    0.664822  0.000000  1.0
   -0.288205    0.666874  0.000000  1.0
   -0.288205    0.668925  0.000000  1.0
   -0.288205    0.670976  0.000000  1.0
   -0.288205    0.673028  0.000000  1.0
   -0.288205    0.675079  0.000000  1.0
   -0.288205    0.677130  0.000000  1.0
   -0.288205    0.679181  0.000000  1.0
   -0.288205    0.681233  0.000000  1.0
   -0.288205    0.683284  0.000000  1.0
   -0.288205    0.685335  0.000000  1.0
   -0.288205    0.687387  0.000000  1.0
   -0.288205    0.689438  0.000000  1.0
   -0.288205    0.691489  0.000000  1.0
   -0.288205    0.693540  0.000000  1.0
   -0.288205    0.695592  0.000000  1.0
   -0.288205    0.697643  0.000000  1.0
   -0.288205    0.699694  0.000000  1.0
   -0.286154    0.619694  0.000000  1.0
   -0.286154    0.621745  0.000000  1.0
   -0.286154    0.623797  0.000000  1.0
   -0.286154    0.625848  0.000000  1.0
   -0.286154    0.627899  0.000000  1.0
   -0.286154    0.629951  0.000000  1.0
   -0.286154    0.632002  0.000000  1.0
   -0.286154    0.634053  0.000000  1.0
   -0.286154    0.636104  0.000000  1.0
   -0.286154    0.638156  0.000000  1.0
   -0.286154    0.640207  0.000000  1.0
   -0.286154    0.642258  0.000000  1.0
   -0.286154    0.644310  0.000000  1.0
   -0.286154    0.646361  0.000000  1.0
   -0.286154    0.648412  0.000000  1.0
   -0.286154    0.650463  0.000000  1.0
   -0.286154    0.652515  0.000000  1.0
   -0.286154    0.654566  0.000000  1.0
   -0.286154    0.656617  0.000000  1.0
   -0.286154    0.658669  0.000000  1.0
   -0.286154    0.660720  0.000000  1.0
   -0.286154    0.662771  0.000000  1.0
   -0.286154    0.664822  0.000000  1.0
   -0.286154    0.666874  0.000000  1.0
   -0.286154    0.668925  0.000000  1.0
   -0.286154    0.670976  0.000000  1.0
   -0.286154    0.673028  0.000000  1.0
   -0.286154    0.675079  0.000000  1.0
   -0.286154    0.677130  0.000000  1.0
   -0.286154    0.679181  0.000000  1.0
   -0.286154    0.681233  0.000000  1.0
   -0.286154    0.683284  0.000000  1.0
   -0.286154    0.685335  0.000000  1.0
   -0.286154    0.687387  0.000000  1.0
   -0.286154    0.689438  0.000000  1.0
   -0.286154    0.691489  0.000000  1.0
   -0.286154    0.693540  0.000000  1.0
   -0.286154    0.695592  0.000000  1.0
   -0.286154    0.697643  0.000000  1.0
   -0.286154    0.699694  0.000000  1.0
   -0.284103    0.619694  0.000000  1.0
   -0.284103    0.621745  0.000000  1.0
   -0.284103    0.623797  0.000000  1.0
   -0.284103    0.625848  0.000000  1.0
   -0.284103    0.627899  0.000000  1.0
   -0.284103    0.629951  0.000000  1.0
   -0.284103    0.632002  0.000000  1.0
   -0.284103    0.634053  0.000000  1.0
   -0.284103    0.636104  0.000000  1.0
   -0.284103    0.638156  0.000000  1.0
   -0.284103    0.640207  0.000000  1.0
   -0.284103    0.642258  0.000000  1.0
   -0.284103    0.644310  0.000000  1.0
   -0.284103    0.646361  0.000000  1.0
   -0.284103    0.648412  0.000000  1.0
   -0.284103    0.650463  0.000000  1.0
   -0.284103    0.652515  0.000000  1.0
   -0.284103    0.654566  0.000000  1.0
   -0.284103    0.656617  0.000000  1.0
   -0.284103    0.658669  0.000000  1.0
   -0.284103    0.660720  0.000000  1.0
   -0.284103    0.662771  0.000000  1.0
   -0.284103    0.664822  0.000000  1.0
   -0.284103    0.666874  0.000000  1.0
   -0.284103    0.668925  0.000000  1.0
   -0.284103    0.670976  0.000000  1.0
   -0.284103    0.673028  0.000000  1.0
   -0.284103    0.675079  0.000000  1.0
   -0.284103    0.677130  0.000000  1.0
   -0.284103    0.679181  0.000000  1.0
   -0.284103    0.681233  0.000000  1.0
   -0.284103    0.683284  0.000000  1.0
   -0.284103    0.685335  0.000000  1.0
   -0.284103    0.687387  0.000000  1.0
   -0.284103    0.689438  0.000000  1.0
   -0.284103    0.691489  0.000000  1.0
   -0.284103    0.693540  0.000000  1.0
   -0.284103    0.695592  0.000000  1.0
   -0.284103    0.697643  0.000000  1.0
   -0.284103    0.699694  0.000000  1.0
   -0.282051    0.619694  0.000000  1.0
   -0.282051    0.621745  0.000000  1.0
   -0.282051    0.623797  0.000000  1.0
   -0.282051    0.625848  0.000000  1.0
   -0.282051    0.627899  0.000000  1.0
   -0.282051    0.629951  0.000000  1.0
   -0.282051    0.632002  0.000000  1.0
   -0.282051    0.634053  0.000000  1.0
   -0.282051    0.636104  0.000000  1.0
   -0.282051    0.638156  0.000000  1.0
   -0.282051    0.640207  0.000000  1.0
   -0.282051    0.642258  0.000000  1.0
   -0.282051    0.644310  0.000000  1.0
   -0.282051    0.646361  0.000000  1.0
   -0.282051    0.648412  0.000000  1.0
   -0.282051    0.650463  0.000000  1.0
   -0.282051    0.652515  0.000000  1.0
   -0.282051    0.654566  0.000000  1.0
   -0.282051    0.656617  0.000000  1.0
   -0.282051    0.658669  0.000000  1.0
   -0.282051    0.660720  0.000000  1.0
   -0.282051    0.662771  0.000000  1.0
   -0.282051    0.664822  0.000000  1.0
   -0.282051    0.666874  0.000000  1.0
   -0.282051    0.668925  0.000000  1.0
   -0.282051    0.670976  0.000000  1.0
   -0.282051    0.673028  0.000000  1.0
   -0.282051    0.675079  0.000000  1.0
   -0.282051    0.677130  0.000000  1.0
   -0.282051    0.679181  0.000000  1.0
   -0.282051    0.681233  0.000000  1.0
   -0.282051    0.683284  0.000000  1.0
   -0.282051    0.685335  0.000000  1.0
   -0.282051    0.687387  0.000000  1.0
   -0.282051    0.689438  0.000000  1.0
   -0.282051    0.691489  0.000000  1.0
   -0.282051    0.693540  0.000000  1.0
   -0.282051    0.695592  0.000000  1.0
   -0.282051    0.697643  0.000000  1.0
   -0.282051    0.699694  0.000000  1.0
   -0.280000    0.619694  0.000000  1.0
   -0.280000    0.621745  0.000000  1.0
   -0.280000    0.623797  0.000000  1.0
   -0.280000    0.625848  0.000000  1.0
   -0.280000    0.627899  0.000000  1.0
   -0.280000    0.629951  0.000000  1.0
   -0.280000    0.632002  0.000000  1.0
   -0.280000    0.634053  0.000000  1.0
   -0.280000    0.636104  0.000000  1.0
   -0.280000    0.638156  0.000000  1.0
   -0.280000    0.640207  0.000000  1.0
   -0.280000    0.642258  0.000000  1.0
   -0.280000    0.644310  0.000000  1.0
   -0.280000    0.646361  0.000000  1.0
   -0.280000    0.648412  0.000000  1.0
   -0.280000    0.650463  0.000000  1.0
   -0.280000    0.652515  0.000000  1.0
   -0.280000    0.654566  0.000000  1.0
   -0.280000    0.656617  0.000000  1.0
   -0.280000    0.658669  0.000000  1.0
   -0.280000    0.660720  0.000000  1.0
   -0.280000    0.662771  0.000000  1.0
   -0.280000    0.664822  0.000000  1.0
   -0.280000    0.666874  0.000000  1.0
   -0.280000    0.668925  0.000000  1.0
   -0.280000    0.670976  0.000000  1.0
   -0.280000    0.673028  0.000000  1.0
   -0.280000    0.675079  0.000000  1.0
   -0.280000    0.677130  0.000000  1.0
   -0.280000    0.679181  0.000000  1.0
   -0.280000    0.681233  0.000000  1.0
   -0.280000    0.683284  0.000000  1.0
   -0.280000    0.685335  0.000000  1.0
   -0.280000    0.687387  0.000000  1.0
   -0.280000    0.689438  0.000000  1.0
   -0.280000    0.691489  0.000000  1.0
   -0.280000    0.693540  0.000000  1.0
   -0.280000    0.695592  0.000000  1.0
   -0.280000    0.697643  0.000000  1.0
   -0.280000    0.699694  0.000000  1.0
   -0.277949    0.619694  0.000000  1.0
   -0.277949    0.621745  0.000000  1.0
   -0.277949    0.623797  0.000000  1.0
   -0.277949    0.625848  0.000000  1.0
   -0.277949    0.627899  0.000000  1.0
   -0.277949    0.629951  0.000000  1.0
   -0.277949    0.632002  0.000000  1.0
   -0.277949    0.634053  0.000000  1.0
   -0.277949    0.636104  0.000000  1.0
   -0.277949    0.638156  0.000000  1.0
   -0.277949    0.640207  0.000000  1.0
   -0.277949    0.642258  0.000000  1.0
   -0.277949    0.644310  0.000000  1.0
   -0.277949    0.646361  0.000000  1.0
   -0.277949    0.648412  0.000000  1.0
   -0.277949    0.650463  0.000000  1.0
   -0.277949    0.652515  0.000000  1.0
   -0.277949    0.654566  0.000000  1.0
   -0.277949    0.656617  0.000000  1.0
   -0.277949    0.658669  0.000000  1.0
   -0.277949    0.660720  0.000000  1.0
   -0.277949    0.662771  0.000000  1.0
   -0.277949    0.664822  0.000000  1.0
   -0.277949    0.666874  0.000000  1.0
   -0.277949    0.668925  0.000000  1.0
   -0.277949    0.670976  0.000000  1.0
   -0.277949    0.673028  0.000000  1.0
   -0.277949    0.675079  0.000000  1.0
   -0.277949    0.677130  0.000000  1.0
   -0.277949    0.679181  0.000000  1.0
   -0.277949    0.681233  0.000000  1.0
   -0.277949    0.683284  0.000000  1.0
   -0.277949    0.685335  0.000000  1.0
   -0.277949    0.687387  0.000000  1.0
   -0.277949    0.689438  0.000000  1.0
   -0.277949    0.691489  0.000000  1.0
   -0.277949    0.693540  0.000000  1.0
   -0.277949    0.695592  0.000000  1.0
   -0.277949    0.697643  0.000000  1.0
   -0.277949    0.699694  0.000000  1.0
   -0.275897    0.619694  0.000000  1.0
   -0.275897    0.621745  0.000000  1.0
   -0.275897    0.623797  0.000000  1.0
   -0.275897    0.625848  0.000000  1.0
   -0.275897    0.627899  0.000000  1.0
   -0.275897    0.629951  0.000000  1.0
   -0.275897    0.632002  0.000000  1.0
   -0.275897    0.634053  0.000000  1.0
   -0.275897    0.636104  0.000000  1.0
   -0.275897    0.638156  0.000000  1.0
   -0.275897    0.640207  0.000000  1.0
   -0.275897    0.642258  0.000000  1.0
   -0.275897    0.644310  0.000000  1.0
   -0.275897    0.646361  0.000000  1.0
   -0.275897    0.648412  0.000000  1.0
   -0.275897    0.650463  0.000000  1.0
   -0.275897    0.652515  0.000000  1.0
   -0.275897    0.654566  0.000000  1.0
   -0.275897    0.656617  0.000000  1.0
   -0.275897    0.658669  0.000000  1.0
   -0.275897    0.660720  0.000000  1.0
   -0.275897    0.662771  0.000000  1.0
   -0.275897    0.664822  0.000000  1.0
   -0.275897    0.666874  0.000000  1.0
   -0.275897    0.668925  0.000000  1.0
   -0.275897    0.670976  0.000000  1.0
   -0.275897    0.673028  0.000000  1.0
   -0.275897    0.675079  0.000000  1.0
   -0.275897    0.677130  0.000000  1.0
   -0.275897    0.679181  0.000000  1.0
   -0.275897    0.681233  0.000000  1.0
   -0.275897    0.683284  0.000000  1.0
   -0.275897    0.685335  0.000000  1.0
   -0.275897    0.687387  0.000000  1.0
   -0.275897    0.689438  0.000000  1.0
   -0.275897    0.691489  0.000000  1.0
   -0.275897    0.693540  0.000000  1.0
   -0.275897    0.695592  0.000000  1.0
   -0.275897    0.697643  0.000000  1.0
   -0.275897    0.699694  0.000000  1.0
   -0.273846    0.619694  0.000000  1.0
   -0.273846    0.621745  0.000000  1.0
   -0.273846    0.623797  0.000000  1.0
   -0.273846    0.625848  0.000000  1.0
   -0.273846    0.627899  0.000000  1.0
   -0.273846    0.629951  0.000000  1.0
   -0.273846    0.632002  0.000000  1.0
   -0.273846    0.634053  0.000000  1.0
   -0.273846    0.636104  0.000000  1.0
   -0.273846    0.638156  0.000000  1.0
   -0.273846    0.640207  0.000000  1.0
   -0.273846    0.642258  0.000000  1.0
   -0.273846    0.644310  0.000000  1.0
   -0.273846    0.646361  0.000000  1.0
   -0.273846    0.648412  0.000000  1.0
   -0.273846    0.650463  0.000000  1.0
   -0.273846    0.652515  0.000000  1.0
   -0.273846    0.654566  0.000000  1.0
   -0.273846    0.656617  0.000000  1.0
   -0.273846    0.658669  0.000000  1.0
   -0.273846    0.660720  0.000000  1.0
   -0.273846    0.662771  0.000000  1.0
   -0.273846    0.664822  0.000000  1.0
   -0.273846    0.666874  0.000000  1.0
   -0.273846    0.668925  0.000000  1.0
   -0.273846    0.670976  0.000000  1.0
   -0.273846    0.673028  0.000000  1.0
   -0.273846    0.675079  0.000000  1.0
   -0.273846    0.677130  0.000000  1.0
   -0.273846    0.679181  0.000000  1.0
   -0.273846    0.681233  0.000000  1.0
   -0.273846    0.683284  0.000000  1.0
   -0.273846    0.685335  0.000000  1.0
   -0.273846    0.687387  0.000000  1.0
   -0.273846    0.689438  0.000000  1.0
   -0.273846    0.691489  0.000000  1.0
   -0.273846    0.693540  0.000000  1.0
   -0.273846    0.695592  0.000000  1.0
   -0.273846    0.697643  0.000000  1.0
   -0.273846    0.699694  0.000000  1.0
   -0.271795    0.619694  0.000000  1.0
   -0.271795    0.621745  0.000000  1.0
   -0.271795    0.623797  0.000000  1.0
   -0.271795    0.625848  0.000000  1.0
   -0.271795    0.627899  0.000000  1.0
   -0.271795    0.629951  0.000000  1.0
   -0.271795    0.632002  0.000000  1.0
   -0.271795    0.634053  0.000000  1.0
   -0.271795    0.636104  0.000000  1.0
   -0.271795    0.638156  0.000000  1.0
   -0.271795    0.640207  0.000000  1.0
   -0.271795    0.642258  0.000000  1.0
   -0.271795    0.644310  0.000000  1.0
   -0.271795    0.646361  0.000000  1.0
   -0.271795    0.648412  0.000000  1.0
   -0.271795    0.650463  0.000000  1.0
   -0.271795    0.652515  0.000000  1.0
   -0.271795    0.654566  0.000000  1.0
   -0.271795    0.656617  0.000000  1.0
   -0.271795    0.658669  0.000000  1.0
   -0.271795    0.660720  0.000000  1.0
   -0.271795    0.662771  0.000000  1.0
   -0.271795    0.664822  0.000000  1.0
   -0.271795    0.666874  0.000000  1.0
   -0.271795    0.668925  0.000000  1.0
   -0.271795    0.670976  0.000000  1.0
   -0.271795    0.673028  0.000000  1.0
   -0.271795    0.675079  0.000000  1.0
   -0.271795    0.677130  0.000000  1.0
   -0.271795    0.679181  0.000000  1.0
   -0.271795    0.681233  0.000000  1.0
   -0.271795    0.683284  0.000000  1.0
   -0.271795    0.685335  0.000000  1.0
   -0.271795    0.687387  0.000000  1.0
   -0.271795    0.689438  0.000000  1.0
   -0.271795    0.691489  0.000000  1.0
   -0.271795    0.693540  0.000000  1.0
   -0.271795    0.695592  0.000000  1.0
   -0.271795    0.697643  0.000000  1.0
   -0.271795    0.699694  0.000000  1.0
   -0.269744    0.619694  0.000000  1.0
   -0.269744    0.621745  0.000000  1.0
   -0.269744    0.623797  0.000000  1.0
   -0.269744    0.625848  0.000000  1.0
   -0.269744    0.627899  0.000000  1.0
   -0.269744    0.629951  0.000000  1.0
   -0.269744    0.632002  0.000000  1.0
   -0.269744    0.634053  0.000000  1.0
   -0.269744    0.636104  0.000000  1.0
   -0.269744    0.638156  0.000000  1.0
   -0.269744    0.640207  0.000000  1.0
   -0.269744    0.642258  0.000000  1.0
   -0.269744    0.644310  0.000000  1.0
   -0.269744    0.646361  0.000000  1.0
   -0.269744    0.648412  0.000000  1.0
   -0.269744    0.650463  0.000000  1.0
   -0.269744    0.652515  0.000000  1.0
   -0.269744    0.654566  0.000000  1.0
   -0.269744    0.656617  0.000000  1.0
   -0.269744    0.658669  0.000000  1.0
   -0.269744    0.660720  0.000000  1.0
   -0.269744    0.662771  0.000000  1.0
   -0.269744    0.664822  0.000000  1.0
   -0.269744    0.666874  0.000000  1.0
   -0.269744    0.668925  0.000000  1.0
   -0.269744    0.670976  0.000000  1.0
   -0.269744    0.673028  0.000000  1.0
   -0.269744    0.675079  0.000000  1.0
   -0.269744    0.677130  0.000000  1.0
   -0.269744    0.679181  0.000000  1.0
   -0.269744    0.681233  0.000000  1.0
   -0.269744    0.683284  0.000000  1.0
   -0.269744    0.685335  0.000000  1.0
   -0.269744    0.687387  0.000000  1.0
   -0.269744    0.689438  0.000000  1.0
   -0.269744    0.691489  0.000000  1.0
   -0.269744    0.693540  0.000000  1.0
   -0.269744    0.695592  0.000000  1.0
   -0.269744    0.697643  0.000000  1.0
   -0.269744    0.699694  0.000000  1.0
   -0.267692    0.619694  0.000000  1.0
   -0.267692    0.621745  0.000000  1.0
   -0.267692    0.623797  0.000000  1.0
   -0.267692    0.625848  0.000000  1.0
   -0.267692    0.627899  0.000000  1.0
   -0.267692    0.629951  0.000000  1.0
   -0.267692    0.632002  0.000000  1.0
   -0.267692    0.634053  0.000000  1.0
   -0.267692    0.636104  0.000000  1.0
   -0.267692    0.638156  0.000000  1.0
   -0.267692    0.640207  0.000000  1.0
   -0.267692    0.642258  0.000000  1.0
   -0.267692    0.644310  0.000000  1.0
   -0.267692    0.646361  0.000000  1.0
   -0.267692    0.648412  0.000000  1.0
   -0.267692    0.650463  0.000000  1.0
   -0.267692    0.652515  0.000000  1.0
   -0.267692    0.654566  0.000000  1.0
   -0.267692    0.656617  0.000000  1.0
   -0.267692    0.658669  0.000000  1.0
   -0.267692    0.660720  0.000000  1.0
   -0.267692    0.662771  0.000000  1.0
   -0.267692    0.664822  0.000000  1.0
   -0.267692    0.666874  0.000000  1.0
   -0.267692    0.668925  0.000000  1.0
   -0.267692    0.670976  0.000000  1.0
   -0.267692    0.673028  0.000000  1.0
   -0.267692    0.675079  0.000000  1.0
   -0.267692    0.677130  0.000000  1.0
   -0.267692    0.679181  0.000000  1.0
   -0.267692    0.681233  0.000000  1.0
   -0.267692    0.683284  0.000000  1.0
   -0.267692    0.685335  0.000000  1.0
   -0.267692    0.687387  0.000000  1.0
   -0.267692    0.689438  0.000000  1.0
   -0.267692    0.691489  0.000000  1.0
   -0.267692    0.693540  0.000000  1.0
   -0.267692    0.695592  0.000000  1.0
   -0.267692    0.697643  0.000000  1.0
   -0.267692    0.699694  0.000000  1.0
   -0.265641    0.619694  0.000000  1.0
   -0.265641    0.621745  0.000000  1.0
   -0.265641    0.623797  0.000000  1.0
   -0.265641    0.625848  0.000000  1.0
   -0.265641    0.627899  0.000000  1.0
   -0.265641    0.629951  0.000000  1.0
   -0.265641    0.632002  0.000000  1.0
   -0.265641    0.634053  0.000000  1.0
   -0.265641    0.636104  0.000000  1.0
   -0.265641    0.638156  0.000000  1.0
   -0.265641    0.640207  0.000000  1.0
   -0.265641    0.642258  0.000000  1.0
   -0.265641    0.644310  0.000000  1.0
   -0.265641    0.646361  0.000000  1.0
   -0.265641    0.648412  0.000000  1.0
   -0.265641    0.650463  0.000000  1.0
   -0.265641    0.652515  0.000000  1.0
   -0.265641    0.654566  0.000000  1.0
   -0.265641    0.656617  0.000000  1.0
   -0.265641    0.658669  0.000000  1.0
   -0.265641    0.660720  0.000000  1.0
   -0.265641    0.662771  0.000000  1.0
   -0.265641    0.664822  0.000000  1.0
   -0.265641    0.666874  0.000000  1.0
   -0.265641    0.668925  0.000000  1.0
   -0.265641    0.670976  0.000000  1.0
   -0.265641    0.673028  0.000000  1.0
   -0.265641    0.675079  0.000000  1.0
   -0.265641    0.677130  0.000000  1.0
   -0.265641    0.679181  0.000000  1.0
   -0.265641    0.681233  0.000000  1.0
   -0.265641    0.683284  0.000000  1.0
   -0.265641    0.685335  0.000000  1.0
   -0.265641    0.687387  0.000000  1.0
   -0.265641    0.689438  0.000000  1.0
   -0.265641    0.691489  0.000000  1.0
   -0.265641    0.693540  0.000000  1.0
   -0.265641    0.695592  0.000000  1.0
   -0.265641    0.697643  0.000000  1.0
   -0.265641    0.699694  0.000000  1.0
   -0.263590    0.619694  0.000000  1.0
   -0.263590    0.621745  0.000000  1.0
   -0.263590    0.623797  0.000000  1.0
   -0.263590    0.625848  0.000000  1.0
   -0.263590    0.627899  0.000000  1.0
   -0.263590    0.629951  0.000000  1.0
   -0.263590    0.632002  0.000000  1.0
   -0.263590    0.634053  0.000000  1.0
   -0.263590    0.636104  0.000000  1.0
   -0.263590    0.638156  0.000000  1.0
   -0.263590    0.640207  0.000000  1.0
   -0.263590    0.642258  0.000000  1.0
   -0.263590    0.644310  0.000000  1.0
   -0.263590    0.646361  0.000000  1.0
   -0.263590    0.648412  0.000000  1.0
   -0.263590    0.650463  0.000000  1.0
   -0.263590    0.652515  0.000000  1.0
   -0.263590    0.654566  0.000000  1.0
   -0.263590    0.656617  0.000000  1.0
   -0.263590    0.658669  0.000000  1.0
   -0.263590    0.660720  0.000000  1.0
   -0.263590    0.662771  0.000000  1.0
   -0.263590    0.664822  0.000000  1.0
   -0.263590    0.666874  0.000000  1.0
   -0.263590    0.668925  0.000000  1.0
   -0.263590    0.670976  0.000000  1.0
   -0.263590    0.673028  0.000000  1.0
   -0.263590    0.675079  0.000000  1.0
   -0.263590    0.677130  0.000000  1.0
   -0.263590    0.679181  0.000000  1.0
   -0.263590    0.681233  0.000000  1.0
   -0.263590    0.683284  0.000000  1.0
   -0.263590    0.685335  0.000000  1.0
   -0.263590    0.687387  0.000000  1.0
   -0.263590    0.689438  0.000000  1.0
   -0.263590    0.691489  0.000000  1.0
   -0.263590    0.693540  0.000000  1.0
   -0.263590    0.695592  0.000000  1.0
   -0.263590    0.697643  0.000000  1.0
   -0.263590    0.699694  0.000000  1.0
   -0.261538    0.619694  0.000000  1.0
   -0.261538    0.621745  0.000000  1.0
   -0.261538    0.623797  0.000000  1.0
   -0.261538    0.625848  0.000000  1.0
   -0.261538    0.627899  0.000000  1.0
   -0.261538    0.629951  0.000000  1.0
   -0.261538    0.632002  0.000000  1.0
   -0.261538    0.634053  0.000000  1.0
   -0.261538    0.636104  0.000000  1.0
   -0.261538    0.638156  0.000000  1.0
   -0.261538    0.640207  0.000000  1.0
   -0.261538    0.642258  0.000000  1.0
   -0.261538    0.644310  0.000000  1.0
   -0.261538    0.646361  0.000000  1.0
   -0.261538    0.648412  0.000000  1.0
   -0.261538    0.650463  0.000000  1.0
   -0.261538    0.652515  0.000000  1.0
   -0.261538    0.654566  0.000000  1.0
   -0.261538    0.656617  0.000000  1.0
   -0.261538    0.658669  0.000000  1.0
   -0.261538    0.660720  0.000000  1.0
   -0.261538    0.662771  0.000000  1.0
   -0.261538    0.664822  0.000000  1.0
   -0.261538    0.666874  0.000000  1.0
   -0.261538    0.668925  0.000000  1.0
   -0.261538    0.670976  0.000000  1.0
   -0.261538    0.673028  0.000000  1.0
   -0.261538    0.675079  0.000000  1.0
   -0.261538    0.677130  0.000000  1.0
   -0.261538    0.679181  0.000000  1.0
   -0.261538    0.681233  0.000000  1.0
   -0.261538    0.683284  0.000000  1.0
   -0.261538    0.685335  0.000000  1.0
   -0.261538    0.687387  0.000000  1.0
   -0.261538    0.689438  0.000000  1.0
   -0.261538    0.691489  0.000000  1.0
   -0.261538    0.693540  0.000000  1.0
   -0.261538    0.695592  0.000000  1.0
   -0.261538    0.697643  0.000000  1.0
   -0.261538    0.699694  0.000000  1.0
   -0.259487    0.619694  0.000000  1.0
   -0.259487    0.621745  0.000000  1.0
   -0.259487    0.623797  0.000000  1.0
   -0.259487    0.625848  0.000000  1.0
   -0.259487    0.627899  0.000000  1.0
   -0.259487    0.629951  0.000000  1.0
   -0.259487    0.632002  0.000000  1.0
   -0.259487    0.634053  0.000000  1.0
   -0.259487    0.636104  0.000000  1.0
   -0.259487    0.638156  0.000000  1.0
   -0.259487    0.640207  0.000000  1.0
   -0.259487    0.642258  0.000000  1.0
   -0.259487    0.644310  0.000000  1.0
   -0.259487    0.646361  0.000000  1.0
   -0.259487    0.648412  0.000000  1.0
   -0.259487    0.650463  0.000000  1.0
   -0.259487    0.652515  0.000000  1.0
   -0.259487    0.654566  0.000000  1.0
   -0.259487    0.656617  0.000000  1.0
   -0.259487    0.658669  0.000000  1.0
   -0.259487    0.660720  0.000000  1.0
   -0.259487    0.662771  0.000000  1.0
   -0.259487    0.664822  0.000000  1.0
   -0.259487    0.666874  0.000000  1.0
   -0.259487    0.668925  0.000000  1.0
   -0.259487    0.670976  0.000000  1.0
   -0.259487    0.673028  0.000000  1.0
   -0.259487    0.675079  0.000000  1.0
   -0.259487    0.677130  0.000000  1.0
   -0.259487    0.679181  0.000000  1.0
   -0.259487    0.681233  0.000000  1.0
   -0.259487    0.683284  0.000000  1.0
   -0.259487    0.685335  0.000000  1.0
   -0.259487    0.687387  0.000000  1.0
   -0.259487    0.689438  0.000000  1.0
   -0.259487    0.691489  0.000000  1.0
   -0.259487    0.693540  0.000000  1.0
   -0.259487    0.695592  0.000000  1.0
   -0.259487    0.697643  0.000000  1.0
   -0.259487    0.699694  0.000000  1.0
   -0.257436    0.619694  0.000000  1.0
   -0.257436    0.621745  0.000000  1.0
   -0.257436    0.623797  0.000000  1.0
   -0.257436    0.625848  0.000000  1.0
   -0.257436    0.627899  0.000000  1.0
   -0.257436    0.629951  0.000000  1.0
   -0.257436    0.632002  0.000000  1.0
   -0.257436    0.634053  0.000000  1.0
   -0.257436    0.636104  0.000000  1.0
   -0.257436    0.638156  0.000000  1.0
   -0.257436    0.640207  0.000000  1.0
   -0.257436    0.642258  0.000000  1.0
   -0.257436    0.644310  0.000000  1.0
   -0.257436    0.646361  0.000000  1.0
   -0.257436    0.648412  0.000000  1.0
   -0.257436    0.650463  0.000000  1.0
   -0.257436    0.652515  0.000000  1.0
   -0.257436    0.654566  0.000000  1.0
   -0.257436    0.656617  0.000000  1.0
   -0.257436    0.658669  0.000000  1.0
   -0.257436    0.660720  0.000000  1.0
   -0.257436    0.662771  0.000000  1.0
   -0.257436    0.664822  0.000000  1.0
   -0.257436    0.666874  0.000000  1.0
   -0.257436    0.668925  0.000000  1.0
   -0.257436    0.670976  0.000000  1.0
   -0.257436    0.673028  0.000000  1.0
   -0.257436    0.675079  0.000000  1.0
   -0.257436    0.677130  0.000000  1.0
   -0.257436    0.679181  0.000000  1.0
   -0.257436    0.681233  0.000000  1.0
   -0.257436    0.683284  0.000000  1.0
   -0.257436    0.685335  0.000000  1.0
   -0.257436    0.687387  0.000000  1.0
   -0.257436    0.689438  0.000000  1.0
   -0.257436    0.691489  0.000000  1.0
   -0.257436    0.693540  0.000000  1.0
   -0.257436    0.695592  0.000000  1.0
   -0.257436    0.697643  0.000000  1.0
   -0.257436    0.699694  0.000000  1.0
   -0.255385    0.619694  0.000000  1.0
   -0.255385    0.621745  0.000000  1.0
   -0.255385    0.623797  0.000000  1.0
   -0.255385    0.625848  0.000000  1.0
   -0.255385    0.627899  0.000000  1.0
   -0.255385    0.629951  0.000000  1.0
   -0.255385    0.632002  0.000000  1.0
   -0.255385    0.634053  0.000000  1.0
   -0.255385    0.636104  0.000000  1.0
   -0.255385    0.638156  0.000000  1.0
   -0.255385    0.640207  0.000000  1.0
   -0.255385    0.642258  0.000000  1.0
   -0.255385    0.644310  0.000000  1.0
   -0.255385    0.646361  0.000000  1.0
   -0.255385    0.648412  0.000000  1.0
   -0.255385    0.650463  0.000000  1.0
   -0.255385    0.652515  0.000000  1.0
   -0.255385    0.654566  0.000000  1.0
   -0.255385    0.656617  0.000000  1.0
   -0.255385    0.658669  0.000000  1.0
   -0.255385    0.660720  0.000000  1.0
   -0.255385    0.662771  0.000000  1.0
   -0.255385    0.664822  0.000000  1.0
   -0.255385    0.666874  0.000000  1.0
   -0.255385    0.668925  0.000000  1.0
   -0.255385    0.670976  0.000000  1.0
   -0.255385    0.673028  0.000000  1.0
   -0.255385    0.675079  0.000000  1.0
   -0.255385    0.677130  0.000000  1.0
   -0.255385    0.679181  0.000000  1.0
   -0.255385    0.681233  0.000000  1.0
   -0.255385    0.683284  0.000000  1.0
   -0.255385    0.685335  0.000000  1.0
   -0.255385    0.687387  0.000000  1.0
   -0.255385    0.689438  0.000000  1.0
   -0.255385    0.691489  0.000000  1.0
   -0.255385    0.693540  0.000000  1.0
   -0.255385    0.695592  0.000000  1.0
   -0.255385    0.697643  0.000000  1.0
   -0.255385    0.699694  0.000000  1.0
   -0.253333    0.619694  0.000000  1.0
   -0.253333    0.621745  0.000000  1.0
   -0.253333    0.623797  0.000000  1.0
   -0.253333    0.625848  0.000000  1.0
   -0.253333    0.627899  0.000000  1.0
   -0.253333    0.629951  0.000000  1.0
   -0.253333    0.632002  0.000000  1.0
   -0.253333    0.634053  0.000000  1.0
   -0.253333    0.636104  0.000000  1.0
   -0.253333    0.638156  0.000000  1.0
   -0.253333    0.640207  0.000000  1.0
   -0.253333    0.642258  0.000000  1.0
   -0.253333    0.644310  0.000000  1.0
   -0.253333    0.646361  0.000000  1.0
   -0.253333    0.648412  0.000000  1.0
   -0.253333    0.650463  0.000000  1.0
   -0.253333    0.652515  0.000000  1.0
   -0.253333    0.654566  0.000000  1.0
   -0.253333    0.656617  0.000000  1.0
   -0.253333    0.658669  0.000000  1.0
   -0.253333    0.660720  0.000000  1.0
   -0.253333    0.662771  0.000000  1.0
   -0.253333    0.664822  0.000000  1.0
   -0.253333    0.666874  0.000000  1.0
   -0.253333    0.668925  0.000000  1.0
   -0.253333    0.670976  0.000000  1.0
   -0.253333    0.673028  0.000000  1.0
   -0.253333    0.675079  0.000000  1.0
   -0.253333    0.677130  0.000000  1.0
   -0.253333    0.679181  0.000000  1.0
   -0.253333    0.681233  0.000000  1.0
   -0.253333    0.683284  0.000000  1.0
   -0.253333    0.685335  0.000000  1.0
   -0.253333    0.687387  0.000000  1.0
   -0.253333    0.689438  0.000000  1.0
   -0.253333    0.691489  0.000000  1.0
   -0.253333    0.693540  0.000000  1.0
   -0.253333    0.695592  0.000000  1.0
   -0.253333    0.697643  0.000000  1.0
   -0.253333    0.699694  0.000000  1.0
   -0.251282    0.619694  0.000000  1.0
   -0.251282    0.621745  0.000000  1.0
   -0.251282    0.623797  0.000000  1.0
   -0.251282    0.625848  0.000000  1.0
   -0.251282    0.627899  0.000000  1.0
   -0.251282    0.629951  0.000000  1.0
   -0.251282    0.632002  0.000000  1.0
   -0.251282    0.634053  0.000000  1.0
   -0.251282    0.636104  0.000000  1.0
   -0.251282    0.638156  0.000000  1.0
   -0.251282    0.640207  0.000000  1.0
   -0.251282    0.642258  0.000000  1.0
   -0.251282    0.644310  0.000000  1.0
   -0.251282    0.646361  0.000000  1.0
   -0.251282    0.648412  0.000000  1.0
   -0.251282    0.650463  0.000000  1.0
   -0.251282    0.652515  0.000000  1.0
   -0.251282    0.654566  0.000000  1.0
   -0.251282    0.656617  0.000000  1.0
   -0.251282    0.658669  0.000000  1.0
   -0.251282    0.660720  0.000000  1.0
   -0.251282    0.662771  0.000000  1.0
   -0.251282    0.664822  0.000000  1.0
   -0.251282    0.666874  0.000000  1.0
   -0.251282    0.668925  0.000000  1.0
   -0.251282    0.670976  0.000000  1.0
   -0.251282    0.673028  0.000000  1.0
   -0.251282    0.675079  0.000000  1.0
   -0.251282    0.677130  0.000000  1.0
   -0.251282    0.679181  0.000000  1.0
   -0.251282    0.681233  0.000000  1.0
   -0.251282    0.683284  0.000000  1.0
   -0.251282    0.685335  0.000000  1.0
   -0.251282    0.687387  0.000000  1.0
   -0.251282    0.689438  0.000000  1.0
   -0.251282    0.691489  0.000000  1.0
   -0.251282    0.693540  0.000000  1.0
   -0.251282    0.695592  0.000000  1.0
   -0.251282    0.697643  0.000000  1.0
   -0.251282    0.699694  0.000000  1.0
   -0.249231    0.619694  0.000000  1.0
   -0.249231    0.621745  0.000000  1.0
   -0.249231    0.623797  0.000000  1.0
   -0.249231    0.625848  0.000000  1.0
   -0.249231    0.627899  0.000000  1.0
   -0.249231    0.629951  0.000000  1.0
   -0.249231    0.632002  0.000000  1.0
   -0.249231    0.634053  0.000000  1.0
   -0.249231    0.636104  0.000000  1.0
   -0.249231    0.638156  0.000000  1.0
   -0.249231    0.640207  0.000000  1.0
   -0.249231    0.642258  0.000000  1.0
   -0.249231    0.644310  0.000000  1.0
   -0.249231    0.646361  0.000000  1.0
   -0.249231    0.648412  0.000000  1.0
   -0.249231    0.650463  0.000000  1.0
   -0.249231    0.652515  0.000000  1.0
   -0.249231    0.654566  0.000000  1.0
   -0.249231    0.656617  0.000000  1.0
   -0.249231    0.658669  0.000000  1.0
   -0.249231    0.660720  0.000000  1.0
   -0.249231    0.662771  0.000000  1.0
   -0.249231    0.664822  0.000000  1.0
   -0.249231    0.666874  0.000000  1.0
   -0.249231    0.668925  0.000000  1.0
   -0.249231    0.670976  0.000000  1.0
   -0.249231    0.673028  0.000000  1.0
   -0.249231    0.675079  0.000000  1.0
   -0.249231    0.677130  0.000000  1.0
   -0.249231    0.679181  0.000000  1.0
   -0.249231    0.681233  0.000000  1.0
   -0.249231    0.683284  0.000000  1.0
   -0.249231    0.685335  0.000000  1.0
   -0.249231    0.687387  0.000000  1.0
   -0.249231    0.689438  0.000000  1.0
   -0.249231    0.691489  0.000000  1.0
   -0.249231    0.693540  0.000000  1.0
   -0.249231    0.695592  0.000000  1.0
   -0.249231    0.697643  0.000000  1.0
   -0.249231    0.699694  0.000000  1.0
   -0.247179    0.619694  0.000000  1.0
   -0.247179    0.621745  0.000000  1.0
   -0.247179    0.623797  0.000000  1.0
   -0.247179    0.625848  0.000000  1.0
   -0.247179    0.627899  0.000000  1.0
   -0.247179    0.629951  0.000000  1.0
   -0.247179    0.632002  0.000000  1.0
   -0.247179    0.634053  0.000000  1.0
   -0.247179    0.636104  0.000000  1.0
   -0.247179    0.638156  0.000000  1.0
   -0.247179    0.640207  0.000000  1.0
   -0.247179    0.642258  0.000000  1.0
   -0.247179    0.644310  0.000000  1.0
   -0.247179    0.646361  0.000000  1.0
   -0.247179    0.648412  0.000000  1.0
   -0.247179    0.650463  0.000000  1.0
   -0.247179    0.652515  0.000000  1.0
   -0.247179    0.654566  0.000000  1.0
   -0.247179    0.656617  0.000000  1.0
   -0.247179    0.658669  0.000000  1.0
   -0.247179    0.660720  0.000000  1.0
   -0.247179    0.662771  0.000000  1.0
   -0.247179    0.664822  0.000000  1.0
   -0.247179    0.666874  0.000000  1.0
   -0.247179    0.668925  0.000000  1.0
   -0.247179    0.670976  0.000000  1.0
   -0.247179    0.673028  0.000000  1.0
   -0.247179    0.675079  0.000000  1.0
   -0.247179    0.677130  0.000000  1.0
   -0.247179    0.679181  0.000000  1.0
   -0.247179    0.681233  0.000000  1.0
   -0.247179    0.683284  0.000000  1.0
   -0.247179    0.685335  0.000000  1.0
   -0.247179    0.687387  0.000000  1.0
   -0.247179    0.689438  0.000000  1.0
   -0.247179    0.691489  0.000000  1.0
   -0.247179    0.693540  0.000000  1.0
   -0.247179    0.695592  0.000000  1.0
   -0.247179    0.697643  0.000000  1.0
   -0.247179    0.699694  0.000000  1.0
   -0.245128    0.619694  0.000000  1.0
   -0.245128    0.621745  0.000000  1.0
   -0.245128    0.623797  0.000000  1.0
   -0.245128    0.625848  0.000000  1.0
   -0.245128    0.627899  0.000000  1.0
   -0.245128    0.629951  0.000000  1.0
   -0.245128    0.632002  0.000000  1.0
   -0.245128    0.634053  0.000000  1.0
   -0.245128    0.636104  0.000000  1.0
   -0.245128    0.638156  0.000000  1.0
   -0.245128    0.640207  0.000000  1.0
   -0.245128    0.642258  0.000000  1.0
   -0.245128    0.644310  0.000000  1.0
   -0.245128    0.646361  0.000000  1.0
   -0.245128    0.648412  0.000000  1.0
   -0.245128    0.650463  0.000000  1.0
   -0.245128    0.652515  0.000000  1.0
   -0.245128    0.654566  0.000000  1.0
   -0.245128    0.656617  0.000000  1.0
   -0.245128    0.658669  0.000000  1.0
   -0.245128    0.660720  0.000000  1.0
   -0.245128    0.662771  0.000000  1.0
   -0.245128    0.664822  0.000000  1.0
   -0.245128    0.666874  0.000000  1.0
   -0.245128    0.668925  0.000000  1.0
   -0.245128    0.670976  0.000000  1.0
   -0.245128    0.673028  0.000000  1.0
   -0.245128    0.675079  0.000000  1.0
   -0.245128    0.677130  0.000000  1.0
   -0.245128    0.679181  0.000000  1.0
   -0.245128    0.681233  0.000000  1.0
   -0.245128    0.683284  0.000000  1.0
   -0.245128    0.685335  0.000000  1.0
   -0.245128    0.687387  0.000000  1.0
   -0.245128    0.689438  0.000000  1.0
   -0.245128    0.691489  0.000000  1.0
   -0.245128    0.693540  0.000000  1.0
   -0.245128    0.695592  0.000000  1.0
   -0.245128    0.697643  0.000000  1.0
   -0.245128    0.699694  0.000000  1.0
   -0.243077    0.619694  0.000000  1.0
   -0.243077    0.621745  0.000000  1.0
   -0.243077    0.623797  0.000000  1.0
   -0.243077    0.625848  0.000000  1.0
   -0.243077    0.627899  0.000000  1.0
   -0.243077    0.629951  0.000000  1.0
   -0.243077    0.632002  0.000000  1.0
   -0.243077    0.634053  0.000000  1.0
   -0.243077    0.636104  0.000000  1.0
   -0.243077    0.638156  0.000000  1.0
   -0.243077    0.640207  0.000000  1.0
   -0.243077    0.642258  0.000000  1.0
   -0.243077    0.644310  0.000000  1.0
   -0.243077    0.646361  0.000000  1.0
   -0.243077    0.648412  0.000000  1.0
   -0.243077    0.650463  0.000000  1.0
   -0.243077    0.652515  0.000000  1.0
   -0.243077    0.654566  0.000000  1.0
   -0.243077    0.656617  0.000000  1.0
   -0.243077    0.658669  0.000000  1.0
   -0.243077    0.660720  0.000000  1.0
   -0.243077    0.662771  0.000000  1.0
   -0.243077    0.664822  0.000000  1.0
   -0.243077    0.666874  0.000000  1.0
   -0.243077    0.668925  0.000000  1.0
   -0.243077    0.670976  0.000000  1.0
   -0.243077    0.673028  0.000000  1.0
   -0.243077    0.675079  0.000000  1.0
   -0.243077    0.677130  0.000000  1.0
   -0.243077    0.679181  0.000000  1.0
   -0.243077    0.681233  0.000000  1.0
   -0.243077    0.683284  0.000000  1.0
   -0.243077    0.685335  0.000000  1.0
   -0.243077    0.687387  0.000000  1.0
   -0.243077    0.689438  0.000000  1.0
   -0.243077    0.691489  0.000000  1.0
   -0.243077    0.693540  0.000000  1.0
   -0.243077    0.695592  0.000000  1.0
   -0.243077    0.697643  0.000000  1.0
   -0.243077    0.699694  0.000000  1.0
   -0.241026    0.619694  0.000000  1.0
   -0.241026    0.621745  0.000000  1.0
   -0.241026    0.623797  0.000000  1.0
   -0.241026    0.625848  0.000000  1.0
   -0.241026    0.627899  0.000000  1.0
   -0.241026    0.629951  0.000000  1.0
   -0.241026    0.632002  0.000000  1.0
   -0.241026    0.634053  0.000000  1.0
   -0.241026    0.636104  0.000000  1.0
   -0.241026    0.638156  0.000000  1.0
   -0.241026    0.640207  0.000000  1.0
   -0.241026    0.642258  0.000000  1.0
   -0.241026    0.644310  0.000000  1.0
   -0.241026    0.646361  0.000000  1.0
   -0.241026    0.648412  0.000000  1.0
   -0.241026    0.650463  0.000000  1.0
   -0.241026    0.652515  0.000000  1.0
   -0.241026    0.654566  0.000000  1.0
   -0.241026    0.656617  0.000000  1.0
   -0.241026    0.658669  0.000000  1.0
   -0.241026    0.660720  0.000000  1.0
   -0.241026    0.662771  0.000000  1.0
   -0.241026    0.664822  0.000000  1.0
   -0.241026    0.666874  0.000000  1.0
   -0.241026    0.668925  0.000000  1.0
   -0.241026    0.670976  0.000000  1.0
   -0.241026    0.673028  0.000000  1.0
   -0.241026    0.675079  0.000000  1.0
   -0.241026    0.677130  0.000000  1.0
   -0.241026    0.679181  0.000000  1.0
   -0.241026    0.681233  0.000000  1.0
   -0.241026    0.683284  0.000000  1.0
   -0.241026    0.685335  0.000000  1.0
   -0.241026    0.687387  0.000000  1.0
   -0.241026    0.689438  0.000000  1.0
   -0.241026    0.691489  0.000000  1.0
   -0.241026    0.693540  0.000000  1.0
   -0.241026    0.695592  0.000000  1.0
   -0.241026    0.697643  0.000000  1.0
   -0.241026    0.699694  0.000000  1.0
   -0.238974    0.619694  0.000000  1.0
   -0.238974    0.621745  0.000000  1.0
   -0.238974    0.623797  0.000000  1.0
   -0.238974    0.625848  0.000000  1.0
   -0.238974    0.627899  0.000000  1.0
   -0.238974    0.629951  0.000000  1.0
   -0.238974    0.632002  0.000000  1.0
   -0.238974    0.634053  0.000000  1.0
   -0.238974    0.636104  0.000000  1.0
   -0.238974    0.638156  0.000000  1.0
   -0.238974    0.640207  0.000000  1.0
   -0.238974    0.642258  0.000000  1.0
   -0.238974    0.644310  0.000000  1.0
   -0.238974    0.646361  0.000000  1.0
   -0.238974    0.648412  0.000000  1.0
   -0.238974    0.650463  0.000000  1.0
   -0.238974    0.652515  0.000000  1.0
   -0.238974    0.654566  0.000000  1.0
   -0.238974    0.656617  0.000000  1.0
   -0.238974    0.658669  0.000000  1.0
   -0.238974    0.660720  0.000000  1.0
   -0.238974    0.662771  0.000000  1.0
   -0.238974    0.664822  0.000000  1.0
   -0.238974    0.666874  0.000000  1.0
   -0.238974    0.668925  0.000000  1.0
   -0.238974    0.670976  0.000000  1.0
   -0.238974    0.673028  0.000000  1.0
   -0.238974    0.675079  0.000000  1.0
   -0.238974    0.677130  0.000000  1.0
   -0.238974    0.679181  0.000000  1.0
   -0.238974    0.681233  0.000000  1.0
   -0.238974    0.683284  0.000000  1.0
   -0.238974    0.685335  0.000000  1.0
   -0.238974    0.687387  0.000000  1.0
   -0.238974    0.689438  0.000000  1.0
   -0.238974    0.691489  0.000000  1.0
   -0.238974    0.693540  0.000000  1.0
   -0.238974    0.695592  0.000000  1.0
   -0.238974    0.697643  0.000000  1.0
   -0.238974    0.699694  0.000000  1.0
   -0.236923    0.619694  0.000000  1.0
   -0.236923    0.621745  0.000000  1.0
   -0.236923    0.623797  0.000000  1.0
   -0.236923    0.625848  0.000000  1.0
   -0.236923    0.627899  0.000000  1.0
   -0.236923    0.629951  0.000000  1.0
   -0.236923    0.632002  0.000000  1.0
   -0.236923    0.634053  0.000000  1.0
   -0.236923    0.636104  0.000000  1.0
   -0.236923    0.638156  0.000000  1.0
   -0.236923    0.640207  0.000000  1.0
   -0.236923    0.642258  0.000000  1.0
   -0.236923    0.644310  0.000000  1.0
   -0.236923    0.646361  0.000000  1.0
   -0.236923    0.648412  0.000000  1.0
   -0.236923    0.650463  0.000000  1.0
   -0.236923    0.652515  0.000000  1.0
   -0.236923    0.654566  0.000000  1.0
   -0.236923    0.656617  0.000000  1.0
   -0.236923    0.658669  0.000000  1.0
   -0.236923    0.660720  0.000000  1.0
   -0.236923    0.662771  0.000000  1.0
   -0.236923    0.664822  0.000000  1.0
   -0.236923    0.666874  0.000000  1.0
   -0.236923    0.668925  0.000000  1.0
   -0.236923    0.670976  0.000000  1.0
   -0.236923    0.673028  0.000000  1.0
   -0.236923    0.675079  0.000000  1.0
   -0.236923    0.677130  0.000000  1.0
   -0.236923    0.679181  0.000000  1.0
   -0.236923    0.681233  0.000000  1.0
   -0.236923    0.683284  0.000000  1.0
   -0.236923    0.685335  0.000000  1.0
   -0.236923    0.687387  0.000000  1.0
   -0.236923    0.689438  0.000000  1.0
   -0.236923    0.691489  0.000000  1.0
   -0.236923    0.693540  0.000000  1.0
   -0.236923    0.695592  0.000000  1.0
   -0.236923    0.697643  0.000000  1.0
   -0.236923    0.699694  0.000000  1.0
   -0.234872    0.619694  0.000000  1.0
   -0.234872    0.621745  0.000000  1.0
   -0.234872    0.623797  0.000000  1.0
   -0.234872    0.625848  0.000000  1.0
   -0.234872    0.627899  0.000000  1.0
   -0.234872    0.629951  0.000000  1.0
   -0.234872    0.632002  0.000000  1.0
   -0.234872    0.634053  0.000000  1.0
   -0.234872    0.636104  0.000000  1.0
   -0.234872    0.638156  0.000000  1.0
   -0.234872    0.640207  0.000000  1.0
   -0.234872    0.642258  0.000000  1.0
   -0.234872    0.644310  0.000000  1.0
   -0.234872    0.646361  0.000000  1.0
   -0.234872    0.648412  0.000000  1.0
   -0.234872    0.650463  0.000000  1.0
   -0.234872    0.652515  0.000000  1.0
   -0.234872    0.654566  0.000000  1.0
   -0.234872    0.656617  0.000000  1.0
   -0.234872    0.658669  0.000000  1.0
   -0.234872    0.660720  0.000000  1.0
   -0.234872    0.662771  0.000000  1.0
   -0.234872    0.664822  0.000000  1.0
   -0.234872    0.666874  0.000000  1.0
   -0.234872    0.668925  0.000000  1.0
   -0.234872    0.670976  0.000000  1.0
   -0.234872    0.673028  0.000000  1.0
   -0.234872    0.675079  0.000000  1.0
   -0.234872    0.677130  0.000000  1.0
   -0.234872    0.679181  0.000000  1.0
   -0.234872    0.681233  0.000000  1.0
   -0.234872    0.683284  0.000000  1.0
   -0.234872    0.685335  0.000000  1.0
   -0.234872    0.687387  0.000000  1.0
   -0.234872    0.689438  0.000000  1.0
   -0.234872    0.691489  0.000000  1.0
   -0.234872    0.693540  0.000000  1.0
   -0.234872    0.695592  0.000000  1.0
   -0.234872    0.697643  0.000000  1.0
   -0.234872    0.699694  0.000000  1.0
   -0.232821    0.619694  0.000000  1.0
   -0.232821    0.621745  0.000000  1.0
   -0.232821    0.623797  0.000000  1.0
   -0.232821    0.625848  0.000000  1.0
   -0.232821    0.627899  0.000000  1.0
   -0.232821    0.629951  0.000000  1.0
   -0.232821    0.632002  0.000000  1.0
   -0.232821    0.634053  0.000000  1.0
   -0.232821    0.636104  0.000000  1.0
   -0.232821    0.638156  0.000000  1.0
   -0.232821    0.640207  0.000000  1.0
   -0.232821    0.642258  0.000000  1.0
   -0.232821    0.644310  0.000000  1.0
   -0.232821    0.646361  0.000000  1.0
   -0.232821    0.648412  0.000000  1.0
   -0.232821    0.650463  0.000000  1.0
   -0.232821    0.652515  0.000000  1.0
   -0.232821    0.654566  0.000000  1.0
   -0.232821    0.656617  0.000000  1.0
   -0.232821    0.658669  0.000000  1.0
   -0.232821    0.660720  0.000000  1.0
   -0.232821    0.662771  0.000000  1.0
   -0.232821    0.664822  0.000000  1.0
   -0.232821    0.666874  0.000000  1.0
   -0.232821    0.668925  0.000000  1.0
   -0.232821    0.670976  0.000000  1.0
   -0.232821    0.673028  0.000000  1.0
   -0.232821    0.675079  0.000000  1.0
   -0.232821    0.677130  0.000000  1.0
   -0.232821    0.679181  0.000000  1.0
   -0.232821    0.681233  0.000000  1.0
   -0.232821    0.683284  0.000000  1.0
   -0.232821    0.685335  0.000000  1.0
   -0.232821    0.687387  0.000000  1.0
   -0.232821    0.689438  0.000000  1.0
   -0.232821    0.691489  0.000000  1.0
   -0.232821    0.693540  0.000000  1.0
   -0.232821    0.695592  0.000000  1.0
   -0.232821    0.697643  0.000000  1.0
   -0.232821    0.699694  0.000000  1.0
   -0.230769    0.619694  0.000000  1.0
   -0.230769    0.621745  0.000000  1.0
   -0.230769    0.623797  0.000000  1.0
   -0.230769    0.625848  0.000000  1.0
   -0.230769    0.627899  0.000000  1.0
   -0.230769    0.629951  0.000000  1.0
   -0.230769    0.632002  0.000000  1.0
   -0.230769    0.634053  0.000000  1.0
   -0.230769    0.636104  0.000000  1.0
   -0.230769    0.638156  0.000000  1.0
   -0.230769    0.640207  0.000000  1.0
   -0.230769    0.642258  0.000000  1.0
   -0.230769    0.644310  0.000000  1.0
   -0.230769    0.646361  0.000000  1.0
   -0.230769    0.648412  0.000000  1.0
   -0.230769    0.650463  0.000000  1.0
   -0.230769    0.652515  0.000000  1.0
   -0.230769    0.654566  0.000000  1.0
   -0.230769    0.656617  0.000000  1.0
   -0.230769    0.658669  0.000000  1.0
   -0.230769    0.660720  0.000000  1.0
   -0.230769    0.662771  0.000000  1.0
   -0.230769    0.664822  0.000000  1.0
   -0.230769    0.666874  0.000000  1.0
   -0.230769    0.668925  0.000000  1.0
   -0.230769    0.670976  0.000000  1.0
   -0.230769    0.673028  0.000000  1.0
   -0.230769    0.675079  0.000000  1.0
   -0.230769    0.677130  0.000000  1.0
   -0.230769    0.679181  0.000000  1.0
   -0.230769    0.681233  0.000000  1.0
   -0.230769    0.683284  0.000000  1.0
   -0.230769    0.685335  0.000000  1.0
   -0.230769    0.687387  0.000000  1.0
   -0.230769    0.689438  0.000000  1.0
   -0.230769    0.691489  0.000000  1.0
   -0.230769    0.693540  0.000000  1.0
   -0.230769    0.695592  0.000000  1.0
   -0.230769    0.697643  0.000000  1.0
   -0.230769    0.699694  0.000000  1.0
   -0.228718    0.619694  0.000000  1.0
   -0.228718    0.621745  0.000000  1.0
   -0.228718    0.623797  0.000000  1.0
   -0.228718    0.625848  0.000000  1.0
   -0.228718    0.627899  0.000000  1.0
   -0.228718    0.629951  0.000000  1.0
   -0.228718    0.632002  0.000000  1.0
   -0.228718    0.634053  0.000000  1.0
   -0.228718    0.636104  0.000000  1.0
   -0.228718    0.638156  0.000000  1.0
   -0.228718    0.640207  0.000000  1.0
   -0.228718    0.642258  0.000000  1.0
   -0.228718    0.644310  0.000000  1.0
   -0.228718    0.646361  0.000000  1.0
   -0.228718    0.648412  0.000000  1.0
   -0.228718    0.650463  0.000000  1.0
   -0.228718    0.652515  0.000000  1.0
   -0.228718    0.654566  0.000000  1.0
   -0.228718    0.656617  0.000000  1.0
   -0.228718    0.658669  0.000000  1.0
   -0.228718    0.660720  0.000000  1.0
   -0.228718    0.662771  0.000000  1.0
   -0.228718    0.664822  0.000000  1.0
   -0.228718    0.666874  0.000000  1.0
   -0.228718    0.668925  0.000000  1.0
   -0.228718    0.670976  0.000000  1.0
   -0.228718    0.673028  0.000000  1.0
   -0.228718    0.675079  0.000000  1.0
   -0.228718    0.677130  0.000000  1.0
   -0.228718    0.679181  0.000000  1.0
   -0.228718    0.681233  0.000000  1.0
   -0.228718    0.683284  0.000000  1.0
   -0.228718    0.685335  0.000000  1.0
   -0.228718    0.687387  0.000000  1.0
   -0.228718    0.689438  0.000000  1.0
   -0.228718    0.691489  0.000000  1.0
   -0.228718    0.693540  0.000000  1.0
   -0.228718    0.695592  0.000000  1.0
   -0.228718    0.697643  0.000000  1.0
   -0.228718    0.699694  0.000000  1.0
   -0.226667    0.619694  0.000000  1.0
   -0.226667    0.621745  0.000000  1.0
   -0.226667    0.623797  0.000000  1.0
   -0.226667    0.625848  0.000000  1.0
   -0.226667    0.627899  0.000000  1.0
   -0.226667    0.629951  0.000000  1.0
   -0.226667    0.632002  0.000000  1.0
   -0.226667    0.634053  0.000000  1.0
   -0.226667    0.636104  0.000000  1.0
   -0.226667    0.638156  0.000000  1.0
   -0.226667    0.640207  0.000000  1.0
   -0.226667    0.642258  0.000000  1.0
   -0.226667    0.644310  0.000000  1.0
   -0.226667    0.646361  0.000000  1.0
   -0.226667    0.648412  0.000000  1.0
   -0.226667    0.650463  0.000000  1.0
   -0.226667    0.652515  0.000000  1.0
   -0.226667    0.654566  0.000000  1.0
   -0.226667    0.656617  0.000000  1.0
   -0.226667    0.658669  0.000000  1.0
   -0.226667    0.660720  0.000000  1.0
   -0.226667    0.662771  0.000000  1.0
   -0.226667    0.664822  0.000000  1.0
   -0.226667    0.666874  0.000000  1.0
   -0.226667    0.668925  0.000000  1.0
   -0.226667    0.670976  0.000000  1.0
   -0.226667    0.673028  0.000000  1.0
   -0.226667    0.675079  0.000000  1.0
   -0.226667    0.677130  0.000000  1.0
   -0.226667    0.679181  0.000000  1.0
   -0.226667    0.681233  0.000000  1.0
   -0.226667    0.683284  0.000000  1.0
   -0.226667    0.685335  0.000000  1.0
   -0.226667    0.687387  0.000000  1.0
   -0.226667    0.689438  0.000000  1.0
   -0.226667    0.691489  0.000000  1.0
   -0.226667    0.693540  0.000000  1.0
   -0.226667    0.695592  0.000000  1.0
   -0.226667    0.697643  0.000000  1.0
   -0.226667    0.699694  0.000000  1.0
