&CONTROL
  calculation = 'bands'
  prefix = 'graphene10.0zoom'
  outdir = './tmp'
  pseudo_dir = './'
  verbosity = 'high'
/
&SYSTEM
  ibrav = 0
  nat = 2
  ntyp = 1
  ecutwfc = 40.0
  nosym = .true.
  noinv = .true.
  nbnd = 8
/
&ELECTRONS
/
ATOMIC_SPECIES
  C  12.011  C.pbe-n-kjpaw_psl.1.0.0.UPF
CELL_PARAMETERS {bohr}
  5.119400  0.000000  0.000000
  2.559700  3.963979  0.000000
  0.000000  0.000000  30.000000
ATOMIC_POSITIONS {crystal}
  C  -0.001477  0.169659  -0.000000
  C  0.334810  0.497008  0.000000
K_POINTS {tpiba}
1600
   -0.306667    0.605740  0.000000  1.0
   -0.306667    0.607791  0.000000  1.0
   -0.306667    0.609843  0.000000  1.0
   -0.306667    0.611894  0.000000  1.0
   -0.306667    0.613945  0.000000  1.0
   -0.306667    0.615996  0.000000  1.0
   -0.306667    0.618048  0.000000  1.0
   -0.306667    0.620099  0.000000  1.0
   -0.306667    0.622150  0.000000  1.0
   -0.306667    0.624202  0.000000  1.0
   -0.306667    0.626253  0.000000  1.0
   -0.306667    0.628304  0.000000  1.0
   -0.306667    0.630355  0.000000  1.0
   -0.306667    0.632407  0.000000  1.0
   -0.306667    0.634458  0.000000  1.0
   -0.306667    0.636509  0.000000  1.0
   -0.306667    0.638561  0.000000  1.0
   -0.306667    0.640612  0.000000  1.0
   -0.306667    0.642663  0.000000  1.0
   -0.306667    0.644714  0.000000  1.0
   -0.306667    0.646766  0.000000  1.0
   -0.306667    0.648817  0.000000  1.0
   -0.306667    0.650868  0.000000  1.0
   -0.306667    0.652920  0.000000  1.0
   -0.306667    0.654971  0.000000  1.0
   -0.306667    0.657022  0.000000  1.0
   -0.306667    0.659073  0.000000  1.0
   -0.306667    0.661125  0.000000  1.0
   -0.306667    0.663176  0.000000  1.0
   -0.306667    0.665227  0.000000  1.0
   -0.306667    0.667279  0.000000  1.0
   -0.306667    0.669330  0.000000  1.0
   -0.306667    0.671381  0.000000  1.0
   -0.306667    0.673432  0.000000  1.0
   -0.306667    0.675484  0.000000  1.0
   -0.306667    0.677535  0.000000  1.0
   -0.306667    0.679586  0.000000  1.0
   -0.306667    0.681637  0.000000  1.0
   -0.306667    0.683689  0.000000  1.0
   -0.306667    0.685740  0.000000  1.0
   -0.304615    0.605740  0.000000  1.0
   -0.304615    0.607791  0.000000  1.0
   -0.304615    0.609843  0.000000  1.0
   -0.304615    0.611894  0.000000  1.0
   -0.304615    0.613945  0.000000  1.0
   -0.304615    0.615996  0.000000  1.0
   -0.304615    0.618048  0.000000  1.0
   -0.304615    0.620099  0.000000  1.0
   -0.304615    0.622150  0.000000  1.0
   -0.304615    0.624202  0.000000  1.0
   -0.304615    0.626253  0.000000  1.0
   -0.304615    0.628304  0.000000  1.0
   -0.304615    0.630355  0.000000  1.0
   -0.304615    0.632407  0.000000  1.0
   -0.304615    0.634458  0.000000  1.0
   -0.304615    0.636509  0.000000  1.0
   -0.304615    0.638561  0.000000  1.0
   -0.304615    0.640612  0.000000  1.0
   -0.304615    0.642663  0.000000  1.0
   -0.304615    0.644714  0.000000  1.0
   -0.304615    0.646766  0.000000  1.0
   -0.304615    0.648817  0.000000  1.0
   -0.304615    0.650868  0.000000  1.0
   -0.304615    0.652920  0.000000  1.0
   -0.304615    0.654971  0.000000  1.0
   -0.304615    0.657022  0.000000  1.0
   -0.304615    0.659073  0.000000  1.0
   -0.304615    0.661125  0.000000  1.0
   -0.304615    0.663176  0.000000  1.0
   -0.304615    0.665227  0.000000  1.0
   -0.304615    0.667279  0.000000  1.0
   -0.304615    0.669330  0.000000  1.0
   -0.304615    0.671381  0.000000  1.0
   -0.304615    0.673432  0.000000  1.0
   -0.304615    0.675484  0.000000  1.0
   -0.304615    0.677535  0.000000  1.0
   -0.304615    0.679586  0.000000  1.0
   -0.304615    0.681637  0.000000  1.0
   -0.304615    0.683689  0.000000  1.0
   -0.304615    0.685740  0.000000  1.0
   -0.302564    0.605740  0.000000  1.0
   -0.302564    0.607791  0.000000  1.0
   -0.302564    0.609843  0.000000  1.0
   -0.302564    0.611894  0.000000  1.0
   -0.302564    0.613945  0.000000  1.0
   -0.302564    0.615996  0.000000  1.0
   -0.302564    0.618048  0.000000  1.0
   -0.302564    0.620099  0.000000  1.0
   -0.302564    0.622150  0.000000  1.0
   -0.302564    0.624202  0.000000  1.0
   -0.302564    0.626253  0.000000  1.0
   -0.302564    0.628304  0.000000  1.0
   -0.302564    0.630355  0.000000  1.0
   -0.302564    0.632407  0.000000  1.0
   -0.302564    0.634458  0.000000  1.0
   -0.302564    0.636509  0.000000  1.0
   -0.302564    0.638561  0.000000  1.0
   -0.302564    0.640612  0.000000  1.0
   -0.302564    0.642663  0.000000  1.0
   -0.302564    0.644714  0.000000  1.0
   -0.302564    0.646766  0.000000  1.0
   -0.302564    0.648817  0.000000  1.0
   -0.302564    0.650868  0.000000  1.0
   -0.302564    0.652920  0.000000  1.0
   -0.302564    0.654971  0.000000  1.0
   -0.302564    0.657022  0.000000  1.0
   -0.302564    0.659073  0.000000  1.0
   -0.302564    0.661125  0.000000  1.0
   -0.302564    0.663176  0.000000  1.0
   -0.302564    0.665227  0.000000  1.0
   -0.302564    0.667279  0.000000  1.0
   -0.302564    0.669330  0.000000  1.0
   -0.302564    0.671381  0.000000  1.0
   -0.302564    0.673432  0.000000  1.0
   -0.302564    0.675484  0.000000  1.0
   -0.302564    0.677535  0.000000  1.0
   -0.302564    0.679586  0.000000  1.0
   -0.302564    0.681637  0.000000  1.0
   -0.302564    0.683689  0.000000  1.0
   -0.302564    0.685740  0.000000  1.0
   -0.300513    0.605740  0.000000  1.0
   -0.300513    0.607791  0.000000  1.0
   -0.300513    0.609843  0.000000  1.0
   -0.300513    0.611894  0.000000  1.0
   -0.300513    0.613945  0.000000  1.0
   -0.300513    0.615996  0.000000  1.0
   -0.300513    0.618048  0.000000  1.0
   -0.300513    0.620099  0.000000  1.0
   -0.300513    0.622150  0.000000  1.0
   -0.300513    0.624202  0.000000  1.0
   -0.300513    0.626253  0.000000  1.0
   -0.300513    0.628304  0.000000  1.0
   -0.300513    0.630355  0.000000  1.0
   -0.300513    0.632407  0.000000  1.0
   -0.300513    0.634458  0.000000  1.0
   -0.300513    0.636509  0.000000  1.0
   -0.300513    0.638561  0.000000  1.0
   -0.300513    0.640612  0.000000  1.0
   -0.300513    0.642663  0.000000  1.0
   -0.300513    0.644714  0.000000  1.0
   -0.300513    0.646766  0.000000  1.0
   -0.300513    0.648817  0.000000  1.0
   -0.300513    0.650868  0.000000  1.0
   -0.300513    0.652920  0.000000  1.0
   -0.300513    0.654971  0.000000  1.0
   -0.300513    0.657022  0.000000  1.0
   -0.300513    0.659073  0.000000  1.0
   -0.300513    0.661125  0.000000  1.0
   -0.300513    0.663176  0.000000  1.0
   -0.300513    0.665227  0.000000  1.0
   -0.300513    0.667279  0.000000  1.0
   -0.300513    0.669330  0.000000  1.0
   -0.300513    0.671381  0.000000  1.0
   -0.300513    0.673432  0.000000  1.0
   -0.300513    0.675484  0.000000  1.0
   -0.300513    0.677535  0.000000  1.0
   -0.300513    0.679586  0.000000  1.0
   -0.300513    0.681637  0.000000  1.0
   -0.300513    0.683689  0.000000  1.0
   -0.300513    0.685740  0.000000  1.0
   -0.298462    0.605740  0.000000  1.0
   -0.298462    0.607791  0.000000  1.0
   -0.298462    0.609843  0.000000  1.0
   -0.298462    0.611894  0.000000  1.0
   -0.298462    0.613945  0.000000  1.0
   -0.298462    0.615996  0.000000  1.0
   -0.298462    0.618048  0.000000  1.0
   -0.298462    0.620099  0.000000  1.0
   -0.298462    0.622150  0.000000  1.0
   -0.298462    0.624202  0.000000  1.0
   -0.298462    0.626253  0.000000  1.0
   -0.298462    0.628304  0.000000  1.0
   -0.298462    0.630355  0.000000  1.0
   -0.298462    0.632407  0.000000  1.0
   -0.298462    0.634458  0.000000  1.0
   -0.298462    0.636509  0.000000  1.0
   -0.298462    0.638561  0.000000  1.0
   -0.298462    0.640612  0.000000  1.0
   -0.298462    0.642663  0.000000  1.0
   -0.298462    0.644714  0.000000  1.0
   -0.298462    0.646766  0.000000  1.0
   -0.298462    0.648817  0.000000  1.0
   -0.298462    0.650868  0.000000  1.0
   -0.298462    0.652920  0.000000  1.0
   -0.298462    0.654971  0.000000  1.0
   -0.298462    0.657022  0.000000  1.0
   -0.298462    0.659073  0.000000  1.0
   -0.298462    0.661125  0.000000  1.0
   -0.298462    0.663176  0.000000  1.0
   -0.298462    0.665227  0.000000  1.0
   -0.298462    0.667279  0.000000  1.0
   -0.298462    0.669330  0.000000  1.0
   -0.298462    0.671381  0.000000  1.0
   -0.298462    0.673432  0.000000  1.0
   -0.298462    0.675484  0.000000  1.0
   -0.298462    0.677535  0.000000  1.0
   -0.298462    0.679586  0.000000  1.0
   -0.298462    0.681637  0.000000  1.0
   -0.298462    0.683689  0.000000  1.0
   -0.298462    0.685740  0.000000  1.0
   -0.296410    0.605740  0.000000  1.0
   -0.296410    0.607791  0.000000  1.0
   -0.296410    0.609843  0.000000  1.0
   -0.296410    0.611894  0.000000  1.0
   -0.296410    0.613945  0.000000  1.0
   -0.296410    0.615996  0.000000  1.0
   -0.296410    0.618048  0.000000  1.0
   -0.296410    0.620099  0.000000  1.0
   -0.296410    0.622150  0.000000  1.0
   -0.296410    0.624202  0.000000  1.0
   -0.296410    0.626253  0.000000  1.0
   -0.296410    0.628304  0.000000  1.0
   -0.296410    0.630355  0.000000  1.0
   -0.296410    0.632407  0.000000  1.0
   -0.296410    0.634458  0.000000  1.0
   -0.296410    0.636509  0.000000  1.0
   -0.296410    0.638561  0.000000  1.0
   -0.296410    0.640612  0.000000  1.0
   -0.296410    0.642663  0.000000  1.0
   -0.296410    0.644714  0.000000  1.0
   -0.296410    0.646766  0.000000  1.0
   -0.296410    0.648817  0.000000  1.0
   -0.296410    0.650868  0.000000  1.0
   -0.296410    0.652920  0.000000  1.0
   -0.296410    0.654971  0.000000  1.0
   -0.296410    0.657022  0.000000  1.0
   -0.296410    0.659073  0.000000  1.0
   -0.296410    0.661125  0.000000  1.0
   -0.296410    0.663176  0.000000  1.0
   -0.296410    0.665227  0.000000  1.0
   -0.296410    0.667279  0.000000  1.0
   -0.296410    0.669330  0.000000  1.0
   -0.296410    0.671381  0.000000  1.0
   -0.296410    0.673432  0.000000  1.0
   -0.296410    0.675484  0.000000  1.0
   -0.296410    0.677535  0.000000  1.0
   -0.296410    0.679586  0.000000  1.0
   -0.296410    0.681637  0.000000  1.0
   -0.296410    0.683689  0.000000  1.0
   -0.296410    0.685740  0.000000  1.0
   -0.294359    0.605740  0.000000  1.0
   -0.294359    0.607791  0.000000  1.0
   -0.294359    0.609843  0.000000  1.0
   -0.294359    0.611894  0.000000  1.0
   -0.294359    0.613945  0.000000  1.0
   -0.294359    0.615996  0.000000  1.0
   -0.294359    0.618048  0.000000  1.0
   -0.294359    0.620099  0.000000  1.0
   -0.294359    0.622150  0.000000  1.0
   -0.294359    0.624202  0.000000  1.0
   -0.294359    0.626253  0.000000  1.0
   -0.294359    0.628304  0.000000  1.0
   -0.294359    0.630355  0.000000  1.0
   -0.294359    0.632407  0.000000  1.0
   -0.294359    0.634458  0.000000  1.0
   -0.294359    0.636509  0.000000  1.0
   -0.294359    0.638561  0.000000  1.0
   -0.294359    0.640612  0.000000  1.0
   -0.294359    0.642663  0.000000  1.0
   -0.294359    0.644714  0.000000  1.0
   -0.294359    0.646766  0.000000  1.0
   -0.294359    0.648817  0.000000  1.0
   -0.294359    0.650868  0.000000  1.0
   -0.294359    0.652920  0.000000  1.0
   -0.294359    0.654971  0.000000  1.0
   -0.294359    0.657022  0.000000  1.0
   -0.294359    0.659073  0.000000  1.0
   -0.294359    0.661125  0.000000  1.0
   -0.294359    0.663176  0.000000  1.0
   -0.294359    0.665227  0.000000  1.0
   -0.294359    0.667279  0.000000  1.0
   -0.294359    0.669330  0.000000  1.0
   -0.294359    0.671381  0.000000  1.0
   -0.294359    0.673432  0.000000  1.0
   -0.294359    0.675484  0.000000  1.0
   -0.294359    0.677535  0.000000  1.0
   -0.294359    0.679586  0.000000  1.0
   -0.294359    0.681637  0.000000  1.0
   -0.294359    0.683689  0.000000  1.0
   -0.294359    0.685740  0.000000  1.0
   -0.292308    0.605740  0.000000  1.0
   -0.292308    0.607791  0.000000  1.0
   -0.292308    0.609843  0.000000  1.0
   -0.292308    0.611894  0.000000  1.0
   -0.292308    0.613945  0.000000  1.0
   -0.292308    0.615996  0.000000  1.0
   -0.292308    0.618048  0.000000  1.0
   -0.292308    0.620099  0.000000  1.0
   -0.292308    0.622150  0.000000  1.0
   -0.292308    0.624202  0.000000  1.0
   -0.292308    0.626253  0.000000  1.0
   -0.292308    0.628304  0.000000  1.0
   -0.292308    0.630355  0.000000  1.0
   -0.292308    0.632407  0.000000  1.0
   -0.292308    0.634458  0.000000  1.0
   -0.292308    0.636509  0.000000  1.0
   -0.292308    0.638561  0.000000  1.0
   -0.292308    0.640612  0.000000  1.0
   -0.292308    0.642663  0.000000  1.0
   -0.292308    0.644714  0.000000  1.0
   -0.292308    0.646766  0.000000  1.0
   -0.292308    0.648817  0.000000  1.0
   -0.292308    0.650868  0.000000  1.0
   -0.292308    0.652920  0.000000  1.0
   -0.292308    0.654971  0.000000  1.0
   -0.292308    0.657022  0.000000  1.0
   -0.292308    0.659073  0.000000  1.0
   -0.292308    0.661125  0.000000  1.0
   -0.292308    0.663176  0.000000  1.0
   -0.292308    0.665227  0.000000  1.0
   -0.292308    0.667279  0.000000  1.0
   -0.292308    0.669330  0.000000  1.0
   -0.292308    0.671381  0.000000  1.0
   -0.292308    0.673432  0.000000  1.0
   -0.292308    0.675484  0.000000  1.0
   -0.292308    0.677535  0.000000  1.0
   -0.292308    0.679586  0.000000  1.0
   -0.292308    0.681637  0.000000  1.0
   -0.292308    0.683689  0.000000  1.0
   -0.292308    0.685740  0.000000  1.0
   -0.290256    0.605740  0.000000  1.0
   -0.290256    0.607791  0.000000  1.0
   -0.290256    0.609843  0.000000  1.0
   -0.290256    0.611894  0.000000  1.0
   -0.290256    0.613945  0.000000  1.0
   -0.290256    0.615996  0.000000  1.0
   -0.290256    0.618048  0.000000  1.0
   -0.290256    0.620099  0.000000  1.0
   -0.290256    0.622150  0.000000  1.0
   -0.290256    0.624202  0.000000  1.0
   -0.290256    0.626253  0.000000  1.0
   -0.290256    0.628304  0.000000  1.0
   -0.290256    0.630355  0.000000  1.0
   -0.290256    0.632407  0.000000  1.0
   -0.290256    0.634458  0.000000  1.0
   -0.290256    0.636509  0.000000  1.0
   -0.290256    0.638561  0.000000  1.0
   -0.290256    0.640612  0.000000  1.0
   -0.290256    0.642663  0.000000  1.0
   -0.290256    0.644714  0.000000  1.0
   -0.290256    0.646766  0.000000  1.0
   -0.290256    0.648817  0.000000  1.0
   -0.290256    0.650868  0.000000  1.0
   -0.290256    0.652920  0.000000  1.0
   -0.290256    0.654971  0.000000  1.0
   -0.290256    0.657022  0.000000  1.0
   -0.290256    0.659073  0.000000  1.0
   -0.290256    0.661125  0.000000  1.0
   -0.290256    0.663176  0.000000  1.0
   -0.290256    0.665227  0.000000  1.0
   -0.290256    0.667279  0.000000  1.0
   -0.290256    0.669330  0.000000  1.0
   -0.290256    0.671381  0.000000  1.0
   -0.290256    0.673432  0.000000  1.0
   -0.290256    0.675484  0.000000  1.0
   -0.290256    0.677535  0.000000  1.0
   -0.290256    0.679586  0.000000  1.0
   -0.290256    0.681637  0.000000  1.0
   -0.290256    0.683689  0.000000  1.0
   -0.290256    0.685740  0.000000  1.0
   -0.288205    0.605740  0.000000  1.0
   -0.288205    0.607791  0.000000  1.0
   -0.288205    0.609843  0.000000  1.0
   -0.288205    0.611894  0.000000  1.0
   -0.288205    0.613945  0.000000  1.0
   -0.288205    0.615996  0.000000  1.0
   -0.288205    0.618048  0.000000  1.0
   -0.288205    0.620099  0.000000  1.0
   -0.288205    0.622150  0.000000  1.0
   -0.288205    0.624202  0.000000  1.0
   -0.288205    0.626253  0.000000  1.0
   -0.288205    0.628304  0.000000  1.0
   -0.288205    0.630355  0.000000  1.0
   -0.288205    0.632407  0.000000  1.0
   -0.288205    0.634458  0.000000  1.0
   -0.288205    0.636509  0.000000  1.0
   -0.288205    0.638561  0.000000  1.0
   -0.288205    0.640612  0.000000  1.0
   -0.288205    0.642663  0.000000  1.0
   -0.288205    0.644714  0.000000  1.0
   -0.288205    0.646766  0.000000  1.0
   -0.288205    0.648817  0.000000  1.0
   -0.288205    0.650868  0.000000  1.0
   -0.288205    0.652920  0.000000  1.0
   -0.288205    0.654971  0.000000  1.0
   -0.288205    0.657022  0.000000  1.0
   -0.288205    0.659073  0.000000  1.0
   -0.288205    0.661125  0.000000  1.0
   -0.288205    0.663176  0.000000  1.0
   -0.288205    0.665227  0.000000  1.0
   -0.288205    0.667279  0.000000  1.0
   -0.288205    0.669330  0.000000  1.0
   -0.288205    0.671381  0.000000  1.0
   -0.288205    0.673432  0.000000  1.0
   -0.288205    0.675484  0.000000  1.0
   -0.288205    0.677535  0.000000  1.0
   -0.288205    0.679586  0.000000  1.0
   -0.288205    0.681637  0.000000  1.0
   -0.288205    0.683689  0.000000  1.0
   -0.288205    0.685740  0.000000  1.0
   -0.286154    0.605740  0.000000  1.0
   -0.286154    0.607791  0.000000  1.0
   -0.286154    0.609843  0.000000  1.0
   -0.286154    0.611894  0.000000  1.0
   -0.286154    0.613945  0.000000  1.0
   -0.286154    0.615996  0.000000  1.0
   -0.286154    0.618048  0.000000  1.0
   -0.286154    0.620099  0.000000  1.0
   -0.286154    0.622150  0.000000  1.0
   -0.286154    0.624202  0.000000  1.0
   -0.286154    0.626253  0.000000  1.0
   -0.286154    0.628304  0.000000  1.0
   -0.286154    0.630355  0.000000  1.0
   -0.286154    0.632407  0.000000  1.0
   -0.286154    0.634458  0.000000  1.0
   -0.286154    0.636509  0.000000  1.0
   -0.286154    0.638561  0.000000  1.0
   -0.286154    0.640612  0.000000  1.0
   -0.286154    0.642663  0.000000  1.0
   -0.286154    0.644714  0.000000  1.0
   -0.286154    0.646766  0.000000  1.0
   -0.286154    0.648817  0.000000  1.0
   -0.286154    0.650868  0.000000  1.0
   -0.286154    0.652920  0.000000  1.0
   -0.286154    0.654971  0.000000  1.0
   -0.286154    0.657022  0.000000  1.0
   -0.286154    0.659073  0.000000  1.0
   -0.286154    0.661125  0.000000  1.0
   -0.286154    0.663176  0.000000  1.0
   -0.286154    0.665227  0.000000  1.0
   -0.286154    0.667279  0.000000  1.0
   -0.286154    0.669330  0.000000  1.0
   -0.286154    0.671381  0.000000  1.0
   -0.286154    0.673432  0.000000  1.0
   -0.286154    0.675484  0.000000  1.0
   -0.286154    0.677535  0.000000  1.0
   -0.286154    0.679586  0.000000  1.0
   -0.286154    0.681637  0.000000  1.0
   -0.286154    0.683689  0.000000  1.0
   -0.286154    0.685740  0.000000  1.0
   -0.284103    0.605740  0.000000  1.0
   -0.284103    0.607791  0.000000  1.0
   -0.284103    0.609843  0.000000  1.0
   -0.284103    0.611894  0.000000  1.0
   -0.284103    0.613945  0.000000  1.0
   -0.284103    0.615996  0.000000  1.0
   -0.284103    0.618048  0.000000  1.0
   -0.284103    0.620099  0.000000  1.0
   -0.284103    0.622150  0.000000  1.0
   -0.284103    0.624202  0.000000  1.0
   -0.284103    0.626253  0.000000  1.0
   -0.284103    0.628304  0.000000  1.0
   -0.284103    0.630355  0.000000  1.0
   -0.284103    0.632407  0.000000  1.0
   -0.284103    0.634458  0.000000  1.0
   -0.284103    0.636509  0.000000  1.0
   -0.284103    0.638561  0.000000  1.0
   -0.284103    0.640612  0.000000  1.0
   -0.284103    0.642663  0.000000  1.0
   -0.284103    0.644714  0.000000  1.0
   -0.284103    0.646766  0.000000  1.0
   -0.284103    0.648817  0.000000  1.0
   -0.284103    0.650868  0.000000  1.0
   -0.284103    0.652920  0.000000  1.0
   -0.284103    0.654971  0.000000  1.0
   -0.284103    0.657022  0.000000  1.0
   -0.284103    0.659073  0.000000  1.0
   -0.284103    0.661125  0.000000  1.0
   -0.284103    0.663176  0.000000  1.0
   -0.284103    0.665227  0.000000  1.0
   -0.284103    0.667279  0.000000  1.0
   -0.284103    0.669330  0.000000  1.0
   -0.284103    0.671381  0.000000  1.0
   -0.284103    0.673432  0.000000  1.0
   -0.284103    0.675484  0.000000  1.0
   -0.284103    0.677535  0.000000  1.0
   -0.284103    0.679586  0.000000  1.0
   -0.284103    0.681637  0.000000  1.0
   -0.284103    0.683689  0.000000  1.0
   -0.284103    0.685740  0.000000  1.0
   -0.282051    0.605740  0.000000  1.0
   -0.282051    0.607791  0.000000  1.0
   -0.282051    0.609843  0.000000  1.0
   -0.282051    0.611894  0.000000  1.0
   -0.282051    0.613945  0.000000  1.0
   -0.282051    0.615996  0.000000  1.0
   -0.282051    0.618048  0.000000  1.0
   -0.282051    0.620099  0.000000  1.0
   -0.282051    0.622150  0.000000  1.0
   -0.282051    0.624202  0.000000  1.0
   -0.282051    0.626253  0.000000  1.0
   -0.282051    0.628304  0.000000  1.0
   -0.282051    0.630355  0.000000  1.0
   -0.282051    0.632407  0.000000  1.0
   -0.282051    0.634458  0.000000  1.0
   -0.282051    0.636509  0.000000  1.0
   -0.282051    0.638561  0.000000  1.0
   -0.282051    0.640612  0.000000  1.0
   -0.282051    0.642663  0.000000  1.0
   -0.282051    0.644714  0.000000  1.0
   -0.282051    0.646766  0.000000  1.0
   -0.282051    0.648817  0.000000  1.0
   -0.282051    0.650868  0.000000  1.0
   -0.282051    0.652920  0.000000  1.0
   -0.282051    0.654971  0.000000  1.0
   -0.282051    0.657022  0.000000  1.0
   -0.282051    0.659073  0.000000  1.0
   -0.282051    0.661125  0.000000  1.0
   -0.282051    0.663176  0.000000  1.0
   -0.282051    0.665227  0.000000  1.0
   -0.282051    0.667279  0.000000  1.0
   -0.282051    0.669330  0.000000  1.0
   -0.282051    0.671381  0.000000  1.0
   -0.282051    0.673432  0.000000  1.0
   -0.282051    0.675484  0.000000  1.0
   -0.282051    0.677535  0.000000  1.0
   -0.282051    0.679586  0.000000  1.0
   -0.282051    0.681637  0.000000  1.0
   -0.282051    0.683689  0.000000  1.0
   -0.282051    0.685740  0.000000  1.0
   -0.280000    0.605740  0.000000  1.0
   -0.280000    0.607791  0.000000  1.0
   -0.280000    0.609843  0.000000  1.0
   -0.280000    0.611894  0.000000  1.0
   -0.280000    0.613945  0.000000  1.0
   -0.280000    0.615996  0.000000  1.0
   -0.280000    0.618048  0.000000  1.0
   -0.280000    0.620099  0.000000  1.0
   -0.280000    0.622150  0.000000  1.0
   -0.280000    0.624202  0.000000  1.0
   -0.280000    0.626253  0.000000  1.0
   -0.280000    0.628304  0.000000  1.0
   -0.280000    0.630355  0.000000  1.0
   -0.280000    0.632407  0.000000  1.0
   -0.280000    0.634458  0.000000  1.0
   -0.280000    0.636509  0.000000  1.0
   -0.280000    0.638561  0.000000  1.0
   -0.280000    0.640612  0.000000  1.0
   -0.280000    0.642663  0.000000  1.0
   -0.280000    0.644714  0.000000  1.0
   -0.280000    0.646766  0.000000  1.0
   -0.280000    0.648817  0.000000  1.0
   -0.280000    0.650868  0.000000  1.0
   -0.280000    0.652920  0.000000  1.0
   -0.280000    0.654971  0.000000  1.0
   -0.280000    0.657022  0.000000  1.0
   -0.280000    0.659073  0.000000  1.0
   -0.280000    0.661125  0.000000  1.0
   -0.280000    0.663176  0.000000  1.0
   -0.280000    0.665227  0.000000  1.0
   -0.280000    0.667279  0.000000  1.0
   -0.280000    0.669330  0.000000  1.0
   -0.280000    0.671381  0.000000  1.0
   -0.280000    0.673432  0.000000  1.0
   -0.280000    0.675484  0.000000  1.0
   -0.280000    0.677535  0.000000  1.0
   -0.280000    0.679586  0.000000  1.0
   -0.280000    0.681637  0.000000  1.0
   -0.280000    0.683689  0.000000  1.0
   -0.280000    0.685740  0.000000  1.0
   -0.277949    0.605740  0.000000  1.0
   -0.277949    0.607791  0.000000  1.0
   -0.277949    0.609843  0.000000  1.0
   -0.277949    0.611894  0.000000  1.0
   -0.277949    0.613945  0.000000  1.0
   -0.277949    0.615996  0.000000  1.0
   -0.277949    0.618048  0.000000  1.0
   -0.277949    0.620099  0.000000  1.0
   -0.277949    0.622150  0.000000  1.0
   -0.277949    0.624202  0.000000  1.0
   -0.277949    0.626253  0.000000  1.0
   -0.277949    0.628304  0.000000  1.0
   -0.277949    0.630355  0.000000  1.0
   -0.277949    0.632407  0.000000  1.0
   -0.277949    0.634458  0.000000  1.0
   -0.277949    0.636509  0.000000  1.0
   -0.277949    0.638561  0.000000  1.0
   -0.277949    0.640612  0.000000  1.0
   -0.277949    0.642663  0.000000  1.0
   -0.277949    0.644714  0.000000  1.0
   -0.277949    0.646766  0.000000  1.0
   -0.277949    0.648817  0.000000  1.0
   -0.277949    0.650868  0.000000  1.0
   -0.277949    0.652920  0.000000  1.0
   -0.277949    0.654971  0.000000  1.0
   -0.277949    0.657022  0.000000  1.0
   -0.277949    0.659073  0.000000  1.0
   -0.277949    0.661125  0.000000  1.0
   -0.277949    0.663176  0.000000  1.0
   -0.277949    0.665227  0.000000  1.0
   -0.277949    0.667279  0.000000  1.0
   -0.277949    0.669330  0.000000  1.0
   -0.277949    0.671381  0.000000  1.0
   -0.277949    0.673432  0.000000  1.0
   -0.277949    0.675484  0.000000  1.0
   -0.277949    0.677535  0.000000  1.0
   -0.277949    0.679586  0.000000  1.0
   -0.277949    0.681637  0.000000  1.0
   -0.277949    0.683689  0.000000  1.0
   -0.277949    0.685740  0.000000  1.0
   -0.275897    0.605740  0.000000  1.0
   -0.275897    0.607791  0.000000  1.0
   -0.275897    0.609843  0.000000  1.0
   -0.275897    0.611894  0.000000  1.0
   -0.275897    0.613945  0.000000  1.0
   -0.275897    0.615996  0.000000  1.0
   -0.275897    0.618048  0.000000  1.0
   -0.275897    0.620099  0.000000  1.0
   -0.275897    0.622150  0.000000  1.0
   -0.275897    0.624202  0.000000  1.0
   -0.275897    0.626253  0.000000  1.0
   -0.275897    0.628304  0.000000  1.0
   -0.275897    0.630355  0.000000  1.0
   -0.275897    0.632407  0.000000  1.0
   -0.275897    0.634458  0.000000  1.0
   -0.275897    0.636509  0.000000  1.0
   -0.275897    0.638561  0.000000  1.0
   -0.275897    0.640612  0.000000  1.0
   -0.275897    0.642663  0.000000  1.0
   -0.275897    0.644714  0.000000  1.0
   -0.275897    0.646766  0.000000  1.0
   -0.275897    0.648817  0.000000  1.0
   -0.275897    0.650868  0.000000  1.0
   -0.275897    0.652920  0.000000  1.0
   -0.275897    0.654971  0.000000  1.0
   -0.275897    0.657022  0.000000  1.0
   -0.275897    0.659073  0.000000  1.0
   -0.275897    0.661125  0.000000  1.0
   -0.275897    0.663176  0.000000  1.0
   -0.275897    0.665227  0.000000  1.0
   -0.275897    0.667279  0.000000  1.0
   -0.275897    0.669330  0.000000  1.0
   -0.275897    0.671381  0.000000  1.0
   -0.275897    0.673432  0.000000  1.0
   -0.275897    0.675484  0.000000  1.0
   -0.275897    0.677535  0.000000  1.0
   -0.275897    0.679586  0.000000  1.0
   -0.275897    0.681637  0.000000  1.0
   -0.275897    0.683689  0.000000  1.0
   -0.275897    0.685740  0.000000  1.0
   -0.273846    0.605740  0.000000  1.0
   -0.273846    0.607791  0.000000  1.0
   -0.273846    0.609843  0.000000  1.0
   -0.273846    0.611894  0.000000  1.0
   -0.273846    0.613945  0.000000  1.0
   -0.273846    0.615996  0.000000  1.0
   -0.273846    0.618048  0.000000  1.0
   -0.273846    0.620099  0.000000  1.0
   -0.273846    0.622150  0.000000  1.0
   -0.273846    0.624202  0.000000  1.0
   -0.273846    0.626253  0.000000  1.0
   -0.273846    0.628304  0.000000  1.0
   -0.273846    0.630355  0.000000  1.0
   -0.273846    0.632407  0.000000  1.0
   -0.273846    0.634458  0.000000  1.0
   -0.273846    0.636509  0.000000  1.0
   -0.273846    0.638561  0.000000  1.0
   -0.273846    0.640612  0.000000  1.0
   -0.273846    0.642663  0.000000  1.0
   -0.273846    0.644714  0.000000  1.0
   -0.273846    0.646766  0.000000  1.0
   -0.273846    0.648817  0.000000  1.0
   -0.273846    0.650868  0.000000  1.0
   -0.273846    0.652920  0.000000  1.0
   -0.273846    0.654971  0.000000  1.0
   -0.273846    0.657022  0.000000  1.0
   -0.273846    0.659073  0.000000  1.0
   -0.273846    0.661125  0.000000  1.0
   -0.273846    0.663176  0.000000  1.0
   -0.273846    0.665227  0.000000  1.0
   -0.273846    0.667279  0.000000  1.0
   -0.273846    0.669330  0.000000  1.0
   -0.273846    0.671381  0.000000  1.0
   -0.273846    0.673432  0.000000  1.0
   -0.273846    0.675484  0.000000  1.0
   -0.273846    0.677535  0.000000  1.0
   -0.273846    0.679586  0.000000  1.0
   -0.273846    0.681637  0.000000  1.0
   -0.273846    0.683689  0.000000  1.0
   -0.273846    0.685740  0.000000  1.0
   -0.271795    0.605740  0.000000  1.0
   -0.271795    0.607791  0.000000  1.0
   -0.271795    0.609843  0.000000  1.0
   -0.271795    0.611894  0.000000  1.0
   -0.271795    0.613945  0.000000  1.0
   -0.271795    0.615996  0.000000  1.0
   -0.271795    0.618048  0.000000  1.0
   -0.271795    0.620099  0.000000  1.0
   -0.271795    0.622150  0.000000  1.0
   -0.271795    0.624202  0.000000  1.0
   -0.271795    0.626253  0.000000  1.0
   -0.271795    0.628304  0.000000  1.0
   -0.271795    0.630355  0.000000  1.0
   -0.271795    0.632407  0.000000  1.0
   -0.271795    0.634458  0.000000  1.0
   -0.271795    0.636509  0.000000  1.0
   -0.271795    0.638561  0.000000  1.0
   -0.271795    0.640612  0.000000  1.0
   -0.271795    0.642663  0.000000  1.0
   -0.271795    0.644714  0.000000  1.0
   -0.271795    0.646766  0.000000  1.0
   -0.271795    0.648817  0.000000  1.0
   -0.271795    0.650868  0.000000  1.0
   -0.271795    0.652920  0.000000  1.0
   -0.271795    0.654971  0.000000  1.0
   -0.271795    0.657022  0.000000  1.0
   -0.271795    0.659073  0.000000  1.0
   -0.271795    0.661125  0.000000  1.0
   -0.271795    0.663176  0.000000  1.0
   -0.271795    0.665227  0.000000  1.0
   -0.271795    0.667279  0.000000  1.0
   -0.271795    0.669330  0.000000  1.0
   -0.271795    0.671381  0.000000  1.0
   -0.271795    0.673432  0.000000  1.0
   -0.271795    0.675484  0.000000  1.0
   -0.271795    0.677535  0.000000  1.0
   -0.271795    0.679586  0.000000  1.0
   -0.271795    0.681637  0.000000  1.0
   -0.271795    0.683689  0.000000  1.0
   -0.271795    0.685740  0.000000  1.0
   -0.269744    0.605740  0.000000  1.0
   -0.269744    0.607791  0.000000  1.0
   -0.269744    0.609843  0.000000  1.0
   -0.269744    0.611894  0.000000  1.0
   -0.269744    0.613945  0.000000  1.0
   -0.269744    0.615996  0.000000  1.0
   -0.269744    0.618048  0.000000  1.0
   -0.269744    0.620099  0.000000  1.0
   -0.269744    0.622150  0.000000  1.0
   -0.269744    0.624202  0.000000  1.0
   -0.269744    0.626253  0.000000  1.0
   -0.269744    0.628304  0.000000  1.0
   -0.269744    0.630355  0.000000  1.0
   -0.269744    0.632407  0.000000  1.0
   -0.269744    0.634458  0.000000  1.0
   -0.269744    0.636509  0.000000  1.0
   -0.269744    0.638561  0.000000  1.0
   -0.269744    0.640612  0.000000  1.0
   -0.269744    0.642663  0.000000  1.0
   -0.269744    0.644714  0.000000  1.0
   -0.269744    0.646766  0.000000  1.0
   -0.269744    0.648817  0.000000  1.0
   -0.269744    0.650868  0.000000  1.0
   -0.269744    0.652920  0.000000  1.0
   -0.269744    0.654971  0.000000  1.0
   -0.269744    0.657022  0.000000  1.0
   -0.269744    0.659073  0.000000  1.0
   -0.269744    0.661125  0.000000  1.0
   -0.269744    0.663176  0.000000  1.0
   -0.269744    0.665227  0.000000  1.0
   -0.269744    0.667279  0.000000  1.0
   -0.269744    0.669330  0.000000  1.0
   -0.269744    0.671381  0.000000  1.0
   -0.269744    0.673432  0.000000  1.0
   -0.269744    0.675484  0.000000  1.0
   -0.269744    0.677535  0.000000  1.0
   -0.269744    0.679586  0.000000  1.0
   -0.269744    0.681637  0.000000  1.0
   -0.269744    0.683689  0.000000  1.0
   -0.269744    0.685740  0.000000  1.0
   -0.267692    0.605740  0.000000  1.0
   -0.267692    0.607791  0.000000  1.0
   -0.267692    0.609843  0.000000  1.0
   -0.267692    0.611894  0.000000  1.0
   -0.267692    0.613945  0.000000  1.0
   -0.267692    0.615996  0.000000  1.0
   -0.267692    0.618048  0.000000  1.0
   -0.267692    0.620099  0.000000  1.0
   -0.267692    0.622150  0.000000  1.0
   -0.267692    0.624202  0.000000  1.0
   -0.267692    0.626253  0.000000  1.0
   -0.267692    0.628304  0.000000  1.0
   -0.267692    0.630355  0.000000  1.0
   -0.267692    0.632407  0.000000  1.0
   -0.267692    0.634458  0.000000  1.0
   -0.267692    0.636509  0.000000  1.0
   -0.267692    0.638561  0.000000  1.0
   -0.267692    0.640612  0.000000  1.0
   -0.267692    0.642663  0.000000  1.0
   -0.267692    0.644714  0.000000  1.0
   -0.267692    0.646766  0.000000  1.0
   -0.267692    0.648817  0.000000  1.0
   -0.267692    0.650868  0.000000  1.0
   -0.267692    0.652920  0.000000  1.0
   -0.267692    0.654971  0.000000  1.0
   -0.267692    0.657022  0.000000  1.0
   -0.267692    0.659073  0.000000  1.0
   -0.267692    0.661125  0.000000  1.0
   -0.267692    0.663176  0.000000  1.0
   -0.267692    0.665227  0.000000  1.0
   -0.267692    0.667279  0.000000  1.0
   -0.267692    0.669330  0.000000  1.0
   -0.267692    0.671381  0.000000  1.0
   -0.267692    0.673432  0.000000  1.0
   -0.267692    0.675484  0.000000  1.0
   -0.267692    0.677535  0.000000  1.0
   -0.267692    0.679586  0.000000  1.0
   -0.267692    0.681637  0.000000  1.0
   -0.267692    0.683689  0.000000  1.0
   -0.267692    0.685740  0.000000  1.0
   -0.265641    0.605740  0.000000  1.0
   -0.265641    0.607791  0.000000  1.0
   -0.265641    0.609843  0.000000  1.0
   -0.265641    0.611894  0.000000  1.0
   -0.265641    0.613945  0.000000  1.0
   -0.265641    0.615996  0.000000  1.0
   -0.265641    0.618048  0.000000  1.0
   -0.265641    0.620099  0.000000  1.0
   -0.265641    0.622150  0.000000  1.0
   -0.265641    0.624202  0.000000  1.0
   -0.265641    0.626253  0.000000  1.0
   -0.265641    0.628304  0.000000  1.0
   -0.265641    0.630355  0.000000  1.0
   -0.265641    0.632407  0.000000  1.0
   -0.265641    0.634458  0.000000  1.0
   -0.265641    0.636509  0.000000  1.0
   -0.265641    0.638561  0.000000  1.0
   -0.265641    0.640612  0.000000  1.0
   -0.265641    0.642663  0.000000  1.0
   -0.265641    0.644714  0.000000  1.0
   -0.265641    0.646766  0.000000  1.0
   -0.265641    0.648817  0.000000  1.0
   -0.265641    0.650868  0.000000  1.0
   -0.265641    0.652920  0.000000  1.0
   -0.265641    0.654971  0.000000  1.0
   -0.265641    0.657022  0.000000  1.0
   -0.265641    0.659073  0.000000  1.0
   -0.265641    0.661125  0.000000  1.0
   -0.265641    0.663176  0.000000  1.0
   -0.265641    0.665227  0.000000  1.0
   -0.265641    0.667279  0.000000  1.0
   -0.265641    0.669330  0.000000  1.0
   -0.265641    0.671381  0.000000  1.0
   -0.265641    0.673432  0.000000  1.0
   -0.265641    0.675484  0.000000  1.0
   -0.265641    0.677535  0.000000  1.0
   -0.265641    0.679586  0.000000  1.0
   -0.265641    0.681637  0.000000  1.0
   -0.265641    0.683689  0.000000  1.0
   -0.265641    0.685740  0.000000  1.0
   -0.263590    0.605740  0.000000  1.0
   -0.263590    0.607791  0.000000  1.0
   -0.263590    0.609843  0.000000  1.0
   -0.263590    0.611894  0.000000  1.0
   -0.263590    0.613945  0.000000  1.0
   -0.263590    0.615996  0.000000  1.0
   -0.263590    0.618048  0.000000  1.0
   -0.263590    0.620099  0.000000  1.0
   -0.263590    0.622150  0.000000  1.0
   -0.263590    0.624202  0.000000  1.0
   -0.263590    0.626253  0.000000  1.0
   -0.263590    0.628304  0.000000  1.0
   -0.263590    0.630355  0.000000  1.0
   -0.263590    0.632407  0.000000  1.0
   -0.263590    0.634458  0.000000  1.0
   -0.263590    0.636509  0.000000  1.0
   -0.263590    0.638561  0.000000  1.0
   -0.263590    0.640612  0.000000  1.0
   -0.263590    0.642663  0.000000  1.0
   -0.263590    0.644714  0.000000  1.0
   -0.263590    0.646766  0.000000  1.0
   -0.263590    0.648817  0.000000  1.0
   -0.263590    0.650868  0.000000  1.0
   -0.263590    0.652920  0.000000  1.0
   -0.263590    0.654971  0.000000  1.0
   -0.263590    0.657022  0.000000  1.0
   -0.263590    0.659073  0.000000  1.0
   -0.263590    0.661125  0.000000  1.0
   -0.263590    0.663176  0.000000  1.0
   -0.263590    0.665227  0.000000  1.0
   -0.263590    0.667279  0.000000  1.0
   -0.263590    0.669330  0.000000  1.0
   -0.263590    0.671381  0.000000  1.0
   -0.263590    0.673432  0.000000  1.0
   -0.263590    0.675484  0.000000  1.0
   -0.263590    0.677535  0.000000  1.0
   -0.263590    0.679586  0.000000  1.0
   -0.263590    0.681637  0.000000  1.0
   -0.263590    0.683689  0.000000  1.0
   -0.263590    0.685740  0.000000  1.0
   -0.261538    0.605740  0.000000  1.0
   -0.261538    0.607791  0.000000  1.0
   -0.261538    0.609843  0.000000  1.0
   -0.261538    0.611894  0.000000  1.0
   -0.261538    0.613945  0.000000  1.0
   -0.261538    0.615996  0.000000  1.0
   -0.261538    0.618048  0.000000  1.0
   -0.261538    0.620099  0.000000  1.0
   -0.261538    0.622150  0.000000  1.0
   -0.261538    0.624202  0.000000  1.0
   -0.261538    0.626253  0.000000  1.0
   -0.261538    0.628304  0.000000  1.0
   -0.261538    0.630355  0.000000  1.0
   -0.261538    0.632407  0.000000  1.0
   -0.261538    0.634458  0.000000  1.0
   -0.261538    0.636509  0.000000  1.0
   -0.261538    0.638561  0.000000  1.0
   -0.261538    0.640612  0.000000  1.0
   -0.261538    0.642663  0.000000  1.0
   -0.261538    0.644714  0.000000  1.0
   -0.261538    0.646766  0.000000  1.0
   -0.261538    0.648817  0.000000  1.0
   -0.261538    0.650868  0.000000  1.0
   -0.261538    0.652920  0.000000  1.0
   -0.261538    0.654971  0.000000  1.0
   -0.261538    0.657022  0.000000  1.0
   -0.261538    0.659073  0.000000  1.0
   -0.261538    0.661125  0.000000  1.0
   -0.261538    0.663176  0.000000  1.0
   -0.261538    0.665227  0.000000  1.0
   -0.261538    0.667279  0.000000  1.0
   -0.261538    0.669330  0.000000  1.0
   -0.261538    0.671381  0.000000  1.0
   -0.261538    0.673432  0.000000  1.0
   -0.261538    0.675484  0.000000  1.0
   -0.261538    0.677535  0.000000  1.0
   -0.261538    0.679586  0.000000  1.0
   -0.261538    0.681637  0.000000  1.0
   -0.261538    0.683689  0.000000  1.0
   -0.261538    0.685740  0.000000  1.0
   -0.259487    0.605740  0.000000  1.0
   -0.259487    0.607791  0.000000  1.0
   -0.259487    0.609843  0.000000  1.0
   -0.259487    0.611894  0.000000  1.0
   -0.259487    0.613945  0.000000  1.0
   -0.259487    0.615996  0.000000  1.0
   -0.259487    0.618048  0.000000  1.0
   -0.259487    0.620099  0.000000  1.0
   -0.259487    0.622150  0.000000  1.0
   -0.259487    0.624202  0.000000  1.0
   -0.259487    0.626253  0.000000  1.0
   -0.259487    0.628304  0.000000  1.0
   -0.259487    0.630355  0.000000  1.0
   -0.259487    0.632407  0.000000  1.0
   -0.259487    0.634458  0.000000  1.0
   -0.259487    0.636509  0.000000  1.0
   -0.259487    0.638561  0.000000  1.0
   -0.259487    0.640612  0.000000  1.0
   -0.259487    0.642663  0.000000  1.0
   -0.259487    0.644714  0.000000  1.0
   -0.259487    0.646766  0.000000  1.0
   -0.259487    0.648817  0.000000  1.0
   -0.259487    0.650868  0.000000  1.0
   -0.259487    0.652920  0.000000  1.0
   -0.259487    0.654971  0.000000  1.0
   -0.259487    0.657022  0.000000  1.0
   -0.259487    0.659073  0.000000  1.0
   -0.259487    0.661125  0.000000  1.0
   -0.259487    0.663176  0.000000  1.0
   -0.259487    0.665227  0.000000  1.0
   -0.259487    0.667279  0.000000  1.0
   -0.259487    0.669330  0.000000  1.0
   -0.259487    0.671381  0.000000  1.0
   -0.259487    0.673432  0.000000  1.0
   -0.259487    0.675484  0.000000  1.0
   -0.259487    0.677535  0.000000  1.0
   -0.259487    0.679586  0.000000  1.0
   -0.259487    0.681637  0.000000  1.0
   -0.259487    0.683689  0.000000  1.0
   -0.259487    0.685740  0.000000  1.0
   -0.257436    0.605740  0.000000  1.0
   -0.257436    0.607791  0.000000  1.0
   -0.257436    0.609843  0.000000  1.0
   -0.257436    0.611894  0.000000  1.0
   -0.257436    0.613945  0.000000  1.0
   -0.257436    0.615996  0.000000  1.0
   -0.257436    0.618048  0.000000  1.0
   -0.257436    0.620099  0.000000  1.0
   -0.257436    0.622150  0.000000  1.0
   -0.257436    0.624202  0.000000  1.0
   -0.257436    0.626253  0.000000  1.0
   -0.257436    0.628304  0.000000  1.0
   -0.257436    0.630355  0.000000  1.0
   -0.257436    0.632407  0.000000  1.0
   -0.257436    0.634458  0.000000  1.0
   -0.257436    0.636509  0.000000  1.0
   -0.257436    0.638561  0.000000  1.0
   -0.257436    0.640612  0.000000  1.0
   -0.257436    0.642663  0.000000  1.0
   -0.257436    0.644714  0.000000  1.0
   -0.257436    0.646766  0.000000  1.0
   -0.257436    0.648817  0.000000  1.0
   -0.257436    0.650868  0.000000  1.0
   -0.257436    0.652920  0.000000  1.0
   -0.257436    0.654971  0.000000  1.0
   -0.257436    0.657022  0.000000  1.0
   -0.257436    0.659073  0.000000  1.0
   -0.257436    0.661125  0.000000  1.0
   -0.257436    0.663176  0.000000  1.0
   -0.257436    0.665227  0.000000  1.0
   -0.257436    0.667279  0.000000  1.0
   -0.257436    0.669330  0.000000  1.0
   -0.257436    0.671381  0.000000  1.0
   -0.257436    0.673432  0.000000  1.0
   -0.257436    0.675484  0.000000  1.0
   -0.257436    0.677535  0.000000  1.0
   -0.257436    0.679586  0.000000  1.0
   -0.257436    0.681637  0.000000  1.0
   -0.257436    0.683689  0.000000  1.0
   -0.257436    0.685740  0.000000  1.0
   -0.255385    0.605740  0.000000  1.0
   -0.255385    0.607791  0.000000  1.0
   -0.255385    0.609843  0.000000  1.0
   -0.255385    0.611894  0.000000  1.0
   -0.255385    0.613945  0.000000  1.0
   -0.255385    0.615996  0.000000  1.0
   -0.255385    0.618048  0.000000  1.0
   -0.255385    0.620099  0.000000  1.0
   -0.255385    0.622150  0.000000  1.0
   -0.255385    0.624202  0.000000  1.0
   -0.255385    0.626253  0.000000  1.0
   -0.255385    0.628304  0.000000  1.0
   -0.255385    0.630355  0.000000  1.0
   -0.255385    0.632407  0.000000  1.0
   -0.255385    0.634458  0.000000  1.0
   -0.255385    0.636509  0.000000  1.0
   -0.255385    0.638561  0.000000  1.0
   -0.255385    0.640612  0.000000  1.0
   -0.255385    0.642663  0.000000  1.0
   -0.255385    0.644714  0.000000  1.0
   -0.255385    0.646766  0.000000  1.0
   -0.255385    0.648817  0.000000  1.0
   -0.255385    0.650868  0.000000  1.0
   -0.255385    0.652920  0.000000  1.0
   -0.255385    0.654971  0.000000  1.0
   -0.255385    0.657022  0.000000  1.0
   -0.255385    0.659073  0.000000  1.0
   -0.255385    0.661125  0.000000  1.0
   -0.255385    0.663176  0.000000  1.0
   -0.255385    0.665227  0.000000  1.0
   -0.255385    0.667279  0.000000  1.0
   -0.255385    0.669330  0.000000  1.0
   -0.255385    0.671381  0.000000  1.0
   -0.255385    0.673432  0.000000  1.0
   -0.255385    0.675484  0.000000  1.0
   -0.255385    0.677535  0.000000  1.0
   -0.255385    0.679586  0.000000  1.0
   -0.255385    0.681637  0.000000  1.0
   -0.255385    0.683689  0.000000  1.0
   -0.255385    0.685740  0.000000  1.0
   -0.253333    0.605740  0.000000  1.0
   -0.253333    0.607791  0.000000  1.0
   -0.253333    0.609843  0.000000  1.0
   -0.253333    0.611894  0.000000  1.0
   -0.253333    0.613945  0.000000  1.0
   -0.253333    0.615996  0.000000  1.0
   -0.253333    0.618048  0.000000  1.0
   -0.253333    0.620099  0.000000  1.0
   -0.253333    0.622150  0.000000  1.0
   -0.253333    0.624202  0.000000  1.0
   -0.253333    0.626253  0.000000  1.0
   -0.253333    0.628304  0.000000  1.0
   -0.253333    0.630355  0.000000  1.0
   -0.253333    0.632407  0.000000  1.0
   -0.253333    0.634458  0.000000  1.0
   -0.253333    0.636509  0.000000  1.0
   -0.253333    0.638561  0.000000  1.0
   -0.253333    0.640612  0.000000  1.0
   -0.253333    0.642663  0.000000  1.0
   -0.253333    0.644714  0.000000  1.0
   -0.253333    0.646766  0.000000  1.0
   -0.253333    0.648817  0.000000  1.0
   -0.253333    0.650868  0.000000  1.0
   -0.253333    0.652920  0.000000  1.0
   -0.253333    0.654971  0.000000  1.0
   -0.253333    0.657022  0.000000  1.0
   -0.253333    0.659073  0.000000  1.0
   -0.253333    0.661125  0.000000  1.0
   -0.253333    0.663176  0.000000  1.0
   -0.253333    0.665227  0.000000  1.0
   -0.253333    0.667279  0.000000  1.0
   -0.253333    0.669330  0.000000  1.0
   -0.253333    0.671381  0.000000  1.0
   -0.253333    0.673432  0.000000  1.0
   -0.253333    0.675484  0.000000  1.0
   -0.253333    0.677535  0.000000  1.0
   -0.253333    0.679586  0.000000  1.0
   -0.253333    0.681637  0.000000  1.0
   -0.253333    0.683689  0.000000  1.0
   -0.253333    0.685740  0.000000  1.0
   -0.251282    0.605740  0.000000  1.0
   -0.251282    0.607791  0.000000  1.0
   -0.251282    0.609843  0.000000  1.0
   -0.251282    0.611894  0.000000  1.0
   -0.251282    0.613945  0.000000  1.0
   -0.251282    0.615996  0.000000  1.0
   -0.251282    0.618048  0.000000  1.0
   -0.251282    0.620099  0.000000  1.0
   -0.251282    0.622150  0.000000  1.0
   -0.251282    0.624202  0.000000  1.0
   -0.251282    0.626253  0.000000  1.0
   -0.251282    0.628304  0.000000  1.0
   -0.251282    0.630355  0.000000  1.0
   -0.251282    0.632407  0.000000  1.0
   -0.251282    0.634458  0.000000  1.0
   -0.251282    0.636509  0.000000  1.0
   -0.251282    0.638561  0.000000  1.0
   -0.251282    0.640612  0.000000  1.0
   -0.251282    0.642663  0.000000  1.0
   -0.251282    0.644714  0.000000  1.0
   -0.251282    0.646766  0.000000  1.0
   -0.251282    0.648817  0.000000  1.0
   -0.251282    0.650868  0.000000  1.0
   -0.251282    0.652920  0.000000  1.0
   -0.251282    0.654971  0.000000  1.0
   -0.251282    0.657022  0.000000  1.0
   -0.251282    0.659073  0.000000  1.0
   -0.251282    0.661125  0.000000  1.0
   -0.251282    0.663176  0.000000  1.0
   -0.251282    0.665227  0.000000  1.0
   -0.251282    0.667279  0.000000  1.0
   -0.251282    0.669330  0.000000  1.0
   -0.251282    0.671381  0.000000  1.0
   -0.251282    0.673432  0.000000  1.0
   -0.251282    0.675484  0.000000  1.0
   -0.251282    0.677535  0.000000  1.0
   -0.251282    0.679586  0.000000  1.0
   -0.251282    0.681637  0.000000  1.0
   -0.251282    0.683689  0.000000  1.0
   -0.251282    0.685740  0.000000  1.0
   -0.249231    0.605740  0.000000  1.0
   -0.249231    0.607791  0.000000  1.0
   -0.249231    0.609843  0.000000  1.0
   -0.249231    0.611894  0.000000  1.0
   -0.249231    0.613945  0.000000  1.0
   -0.249231    0.615996  0.000000  1.0
   -0.249231    0.618048  0.000000  1.0
   -0.249231    0.620099  0.000000  1.0
   -0.249231    0.622150  0.000000  1.0
   -0.249231    0.624202  0.000000  1.0
   -0.249231    0.626253  0.000000  1.0
   -0.249231    0.628304  0.000000  1.0
   -0.249231    0.630355  0.000000  1.0
   -0.249231    0.632407  0.000000  1.0
   -0.249231    0.634458  0.000000  1.0
   -0.249231    0.636509  0.000000  1.0
   -0.249231    0.638561  0.000000  1.0
   -0.249231    0.640612  0.000000  1.0
   -0.249231    0.642663  0.000000  1.0
   -0.249231    0.644714  0.000000  1.0
   -0.249231    0.646766  0.000000  1.0
   -0.249231    0.648817  0.000000  1.0
   -0.249231    0.650868  0.000000  1.0
   -0.249231    0.652920  0.000000  1.0
   -0.249231    0.654971  0.000000  1.0
   -0.249231    0.657022  0.000000  1.0
   -0.249231    0.659073  0.000000  1.0
   -0.249231    0.661125  0.000000  1.0
   -0.249231    0.663176  0.000000  1.0
   -0.249231    0.665227  0.000000  1.0
   -0.249231    0.667279  0.000000  1.0
   -0.249231    0.669330  0.000000  1.0
   -0.249231    0.671381  0.000000  1.0
   -0.249231    0.673432  0.000000  1.0
   -0.249231    0.675484  0.000000  1.0
   -0.249231    0.677535  0.000000  1.0
   -0.249231    0.679586  0.000000  1.0
   -0.249231    0.681637  0.000000  1.0
   -0.249231    0.683689  0.000000  1.0
   -0.249231    0.685740  0.000000  1.0
   -0.247179    0.605740  0.000000  1.0
   -0.247179    0.607791  0.000000  1.0
   -0.247179    0.609843  0.000000  1.0
   -0.247179    0.611894  0.000000  1.0
   -0.247179    0.613945  0.000000  1.0
   -0.247179    0.615996  0.000000  1.0
   -0.247179    0.618048  0.000000  1.0
   -0.247179    0.620099  0.000000  1.0
   -0.247179    0.622150  0.000000  1.0
   -0.247179    0.624202  0.000000  1.0
   -0.247179    0.626253  0.000000  1.0
   -0.247179    0.628304  0.000000  1.0
   -0.247179    0.630355  0.000000  1.0
   -0.247179    0.632407  0.000000  1.0
   -0.247179    0.634458  0.000000  1.0
   -0.247179    0.636509  0.000000  1.0
   -0.247179    0.638561  0.000000  1.0
   -0.247179    0.640612  0.000000  1.0
   -0.247179    0.642663  0.000000  1.0
   -0.247179    0.644714  0.000000  1.0
   -0.247179    0.646766  0.000000  1.0
   -0.247179    0.648817  0.000000  1.0
   -0.247179    0.650868  0.000000  1.0
   -0.247179    0.652920  0.000000  1.0
   -0.247179    0.654971  0.000000  1.0
   -0.247179    0.657022  0.000000  1.0
   -0.247179    0.659073  0.000000  1.0
   -0.247179    0.661125  0.000000  1.0
   -0.247179    0.663176  0.000000  1.0
   -0.247179    0.665227  0.000000  1.0
   -0.247179    0.667279  0.000000  1.0
   -0.247179    0.669330  0.000000  1.0
   -0.247179    0.671381  0.000000  1.0
   -0.247179    0.673432  0.000000  1.0
   -0.247179    0.675484  0.000000  1.0
   -0.247179    0.677535  0.000000  1.0
   -0.247179    0.679586  0.000000  1.0
   -0.247179    0.681637  0.000000  1.0
   -0.247179    0.683689  0.000000  1.0
   -0.247179    0.685740  0.000000  1.0
   -0.245128    0.605740  0.000000  1.0
   -0.245128    0.607791  0.000000  1.0
   -0.245128    0.609843  0.000000  1.0
   -0.245128    0.611894  0.000000  1.0
   -0.245128    0.613945  0.000000  1.0
   -0.245128    0.615996  0.000000  1.0
   -0.245128    0.618048  0.000000  1.0
   -0.245128    0.620099  0.000000  1.0
   -0.245128    0.622150  0.000000  1.0
   -0.245128    0.624202  0.000000  1.0
   -0.245128    0.626253  0.000000  1.0
   -0.245128    0.628304  0.000000  1.0
   -0.245128    0.630355  0.000000  1.0
   -0.245128    0.632407  0.000000  1.0
   -0.245128    0.634458  0.000000  1.0
   -0.245128    0.636509  0.000000  1.0
   -0.245128    0.638561  0.000000  1.0
   -0.245128    0.640612  0.000000  1.0
   -0.245128    0.642663  0.000000  1.0
   -0.245128    0.644714  0.000000  1.0
   -0.245128    0.646766  0.000000  1.0
   -0.245128    0.648817  0.000000  1.0
   -0.245128    0.650868  0.000000  1.0
   -0.245128    0.652920  0.000000  1.0
   -0.245128    0.654971  0.000000  1.0
   -0.245128    0.657022  0.000000  1.0
   -0.245128    0.659073  0.000000  1.0
   -0.245128    0.661125  0.000000  1.0
   -0.245128    0.663176  0.000000  1.0
   -0.245128    0.665227  0.000000  1.0
   -0.245128    0.667279  0.000000  1.0
   -0.245128    0.669330  0.000000  1.0
   -0.245128    0.671381  0.000000  1.0
   -0.245128    0.673432  0.000000  1.0
   -0.245128    0.675484  0.000000  1.0
   -0.245128    0.677535  0.000000  1.0
   -0.245128    0.679586  0.000000  1.0
   -0.245128    0.681637  0.000000  1.0
   -0.245128    0.683689  0.000000  1.0
   -0.245128    0.685740  0.000000  1.0
   -0.243077    0.605740  0.000000  1.0
   -0.243077    0.607791  0.000000  1.0
   -0.243077    0.609843  0.000000  1.0
   -0.243077    0.611894  0.000000  1.0
   -0.243077    0.613945  0.000000  1.0
   -0.243077    0.615996  0.000000  1.0
   -0.243077    0.618048  0.000000  1.0
   -0.243077    0.620099  0.000000  1.0
   -0.243077    0.622150  0.000000  1.0
   -0.243077    0.624202  0.000000  1.0
   -0.243077    0.626253  0.000000  1.0
   -0.243077    0.628304  0.000000  1.0
   -0.243077    0.630355  0.000000  1.0
   -0.243077    0.632407  0.000000  1.0
   -0.243077    0.634458  0.000000  1.0
   -0.243077    0.636509  0.000000  1.0
   -0.243077    0.638561  0.000000  1.0
   -0.243077    0.640612  0.000000  1.0
   -0.243077    0.642663  0.000000  1.0
   -0.243077    0.644714  0.000000  1.0
   -0.243077    0.646766  0.000000  1.0
   -0.243077    0.648817  0.000000  1.0
   -0.243077    0.650868  0.000000  1.0
   -0.243077    0.652920  0.000000  1.0
   -0.243077    0.654971  0.000000  1.0
   -0.243077    0.657022  0.000000  1.0
   -0.243077    0.659073  0.000000  1.0
   -0.243077    0.661125  0.000000  1.0
   -0.243077    0.663176  0.000000  1.0
   -0.243077    0.665227  0.000000  1.0
   -0.243077    0.667279  0.000000  1.0
   -0.243077    0.669330  0.000000  1.0
   -0.243077    0.671381  0.000000  1.0
   -0.243077    0.673432  0.000000  1.0
   -0.243077    0.675484  0.000000  1.0
   -0.243077    0.677535  0.000000  1.0
   -0.243077    0.679586  0.000000  1.0
   -0.243077    0.681637  0.000000  1.0
   -0.243077    0.683689  0.000000  1.0
   -0.243077    0.685740  0.000000  1.0
   -0.241026    0.605740  0.000000  1.0
   -0.241026    0.607791  0.000000  1.0
   -0.241026    0.609843  0.000000  1.0
   -0.241026    0.611894  0.000000  1.0
   -0.241026    0.613945  0.000000  1.0
   -0.241026    0.615996  0.000000  1.0
   -0.241026    0.618048  0.000000  1.0
   -0.241026    0.620099  0.000000  1.0
   -0.241026    0.622150  0.000000  1.0
   -0.241026    0.624202  0.000000  1.0
   -0.241026    0.626253  0.000000  1.0
   -0.241026    0.628304  0.000000  1.0
   -0.241026    0.630355  0.000000  1.0
   -0.241026    0.632407  0.000000  1.0
   -0.241026    0.634458  0.000000  1.0
   -0.241026    0.636509  0.000000  1.0
   -0.241026    0.638561  0.000000  1.0
   -0.241026    0.640612  0.000000  1.0
   -0.241026    0.642663  0.000000  1.0
   -0.241026    0.644714  0.000000  1.0
   -0.241026    0.646766  0.000000  1.0
   -0.241026    0.648817  0.000000  1.0
   -0.241026    0.650868  0.000000  1.0
   -0.241026    0.652920  0.000000  1.0
   -0.241026    0.654971  0.000000  1.0
   -0.241026    0.657022  0.000000  1.0
   -0.241026    0.659073  0.000000  1.0
   -0.241026    0.661125  0.000000  1.0
   -0.241026    0.663176  0.000000  1.0
   -0.241026    0.665227  0.000000  1.0
   -0.241026    0.667279  0.000000  1.0
   -0.241026    0.669330  0.000000  1.0
   -0.241026    0.671381  0.000000  1.0
   -0.241026    0.673432  0.000000  1.0
   -0.241026    0.675484  0.000000  1.0
   -0.241026    0.677535  0.000000  1.0
   -0.241026    0.679586  0.000000  1.0
   -0.241026    0.681637  0.000000  1.0
   -0.241026    0.683689  0.000000  1.0
   -0.241026    0.685740  0.000000  1.0
   -0.238974    0.605740  0.000000  1.0
   -0.238974    0.607791  0.000000  1.0
   -0.238974    0.609843  0.000000  1.0
   -0.238974    0.611894  0.000000  1.0
   -0.238974    0.613945  0.000000  1.0
   -0.238974    0.615996  0.000000  1.0
   -0.238974    0.618048  0.000000  1.0
   -0.238974    0.620099  0.000000  1.0
   -0.238974    0.622150  0.000000  1.0
   -0.238974    0.624202  0.000000  1.0
   -0.238974    0.626253  0.000000  1.0
   -0.238974    0.628304  0.000000  1.0
   -0.238974    0.630355  0.000000  1.0
   -0.238974    0.632407  0.000000  1.0
   -0.238974    0.634458  0.000000  1.0
   -0.238974    0.636509  0.000000  1.0
   -0.238974    0.638561  0.000000  1.0
   -0.238974    0.640612  0.000000  1.0
   -0.238974    0.642663  0.000000  1.0
   -0.238974    0.644714  0.000000  1.0
   -0.238974    0.646766  0.000000  1.0
   -0.238974    0.648817  0.000000  1.0
   -0.238974    0.650868  0.000000  1.0
   -0.238974    0.652920  0.000000  1.0
   -0.238974    0.654971  0.000000  1.0
   -0.238974    0.657022  0.000000  1.0
   -0.238974    0.659073  0.000000  1.0
   -0.238974    0.661125  0.000000  1.0
   -0.238974    0.663176  0.000000  1.0
   -0.238974    0.665227  0.000000  1.0
   -0.238974    0.667279  0.000000  1.0
   -0.238974    0.669330  0.000000  1.0
   -0.238974    0.671381  0.000000  1.0
   -0.238974    0.673432  0.000000  1.0
   -0.238974    0.675484  0.000000  1.0
   -0.238974    0.677535  0.000000  1.0
   -0.238974    0.679586  0.000000  1.0
   -0.238974    0.681637  0.000000  1.0
   -0.238974    0.683689  0.000000  1.0
   -0.238974    0.685740  0.000000  1.0
   -0.236923    0.605740  0.000000  1.0
   -0.236923    0.607791  0.000000  1.0
   -0.236923    0.609843  0.000000  1.0
   -0.236923    0.611894  0.000000  1.0
   -0.236923    0.613945  0.000000  1.0
   -0.236923    0.615996  0.000000  1.0
   -0.236923    0.618048  0.000000  1.0
   -0.236923    0.620099  0.000000  1.0
   -0.236923    0.622150  0.000000  1.0
   -0.236923    0.624202  0.000000  1.0
   -0.236923    0.626253  0.000000  1.0
   -0.236923    0.628304  0.000000  1.0
   -0.236923    0.630355  0.000000  1.0
   -0.236923    0.632407  0.000000  1.0
   -0.236923    0.634458  0.000000  1.0
   -0.236923    0.636509  0.000000  1.0
   -0.236923    0.638561  0.000000  1.0
   -0.236923    0.640612  0.000000  1.0
   -0.236923    0.642663  0.000000  1.0
   -0.236923    0.644714  0.000000  1.0
   -0.236923    0.646766  0.000000  1.0
   -0.236923    0.648817  0.000000  1.0
   -0.236923    0.650868  0.000000  1.0
   -0.236923    0.652920  0.000000  1.0
   -0.236923    0.654971  0.000000  1.0
   -0.236923    0.657022  0.000000  1.0
   -0.236923    0.659073  0.000000  1.0
   -0.236923    0.661125  0.000000  1.0
   -0.236923    0.663176  0.000000  1.0
   -0.236923    0.665227  0.000000  1.0
   -0.236923    0.667279  0.000000  1.0
   -0.236923    0.669330  0.000000  1.0
   -0.236923    0.671381  0.000000  1.0
   -0.236923    0.673432  0.000000  1.0
   -0.236923    0.675484  0.000000  1.0
   -0.236923    0.677535  0.000000  1.0
   -0.236923    0.679586  0.000000  1.0
   -0.236923    0.681637  0.000000  1.0
   -0.236923    0.683689  0.000000  1.0
   -0.236923    0.685740  0.000000  1.0
   -0.234872    0.605740  0.000000  1.0
   -0.234872    0.607791  0.000000  1.0
   -0.234872    0.609843  0.000000  1.0
   -0.234872    0.611894  0.000000  1.0
   -0.234872    0.613945  0.000000  1.0
   -0.234872    0.615996  0.000000  1.0
   -0.234872    0.618048  0.000000  1.0
   -0.234872    0.620099  0.000000  1.0
   -0.234872    0.622150  0.000000  1.0
   -0.234872    0.624202  0.000000  1.0
   -0.234872    0.626253  0.000000  1.0
   -0.234872    0.628304  0.000000  1.0
   -0.234872    0.630355  0.000000  1.0
   -0.234872    0.632407  0.000000  1.0
   -0.234872    0.634458  0.000000  1.0
   -0.234872    0.636509  0.000000  1.0
   -0.234872    0.638561  0.000000  1.0
   -0.234872    0.640612  0.000000  1.0
   -0.234872    0.642663  0.000000  1.0
   -0.234872    0.644714  0.000000  1.0
   -0.234872    0.646766  0.000000  1.0
   -0.234872    0.648817  0.000000  1.0
   -0.234872    0.650868  0.000000  1.0
   -0.234872    0.652920  0.000000  1.0
   -0.234872    0.654971  0.000000  1.0
   -0.234872    0.657022  0.000000  1.0
   -0.234872    0.659073  0.000000  1.0
   -0.234872    0.661125  0.000000  1.0
   -0.234872    0.663176  0.000000  1.0
   -0.234872    0.665227  0.000000  1.0
   -0.234872    0.667279  0.000000  1.0
   -0.234872    0.669330  0.000000  1.0
   -0.234872    0.671381  0.000000  1.0
   -0.234872    0.673432  0.000000  1.0
   -0.234872    0.675484  0.000000  1.0
   -0.234872    0.677535  0.000000  1.0
   -0.234872    0.679586  0.000000  1.0
   -0.234872    0.681637  0.000000  1.0
   -0.234872    0.683689  0.000000  1.0
   -0.234872    0.685740  0.000000  1.0
   -0.232821    0.605740  0.000000  1.0
   -0.232821    0.607791  0.000000  1.0
   -0.232821    0.609843  0.000000  1.0
   -0.232821    0.611894  0.000000  1.0
   -0.232821    0.613945  0.000000  1.0
   -0.232821    0.615996  0.000000  1.0
   -0.232821    0.618048  0.000000  1.0
   -0.232821    0.620099  0.000000  1.0
   -0.232821    0.622150  0.000000  1.0
   -0.232821    0.624202  0.000000  1.0
   -0.232821    0.626253  0.000000  1.0
   -0.232821    0.628304  0.000000  1.0
   -0.232821    0.630355  0.000000  1.0
   -0.232821    0.632407  0.000000  1.0
   -0.232821    0.634458  0.000000  1.0
   -0.232821    0.636509  0.000000  1.0
   -0.232821    0.638561  0.000000  1.0
   -0.232821    0.640612  0.000000  1.0
   -0.232821    0.642663  0.000000  1.0
   -0.232821    0.644714  0.000000  1.0
   -0.232821    0.646766  0.000000  1.0
   -0.232821    0.648817  0.000000  1.0
   -0.232821    0.650868  0.000000  1.0
   -0.232821    0.652920  0.000000  1.0
   -0.232821    0.654971  0.000000  1.0
   -0.232821    0.657022  0.000000  1.0
   -0.232821    0.659073  0.000000  1.0
   -0.232821    0.661125  0.000000  1.0
   -0.232821    0.663176  0.000000  1.0
   -0.232821    0.665227  0.000000  1.0
   -0.232821    0.667279  0.000000  1.0
   -0.232821    0.669330  0.000000  1.0
   -0.232821    0.671381  0.000000  1.0
   -0.232821    0.673432  0.000000  1.0
   -0.232821    0.675484  0.000000  1.0
   -0.232821    0.677535  0.000000  1.0
   -0.232821    0.679586  0.000000  1.0
   -0.232821    0.681637  0.000000  1.0
   -0.232821    0.683689  0.000000  1.0
   -0.232821    0.685740  0.000000  1.0
   -0.230769    0.605740  0.000000  1.0
   -0.230769    0.607791  0.000000  1.0
   -0.230769    0.609843  0.000000  1.0
   -0.230769    0.611894  0.000000  1.0
   -0.230769    0.613945  0.000000  1.0
   -0.230769    0.615996  0.000000  1.0
   -0.230769    0.618048  0.000000  1.0
   -0.230769    0.620099  0.000000  1.0
   -0.230769    0.622150  0.000000  1.0
   -0.230769    0.624202  0.000000  1.0
   -0.230769    0.626253  0.000000  1.0
   -0.230769    0.628304  0.000000  1.0
   -0.230769    0.630355  0.000000  1.0
   -0.230769    0.632407  0.000000  1.0
   -0.230769    0.634458  0.000000  1.0
   -0.230769    0.636509  0.000000  1.0
   -0.230769    0.638561  0.000000  1.0
   -0.230769    0.640612  0.000000  1.0
   -0.230769    0.642663  0.000000  1.0
   -0.230769    0.644714  0.000000  1.0
   -0.230769    0.646766  0.000000  1.0
   -0.230769    0.648817  0.000000  1.0
   -0.230769    0.650868  0.000000  1.0
   -0.230769    0.652920  0.000000  1.0
   -0.230769    0.654971  0.000000  1.0
   -0.230769    0.657022  0.000000  1.0
   -0.230769    0.659073  0.000000  1.0
   -0.230769    0.661125  0.000000  1.0
   -0.230769    0.663176  0.000000  1.0
   -0.230769    0.665227  0.000000  1.0
   -0.230769    0.667279  0.000000  1.0
   -0.230769    0.669330  0.000000  1.0
   -0.230769    0.671381  0.000000  1.0
   -0.230769    0.673432  0.000000  1.0
   -0.230769    0.675484  0.000000  1.0
   -0.230769    0.677535  0.000000  1.0
   -0.230769    0.679586  0.000000  1.0
   -0.230769    0.681637  0.000000  1.0
   -0.230769    0.683689  0.000000  1.0
   -0.230769    0.685740  0.000000  1.0
   -0.228718    0.605740  0.000000  1.0
   -0.228718    0.607791  0.000000  1.0
   -0.228718    0.609843  0.000000  1.0
   -0.228718    0.611894  0.000000  1.0
   -0.228718    0.613945  0.000000  1.0
   -0.228718    0.615996  0.000000  1.0
   -0.228718    0.618048  0.000000  1.0
   -0.228718    0.620099  0.000000  1.0
   -0.228718    0.622150  0.000000  1.0
   -0.228718    0.624202  0.000000  1.0
   -0.228718    0.626253  0.000000  1.0
   -0.228718    0.628304  0.000000  1.0
   -0.228718    0.630355  0.000000  1.0
   -0.228718    0.632407  0.000000  1.0
   -0.228718    0.634458  0.000000  1.0
   -0.228718    0.636509  0.000000  1.0
   -0.228718    0.638561  0.000000  1.0
   -0.228718    0.640612  0.000000  1.0
   -0.228718    0.642663  0.000000  1.0
   -0.228718    0.644714  0.000000  1.0
   -0.228718    0.646766  0.000000  1.0
   -0.228718    0.648817  0.000000  1.0
   -0.228718    0.650868  0.000000  1.0
   -0.228718    0.652920  0.000000  1.0
   -0.228718    0.654971  0.000000  1.0
   -0.228718    0.657022  0.000000  1.0
   -0.228718    0.659073  0.000000  1.0
   -0.228718    0.661125  0.000000  1.0
   -0.228718    0.663176  0.000000  1.0
   -0.228718    0.665227  0.000000  1.0
   -0.228718    0.667279  0.000000  1.0
   -0.228718    0.669330  0.000000  1.0
   -0.228718    0.671381  0.000000  1.0
   -0.228718    0.673432  0.000000  1.0
   -0.228718    0.675484  0.000000  1.0
   -0.228718    0.677535  0.000000  1.0
   -0.228718    0.679586  0.000000  1.0
   -0.228718    0.681637  0.000000  1.0
   -0.228718    0.683689  0.000000  1.0
   -0.228718    0.685740  0.000000  1.0
   -0.226667    0.605740  0.000000  1.0
   -0.226667    0.607791  0.000000  1.0
   -0.226667    0.609843  0.000000  1.0
   -0.226667    0.611894  0.000000  1.0
   -0.226667    0.613945  0.000000  1.0
   -0.226667    0.615996  0.000000  1.0
   -0.226667    0.618048  0.000000  1.0
   -0.226667    0.620099  0.000000  1.0
   -0.226667    0.622150  0.000000  1.0
   -0.226667    0.624202  0.000000  1.0
   -0.226667    0.626253  0.000000  1.0
   -0.226667    0.628304  0.000000  1.0
   -0.226667    0.630355  0.000000  1.0
   -0.226667    0.632407  0.000000  1.0
   -0.226667    0.634458  0.000000  1.0
   -0.226667    0.636509  0.000000  1.0
   -0.226667    0.638561  0.000000  1.0
   -0.226667    0.640612  0.000000  1.0
   -0.226667    0.642663  0.000000  1.0
   -0.226667    0.644714  0.000000  1.0
   -0.226667    0.646766  0.000000  1.0
   -0.226667    0.648817  0.000000  1.0
   -0.226667    0.650868  0.000000  1.0
   -0.226667    0.652920  0.000000  1.0
   -0.226667    0.654971  0.000000  1.0
   -0.226667    0.657022  0.000000  1.0
   -0.226667    0.659073  0.000000  1.0
   -0.226667    0.661125  0.000000  1.0
   -0.226667    0.663176  0.000000  1.0
   -0.226667    0.665227  0.000000  1.0
   -0.226667    0.667279  0.000000  1.0
   -0.226667    0.669330  0.000000  1.0
   -0.226667    0.671381  0.000000  1.0
   -0.226667    0.673432  0.000000  1.0
   -0.226667    0.675484  0.000000  1.0
   -0.226667    0.677535  0.000000  1.0
   -0.226667    0.679586  0.000000  1.0
   -0.226667    0.681637  0.000000  1.0
   -0.226667    0.683689  0.000000  1.0
   -0.226667    0.685740  0.000000  1.0
