&CONTROL
  calculation = 'bands'
  prefix = 'graphene23.0zoom'
  outdir = './tmp'
  pseudo_dir = './'
  verbosity = 'high'
/
&SYSTEM
  ibrav = 0
  nat = 2
  ntyp = 1
  ecutwfc = 40.0
  nosym = .true.
  noinv = .true.
  nbnd = 8
/
&ELECTRONS
/
ATOMIC_SPECIES
  C  12.011  C.pbe-n-kjpaw_psl.1.0.0.UPF
CELL_PARAMETERS {bohr}
  5.724420  0.000000  0.000000
  2.862210  3.877525  0.000000
  0.000000  0.000000  30.000000
ATOMIC_POSITIONS {crystal}
  C  0.000366  0.166022  0.000000
  C  0.332967  0.500645  0.000000
K_POINTS {tpiba}
1600
   -0.173333    0.698154  0.000000  1.0
   -0.173333    0.700205  0.000000  1.0
   -0.173333    0.702256  0.000000  1.0
   -0.173333    0.704308  0.000000  1.0
   -0.173333    0.706359  0.000000  1.0
   -0.173333    0.708410  0.000000  1.0
   -0.173333    0.710462  0.000000  1.0
   -0.173333    0.712513  0.000000  1.0
   -0.173333    0.714564  0.000000  1.0
   -0.173333    0.716615  0.000000  1.0
   -0.173333    0.718667  0.000000  1.0
   -0.173333    0.720718  0.000000  1.0
   -0.173333    0.722769  0.000000  1.0
   -0.173333    0.724821  0.000000  1.0
   -0.173333    0.726872  0.000000  1.0
   -0.173333    0.728923  0.000000  1.0
   -0.173333    0.730974  0.000000  1.0
   -0.173333    0.733026  0.000000  1.0
   -0.173333    0.735077  0.000000  1.0
   -0.173333    0.737128  0.000000  1.0
   -0.173333    0.739179  0.000000  1.0
   -0.173333    0.741231  0.000000  1.0
   -0.173333    0.743282  0.000000  1.0
   -0.173333    0.745333  0.000000  1.0
   -0.173333    0.747385  0.000000  1.0
   -0.173333    0.749436  0.000000  1.0
   -0.173333    0.751487  0.000000  1.0
   -0.173333    0.753538  0.000000  1.0
   -0.173333    0.755590  0.000000  1.0
   -0.173333    0.757641  0.000000  1.0
   -0.173333    0.759692  0.000000  1.0
   -0.173333    0.761744  0.000000  1.0
   -0.173333    0.763795  0.000000  1.0
   -0.173333    0.765846  0.000000  1.0
   -0.173333    0.767897  0.000000  1.0
   -0.173333    0.769949  0.000000  1.0
   -0.173333    0.772000  0.000000  1.0
   -0.173333    0.774051  0.000000  1.0
   -0.173333    0.776103  0.000000  1.0
   -0.173333    0.778154  0.000000  1.0
   -0.171282    0.698154  0.000000  1.0
   -0.171282    0.700205  0.000000  1.0
   -0.171282    0.702256  0.000000  1.0
   -0.171282    0.704308  0.000000  1.0
   -0.171282    0.706359  0.000000  1.0
   -0.171282    0.708410  0.000000  1.0
   -0.171282    0.710462  0.000000  1.0
   -0.171282    0.712513  0.000000  1.0
   -0.171282    0.714564  0.000000  1.0
   -0.171282    0.716615  0.000000  1.0
   -0.171282    0.718667  0.000000  1.0
   -0.171282    0.720718  0.000000  1.0
   -0.171282    0.722769  0.000000  1.0
   -0.171282    0.724821  0.000000  1.0
   -0.171282    0.726872  0.000000  1.0
   -0.171282    0.728923  0.000000  1.0
   -0.171282    0.730974  0.000000  1.0
   -0.171282    0.733026  0.000000  1.0
   -0.171282    0.735077  0.000000  1.0
   -0.171282    0.737128  0.000000  1.0
   -0.171282    0.739179  0.000000  1.0
   -0.171282    0.741231  0.000000  1.0
   -0.171282    0.743282  0.000000  1.0
   -0.171282    0.745333  0.000000  1.0
   -0.171282    0.747385  0.000000  1.0
   -0.171282    0.749436  0.000000  1.0
   -0.171282    0.751487  0.000000  1.0
   -0.171282    0.753538  0.000000  1.0
   -0.171282    0.755590  0.000000  1.0
   -0.171282    0.757641  0.000000  1.0
   -0.171282    0.759692  0.000000  1.0
   -0.171282    0.761744  0.000000  1.0
   -0.171282    0.763795  0.000000  1.0
   -0.171282    0.765846  0.000000  1.0
   -0.171282    0.767897  0.000000  1.0
   -0.171282    0.769949  0.000000  1.0
   -0.171282    0.772000  0.000000  1.0
   -0.171282    0.774051  0.000000  1.0
   -0.171282    0.776103  0.000000  1.0
   -0.171282    0.778154  0.000000  1.0
   -0.169231    0.698154  0.000000  1.0
   -0.169231    0.700205  0.000000  1.0
   -0.169231    0.702256  0.000000  1.0
   -0.169231    0.704308  0.000000  1.0
   -0.169231    0.706359  0.000000  1.0
   -0.169231    0.708410  0.000000  1.0
   -0.169231    0.710462  0.000000  1.0
   -0.169231    0.712513  0.000000  1.0
   -0.169231    0.714564  0.000000  1.0
   -0.169231    0.716615  0.000000  1.0
   -0.169231    0.718667  0.000000  1.0
   -0.169231    0.720718  0.000000  1.0
   -0.169231    0.722769  0.000000  1.0
   -0.169231    0.724821  0.000000  1.0
   -0.169231    0.726872  0.000000  1.0
   -0.169231    0.728923  0.000000  1.0
   -0.169231    0.730974  0.000000  1.0
   -0.169231    0.733026  0.000000  1.0
   -0.169231    0.735077  0.000000  1.0
   -0.169231    0.737128  0.000000  1.0
   -0.169231    0.739179  0.000000  1.0
   -0.169231    0.741231  0.000000  1.0
   -0.169231    0.743282  0.000000  1.0
   -0.169231    0.745333  0.000000  1.0
   -0.169231    0.747385  0.000000  1.0
   -0.169231    0.749436  0.000000  1.0
   -0.169231    0.751487  0.000000  1.0
   -0.169231    0.753538  0.000000  1.0
   -0.169231    0.755590  0.000000  1.0
   -0.169231    0.757641  0.000000  1.0
   -0.169231    0.759692  0.000000  1.0
   -0.169231    0.761744  0.000000  1.0
   -0.169231    0.763795  0.000000  1.0
   -0.169231    0.765846  0.000000  1.0
   -0.169231    0.767897  0.000000  1.0
   -0.169231    0.769949  0.000000  1.0
   -0.169231    0.772000  0.000000  1.0
   -0.169231    0.774051  0.000000  1.0
   -0.169231    0.776103  0.000000  1.0
   -0.169231    0.778154  0.000000  1.0
   -0.167179    0.698154  0.000000  1.0
   -0.167179    0.700205  0.000000  1.0
   -0.167179    0.702256  0.000000  1.0
   -0.167179    0.704308  0.000000  1.0
   -0.167179    0.706359  0.000000  1.0
   -0.167179    0.708410  0.000000  1.0
   -0.167179    0.710462  0.000000  1.0
   -0.167179    0.712513  0.000000  1.0
   -0.167179    0.714564  0.000000  1.0
   -0.167179    0.716615  0.000000  1.0
   -0.167179    0.718667  0.000000  1.0
   -0.167179    0.720718  0.000000  1.0
   -0.167179    0.722769  0.000000  1.0
   -0.167179    0.724821  0.000000  1.0
   -0.167179    0.726872  0.000000  1.0
   -0.167179    0.728923  0.000000  1.0
   -0.167179    0.730974  0.000000  1.0
   -0.167179    0.733026  0.000000  1.0
   -0.167179    0.735077  0.000000  1.0
   -0.167179    0.737128  0.000000  1.0
   -0.167179    0.739179  0.000000  1.0
   -0.167179    0.741231  0.000000  1.0
   -0.167179    0.743282  0.000000  1.0
   -0.167179    0.745333  0.000000  1.0
   -0.167179    0.747385  0.000000  1.0
   -0.167179    0.749436  0.000000  1.0
   -0.167179    0.751487  0.000000  1.0
   -0.167179    0.753538  0.000000  1.0
   -0.167179    0.755590  0.000000  1.0
   -0.167179    0.757641  0.000000  1.0
   -0.167179    0.759692  0.000000  1.0
   -0.167179    0.761744  0.000000  1.0
   -0.167179    0.763795  0.000000  1.0
   -0.167179    0.765846  0.000000  1.0
   -0.167179    0.767897  0.000000  1.0
   -0.167179    0.769949  0.000000  1.0
   -0.167179    0.772000  0.000000  1.0
   -0.167179    0.774051  0.000000  1.0
   -0.167179    0.776103  0.000000  1.0
   -0.167179    0.778154  0.000000  1.0
   -0.165128    0.698154  0.000000  1.0
   -0.165128    0.700205  0.000000  1.0
   -0.165128    0.702256  0.000000  1.0
   -0.165128    0.704308  0.000000  1.0
   -0.165128    0.706359  0.000000  1.0
   -0.165128    0.708410  0.000000  1.0
   -0.165128    0.710462  0.000000  1.0
   -0.165128    0.712513  0.000000  1.0
   -0.165128    0.714564  0.000000  1.0
   -0.165128    0.716615  0.000000  1.0
   -0.165128    0.718667  0.000000  1.0
   -0.165128    0.720718  0.000000  1.0
   -0.165128    0.722769  0.000000  1.0
   -0.165128    0.724821  0.000000  1.0
   -0.165128    0.726872  0.000000  1.0
   -0.165128    0.728923  0.000000  1.0
   -0.165128    0.730974  0.000000  1.0
   -0.165128    0.733026  0.000000  1.0
   -0.165128    0.735077  0.000000  1.0
   -0.165128    0.737128  0.000000  1.0
   -0.165128    0.739179  0.000000  1.0
   -0.165128    0.741231  0.000000  1.0
   -0.165128    0.743282  0.000000  1.0
   -0.165128    0.745333  0.000000  1.0
   -0.165128    0.747385  0.000000  1.0
   -0.165128    0.749436  0.000000  1.0
   -0.165128    0.751487  0.000000  1.0
   -0.165128    0.753538  0.000000  1.0
   -0.165128    0.755590  0.000000  1.0
   -0.165128    0.757641  0.000000  1.0
   -0.165128    0.759692  0.000000  1.0
   -0.165128    0.761744  0.000000  1.0
   -0.165128    0.763795  0.000000  1.0
   -0.165128    0.765846  0.000000  1.0
   -0.165128    0.767897  0.000000  1.0
   -0.165128    0.769949  0.000000  1.0
   -0.165128    0.772000  0.000000  1.0
   -0.165128    0.774051  0.000000  1.0
   -0.165128    0.776103  0.000000  1.0
   -0.165128    0.778154  0.000000  1.0
   -0.163077    0.698154  0.000000  1.0
   -0.163077    0.700205  0.000000  1.0
   -0.163077    0.702256  0.000000  1.0
   -0.163077    0.704308  0.000000  1.0
   -0.163077    0.706359  0.000000  1.0
   -0.163077    0.708410  0.000000  1.0
   -0.163077    0.710462  0.000000  1.0
   -0.163077    0.712513  0.000000  1.0
   -0.163077    0.714564  0.000000  1.0
   -0.163077    0.716615  0.000000  1.0
   -0.163077    0.718667  0.000000  1.0
   -0.163077    0.720718  0.000000  1.0
   -0.163077    0.722769  0.000000  1.0
   -0.163077    0.724821  0.000000  1.0
   -0.163077    0.726872  0.000000  1.0
   -0.163077    0.728923  0.000000  1.0
   -0.163077    0.730974  0.000000  1.0
   -0.163077    0.733026  0.000000  1.0
   -0.163077    0.735077  0.000000  1.0
   -0.163077    0.737128  0.000000  1.0
   -0.163077    0.739179  0.000000  1.0
   -0.163077    0.741231  0.000000  1.0
   -0.163077    0.743282  0.000000  1.0
   -0.163077    0.745333  0.000000  1.0
   -0.163077    0.747385  0.000000  1.0
   -0.163077    0.749436  0.000000  1.0
   -0.163077    0.751487  0.000000  1.0
   -0.163077    0.753538  0.000000  1.0
   -0.163077    0.755590  0.000000  1.0
   -0.163077    0.757641  0.000000  1.0
   -0.163077    0.759692  0.000000  1.0
   -0.163077    0.761744  0.000000  1.0
   -0.163077    0.763795  0.000000  1.0
   -0.163077    0.765846  0.000000  1.0
   -0.163077    0.767897  0.000000  1.0
   -0.163077    0.769949  0.000000  1.0
   -0.163077    0.772000  0.000000  1.0
   -0.163077    0.774051  0.000000  1.0
   -0.163077    0.776103  0.000000  1.0
   -0.163077    0.778154  0.000000  1.0
   -0.161026    0.698154  0.000000  1.0
   -0.161026    0.700205  0.000000  1.0
   -0.161026    0.702256  0.000000  1.0
   -0.161026    0.704308  0.000000  1.0
   -0.161026    0.706359  0.000000  1.0
   -0.161026    0.708410  0.000000  1.0
   -0.161026    0.710462  0.000000  1.0
   -0.161026    0.712513  0.000000  1.0
   -0.161026    0.714564  0.000000  1.0
   -0.161026    0.716615  0.000000  1.0
   -0.161026    0.718667  0.000000  1.0
   -0.161026    0.720718  0.000000  1.0
   -0.161026    0.722769  0.000000  1.0
   -0.161026    0.724821  0.000000  1.0
   -0.161026    0.726872  0.000000  1.0
   -0.161026    0.728923  0.000000  1.0
   -0.161026    0.730974  0.000000  1.0
   -0.161026    0.733026  0.000000  1.0
   -0.161026    0.735077  0.000000  1.0
   -0.161026    0.737128  0.000000  1.0
   -0.161026    0.739179  0.000000  1.0
   -0.161026    0.741231  0.000000  1.0
   -0.161026    0.743282  0.000000  1.0
   -0.161026    0.745333  0.000000  1.0
   -0.161026    0.747385  0.000000  1.0
   -0.161026    0.749436  0.000000  1.0
   -0.161026    0.751487  0.000000  1.0
   -0.161026    0.753538  0.000000  1.0
   -0.161026    0.755590  0.000000  1.0
   -0.161026    0.757641  0.000000  1.0
   -0.161026    0.759692  0.000000  1.0
   -0.161026    0.761744  0.000000  1.0
   -0.161026    0.763795  0.000000  1.0
   -0.161026    0.765846  0.000000  1.0
   -0.161026    0.767897  0.000000  1.0
   -0.161026    0.769949  0.000000  1.0
   -0.161026    0.772000  0.000000  1.0
   -0.161026    0.774051  0.000000  1.0
   -0.161026    0.776103  0.000000  1.0
   -0.161026    0.778154  0.000000  1.0
   -0.158974    0.698154  0.000000  1.0
   -0.158974    0.700205  0.000000  1.0
   -0.158974    0.702256  0.000000  1.0
   -0.158974    0.704308  0.000000  1.0
   -0.158974    0.706359  0.000000  1.0
   -0.158974    0.708410  0.000000  1.0
   -0.158974    0.710462  0.000000  1.0
   -0.158974    0.712513  0.000000  1.0
   -0.158974    0.714564  0.000000  1.0
   -0.158974    0.716615  0.000000  1.0
   -0.158974    0.718667  0.000000  1.0
   -0.158974    0.720718  0.000000  1.0
   -0.158974    0.722769  0.000000  1.0
   -0.158974    0.724821  0.000000  1.0
   -0.158974    0.726872  0.000000  1.0
   -0.158974    0.728923  0.000000  1.0
   -0.158974    0.730974  0.000000  1.0
   -0.158974    0.733026  0.000000  1.0
   -0.158974    0.735077  0.000000  1.0
   -0.158974    0.737128  0.000000  1.0
   -0.158974    0.739179  0.000000  1.0
   -0.158974    0.741231  0.000000  1.0
   -0.158974    0.743282  0.000000  1.0
   -0.158974    0.745333  0.000000  1.0
   -0.158974    0.747385  0.000000  1.0
   -0.158974    0.749436  0.000000  1.0
   -0.158974    0.751487  0.000000  1.0
   -0.158974    0.753538  0.000000  1.0
   -0.158974    0.755590  0.000000  1.0
   -0.158974    0.757641  0.000000  1.0
   -0.158974    0.759692  0.000000  1.0
   -0.158974    0.761744  0.000000  1.0
   -0.158974    0.763795  0.000000  1.0
   -0.158974    0.765846  0.000000  1.0
   -0.158974    0.767897  0.000000  1.0
   -0.158974    0.769949  0.000000  1.0
   -0.158974    0.772000  0.000000  1.0
   -0.158974    0.774051  0.000000  1.0
   -0.158974    0.776103  0.000000  1.0
   -0.158974    0.778154  0.000000  1.0
   -0.156923    0.698154  0.000000  1.0
   -0.156923    0.700205  0.000000  1.0
   -0.156923    0.702256  0.000000  1.0
   -0.156923    0.704308  0.000000  1.0
   -0.156923    0.706359  0.000000  1.0
   -0.156923    0.708410  0.000000  1.0
   -0.156923    0.710462  0.000000  1.0
   -0.156923    0.712513  0.000000  1.0
   -0.156923    0.714564  0.000000  1.0
   -0.156923    0.716615  0.000000  1.0
   -0.156923    0.718667  0.000000  1.0
   -0.156923    0.720718  0.000000  1.0
   -0.156923    0.722769  0.000000  1.0
   -0.156923    0.724821  0.000000  1.0
   -0.156923    0.726872  0.000000  1.0
   -0.156923    0.728923  0.000000  1.0
   -0.156923    0.730974  0.000000  1.0
   -0.156923    0.733026  0.000000  1.0
   -0.156923    0.735077  0.000000  1.0
   -0.156923    0.737128  0.000000  1.0
   -0.156923    0.739179  0.000000  1.0
   -0.156923    0.741231  0.000000  1.0
   -0.156923    0.743282  0.000000  1.0
   -0.156923    0.745333  0.000000  1.0
   -0.156923    0.747385  0.000000  1.0
   -0.156923    0.749436  0.000000  1.0
   -0.156923    0.751487  0.000000  1.0
   -0.156923    0.753538  0.000000  1.0
   -0.156923    0.755590  0.000000  1.0
   -0.156923    0.757641  0.000000  1.0
   -0.156923    0.759692  0.000000  1.0
   -0.156923    0.761744  0.000000  1.0
   -0.156923    0.763795  0.000000  1.0
   -0.156923    0.765846  0.000000  1.0
   -0.156923    0.767897  0.000000  1.0
   -0.156923    0.769949  0.000000  1.0
   -0.156923    0.772000  0.000000  1.0
   -0.156923    0.774051  0.000000  1.0
   -0.156923    0.776103  0.000000  1.0
   -0.156923    0.778154  0.000000  1.0
   -0.154872    0.698154  0.000000  1.0
   -0.154872    0.700205  0.000000  1.0
   -0.154872    0.702256  0.000000  1.0
   -0.154872    0.704308  0.000000  1.0
   -0.154872    0.706359  0.000000  1.0
   -0.154872    0.708410  0.000000  1.0
   -0.154872    0.710462  0.000000  1.0
   -0.154872    0.712513  0.000000  1.0
   -0.154872    0.714564  0.000000  1.0
   -0.154872    0.716615  0.000000  1.0
   -0.154872    0.718667  0.000000  1.0
   -0.154872    0.720718  0.000000  1.0
   -0.154872    0.722769  0.000000  1.0
   -0.154872    0.724821  0.000000  1.0
   -0.154872    0.726872  0.000000  1.0
   -0.154872    0.728923  0.000000  1.0
   -0.154872    0.730974  0.000000  1.0
   -0.154872    0.733026  0.000000  1.0
   -0.154872    0.735077  0.000000  1.0
   -0.154872    0.737128  0.000000  1.0
   -0.154872    0.739179  0.000000  1.0
   -0.154872    0.741231  0.000000  1.0
   -0.154872    0.743282  0.000000  1.0
   -0.154872    0.745333  0.000000  1.0
   -0.154872    0.747385  0.000000  1.0
   -0.154872    0.749436  0.000000  1.0
   -0.154872    0.751487  0.000000  1.0
   -0.154872    0.753538  0.000000  1.0
   -0.154872    0.755590  0.000000  1.0
   -0.154872    0.757641  0.000000  1.0
   -0.154872    0.759692  0.000000  1.0
   -0.154872    0.761744  0.000000  1.0
   -0.154872    0.763795  0.000000  1.0
   -0.154872    0.765846  0.000000  1.0
   -0.154872    0.767897  0.000000  1.0
   -0.154872    0.769949  0.000000  1.0
   -0.154872    0.772000  0.000000  1.0
   -0.154872    0.774051  0.000000  1.0
   -0.154872    0.776103  0.000000  1.0
   -0.154872    0.778154  0.000000  1.0
   -0.152821    0.698154  0.000000  1.0
   -0.152821    0.700205  0.000000  1.0
   -0.152821    0.702256  0.000000  1.0
   -0.152821    0.704308  0.000000  1.0
   -0.152821    0.706359  0.000000  1.0
   -0.152821    0.708410  0.000000  1.0
   -0.152821    0.710462  0.000000  1.0
   -0.152821    0.712513  0.000000  1.0
   -0.152821    0.714564  0.000000  1.0
   -0.152821    0.716615  0.000000  1.0
   -0.152821    0.718667  0.000000  1.0
   -0.152821    0.720718  0.000000  1.0
   -0.152821    0.722769  0.000000  1.0
   -0.152821    0.724821  0.000000  1.0
   -0.152821    0.726872  0.000000  1.0
   -0.152821    0.728923  0.000000  1.0
   -0.152821    0.730974  0.000000  1.0
   -0.152821    0.733026  0.000000  1.0
   -0.152821    0.735077  0.000000  1.0
   -0.152821    0.737128  0.000000  1.0
   -0.152821    0.739179  0.000000  1.0
   -0.152821    0.741231  0.000000  1.0
   -0.152821    0.743282  0.000000  1.0
   -0.152821    0.745333  0.000000  1.0
   -0.152821    0.747385  0.000000  1.0
   -0.152821    0.749436  0.000000  1.0
   -0.152821    0.751487  0.000000  1.0
   -0.152821    0.753538  0.000000  1.0
   -0.152821    0.755590  0.000000  1.0
   -0.152821    0.757641  0.000000  1.0
   -0.152821    0.759692  0.000000  1.0
   -0.152821    0.761744  0.000000  1.0
   -0.152821    0.763795  0.000000  1.0
   -0.152821    0.765846  0.000000  1.0
   -0.152821    0.767897  0.000000  1.0
   -0.152821    0.769949  0.000000  1.0
   -0.152821    0.772000  0.000000  1.0
   -0.152821    0.774051  0.000000  1.0
   -0.152821    0.776103  0.000000  1.0
   -0.152821    0.778154  0.000000  1.0
   -0.150769    0.698154  0.000000  1.0
   -0.150769    0.700205  0.000000  1.0
   -0.150769    0.702256  0.000000  1.0
   -0.150769    0.704308  0.000000  1.0
   -0.150769    0.706359  0.000000  1.0
   -0.150769    0.708410  0.000000  1.0
   -0.150769    0.710462  0.000000  1.0
   -0.150769    0.712513  0.000000  1.0
   -0.150769    0.714564  0.000000  1.0
   -0.150769    0.716615  0.000000  1.0
   -0.150769    0.718667  0.000000  1.0
   -0.150769    0.720718  0.000000  1.0
   -0.150769    0.722769  0.000000  1.0
   -0.150769    0.724821  0.000000  1.0
   -0.150769    0.726872  0.000000  1.0
   -0.150769    0.728923  0.000000  1.0
   -0.150769    0.730974  0.000000  1.0
   -0.150769    0.733026  0.000000  1.0
   -0.150769    0.735077  0.000000  1.0
   -0.150769    0.737128  0.000000  1.0
   -0.150769    0.739179  0.000000  1.0
   -0.150769    0.741231  0.000000  1.0
   -0.150769    0.743282  0.000000  1.0
   -0.150769    0.745333  0.000000  1.0
   -0.150769    0.747385  0.000000  1.0
   -0.150769    0.749436  0.000000  1.0
   -0.150769    0.751487  0.000000  1.0
   -0.150769    0.753538  0.000000  1.0
   -0.150769    0.755590  0.000000  1.0
   -0.150769    0.757641  0.000000  1.0
   -0.150769    0.759692  0.000000  1.0
   -0.150769    0.761744  0.000000  1.0
   -0.150769    0.763795  0.000000  1.0
   -0.150769    0.765846  0.000000  1.0
   -0.150769    0.767897  0.000000  1.0
   -0.150769    0.769949  0.000000  1.0
   -0.150769    0.772000  0.000000  1.0
   -0.150769    0.774051  0.000000  1.0
   -0.150769    0.776103  0.000000  1.0
   -0.150769    0.778154  0.000000  1.0
   -0.148718    0.698154  0.000000  1.0
   -0.148718    0.700205  0.000000  1.0
   -0.148718    0.702256  0.000000  1.0
   -0.148718    0.704308  0.000000  1.0
   -0.148718    0.706359  0.000000  1.0
   -0.148718    0.708410  0.000000  1.0
   -0.148718    0.710462  0.000000  1.0
   -0.148718    0.712513  0.000000  1.0
   -0.148718    0.714564  0.000000  1.0
   -0.148718    0.716615  0.000000  1.0
   -0.148718    0.718667  0.000000  1.0
   -0.148718    0.720718  0.000000  1.0
   -0.148718    0.722769  0.000000  1.0
   -0.148718    0.724821  0.000000  1.0
   -0.148718    0.726872  0.000000  1.0
   -0.148718    0.728923  0.000000  1.0
   -0.148718    0.730974  0.000000  1.0
   -0.148718    0.733026  0.000000  1.0
   -0.148718    0.735077  0.000000  1.0
   -0.148718    0.737128  0.000000  1.0
   -0.148718    0.739179  0.000000  1.0
   -0.148718    0.741231  0.000000  1.0
   -0.148718    0.743282  0.000000  1.0
   -0.148718    0.745333  0.000000  1.0
   -0.148718    0.747385  0.000000  1.0
   -0.148718    0.749436  0.000000  1.0
   -0.148718    0.751487  0.000000  1.0
   -0.148718    0.753538  0.000000  1.0
   -0.148718    0.755590  0.000000  1.0
   -0.148718    0.757641  0.000000  1.0
   -0.148718    0.759692  0.000000  1.0
   -0.148718    0.761744  0.000000  1.0
   -0.148718    0.763795  0.000000  1.0
   -0.148718    0.765846  0.000000  1.0
   -0.148718    0.767897  0.000000  1.0
   -0.148718    0.769949  0.000000  1.0
   -0.148718    0.772000  0.000000  1.0
   -0.148718    0.774051  0.000000  1.0
   -0.148718    0.776103  0.000000  1.0
   -0.148718    0.778154  0.000000  1.0
   -0.146667    0.698154  0.000000  1.0
   -0.146667    0.700205  0.000000  1.0
   -0.146667    0.702256  0.000000  1.0
   -0.146667    0.704308  0.000000  1.0
   -0.146667    0.706359  0.000000  1.0
   -0.146667    0.708410  0.000000  1.0
   -0.146667    0.710462  0.000000  1.0
   -0.146667    0.712513  0.000000  1.0
   -0.146667    0.714564  0.000000  1.0
   -0.146667    0.716615  0.000000  1.0
   -0.146667    0.718667  0.000000  1.0
   -0.146667    0.720718  0.000000  1.0
   -0.146667    0.722769  0.000000  1.0
   -0.146667    0.724821  0.000000  1.0
   -0.146667    0.726872  0.000000  1.0
   -0.146667    0.728923  0.000000  1.0
   -0.146667    0.730974  0.000000  1.0
   -0.146667    0.733026  0.000000  1.0
   -0.146667    0.735077  0.000000  1.0
   -0.146667    0.737128  0.000000  1.0
   -0.146667    0.739179  0.000000  1.0
   -0.146667    0.741231  0.000000  1.0
   -0.146667    0.743282  0.000000  1.0
   -0.146667    0.745333  0.000000  1.0
   -0.146667    0.747385  0.000000  1.0
   -0.146667    0.749436  0.000000  1.0
   -0.146667    0.751487  0.000000  1.0
   -0.146667    0.753538  0.000000  1.0
   -0.146667    0.755590  0.000000  1.0
   -0.146667    0.757641  0.000000  1.0
   -0.146667    0.759692  0.000000  1.0
   -0.146667    0.761744  0.000000  1.0
   -0.146667    0.763795  0.000000  1.0
   -0.146667    0.765846  0.000000  1.0
   -0.146667    0.767897  0.000000  1.0
   -0.146667    0.769949  0.000000  1.0
   -0.146667    0.772000  0.000000  1.0
   -0.146667    0.774051  0.000000  1.0
   -0.146667    0.776103  0.000000  1.0
   -0.146667    0.778154  0.000000  1.0
   -0.144615    0.698154  0.000000  1.0
   -0.144615    0.700205  0.000000  1.0
   -0.144615    0.702256  0.000000  1.0
   -0.144615    0.704308  0.000000  1.0
   -0.144615    0.706359  0.000000  1.0
   -0.144615    0.708410  0.000000  1.0
   -0.144615    0.710462  0.000000  1.0
   -0.144615    0.712513  0.000000  1.0
   -0.144615    0.714564  0.000000  1.0
   -0.144615    0.716615  0.000000  1.0
   -0.144615    0.718667  0.000000  1.0
   -0.144615    0.720718  0.000000  1.0
   -0.144615    0.722769  0.000000  1.0
   -0.144615    0.724821  0.000000  1.0
   -0.144615    0.726872  0.000000  1.0
   -0.144615    0.728923  0.000000  1.0
   -0.144615    0.730974  0.000000  1.0
   -0.144615    0.733026  0.000000  1.0
   -0.144615    0.735077  0.000000  1.0
   -0.144615    0.737128  0.000000  1.0
   -0.144615    0.739179  0.000000  1.0
   -0.144615    0.741231  0.000000  1.0
   -0.144615    0.743282  0.000000  1.0
   -0.144615    0.745333  0.000000  1.0
   -0.144615    0.747385  0.000000  1.0
   -0.144615    0.749436  0.000000  1.0
   -0.144615    0.751487  0.000000  1.0
   -0.144615    0.753538  0.000000  1.0
   -0.144615    0.755590  0.000000  1.0
   -0.144615    0.757641  0.000000  1.0
   -0.144615    0.759692  0.000000  1.0
   -0.144615    0.761744  0.000000  1.0
   -0.144615    0.763795  0.000000  1.0
   -0.144615    0.765846  0.000000  1.0
   -0.144615    0.767897  0.000000  1.0
   -0.144615    0.769949  0.000000  1.0
   -0.144615    0.772000  0.000000  1.0
   -0.144615    0.774051  0.000000  1.0
   -0.144615    0.776103  0.000000  1.0
   -0.144615    0.778154  0.000000  1.0
   -0.142564    0.698154  0.000000  1.0
   -0.142564    0.700205  0.000000  1.0
   -0.142564    0.702256  0.000000  1.0
   -0.142564    0.704308  0.000000  1.0
   -0.142564    0.706359  0.000000  1.0
   -0.142564    0.708410  0.000000  1.0
   -0.142564    0.710462  0.000000  1.0
   -0.142564    0.712513  0.000000  1.0
   -0.142564    0.714564  0.000000  1.0
   -0.142564    0.716615  0.000000  1.0
   -0.142564    0.718667  0.000000  1.0
   -0.142564    0.720718  0.000000  1.0
   -0.142564    0.722769  0.000000  1.0
   -0.142564    0.724821  0.000000  1.0
   -0.142564    0.726872  0.000000  1.0
   -0.142564    0.728923  0.000000  1.0
   -0.142564    0.730974  0.000000  1.0
   -0.142564    0.733026  0.000000  1.0
   -0.142564    0.735077  0.000000  1.0
   -0.142564    0.737128  0.000000  1.0
   -0.142564    0.739179  0.000000  1.0
   -0.142564    0.741231  0.000000  1.0
   -0.142564    0.743282  0.000000  1.0
   -0.142564    0.745333  0.000000  1.0
   -0.142564    0.747385  0.000000  1.0
   -0.142564    0.749436  0.000000  1.0
   -0.142564    0.751487  0.000000  1.0
   -0.142564    0.753538  0.000000  1.0
   -0.142564    0.755590  0.000000  1.0
   -0.142564    0.757641  0.000000  1.0
   -0.142564    0.759692  0.000000  1.0
   -0.142564    0.761744  0.000000  1.0
   -0.142564    0.763795  0.000000  1.0
   -0.142564    0.765846  0.000000  1.0
   -0.142564    0.767897  0.000000  1.0
   -0.142564    0.769949  0.000000  1.0
   -0.142564    0.772000  0.000000  1.0
   -0.142564    0.774051  0.000000  1.0
   -0.142564    0.776103  0.000000  1.0
   -0.142564    0.778154  0.000000  1.0
   -0.140513    0.698154  0.000000  1.0
   -0.140513    0.700205  0.000000  1.0
   -0.140513    0.702256  0.000000  1.0
   -0.140513    0.704308  0.000000  1.0
   -0.140513    0.706359  0.000000  1.0
   -0.140513    0.708410  0.000000  1.0
   -0.140513    0.710462  0.000000  1.0
   -0.140513    0.712513  0.000000  1.0
   -0.140513    0.714564  0.000000  1.0
   -0.140513    0.716615  0.000000  1.0
   -0.140513    0.718667  0.000000  1.0
   -0.140513    0.720718  0.000000  1.0
   -0.140513    0.722769  0.000000  1.0
   -0.140513    0.724821  0.000000  1.0
   -0.140513    0.726872  0.000000  1.0
   -0.140513    0.728923  0.000000  1.0
   -0.140513    0.730974  0.000000  1.0
   -0.140513    0.733026  0.000000  1.0
   -0.140513    0.735077  0.000000  1.0
   -0.140513    0.737128  0.000000  1.0
   -0.140513    0.739179  0.000000  1.0
   -0.140513    0.741231  0.000000  1.0
   -0.140513    0.743282  0.000000  1.0
   -0.140513    0.745333  0.000000  1.0
   -0.140513    0.747385  0.000000  1.0
   -0.140513    0.749436  0.000000  1.0
   -0.140513    0.751487  0.000000  1.0
   -0.140513    0.753538  0.000000  1.0
   -0.140513    0.755590  0.000000  1.0
   -0.140513    0.757641  0.000000  1.0
   -0.140513    0.759692  0.000000  1.0
   -0.140513    0.761744  0.000000  1.0
   -0.140513    0.763795  0.000000  1.0
   -0.140513    0.765846  0.000000  1.0
   -0.140513    0.767897  0.000000  1.0
   -0.140513    0.769949  0.000000  1.0
   -0.140513    0.772000  0.000000  1.0
   -0.140513    0.774051  0.000000  1.0
   -0.140513    0.776103  0.000000  1.0
   -0.140513    0.778154  0.000000  1.0
   -0.138462    0.698154  0.000000  1.0
   -0.138462    0.700205  0.000000  1.0
   -0.138462    0.702256  0.000000  1.0
   -0.138462    0.704308  0.000000  1.0
   -0.138462    0.706359  0.000000  1.0
   -0.138462    0.708410  0.000000  1.0
   -0.138462    0.710462  0.000000  1.0
   -0.138462    0.712513  0.000000  1.0
   -0.138462    0.714564  0.000000  1.0
   -0.138462    0.716615  0.000000  1.0
   -0.138462    0.718667  0.000000  1.0
   -0.138462    0.720718  0.000000  1.0
   -0.138462    0.722769  0.000000  1.0
   -0.138462    0.724821  0.000000  1.0
   -0.138462    0.726872  0.000000  1.0
   -0.138462    0.728923  0.000000  1.0
   -0.138462    0.730974  0.000000  1.0
   -0.138462    0.733026  0.000000  1.0
   -0.138462    0.735077  0.000000  1.0
   -0.138462    0.737128  0.000000  1.0
   -0.138462    0.739179  0.000000  1.0
   -0.138462    0.741231  0.000000  1.0
   -0.138462    0.743282  0.000000  1.0
   -0.138462    0.745333  0.000000  1.0
   -0.138462    0.747385  0.000000  1.0
   -0.138462    0.749436  0.000000  1.0
   -0.138462    0.751487  0.000000  1.0
   -0.138462    0.753538  0.000000  1.0
   -0.138462    0.755590  0.000000  1.0
   -0.138462    0.757641  0.000000  1.0
   -0.138462    0.759692  0.000000  1.0
   -0.138462    0.761744  0.000000  1.0
   -0.138462    0.763795  0.000000  1.0
   -0.138462    0.765846  0.000000  1.0
   -0.138462    0.767897  0.000000  1.0
   -0.138462    0.769949  0.000000  1.0
   -0.138462    0.772000  0.000000  1.0
   -0.138462    0.774051  0.000000  1.0
   -0.138462    0.776103  0.000000  1.0
   -0.138462    0.778154  0.000000  1.0
   -0.136410    0.698154  0.000000  1.0
   -0.136410    0.700205  0.000000  1.0
   -0.136410    0.702256  0.000000  1.0
   -0.136410    0.704308  0.000000  1.0
   -0.136410    0.706359  0.000000  1.0
   -0.136410    0.708410  0.000000  1.0
   -0.136410    0.710462  0.000000  1.0
   -0.136410    0.712513  0.000000  1.0
   -0.136410    0.714564  0.000000  1.0
   -0.136410    0.716615  0.000000  1.0
   -0.136410    0.718667  0.000000  1.0
   -0.136410    0.720718  0.000000  1.0
   -0.136410    0.722769  0.000000  1.0
   -0.136410    0.724821  0.000000  1.0
   -0.136410    0.726872  0.000000  1.0
   -0.136410    0.728923  0.000000  1.0
   -0.136410    0.730974  0.000000  1.0
   -0.136410    0.733026  0.000000  1.0
   -0.136410    0.735077  0.000000  1.0
   -0.136410    0.737128  0.000000  1.0
   -0.136410    0.739179  0.000000  1.0
   -0.136410    0.741231  0.000000  1.0
   -0.136410    0.743282  0.000000  1.0
   -0.136410    0.745333  0.000000  1.0
   -0.136410    0.747385  0.000000  1.0
   -0.136410    0.749436  0.000000  1.0
   -0.136410    0.751487  0.000000  1.0
   -0.136410    0.753538  0.000000  1.0
   -0.136410    0.755590  0.000000  1.0
   -0.136410    0.757641  0.000000  1.0
   -0.136410    0.759692  0.000000  1.0
   -0.136410    0.761744  0.000000  1.0
   -0.136410    0.763795  0.000000  1.0
   -0.136410    0.765846  0.000000  1.0
   -0.136410    0.767897  0.000000  1.0
   -0.136410    0.769949  0.000000  1.0
   -0.136410    0.772000  0.000000  1.0
   -0.136410    0.774051  0.000000  1.0
   -0.136410    0.776103  0.000000  1.0
   -0.136410    0.778154  0.000000  1.0
   -0.134359    0.698154  0.000000  1.0
   -0.134359    0.700205  0.000000  1.0
   -0.134359    0.702256  0.000000  1.0
   -0.134359    0.704308  0.000000  1.0
   -0.134359    0.706359  0.000000  1.0
   -0.134359    0.708410  0.000000  1.0
   -0.134359    0.710462  0.000000  1.0
   -0.134359    0.712513  0.000000  1.0
   -0.134359    0.714564  0.000000  1.0
   -0.134359    0.716615  0.000000  1.0
   -0.134359    0.718667  0.000000  1.0
   -0.134359    0.720718  0.000000  1.0
   -0.134359    0.722769  0.000000  1.0
   -0.134359    0.724821  0.000000  1.0
   -0.134359    0.726872  0.000000  1.0
   -0.134359    0.728923  0.000000  1.0
   -0.134359    0.730974  0.000000  1.0
   -0.134359    0.733026  0.000000  1.0
   -0.134359    0.735077  0.000000  1.0
   -0.134359    0.737128  0.000000  1.0
   -0.134359    0.739179  0.000000  1.0
   -0.134359    0.741231  0.000000  1.0
   -0.134359    0.743282  0.000000  1.0
   -0.134359    0.745333  0.000000  1.0
   -0.134359    0.747385  0.000000  1.0
   -0.134359    0.749436  0.000000  1.0
   -0.134359    0.751487  0.000000  1.0
   -0.134359    0.753538  0.000000  1.0
   -0.134359    0.755590  0.000000  1.0
   -0.134359    0.757641  0.000000  1.0
   -0.134359    0.759692  0.000000  1.0
   -0.134359    0.761744  0.000000  1.0
   -0.134359    0.763795  0.000000  1.0
   -0.134359    0.765846  0.000000  1.0
   -0.134359    0.767897  0.000000  1.0
   -0.134359    0.769949  0.000000  1.0
   -0.134359    0.772000  0.000000  1.0
   -0.134359    0.774051  0.000000  1.0
   -0.134359    0.776103  0.000000  1.0
   -0.134359    0.778154  0.000000  1.0
   -0.132308    0.698154  0.000000  1.0
   -0.132308    0.700205  0.000000  1.0
   -0.132308    0.702256  0.000000  1.0
   -0.132308    0.704308  0.000000  1.0
   -0.132308    0.706359  0.000000  1.0
   -0.132308    0.708410  0.000000  1.0
   -0.132308    0.710462  0.000000  1.0
   -0.132308    0.712513  0.000000  1.0
   -0.132308    0.714564  0.000000  1.0
   -0.132308    0.716615  0.000000  1.0
   -0.132308    0.718667  0.000000  1.0
   -0.132308    0.720718  0.000000  1.0
   -0.132308    0.722769  0.000000  1.0
   -0.132308    0.724821  0.000000  1.0
   -0.132308    0.726872  0.000000  1.0
   -0.132308    0.728923  0.000000  1.0
   -0.132308    0.730974  0.000000  1.0
   -0.132308    0.733026  0.000000  1.0
   -0.132308    0.735077  0.000000  1.0
   -0.132308    0.737128  0.000000  1.0
   -0.132308    0.739179  0.000000  1.0
   -0.132308    0.741231  0.000000  1.0
   -0.132308    0.743282  0.000000  1.0
   -0.132308    0.745333  0.000000  1.0
   -0.132308    0.747385  0.000000  1.0
   -0.132308    0.749436  0.000000  1.0
   -0.132308    0.751487  0.000000  1.0
   -0.132308    0.753538  0.000000  1.0
   -0.132308    0.755590  0.000000  1.0
   -0.132308    0.757641  0.000000  1.0
   -0.132308    0.759692  0.000000  1.0
   -0.132308    0.761744  0.000000  1.0
   -0.132308    0.763795  0.000000  1.0
   -0.132308    0.765846  0.000000  1.0
   -0.132308    0.767897  0.000000  1.0
   -0.132308    0.769949  0.000000  1.0
   -0.132308    0.772000  0.000000  1.0
   -0.132308    0.774051  0.000000  1.0
   -0.132308    0.776103  0.000000  1.0
   -0.132308    0.778154  0.000000  1.0
   -0.130256    0.698154  0.000000  1.0
   -0.130256    0.700205  0.000000  1.0
   -0.130256    0.702256  0.000000  1.0
   -0.130256    0.704308  0.000000  1.0
   -0.130256    0.706359  0.000000  1.0
   -0.130256    0.708410  0.000000  1.0
   -0.130256    0.710462  0.000000  1.0
   -0.130256    0.712513  0.000000  1.0
   -0.130256    0.714564  0.000000  1.0
   -0.130256    0.716615  0.000000  1.0
   -0.130256    0.718667  0.000000  1.0
   -0.130256    0.720718  0.000000  1.0
   -0.130256    0.722769  0.000000  1.0
   -0.130256    0.724821  0.000000  1.0
   -0.130256    0.726872  0.000000  1.0
   -0.130256    0.728923  0.000000  1.0
   -0.130256    0.730974  0.000000  1.0
   -0.130256    0.733026  0.000000  1.0
   -0.130256    0.735077  0.000000  1.0
   -0.130256    0.737128  0.000000  1.0
   -0.130256    0.739179  0.000000  1.0
   -0.130256    0.741231  0.000000  1.0
   -0.130256    0.743282  0.000000  1.0
   -0.130256    0.745333  0.000000  1.0
   -0.130256    0.747385  0.000000  1.0
   -0.130256    0.749436  0.000000  1.0
   -0.130256    0.751487  0.000000  1.0
   -0.130256    0.753538  0.000000  1.0
   -0.130256    0.755590  0.000000  1.0
   -0.130256    0.757641  0.000000  1.0
   -0.130256    0.759692  0.000000  1.0
   -0.130256    0.761744  0.000000  1.0
   -0.130256    0.763795  0.000000  1.0
   -0.130256    0.765846  0.000000  1.0
   -0.130256    0.767897  0.000000  1.0
   -0.130256    0.769949  0.000000  1.0
   -0.130256    0.772000  0.000000  1.0
   -0.130256    0.774051  0.000000  1.0
   -0.130256    0.776103  0.000000  1.0
   -0.130256    0.778154  0.000000  1.0
   -0.128205    0.698154  0.000000  1.0
   -0.128205    0.700205  0.000000  1.0
   -0.128205    0.702256  0.000000  1.0
   -0.128205    0.704308  0.000000  1.0
   -0.128205    0.706359  0.000000  1.0
   -0.128205    0.708410  0.000000  1.0
   -0.128205    0.710462  0.000000  1.0
   -0.128205    0.712513  0.000000  1.0
   -0.128205    0.714564  0.000000  1.0
   -0.128205    0.716615  0.000000  1.0
   -0.128205    0.718667  0.000000  1.0
   -0.128205    0.720718  0.000000  1.0
   -0.128205    0.722769  0.000000  1.0
   -0.128205    0.724821  0.000000  1.0
   -0.128205    0.726872  0.000000  1.0
   -0.128205    0.728923  0.000000  1.0
   -0.128205    0.730974  0.000000  1.0
   -0.128205    0.733026  0.000000  1.0
   -0.128205    0.735077  0.000000  1.0
   -0.128205    0.737128  0.000000  1.0
   -0.128205    0.739179  0.000000  1.0
   -0.128205    0.741231  0.000000  1.0
   -0.128205    0.743282  0.000000  1.0
   -0.128205    0.745333  0.000000  1.0
   -0.128205    0.747385  0.000000  1.0
   -0.128205    0.749436  0.000000  1.0
   -0.128205    0.751487  0.000000  1.0
   -0.128205    0.753538  0.000000  1.0
   -0.128205    0.755590  0.000000  1.0
   -0.128205    0.757641  0.000000  1.0
   -0.128205    0.759692  0.000000  1.0
   -0.128205    0.761744  0.000000  1.0
   -0.128205    0.763795  0.000000  1.0
   -0.128205    0.765846  0.000000  1.0
   -0.128205    0.767897  0.000000  1.0
   -0.128205    0.769949  0.000000  1.0
   -0.128205    0.772000  0.000000  1.0
   -0.128205    0.774051  0.000000  1.0
   -0.128205    0.776103  0.000000  1.0
   -0.128205    0.778154  0.000000  1.0
   -0.126154    0.698154  0.000000  1.0
   -0.126154    0.700205  0.000000  1.0
   -0.126154    0.702256  0.000000  1.0
   -0.126154    0.704308  0.000000  1.0
   -0.126154    0.706359  0.000000  1.0
   -0.126154    0.708410  0.000000  1.0
   -0.126154    0.710462  0.000000  1.0
   -0.126154    0.712513  0.000000  1.0
   -0.126154    0.714564  0.000000  1.0
   -0.126154    0.716615  0.000000  1.0
   -0.126154    0.718667  0.000000  1.0
   -0.126154    0.720718  0.000000  1.0
   -0.126154    0.722769  0.000000  1.0
   -0.126154    0.724821  0.000000  1.0
   -0.126154    0.726872  0.000000  1.0
   -0.126154    0.728923  0.000000  1.0
   -0.126154    0.730974  0.000000  1.0
   -0.126154    0.733026  0.000000  1.0
   -0.126154    0.735077  0.000000  1.0
   -0.126154    0.737128  0.000000  1.0
   -0.126154    0.739179  0.000000  1.0
   -0.126154    0.741231  0.000000  1.0
   -0.126154    0.743282  0.000000  1.0
   -0.126154    0.745333  0.000000  1.0
   -0.126154    0.747385  0.000000  1.0
   -0.126154    0.749436  0.000000  1.0
   -0.126154    0.751487  0.000000  1.0
   -0.126154    0.753538  0.000000  1.0
   -0.126154    0.755590  0.000000  1.0
   -0.126154    0.757641  0.000000  1.0
   -0.126154    0.759692  0.000000  1.0
   -0.126154    0.761744  0.000000  1.0
   -0.126154    0.763795  0.000000  1.0
   -0.126154    0.765846  0.000000  1.0
   -0.126154    0.767897  0.000000  1.0
   -0.126154    0.769949  0.000000  1.0
   -0.126154    0.772000  0.000000  1.0
   -0.126154    0.774051  0.000000  1.0
   -0.126154    0.776103  0.000000  1.0
   -0.126154    0.778154  0.000000  1.0
   -0.124103    0.698154  0.000000  1.0
   -0.124103    0.700205  0.000000  1.0
   -0.124103    0.702256  0.000000  1.0
   -0.124103    0.704308  0.000000  1.0
   -0.124103    0.706359  0.000000  1.0
   -0.124103    0.708410  0.000000  1.0
   -0.124103    0.710462  0.000000  1.0
   -0.124103    0.712513  0.000000  1.0
   -0.124103    0.714564  0.000000  1.0
   -0.124103    0.716615  0.000000  1.0
   -0.124103    0.718667  0.000000  1.0
   -0.124103    0.720718  0.000000  1.0
   -0.124103    0.722769  0.000000  1.0
   -0.124103    0.724821  0.000000  1.0
   -0.124103    0.726872  0.000000  1.0
   -0.124103    0.728923  0.000000  1.0
   -0.124103    0.730974  0.000000  1.0
   -0.124103    0.733026  0.000000  1.0
   -0.124103    0.735077  0.000000  1.0
   -0.124103    0.737128  0.000000  1.0
   -0.124103    0.739179  0.000000  1.0
   -0.124103    0.741231  0.000000  1.0
   -0.124103    0.743282  0.000000  1.0
   -0.124103    0.745333  0.000000  1.0
   -0.124103    0.747385  0.000000  1.0
   -0.124103    0.749436  0.000000  1.0
   -0.124103    0.751487  0.000000  1.0
   -0.124103    0.753538  0.000000  1.0
   -0.124103    0.755590  0.000000  1.0
   -0.124103    0.757641  0.000000  1.0
   -0.124103    0.759692  0.000000  1.0
   -0.124103    0.761744  0.000000  1.0
   -0.124103    0.763795  0.000000  1.0
   -0.124103    0.765846  0.000000  1.0
   -0.124103    0.767897  0.000000  1.0
   -0.124103    0.769949  0.000000  1.0
   -0.124103    0.772000  0.000000  1.0
   -0.124103    0.774051  0.000000  1.0
   -0.124103    0.776103  0.000000  1.0
   -0.124103    0.778154  0.000000  1.0
   -0.122051    0.698154  0.000000  1.0
   -0.122051    0.700205  0.000000  1.0
   -0.122051    0.702256  0.000000  1.0
   -0.122051    0.704308  0.000000  1.0
   -0.122051    0.706359  0.000000  1.0
   -0.122051    0.708410  0.000000  1.0
   -0.122051    0.710462  0.000000  1.0
   -0.122051    0.712513  0.000000  1.0
   -0.122051    0.714564  0.000000  1.0
   -0.122051    0.716615  0.000000  1.0
   -0.122051    0.718667  0.000000  1.0
   -0.122051    0.720718  0.000000  1.0
   -0.122051    0.722769  0.000000  1.0
   -0.122051    0.724821  0.000000  1.0
   -0.122051    0.726872  0.000000  1.0
   -0.122051    0.728923  0.000000  1.0
   -0.122051    0.730974  0.000000  1.0
   -0.122051    0.733026  0.000000  1.0
   -0.122051    0.735077  0.000000  1.0
   -0.122051    0.737128  0.000000  1.0
   -0.122051    0.739179  0.000000  1.0
   -0.122051    0.741231  0.000000  1.0
   -0.122051    0.743282  0.000000  1.0
   -0.122051    0.745333  0.000000  1.0
   -0.122051    0.747385  0.000000  1.0
   -0.122051    0.749436  0.000000  1.0
   -0.122051    0.751487  0.000000  1.0
   -0.122051    0.753538  0.000000  1.0
   -0.122051    0.755590  0.000000  1.0
   -0.122051    0.757641  0.000000  1.0
   -0.122051    0.759692  0.000000  1.0
   -0.122051    0.761744  0.000000  1.0
   -0.122051    0.763795  0.000000  1.0
   -0.122051    0.765846  0.000000  1.0
   -0.122051    0.767897  0.000000  1.0
   -0.122051    0.769949  0.000000  1.0
   -0.122051    0.772000  0.000000  1.0
   -0.122051    0.774051  0.000000  1.0
   -0.122051    0.776103  0.000000  1.0
   -0.122051    0.778154  0.000000  1.0
   -0.120000    0.698154  0.000000  1.0
   -0.120000    0.700205  0.000000  1.0
   -0.120000    0.702256  0.000000  1.0
   -0.120000    0.704308  0.000000  1.0
   -0.120000    0.706359  0.000000  1.0
   -0.120000    0.708410  0.000000  1.0
   -0.120000    0.710462  0.000000  1.0
   -0.120000    0.712513  0.000000  1.0
   -0.120000    0.714564  0.000000  1.0
   -0.120000    0.716615  0.000000  1.0
   -0.120000    0.718667  0.000000  1.0
   -0.120000    0.720718  0.000000  1.0
   -0.120000    0.722769  0.000000  1.0
   -0.120000    0.724821  0.000000  1.0
   -0.120000    0.726872  0.000000  1.0
   -0.120000    0.728923  0.000000  1.0
   -0.120000    0.730974  0.000000  1.0
   -0.120000    0.733026  0.000000  1.0
   -0.120000    0.735077  0.000000  1.0
   -0.120000    0.737128  0.000000  1.0
   -0.120000    0.739179  0.000000  1.0
   -0.120000    0.741231  0.000000  1.0
   -0.120000    0.743282  0.000000  1.0
   -0.120000    0.745333  0.000000  1.0
   -0.120000    0.747385  0.000000  1.0
   -0.120000    0.749436  0.000000  1.0
   -0.120000    0.751487  0.000000  1.0
   -0.120000    0.753538  0.000000  1.0
   -0.120000    0.755590  0.000000  1.0
   -0.120000    0.757641  0.000000  1.0
   -0.120000    0.759692  0.000000  1.0
   -0.120000    0.761744  0.000000  1.0
   -0.120000    0.763795  0.000000  1.0
   -0.120000    0.765846  0.000000  1.0
   -0.120000    0.767897  0.000000  1.0
   -0.120000    0.769949  0.000000  1.0
   -0.120000    0.772000  0.000000  1.0
   -0.120000    0.774051  0.000000  1.0
   -0.120000    0.776103  0.000000  1.0
   -0.120000    0.778154  0.000000  1.0
   -0.117949    0.698154  0.000000  1.0
   -0.117949    0.700205  0.000000  1.0
   -0.117949    0.702256  0.000000  1.0
   -0.117949    0.704308  0.000000  1.0
   -0.117949    0.706359  0.000000  1.0
   -0.117949    0.708410  0.000000  1.0
   -0.117949    0.710462  0.000000  1.0
   -0.117949    0.712513  0.000000  1.0
   -0.117949    0.714564  0.000000  1.0
   -0.117949    0.716615  0.000000  1.0
   -0.117949    0.718667  0.000000  1.0
   -0.117949    0.720718  0.000000  1.0
   -0.117949    0.722769  0.000000  1.0
   -0.117949    0.724821  0.000000  1.0
   -0.117949    0.726872  0.000000  1.0
   -0.117949    0.728923  0.000000  1.0
   -0.117949    0.730974  0.000000  1.0
   -0.117949    0.733026  0.000000  1.0
   -0.117949    0.735077  0.000000  1.0
   -0.117949    0.737128  0.000000  1.0
   -0.117949    0.739179  0.000000  1.0
   -0.117949    0.741231  0.000000  1.0
   -0.117949    0.743282  0.000000  1.0
   -0.117949    0.745333  0.000000  1.0
   -0.117949    0.747385  0.000000  1.0
   -0.117949    0.749436  0.000000  1.0
   -0.117949    0.751487  0.000000  1.0
   -0.117949    0.753538  0.000000  1.0
   -0.117949    0.755590  0.000000  1.0
   -0.117949    0.757641  0.000000  1.0
   -0.117949    0.759692  0.000000  1.0
   -0.117949    0.761744  0.000000  1.0
   -0.117949    0.763795  0.000000  1.0
   -0.117949    0.765846  0.000000  1.0
   -0.117949    0.767897  0.000000  1.0
   -0.117949    0.769949  0.000000  1.0
   -0.117949    0.772000  0.000000  1.0
   -0.117949    0.774051  0.000000  1.0
   -0.117949    0.776103  0.000000  1.0
   -0.117949    0.778154  0.000000  1.0
   -0.115897    0.698154  0.000000  1.0
   -0.115897    0.700205  0.000000  1.0
   -0.115897    0.702256  0.000000  1.0
   -0.115897    0.704308  0.000000  1.0
   -0.115897    0.706359  0.000000  1.0
   -0.115897    0.708410  0.000000  1.0
   -0.115897    0.710462  0.000000  1.0
   -0.115897    0.712513  0.000000  1.0
   -0.115897    0.714564  0.000000  1.0
   -0.115897    0.716615  0.000000  1.0
   -0.115897    0.718667  0.000000  1.0
   -0.115897    0.720718  0.000000  1.0
   -0.115897    0.722769  0.000000  1.0
   -0.115897    0.724821  0.000000  1.0
   -0.115897    0.726872  0.000000  1.0
   -0.115897    0.728923  0.000000  1.0
   -0.115897    0.730974  0.000000  1.0
   -0.115897    0.733026  0.000000  1.0
   -0.115897    0.735077  0.000000  1.0
   -0.115897    0.737128  0.000000  1.0
   -0.115897    0.739179  0.000000  1.0
   -0.115897    0.741231  0.000000  1.0
   -0.115897    0.743282  0.000000  1.0
   -0.115897    0.745333  0.000000  1.0
   -0.115897    0.747385  0.000000  1.0
   -0.115897    0.749436  0.000000  1.0
   -0.115897    0.751487  0.000000  1.0
   -0.115897    0.753538  0.000000  1.0
   -0.115897    0.755590  0.000000  1.0
   -0.115897    0.757641  0.000000  1.0
   -0.115897    0.759692  0.000000  1.0
   -0.115897    0.761744  0.000000  1.0
   -0.115897    0.763795  0.000000  1.0
   -0.115897    0.765846  0.000000  1.0
   -0.115897    0.767897  0.000000  1.0
   -0.115897    0.769949  0.000000  1.0
   -0.115897    0.772000  0.000000  1.0
   -0.115897    0.774051  0.000000  1.0
   -0.115897    0.776103  0.000000  1.0
   -0.115897    0.778154  0.000000  1.0
   -0.113846    0.698154  0.000000  1.0
   -0.113846    0.700205  0.000000  1.0
   -0.113846    0.702256  0.000000  1.0
   -0.113846    0.704308  0.000000  1.0
   -0.113846    0.706359  0.000000  1.0
   -0.113846    0.708410  0.000000  1.0
   -0.113846    0.710462  0.000000  1.0
   -0.113846    0.712513  0.000000  1.0
   -0.113846    0.714564  0.000000  1.0
   -0.113846    0.716615  0.000000  1.0
   -0.113846    0.718667  0.000000  1.0
   -0.113846    0.720718  0.000000  1.0
   -0.113846    0.722769  0.000000  1.0
   -0.113846    0.724821  0.000000  1.0
   -0.113846    0.726872  0.000000  1.0
   -0.113846    0.728923  0.000000  1.0
   -0.113846    0.730974  0.000000  1.0
   -0.113846    0.733026  0.000000  1.0
   -0.113846    0.735077  0.000000  1.0
   -0.113846    0.737128  0.000000  1.0
   -0.113846    0.739179  0.000000  1.0
   -0.113846    0.741231  0.000000  1.0
   -0.113846    0.743282  0.000000  1.0
   -0.113846    0.745333  0.000000  1.0
   -0.113846    0.747385  0.000000  1.0
   -0.113846    0.749436  0.000000  1.0
   -0.113846    0.751487  0.000000  1.0
   -0.113846    0.753538  0.000000  1.0
   -0.113846    0.755590  0.000000  1.0
   -0.113846    0.757641  0.000000  1.0
   -0.113846    0.759692  0.000000  1.0
   -0.113846    0.761744  0.000000  1.0
   -0.113846    0.763795  0.000000  1.0
   -0.113846    0.765846  0.000000  1.0
   -0.113846    0.767897  0.000000  1.0
   -0.113846    0.769949  0.000000  1.0
   -0.113846    0.772000  0.000000  1.0
   -0.113846    0.774051  0.000000  1.0
   -0.113846    0.776103  0.000000  1.0
   -0.113846    0.778154  0.000000  1.0
   -0.111795    0.698154  0.000000  1.0
   -0.111795    0.700205  0.000000  1.0
   -0.111795    0.702256  0.000000  1.0
   -0.111795    0.704308  0.000000  1.0
   -0.111795    0.706359  0.000000  1.0
   -0.111795    0.708410  0.000000  1.0
   -0.111795    0.710462  0.000000  1.0
   -0.111795    0.712513  0.000000  1.0
   -0.111795    0.714564  0.000000  1.0
   -0.111795    0.716615  0.000000  1.0
   -0.111795    0.718667  0.000000  1.0
   -0.111795    0.720718  0.000000  1.0
   -0.111795    0.722769  0.000000  1.0
   -0.111795    0.724821  0.000000  1.0
   -0.111795    0.726872  0.000000  1.0
   -0.111795    0.728923  0.000000  1.0
   -0.111795    0.730974  0.000000  1.0
   -0.111795    0.733026  0.000000  1.0
   -0.111795    0.735077  0.000000  1.0
   -0.111795    0.737128  0.000000  1.0
   -0.111795    0.739179  0.000000  1.0
   -0.111795    0.741231  0.000000  1.0
   -0.111795    0.743282  0.000000  1.0
   -0.111795    0.745333  0.000000  1.0
   -0.111795    0.747385  0.000000  1.0
   -0.111795    0.749436  0.000000  1.0
   -0.111795    0.751487  0.000000  1.0
   -0.111795    0.753538  0.000000  1.0
   -0.111795    0.755590  0.000000  1.0
   -0.111795    0.757641  0.000000  1.0
   -0.111795    0.759692  0.000000  1.0
   -0.111795    0.761744  0.000000  1.0
   -0.111795    0.763795  0.000000  1.0
   -0.111795    0.765846  0.000000  1.0
   -0.111795    0.767897  0.000000  1.0
   -0.111795    0.769949  0.000000  1.0
   -0.111795    0.772000  0.000000  1.0
   -0.111795    0.774051  0.000000  1.0
   -0.111795    0.776103  0.000000  1.0
   -0.111795    0.778154  0.000000  1.0
   -0.109744    0.698154  0.000000  1.0
   -0.109744    0.700205  0.000000  1.0
   -0.109744    0.702256  0.000000  1.0
   -0.109744    0.704308  0.000000  1.0
   -0.109744    0.706359  0.000000  1.0
   -0.109744    0.708410  0.000000  1.0
   -0.109744    0.710462  0.000000  1.0
   -0.109744    0.712513  0.000000  1.0
   -0.109744    0.714564  0.000000  1.0
   -0.109744    0.716615  0.000000  1.0
   -0.109744    0.718667  0.000000  1.0
   -0.109744    0.720718  0.000000  1.0
   -0.109744    0.722769  0.000000  1.0
   -0.109744    0.724821  0.000000  1.0
   -0.109744    0.726872  0.000000  1.0
   -0.109744    0.728923  0.000000  1.0
   -0.109744    0.730974  0.000000  1.0
   -0.109744    0.733026  0.000000  1.0
   -0.109744    0.735077  0.000000  1.0
   -0.109744    0.737128  0.000000  1.0
   -0.109744    0.739179  0.000000  1.0
   -0.109744    0.741231  0.000000  1.0
   -0.109744    0.743282  0.000000  1.0
   -0.109744    0.745333  0.000000  1.0
   -0.109744    0.747385  0.000000  1.0
   -0.109744    0.749436  0.000000  1.0
   -0.109744    0.751487  0.000000  1.0
   -0.109744    0.753538  0.000000  1.0
   -0.109744    0.755590  0.000000  1.0
   -0.109744    0.757641  0.000000  1.0
   -0.109744    0.759692  0.000000  1.0
   -0.109744    0.761744  0.000000  1.0
   -0.109744    0.763795  0.000000  1.0
   -0.109744    0.765846  0.000000  1.0
   -0.109744    0.767897  0.000000  1.0
   -0.109744    0.769949  0.000000  1.0
   -0.109744    0.772000  0.000000  1.0
   -0.109744    0.774051  0.000000  1.0
   -0.109744    0.776103  0.000000  1.0
   -0.109744    0.778154  0.000000  1.0
   -0.107692    0.698154  0.000000  1.0
   -0.107692    0.700205  0.000000  1.0
   -0.107692    0.702256  0.000000  1.0
   -0.107692    0.704308  0.000000  1.0
   -0.107692    0.706359  0.000000  1.0
   -0.107692    0.708410  0.000000  1.0
   -0.107692    0.710462  0.000000  1.0
   -0.107692    0.712513  0.000000  1.0
   -0.107692    0.714564  0.000000  1.0
   -0.107692    0.716615  0.000000  1.0
   -0.107692    0.718667  0.000000  1.0
   -0.107692    0.720718  0.000000  1.0
   -0.107692    0.722769  0.000000  1.0
   -0.107692    0.724821  0.000000  1.0
   -0.107692    0.726872  0.000000  1.0
   -0.107692    0.728923  0.000000  1.0
   -0.107692    0.730974  0.000000  1.0
   -0.107692    0.733026  0.000000  1.0
   -0.107692    0.735077  0.000000  1.0
   -0.107692    0.737128  0.000000  1.0
   -0.107692    0.739179  0.000000  1.0
   -0.107692    0.741231  0.000000  1.0
   -0.107692    0.743282  0.000000  1.0
   -0.107692    0.745333  0.000000  1.0
   -0.107692    0.747385  0.000000  1.0
   -0.107692    0.749436  0.000000  1.0
   -0.107692    0.751487  0.000000  1.0
   -0.107692    0.753538  0.000000  1.0
   -0.107692    0.755590  0.000000  1.0
   -0.107692    0.757641  0.000000  1.0
   -0.107692    0.759692  0.000000  1.0
   -0.107692    0.761744  0.000000  1.0
   -0.107692    0.763795  0.000000  1.0
   -0.107692    0.765846  0.000000  1.0
   -0.107692    0.767897  0.000000  1.0
   -0.107692    0.769949  0.000000  1.0
   -0.107692    0.772000  0.000000  1.0
   -0.107692    0.774051  0.000000  1.0
   -0.107692    0.776103  0.000000  1.0
   -0.107692    0.778154  0.000000  1.0
   -0.105641    0.698154  0.000000  1.0
   -0.105641    0.700205  0.000000  1.0
   -0.105641    0.702256  0.000000  1.0
   -0.105641    0.704308  0.000000  1.0
   -0.105641    0.706359  0.000000  1.0
   -0.105641    0.708410  0.000000  1.0
   -0.105641    0.710462  0.000000  1.0
   -0.105641    0.712513  0.000000  1.0
   -0.105641    0.714564  0.000000  1.0
   -0.105641    0.716615  0.000000  1.0
   -0.105641    0.718667  0.000000  1.0
   -0.105641    0.720718  0.000000  1.0
   -0.105641    0.722769  0.000000  1.0
   -0.105641    0.724821  0.000000  1.0
   -0.105641    0.726872  0.000000  1.0
   -0.105641    0.728923  0.000000  1.0
   -0.105641    0.730974  0.000000  1.0
   -0.105641    0.733026  0.000000  1.0
   -0.105641    0.735077  0.000000  1.0
   -0.105641    0.737128  0.000000  1.0
   -0.105641    0.739179  0.000000  1.0
   -0.105641    0.741231  0.000000  1.0
   -0.105641    0.743282  0.000000  1.0
   -0.105641    0.745333  0.000000  1.0
   -0.105641    0.747385  0.000000  1.0
   -0.105641    0.749436  0.000000  1.0
   -0.105641    0.751487  0.000000  1.0
   -0.105641    0.753538  0.000000  1.0
   -0.105641    0.755590  0.000000  1.0
   -0.105641    0.757641  0.000000  1.0
   -0.105641    0.759692  0.000000  1.0
   -0.105641    0.761744  0.000000  1.0
   -0.105641    0.763795  0.000000  1.0
   -0.105641    0.765846  0.000000  1.0
   -0.105641    0.767897  0.000000  1.0
   -0.105641    0.769949  0.000000  1.0
   -0.105641    0.772000  0.000000  1.0
   -0.105641    0.774051  0.000000  1.0
   -0.105641    0.776103  0.000000  1.0
   -0.105641    0.778154  0.000000  1.0
   -0.103590    0.698154  0.000000  1.0
   -0.103590    0.700205  0.000000  1.0
   -0.103590    0.702256  0.000000  1.0
   -0.103590    0.704308  0.000000  1.0
   -0.103590    0.706359  0.000000  1.0
   -0.103590    0.708410  0.000000  1.0
   -0.103590    0.710462  0.000000  1.0
   -0.103590    0.712513  0.000000  1.0
   -0.103590    0.714564  0.000000  1.0
   -0.103590    0.716615  0.000000  1.0
   -0.103590    0.718667  0.000000  1.0
   -0.103590    0.720718  0.000000  1.0
   -0.103590    0.722769  0.000000  1.0
   -0.103590    0.724821  0.000000  1.0
   -0.103590    0.726872  0.000000  1.0
   -0.103590    0.728923  0.000000  1.0
   -0.103590    0.730974  0.000000  1.0
   -0.103590    0.733026  0.000000  1.0
   -0.103590    0.735077  0.000000  1.0
   -0.103590    0.737128  0.000000  1.0
   -0.103590    0.739179  0.000000  1.0
   -0.103590    0.741231  0.000000  1.0
   -0.103590    0.743282  0.000000  1.0
   -0.103590    0.745333  0.000000  1.0
   -0.103590    0.747385  0.000000  1.0
   -0.103590    0.749436  0.000000  1.0
   -0.103590    0.751487  0.000000  1.0
   -0.103590    0.753538  0.000000  1.0
   -0.103590    0.755590  0.000000  1.0
   -0.103590    0.757641  0.000000  1.0
   -0.103590    0.759692  0.000000  1.0
   -0.103590    0.761744  0.000000  1.0
   -0.103590    0.763795  0.000000  1.0
   -0.103590    0.765846  0.000000  1.0
   -0.103590    0.767897  0.000000  1.0
   -0.103590    0.769949  0.000000  1.0
   -0.103590    0.772000  0.000000  1.0
   -0.103590    0.774051  0.000000  1.0
   -0.103590    0.776103  0.000000  1.0
   -0.103590    0.778154  0.000000  1.0
   -0.101538    0.698154  0.000000  1.0
   -0.101538    0.700205  0.000000  1.0
   -0.101538    0.702256  0.000000  1.0
   -0.101538    0.704308  0.000000  1.0
   -0.101538    0.706359  0.000000  1.0
   -0.101538    0.708410  0.000000  1.0
   -0.101538    0.710462  0.000000  1.0
   -0.101538    0.712513  0.000000  1.0
   -0.101538    0.714564  0.000000  1.0
   -0.101538    0.716615  0.000000  1.0
   -0.101538    0.718667  0.000000  1.0
   -0.101538    0.720718  0.000000  1.0
   -0.101538    0.722769  0.000000  1.0
   -0.101538    0.724821  0.000000  1.0
   -0.101538    0.726872  0.000000  1.0
   -0.101538    0.728923  0.000000  1.0
   -0.101538    0.730974  0.000000  1.0
   -0.101538    0.733026  0.000000  1.0
   -0.101538    0.735077  0.000000  1.0
   -0.101538    0.737128  0.000000  1.0
   -0.101538    0.739179  0.000000  1.0
   -0.101538    0.741231  0.000000  1.0
   -0.101538    0.743282  0.000000  1.0
   -0.101538    0.745333  0.000000  1.0
   -0.101538    0.747385  0.000000  1.0
   -0.101538    0.749436  0.000000  1.0
   -0.101538    0.751487  0.000000  1.0
   -0.101538    0.753538  0.000000  1.0
   -0.101538    0.755590  0.000000  1.0
   -0.101538    0.757641  0.000000  1.0
   -0.101538    0.759692  0.000000  1.0
   -0.101538    0.761744  0.000000  1.0
   -0.101538    0.763795  0.000000  1.0
   -0.101538    0.765846  0.000000  1.0
   -0.101538    0.767897  0.000000  1.0
   -0.101538    0.769949  0.000000  1.0
   -0.101538    0.772000  0.000000  1.0
   -0.101538    0.774051  0.000000  1.0
   -0.101538    0.776103  0.000000  1.0
   -0.101538    0.778154  0.000000  1.0
   -0.099487    0.698154  0.000000  1.0
   -0.099487    0.700205  0.000000  1.0
   -0.099487    0.702256  0.000000  1.0
   -0.099487    0.704308  0.000000  1.0
   -0.099487    0.706359  0.000000  1.0
   -0.099487    0.708410  0.000000  1.0
   -0.099487    0.710462  0.000000  1.0
   -0.099487    0.712513  0.000000  1.0
   -0.099487    0.714564  0.000000  1.0
   -0.099487    0.716615  0.000000  1.0
   -0.099487    0.718667  0.000000  1.0
   -0.099487    0.720718  0.000000  1.0
   -0.099487    0.722769  0.000000  1.0
   -0.099487    0.724821  0.000000  1.0
   -0.099487    0.726872  0.000000  1.0
   -0.099487    0.728923  0.000000  1.0
   -0.099487    0.730974  0.000000  1.0
   -0.099487    0.733026  0.000000  1.0
   -0.099487    0.735077  0.000000  1.0
   -0.099487    0.737128  0.000000  1.0
   -0.099487    0.739179  0.000000  1.0
   -0.099487    0.741231  0.000000  1.0
   -0.099487    0.743282  0.000000  1.0
   -0.099487    0.745333  0.000000  1.0
   -0.099487    0.747385  0.000000  1.0
   -0.099487    0.749436  0.000000  1.0
   -0.099487    0.751487  0.000000  1.0
   -0.099487    0.753538  0.000000  1.0
   -0.099487    0.755590  0.000000  1.0
   -0.099487    0.757641  0.000000  1.0
   -0.099487    0.759692  0.000000  1.0
   -0.099487    0.761744  0.000000  1.0
   -0.099487    0.763795  0.000000  1.0
   -0.099487    0.765846  0.000000  1.0
   -0.099487    0.767897  0.000000  1.0
   -0.099487    0.769949  0.000000  1.0
   -0.099487    0.772000  0.000000  1.0
   -0.099487    0.774051  0.000000  1.0
   -0.099487    0.776103  0.000000  1.0
   -0.099487    0.778154  0.000000  1.0
   -0.097436    0.698154  0.000000  1.0
   -0.097436    0.700205  0.000000  1.0
   -0.097436    0.702256  0.000000  1.0
   -0.097436    0.704308  0.000000  1.0
   -0.097436    0.706359  0.000000  1.0
   -0.097436    0.708410  0.000000  1.0
   -0.097436    0.710462  0.000000  1.0
   -0.097436    0.712513  0.000000  1.0
   -0.097436    0.714564  0.000000  1.0
   -0.097436    0.716615  0.000000  1.0
   -0.097436    0.718667  0.000000  1.0
   -0.097436    0.720718  0.000000  1.0
   -0.097436    0.722769  0.000000  1.0
   -0.097436    0.724821  0.000000  1.0
   -0.097436    0.726872  0.000000  1.0
   -0.097436    0.728923  0.000000  1.0
   -0.097436    0.730974  0.000000  1.0
   -0.097436    0.733026  0.000000  1.0
   -0.097436    0.735077  0.000000  1.0
   -0.097436    0.737128  0.000000  1.0
   -0.097436    0.739179  0.000000  1.0
   -0.097436    0.741231  0.000000  1.0
   -0.097436    0.743282  0.000000  1.0
   -0.097436    0.745333  0.000000  1.0
   -0.097436    0.747385  0.000000  1.0
   -0.097436    0.749436  0.000000  1.0
   -0.097436    0.751487  0.000000  1.0
   -0.097436    0.753538  0.000000  1.0
   -0.097436    0.755590  0.000000  1.0
   -0.097436    0.757641  0.000000  1.0
   -0.097436    0.759692  0.000000  1.0
   -0.097436    0.761744  0.000000  1.0
   -0.097436    0.763795  0.000000  1.0
   -0.097436    0.765846  0.000000  1.0
   -0.097436    0.767897  0.000000  1.0
   -0.097436    0.769949  0.000000  1.0
   -0.097436    0.772000  0.000000  1.0
   -0.097436    0.774051  0.000000  1.0
   -0.097436    0.776103  0.000000  1.0
   -0.097436    0.778154  0.000000  1.0
   -0.095385    0.698154  0.000000  1.0
   -0.095385    0.700205  0.000000  1.0
   -0.095385    0.702256  0.000000  1.0
   -0.095385    0.704308  0.000000  1.0
   -0.095385    0.706359  0.000000  1.0
   -0.095385    0.708410  0.000000  1.0
   -0.095385    0.710462  0.000000  1.0
   -0.095385    0.712513  0.000000  1.0
   -0.095385    0.714564  0.000000  1.0
   -0.095385    0.716615  0.000000  1.0
   -0.095385    0.718667  0.000000  1.0
   -0.095385    0.720718  0.000000  1.0
   -0.095385    0.722769  0.000000  1.0
   -0.095385    0.724821  0.000000  1.0
   -0.095385    0.726872  0.000000  1.0
   -0.095385    0.728923  0.000000  1.0
   -0.095385    0.730974  0.000000  1.0
   -0.095385    0.733026  0.000000  1.0
   -0.095385    0.735077  0.000000  1.0
   -0.095385    0.737128  0.000000  1.0
   -0.095385    0.739179  0.000000  1.0
   -0.095385    0.741231  0.000000  1.0
   -0.095385    0.743282  0.000000  1.0
   -0.095385    0.745333  0.000000  1.0
   -0.095385    0.747385  0.000000  1.0
   -0.095385    0.749436  0.000000  1.0
   -0.095385    0.751487  0.000000  1.0
   -0.095385    0.753538  0.000000  1.0
   -0.095385    0.755590  0.000000  1.0
   -0.095385    0.757641  0.000000  1.0
   -0.095385    0.759692  0.000000  1.0
   -0.095385    0.761744  0.000000  1.0
   -0.095385    0.763795  0.000000  1.0
   -0.095385    0.765846  0.000000  1.0
   -0.095385    0.767897  0.000000  1.0
   -0.095385    0.769949  0.000000  1.0
   -0.095385    0.772000  0.000000  1.0
   -0.095385    0.774051  0.000000  1.0
   -0.095385    0.776103  0.000000  1.0
   -0.095385    0.778154  0.000000  1.0
   -0.093333    0.698154  0.000000  1.0
   -0.093333    0.700205  0.000000  1.0
   -0.093333    0.702256  0.000000  1.0
   -0.093333    0.704308  0.000000  1.0
   -0.093333    0.706359  0.000000  1.0
   -0.093333    0.708410  0.000000  1.0
   -0.093333    0.710462  0.000000  1.0
   -0.093333    0.712513  0.000000  1.0
   -0.093333    0.714564  0.000000  1.0
   -0.093333    0.716615  0.000000  1.0
   -0.093333    0.718667  0.000000  1.0
   -0.093333    0.720718  0.000000  1.0
   -0.093333    0.722769  0.000000  1.0
   -0.093333    0.724821  0.000000  1.0
   -0.093333    0.726872  0.000000  1.0
   -0.093333    0.728923  0.000000  1.0
   -0.093333    0.730974  0.000000  1.0
   -0.093333    0.733026  0.000000  1.0
   -0.093333    0.735077  0.000000  1.0
   -0.093333    0.737128  0.000000  1.0
   -0.093333    0.739179  0.000000  1.0
   -0.093333    0.741231  0.000000  1.0
   -0.093333    0.743282  0.000000  1.0
   -0.093333    0.745333  0.000000  1.0
   -0.093333    0.747385  0.000000  1.0
   -0.093333    0.749436  0.000000  1.0
   -0.093333    0.751487  0.000000  1.0
   -0.093333    0.753538  0.000000  1.0
   -0.093333    0.755590  0.000000  1.0
   -0.093333    0.757641  0.000000  1.0
   -0.093333    0.759692  0.000000  1.0
   -0.093333    0.761744  0.000000  1.0
   -0.093333    0.763795  0.000000  1.0
   -0.093333    0.765846  0.000000  1.0
   -0.093333    0.767897  0.000000  1.0
   -0.093333    0.769949  0.000000  1.0
   -0.093333    0.772000  0.000000  1.0
   -0.093333    0.774051  0.000000  1.0
   -0.093333    0.776103  0.000000  1.0
   -0.093333    0.778154  0.000000  1.0
