&CONTROL
  calculation = 'bands'
  prefix = 'graphene21.0zoom'
  outdir = './tmp'
  pseudo_dir = './'
  verbosity = 'high'
/
&SYSTEM
  ibrav = 0
  nat = 2
  ntyp = 1
  ecutwfc = 40.0
  nosym = .true.
  noinv = .true.
  nbnd = 8
/
&ELECTRONS
/
ATOMIC_SPECIES
  C  12.011  C.pbe-n-kjpaw_psl.1.0.0.UPF
CELL_PARAMETERS {bohr}
  5.631340  0.000000  0.000000
  2.815670  3.890826  0.000000
  0.000000  0.000000  30.000000
ATOMIC_POSITIONS {crystal}
  C  -0.000140  0.167045  0.000000
  C  0.333473  0.499622  0.000000
K_POINTS {tpiba}
1600
    0.126667   -0.763669  0.000000  1.0
    0.126667   -0.761618  0.000000  1.0
    0.126667   -0.759566  0.000000  1.0
    0.126667   -0.757515  0.000000  1.0
    0.126667   -0.755464  0.000000  1.0
    0.126667   -0.753413  0.000000  1.0
    0.126667   -0.751361  0.000000  1.0
    0.126667   -0.749310  0.000000  1.0
    0.126667   -0.747259  0.000000  1.0
    0.126667   -0.745207  0.000000  1.0
    0.126667   -0.743156  0.000000  1.0
    0.126667   -0.741105  0.000000  1.0
    0.126667   -0.739054  0.000000  1.0
    0.126667   -0.737002  0.000000  1.0
    0.126667   -0.734951  0.000000  1.0
    0.126667   -0.732900  0.000000  1.0
    0.126667   -0.730848  0.000000  1.0
    0.126667   -0.728797  0.000000  1.0
    0.126667   -0.726746  0.000000  1.0
    0.126667   -0.724695  0.000000  1.0
    0.126667   -0.722643  0.000000  1.0
    0.126667   -0.720592  0.000000  1.0
    0.126667   -0.718541  0.000000  1.0
    0.126667   -0.716489  0.000000  1.0
    0.126667   -0.714438  0.000000  1.0
    0.126667   -0.712387  0.000000  1.0
    0.126667   -0.710336  0.000000  1.0
    0.126667   -0.708284  0.000000  1.0
    0.126667   -0.706233  0.000000  1.0
    0.126667   -0.704182  0.000000  1.0
    0.126667   -0.702130  0.000000  1.0
    0.126667   -0.700079  0.000000  1.0
    0.126667   -0.698028  0.000000  1.0
    0.126667   -0.695977  0.000000  1.0
    0.126667   -0.693925  0.000000  1.0
    0.126667   -0.691874  0.000000  1.0
    0.126667   -0.689823  0.000000  1.0
    0.126667   -0.687772  0.000000  1.0
    0.126667   -0.685720  0.000000  1.0
    0.126667   -0.683669  0.000000  1.0
    0.128718   -0.763669  0.000000  1.0
    0.128718   -0.761618  0.000000  1.0
    0.128718   -0.759566  0.000000  1.0
    0.128718   -0.757515  0.000000  1.0
    0.128718   -0.755464  0.000000  1.0
    0.128718   -0.753413  0.000000  1.0
    0.128718   -0.751361  0.000000  1.0
    0.128718   -0.749310  0.000000  1.0
    0.128718   -0.747259  0.000000  1.0
    0.128718   -0.745207  0.000000  1.0
    0.128718   -0.743156  0.000000  1.0
    0.128718   -0.741105  0.000000  1.0
    0.128718   -0.739054  0.000000  1.0
    0.128718   -0.737002  0.000000  1.0
    0.128718   -0.734951  0.000000  1.0
    0.128718   -0.732900  0.000000  1.0
    0.128718   -0.730848  0.000000  1.0
    0.128718   -0.728797  0.000000  1.0
    0.128718   -0.726746  0.000000  1.0
    0.128718   -0.724695  0.000000  1.0
    0.128718   -0.722643  0.000000  1.0
    0.128718   -0.720592  0.000000  1.0
    0.128718   -0.718541  0.000000  1.0
    0.128718   -0.716489  0.000000  1.0
    0.128718   -0.714438  0.000000  1.0
    0.128718   -0.712387  0.000000  1.0
    0.128718   -0.710336  0.000000  1.0
    0.128718   -0.708284  0.000000  1.0
    0.128718   -0.706233  0.000000  1.0
    0.128718   -0.704182  0.000000  1.0
    0.128718   -0.702130  0.000000  1.0
    0.128718   -0.700079  0.000000  1.0
    0.128718   -0.698028  0.000000  1.0
    0.128718   -0.695977  0.000000  1.0
    0.128718   -0.693925  0.000000  1.0
    0.128718   -0.691874  0.000000  1.0
    0.128718   -0.689823  0.000000  1.0
    0.128718   -0.687772  0.000000  1.0
    0.128718   -0.685720  0.000000  1.0
    0.128718   -0.683669  0.000000  1.0
    0.130769   -0.763669  0.000000  1.0
    0.130769   -0.761618  0.000000  1.0
    0.130769   -0.759566  0.000000  1.0
    0.130769   -0.757515  0.000000  1.0
    0.130769   -0.755464  0.000000  1.0
    0.130769   -0.753413  0.000000  1.0
    0.130769   -0.751361  0.000000  1.0
    0.130769   -0.749310  0.000000  1.0
    0.130769   -0.747259  0.000000  1.0
    0.130769   -0.745207  0.000000  1.0
    0.130769   -0.743156  0.000000  1.0
    0.130769   -0.741105  0.000000  1.0
    0.130769   -0.739054  0.000000  1.0
    0.130769   -0.737002  0.000000  1.0
    0.130769   -0.734951  0.000000  1.0
    0.130769   -0.732900  0.000000  1.0
    0.130769   -0.730848  0.000000  1.0
    0.130769   -0.728797  0.000000  1.0
    0.130769   -0.726746  0.000000  1.0
    0.130769   -0.724695  0.000000  1.0
    0.130769   -0.722643  0.000000  1.0
    0.130769   -0.720592  0.000000  1.0
    0.130769   -0.718541  0.000000  1.0
    0.130769   -0.716489  0.000000  1.0
    0.130769   -0.714438  0.000000  1.0
    0.130769   -0.712387  0.000000  1.0
    0.130769   -0.710336  0.000000  1.0
    0.130769   -0.708284  0.000000  1.0
    0.130769   -0.706233  0.000000  1.0
    0.130769   -0.704182  0.000000  1.0
    0.130769   -0.702130  0.000000  1.0
    0.130769   -0.700079  0.000000  1.0
    0.130769   -0.698028  0.000000  1.0
    0.130769   -0.695977  0.000000  1.0
    0.130769   -0.693925  0.000000  1.0
    0.130769   -0.691874  0.000000  1.0
    0.130769   -0.689823  0.000000  1.0
    0.130769   -0.687772  0.000000  1.0
    0.130769   -0.685720  0.000000  1.0
    0.130769   -0.683669  0.000000  1.0
    0.132821   -0.763669  0.000000  1.0
    0.132821   -0.761618  0.000000  1.0
    0.132821   -0.759566  0.000000  1.0
    0.132821   -0.757515  0.000000  1.0
    0.132821   -0.755464  0.000000  1.0
    0.132821   -0.753413  0.000000  1.0
    0.132821   -0.751361  0.000000  1.0
    0.132821   -0.749310  0.000000  1.0
    0.132821   -0.747259  0.000000  1.0
    0.132821   -0.745207  0.000000  1.0
    0.132821   -0.743156  0.000000  1.0
    0.132821   -0.741105  0.000000  1.0
    0.132821   -0.739054  0.000000  1.0
    0.132821   -0.737002  0.000000  1.0
    0.132821   -0.734951  0.000000  1.0
    0.132821   -0.732900  0.000000  1.0
    0.132821   -0.730848  0.000000  1.0
    0.132821   -0.728797  0.000000  1.0
    0.132821   -0.726746  0.000000  1.0
    0.132821   -0.724695  0.000000  1.0
    0.132821   -0.722643  0.000000  1.0
    0.132821   -0.720592  0.000000  1.0
    0.132821   -0.718541  0.000000  1.0
    0.132821   -0.716489  0.000000  1.0
    0.132821   -0.714438  0.000000  1.0
    0.132821   -0.712387  0.000000  1.0
    0.132821   -0.710336  0.000000  1.0
    0.132821   -0.708284  0.000000  1.0
    0.132821   -0.706233  0.000000  1.0
    0.132821   -0.704182  0.000000  1.0
    0.132821   -0.702130  0.000000  1.0
    0.132821   -0.700079  0.000000  1.0
    0.132821   -0.698028  0.000000  1.0
    0.132821   -0.695977  0.000000  1.0
    0.132821   -0.693925  0.000000  1.0
    0.132821   -0.691874  0.000000  1.0
    0.132821   -0.689823  0.000000  1.0
    0.132821   -0.687772  0.000000  1.0
    0.132821   -0.685720  0.000000  1.0
    0.132821   -0.683669  0.000000  1.0
    0.134872   -0.763669  0.000000  1.0
    0.134872   -0.761618  0.000000  1.0
    0.134872   -0.759566  0.000000  1.0
    0.134872   -0.757515  0.000000  1.0
    0.134872   -0.755464  0.000000  1.0
    0.134872   -0.753413  0.000000  1.0
    0.134872   -0.751361  0.000000  1.0
    0.134872   -0.749310  0.000000  1.0
    0.134872   -0.747259  0.000000  1.0
    0.134872   -0.745207  0.000000  1.0
    0.134872   -0.743156  0.000000  1.0
    0.134872   -0.741105  0.000000  1.0
    0.134872   -0.739054  0.000000  1.0
    0.134872   -0.737002  0.000000  1.0
    0.134872   -0.734951  0.000000  1.0
    0.134872   -0.732900  0.000000  1.0
    0.134872   -0.730848  0.000000  1.0
    0.134872   -0.728797  0.000000  1.0
    0.134872   -0.726746  0.000000  1.0
    0.134872   -0.724695  0.000000  1.0
    0.134872   -0.722643  0.000000  1.0
    0.134872   -0.720592  0.000000  1.0
    0.134872   -0.718541  0.000000  1.0
    0.134872   -0.716489  0.000000  1.0
    0.134872   -0.714438  0.000000  1.0
    0.134872   -0.712387  0.000000  1.0
    0.134872   -0.710336  0.000000  1.0
    0.134872   -0.708284  0.000000  1.0
    0.134872   -0.706233  0.000000  1.0
    0.134872   -0.704182  0.000000  1.0
    0.134872   -0.702130  0.000000  1.0
    0.134872   -0.700079  0.000000  1.0
    0.134872   -0.698028  0.000000  1.0
    0.134872   -0.695977  0.000000  1.0
    0.134872   -0.693925  0.000000  1.0
    0.134872   -0.691874  0.000000  1.0
    0.134872   -0.689823  0.000000  1.0
    0.134872   -0.687772  0.000000  1.0
    0.134872   -0.685720  0.000000  1.0
    0.134872   -0.683669  0.000000  1.0
    0.136923   -0.763669  0.000000  1.0
    0.136923   -0.761618  0.000000  1.0
    0.136923   -0.759566  0.000000  1.0
    0.136923   -0.757515  0.000000  1.0
    0.136923   -0.755464  0.000000  1.0
    0.136923   -0.753413  0.000000  1.0
    0.136923   -0.751361  0.000000  1.0
    0.136923   -0.749310  0.000000  1.0
    0.136923   -0.747259  0.000000  1.0
    0.136923   -0.745207  0.000000  1.0
    0.136923   -0.743156  0.000000  1.0
    0.136923   -0.741105  0.000000  1.0
    0.136923   -0.739054  0.000000  1.0
    0.136923   -0.737002  0.000000  1.0
    0.136923   -0.734951  0.000000  1.0
    0.136923   -0.732900  0.000000  1.0
    0.136923   -0.730848  0.000000  1.0
    0.136923   -0.728797  0.000000  1.0
    0.136923   -0.726746  0.000000  1.0
    0.136923   -0.724695  0.000000  1.0
    0.136923   -0.722643  0.000000  1.0
    0.136923   -0.720592  0.000000  1.0
    0.136923   -0.718541  0.000000  1.0
    0.136923   -0.716489  0.000000  1.0
    0.136923   -0.714438  0.000000  1.0
    0.136923   -0.712387  0.000000  1.0
    0.136923   -0.710336  0.000000  1.0
    0.136923   -0.708284  0.000000  1.0
    0.136923   -0.706233  0.000000  1.0
    0.136923   -0.704182  0.000000  1.0
    0.136923   -0.702130  0.000000  1.0
    0.136923   -0.700079  0.000000  1.0
    0.136923   -0.698028  0.000000  1.0
    0.136923   -0.695977  0.000000  1.0
    0.136923   -0.693925  0.000000  1.0
    0.136923   -0.691874  0.000000  1.0
    0.136923   -0.689823  0.000000  1.0
    0.136923   -0.687772  0.000000  1.0
    0.136923   -0.685720  0.000000  1.0
    0.136923   -0.683669  0.000000  1.0
    0.138974   -0.763669  0.000000  1.0
    0.138974   -0.761618  0.000000  1.0
    0.138974   -0.759566  0.000000  1.0
    0.138974   -0.757515  0.000000  1.0
    0.138974   -0.755464  0.000000  1.0
    0.138974   -0.753413  0.000000  1.0
    0.138974   -0.751361  0.000000  1.0
    0.138974   -0.749310  0.000000  1.0
    0.138974   -0.747259  0.000000  1.0
    0.138974   -0.745207  0.000000  1.0
    0.138974   -0.743156  0.000000  1.0
    0.138974   -0.741105  0.000000  1.0
    0.138974   -0.739054  0.000000  1.0
    0.138974   -0.737002  0.000000  1.0
    0.138974   -0.734951  0.000000  1.0
    0.138974   -0.732900  0.000000  1.0
    0.138974   -0.730848  0.000000  1.0
    0.138974   -0.728797  0.000000  1.0
    0.138974   -0.726746  0.000000  1.0
    0.138974   -0.724695  0.000000  1.0
    0.138974   -0.722643  0.000000  1.0
    0.138974   -0.720592  0.000000  1.0
    0.138974   -0.718541  0.000000  1.0
    0.138974   -0.716489  0.000000  1.0
    0.138974   -0.714438  0.000000  1.0
    0.138974   -0.712387  0.000000  1.0
    0.138974   -0.710336  0.000000  1.0
    0.138974   -0.708284  0.000000  1.0
    0.138974   -0.706233  0.000000  1.0
    0.138974   -0.704182  0.000000  1.0
    0.138974   -0.702130  0.000000  1.0
    0.138974   -0.700079  0.000000  1.0
    0.138974   -0.698028  0.000000  1.0
    0.138974   -0.695977  0.000000  1.0
    0.138974   -0.693925  0.000000  1.0
    0.138974   -0.691874  0.000000  1.0
    0.138974   -0.689823  0.000000  1.0
    0.138974   -0.687772  0.000000  1.0
    0.138974   -0.685720  0.000000  1.0
    0.138974   -0.683669  0.000000  1.0
    0.141026   -0.763669  0.000000  1.0
    0.141026   -0.761618  0.000000  1.0
    0.141026   -0.759566  0.000000  1.0
    0.141026   -0.757515  0.000000  1.0
    0.141026   -0.755464  0.000000  1.0
    0.141026   -0.753413  0.000000  1.0
    0.141026   -0.751361  0.000000  1.0
    0.141026   -0.749310  0.000000  1.0
    0.141026   -0.747259  0.000000  1.0
    0.141026   -0.745207  0.000000  1.0
    0.141026   -0.743156  0.000000  1.0
    0.141026   -0.741105  0.000000  1.0
    0.141026   -0.739054  0.000000  1.0
    0.141026   -0.737002  0.000000  1.0
    0.141026   -0.734951  0.000000  1.0
    0.141026   -0.732900  0.000000  1.0
    0.141026   -0.730848  0.000000  1.0
    0.141026   -0.728797  0.000000  1.0
    0.141026   -0.726746  0.000000  1.0
    0.141026   -0.724695  0.000000  1.0
    0.141026   -0.722643  0.000000  1.0
    0.141026   -0.720592  0.000000  1.0
    0.141026   -0.718541  0.000000  1.0
    0.141026   -0.716489  0.000000  1.0
    0.141026   -0.714438  0.000000  1.0
    0.141026   -0.712387  0.000000  1.0
    0.141026   -0.710336  0.000000  1.0
    0.141026   -0.708284  0.000000  1.0
    0.141026   -0.706233  0.000000  1.0
    0.141026   -0.704182  0.000000  1.0
    0.141026   -0.702130  0.000000  1.0
    0.141026   -0.700079  0.000000  1.0
    0.141026   -0.698028  0.000000  1.0
    0.141026   -0.695977  0.000000  1.0
    0.141026   -0.693925  0.000000  1.0
    0.141026   -0.691874  0.000000  1.0
    0.141026   -0.689823  0.000000  1.0
    0.141026   -0.687772  0.000000  1.0
    0.141026   -0.685720  0.000000  1.0
    0.141026   -0.683669  0.000000  1.0
    0.143077   -0.763669  0.000000  1.0
    0.143077   -0.761618  0.000000  1.0
    0.143077   -0.759566  0.000000  1.0
    0.143077   -0.757515  0.000000  1.0
    0.143077   -0.755464  0.000000  1.0
    0.143077   -0.753413  0.000000  1.0
    0.143077   -0.751361  0.000000  1.0
    0.143077   -0.749310  0.000000  1.0
    0.143077   -0.747259  0.000000  1.0
    0.143077   -0.745207  0.000000  1.0
    0.143077   -0.743156  0.000000  1.0
    0.143077   -0.741105  0.000000  1.0
    0.143077   -0.739054  0.000000  1.0
    0.143077   -0.737002  0.000000  1.0
    0.143077   -0.734951  0.000000  1.0
    0.143077   -0.732900  0.000000  1.0
    0.143077   -0.730848  0.000000  1.0
    0.143077   -0.728797  0.000000  1.0
    0.143077   -0.726746  0.000000  1.0
    0.143077   -0.724695  0.000000  1.0
    0.143077   -0.722643  0.000000  1.0
    0.143077   -0.720592  0.000000  1.0
    0.143077   -0.718541  0.000000  1.0
    0.143077   -0.716489  0.000000  1.0
    0.143077   -0.714438  0.000000  1.0
    0.143077   -0.712387  0.000000  1.0
    0.143077   -0.710336  0.000000  1.0
    0.143077   -0.708284  0.000000  1.0
    0.143077   -0.706233  0.000000  1.0
    0.143077   -0.704182  0.000000  1.0
    0.143077   -0.702130  0.000000  1.0
    0.143077   -0.700079  0.000000  1.0
    0.143077   -0.698028  0.000000  1.0
    0.143077   -0.695977  0.000000  1.0
    0.143077   -0.693925  0.000000  1.0
    0.143077   -0.691874  0.000000  1.0
    0.143077   -0.689823  0.000000  1.0
    0.143077   -0.687772  0.000000  1.0
    0.143077   -0.685720  0.000000  1.0
    0.143077   -0.683669  0.000000  1.0
    0.145128   -0.763669  0.000000  1.0
    0.145128   -0.761618  0.000000  1.0
    0.145128   -0.759566  0.000000  1.0
    0.145128   -0.757515  0.000000  1.0
    0.145128   -0.755464  0.000000  1.0
    0.145128   -0.753413  0.000000  1.0
    0.145128   -0.751361  0.000000  1.0
    0.145128   -0.749310  0.000000  1.0
    0.145128   -0.747259  0.000000  1.0
    0.145128   -0.745207  0.000000  1.0
    0.145128   -0.743156  0.000000  1.0
    0.145128   -0.741105  0.000000  1.0
    0.145128   -0.739054  0.000000  1.0
    0.145128   -0.737002  0.000000  1.0
    0.145128   -0.734951  0.000000  1.0
    0.145128   -0.732900  0.000000  1.0
    0.145128   -0.730848  0.000000  1.0
    0.145128   -0.728797  0.000000  1.0
    0.145128   -0.726746  0.000000  1.0
    0.145128   -0.724695  0.000000  1.0
    0.145128   -0.722643  0.000000  1.0
    0.145128   -0.720592  0.000000  1.0
    0.145128   -0.718541  0.000000  1.0
    0.145128   -0.716489  0.000000  1.0
    0.145128   -0.714438  0.000000  1.0
    0.145128   -0.712387  0.000000  1.0
    0.145128   -0.710336  0.000000  1.0
    0.145128   -0.708284  0.000000  1.0
    0.145128   -0.706233  0.000000  1.0
    0.145128   -0.704182  0.000000  1.0
    0.145128   -0.702130  0.000000  1.0
    0.145128   -0.700079  0.000000  1.0
    0.145128   -0.698028  0.000000  1.0
    0.145128   -0.695977  0.000000  1.0
    0.145128   -0.693925  0.000000  1.0
    0.145128   -0.691874  0.000000  1.0
    0.145128   -0.689823  0.000000  1.0
    0.145128   -0.687772  0.000000  1.0
    0.145128   -0.685720  0.000000  1.0
    0.145128   -0.683669  0.000000  1.0
    0.147179   -0.763669  0.000000  1.0
    0.147179   -0.761618  0.000000  1.0
    0.147179   -0.759566  0.000000  1.0
    0.147179   -0.757515  0.000000  1.0
    0.147179   -0.755464  0.000000  1.0
    0.147179   -0.753413  0.000000  1.0
    0.147179   -0.751361  0.000000  1.0
    0.147179   -0.749310  0.000000  1.0
    0.147179   -0.747259  0.000000  1.0
    0.147179   -0.745207  0.000000  1.0
    0.147179   -0.743156  0.000000  1.0
    0.147179   -0.741105  0.000000  1.0
    0.147179   -0.739054  0.000000  1.0
    0.147179   -0.737002  0.000000  1.0
    0.147179   -0.734951  0.000000  1.0
    0.147179   -0.732900  0.000000  1.0
    0.147179   -0.730848  0.000000  1.0
    0.147179   -0.728797  0.000000  1.0
    0.147179   -0.726746  0.000000  1.0
    0.147179   -0.724695  0.000000  1.0
    0.147179   -0.722643  0.000000  1.0
    0.147179   -0.720592  0.000000  1.0
    0.147179   -0.718541  0.000000  1.0
    0.147179   -0.716489  0.000000  1.0
    0.147179   -0.714438  0.000000  1.0
    0.147179   -0.712387  0.000000  1.0
    0.147179   -0.710336  0.000000  1.0
    0.147179   -0.708284  0.000000  1.0
    0.147179   -0.706233  0.000000  1.0
    0.147179   -0.704182  0.000000  1.0
    0.147179   -0.702130  0.000000  1.0
    0.147179   -0.700079  0.000000  1.0
    0.147179   -0.698028  0.000000  1.0
    0.147179   -0.695977  0.000000  1.0
    0.147179   -0.693925  0.000000  1.0
    0.147179   -0.691874  0.000000  1.0
    0.147179   -0.689823  0.000000  1.0
    0.147179   -0.687772  0.000000  1.0
    0.147179   -0.685720  0.000000  1.0
    0.147179   -0.683669  0.000000  1.0
    0.149231   -0.763669  0.000000  1.0
    0.149231   -0.761618  0.000000  1.0
    0.149231   -0.759566  0.000000  1.0
    0.149231   -0.757515  0.000000  1.0
    0.149231   -0.755464  0.000000  1.0
    0.149231   -0.753413  0.000000  1.0
    0.149231   -0.751361  0.000000  1.0
    0.149231   -0.749310  0.000000  1.0
    0.149231   -0.747259  0.000000  1.0
    0.149231   -0.745207  0.000000  1.0
    0.149231   -0.743156  0.000000  1.0
    0.149231   -0.741105  0.000000  1.0
    0.149231   -0.739054  0.000000  1.0
    0.149231   -0.737002  0.000000  1.0
    0.149231   -0.734951  0.000000  1.0
    0.149231   -0.732900  0.000000  1.0
    0.149231   -0.730848  0.000000  1.0
    0.149231   -0.728797  0.000000  1.0
    0.149231   -0.726746  0.000000  1.0
    0.149231   -0.724695  0.000000  1.0
    0.149231   -0.722643  0.000000  1.0
    0.149231   -0.720592  0.000000  1.0
    0.149231   -0.718541  0.000000  1.0
    0.149231   -0.716489  0.000000  1.0
    0.149231   -0.714438  0.000000  1.0
    0.149231   -0.712387  0.000000  1.0
    0.149231   -0.710336  0.000000  1.0
    0.149231   -0.708284  0.000000  1.0
    0.149231   -0.706233  0.000000  1.0
    0.149231   -0.704182  0.000000  1.0
    0.149231   -0.702130  0.000000  1.0
    0.149231   -0.700079  0.000000  1.0
    0.149231   -0.698028  0.000000  1.0
    0.149231   -0.695977  0.000000  1.0
    0.149231   -0.693925  0.000000  1.0
    0.149231   -0.691874  0.000000  1.0
    0.149231   -0.689823  0.000000  1.0
    0.149231   -0.687772  0.000000  1.0
    0.149231   -0.685720  0.000000  1.0
    0.149231   -0.683669  0.000000  1.0
    0.151282   -0.763669  0.000000  1.0
    0.151282   -0.761618  0.000000  1.0
    0.151282   -0.759566  0.000000  1.0
    0.151282   -0.757515  0.000000  1.0
    0.151282   -0.755464  0.000000  1.0
    0.151282   -0.753413  0.000000  1.0
    0.151282   -0.751361  0.000000  1.0
    0.151282   -0.749310  0.000000  1.0
    0.151282   -0.747259  0.000000  1.0
    0.151282   -0.745207  0.000000  1.0
    0.151282   -0.743156  0.000000  1.0
    0.151282   -0.741105  0.000000  1.0
    0.151282   -0.739054  0.000000  1.0
    0.151282   -0.737002  0.000000  1.0
    0.151282   -0.734951  0.000000  1.0
    0.151282   -0.732900  0.000000  1.0
    0.151282   -0.730848  0.000000  1.0
    0.151282   -0.728797  0.000000  1.0
    0.151282   -0.726746  0.000000  1.0
    0.151282   -0.724695  0.000000  1.0
    0.151282   -0.722643  0.000000  1.0
    0.151282   -0.720592  0.000000  1.0
    0.151282   -0.718541  0.000000  1.0
    0.151282   -0.716489  0.000000  1.0
    0.151282   -0.714438  0.000000  1.0
    0.151282   -0.712387  0.000000  1.0
    0.151282   -0.710336  0.000000  1.0
    0.151282   -0.708284  0.000000  1.0
    0.151282   -0.706233  0.000000  1.0
    0.151282   -0.704182  0.000000  1.0
    0.151282   -0.702130  0.000000  1.0
    0.151282   -0.700079  0.000000  1.0
    0.151282   -0.698028  0.000000  1.0
    0.151282   -0.695977  0.000000  1.0
    0.151282   -0.693925  0.000000  1.0
    0.151282   -0.691874  0.000000  1.0
    0.151282   -0.689823  0.000000  1.0
    0.151282   -0.687772  0.000000  1.0
    0.151282   -0.685720  0.000000  1.0
    0.151282   -0.683669  0.000000  1.0
    0.153333   -0.763669  0.000000  1.0
    0.153333   -0.761618  0.000000  1.0
    0.153333   -0.759566  0.000000  1.0
    0.153333   -0.757515  0.000000  1.0
    0.153333   -0.755464  0.000000  1.0
    0.153333   -0.753413  0.000000  1.0
    0.153333   -0.751361  0.000000  1.0
    0.153333   -0.749310  0.000000  1.0
    0.153333   -0.747259  0.000000  1.0
    0.153333   -0.745207  0.000000  1.0
    0.153333   -0.743156  0.000000  1.0
    0.153333   -0.741105  0.000000  1.0
    0.153333   -0.739054  0.000000  1.0
    0.153333   -0.737002  0.000000  1.0
    0.153333   -0.734951  0.000000  1.0
    0.153333   -0.732900  0.000000  1.0
    0.153333   -0.730848  0.000000  1.0
    0.153333   -0.728797  0.000000  1.0
    0.153333   -0.726746  0.000000  1.0
    0.153333   -0.724695  0.000000  1.0
    0.153333   -0.722643  0.000000  1.0
    0.153333   -0.720592  0.000000  1.0
    0.153333   -0.718541  0.000000  1.0
    0.153333   -0.716489  0.000000  1.0
    0.153333   -0.714438  0.000000  1.0
    0.153333   -0.712387  0.000000  1.0
    0.153333   -0.710336  0.000000  1.0
    0.153333   -0.708284  0.000000  1.0
    0.153333   -0.706233  0.000000  1.0
    0.153333   -0.704182  0.000000  1.0
    0.153333   -0.702130  0.000000  1.0
    0.153333   -0.700079  0.000000  1.0
    0.153333   -0.698028  0.000000  1.0
    0.153333   -0.695977  0.000000  1.0
    0.153333   -0.693925  0.000000  1.0
    0.153333   -0.691874  0.000000  1.0
    0.153333   -0.689823  0.000000  1.0
    0.153333   -0.687772  0.000000  1.0
    0.153333   -0.685720  0.000000  1.0
    0.153333   -0.683669  0.000000  1.0
    0.155385   -0.763669  0.000000  1.0
    0.155385   -0.761618  0.000000  1.0
    0.155385   -0.759566  0.000000  1.0
    0.155385   -0.757515  0.000000  1.0
    0.155385   -0.755464  0.000000  1.0
    0.155385   -0.753413  0.000000  1.0
    0.155385   -0.751361  0.000000  1.0
    0.155385   -0.749310  0.000000  1.0
    0.155385   -0.747259  0.000000  1.0
    0.155385   -0.745207  0.000000  1.0
    0.155385   -0.743156  0.000000  1.0
    0.155385   -0.741105  0.000000  1.0
    0.155385   -0.739054  0.000000  1.0
    0.155385   -0.737002  0.000000  1.0
    0.155385   -0.734951  0.000000  1.0
    0.155385   -0.732900  0.000000  1.0
    0.155385   -0.730848  0.000000  1.0
    0.155385   -0.728797  0.000000  1.0
    0.155385   -0.726746  0.000000  1.0
    0.155385   -0.724695  0.000000  1.0
    0.155385   -0.722643  0.000000  1.0
    0.155385   -0.720592  0.000000  1.0
    0.155385   -0.718541  0.000000  1.0
    0.155385   -0.716489  0.000000  1.0
    0.155385   -0.714438  0.000000  1.0
    0.155385   -0.712387  0.000000  1.0
    0.155385   -0.710336  0.000000  1.0
    0.155385   -0.708284  0.000000  1.0
    0.155385   -0.706233  0.000000  1.0
    0.155385   -0.704182  0.000000  1.0
    0.155385   -0.702130  0.000000  1.0
    0.155385   -0.700079  0.000000  1.0
    0.155385   -0.698028  0.000000  1.0
    0.155385   -0.695977  0.000000  1.0
    0.155385   -0.693925  0.000000  1.0
    0.155385   -0.691874  0.000000  1.0
    0.155385   -0.689823  0.000000  1.0
    0.155385   -0.687772  0.000000  1.0
    0.155385   -0.685720  0.000000  1.0
    0.155385   -0.683669  0.000000  1.0
    0.157436   -0.763669  0.000000  1.0
    0.157436   -0.761618  0.000000  1.0
    0.157436   -0.759566  0.000000  1.0
    0.157436   -0.757515  0.000000  1.0
    0.157436   -0.755464  0.000000  1.0
    0.157436   -0.753413  0.000000  1.0
    0.157436   -0.751361  0.000000  1.0
    0.157436   -0.749310  0.000000  1.0
    0.157436   -0.747259  0.000000  1.0
    0.157436   -0.745207  0.000000  1.0
    0.157436   -0.743156  0.000000  1.0
    0.157436   -0.741105  0.000000  1.0
    0.157436   -0.739054  0.000000  1.0
    0.157436   -0.737002  0.000000  1.0
    0.157436   -0.734951  0.000000  1.0
    0.157436   -0.732900  0.000000  1.0
    0.157436   -0.730848  0.000000  1.0
    0.157436   -0.728797  0.000000  1.0
    0.157436   -0.726746  0.000000  1.0
    0.157436   -0.724695  0.000000  1.0
    0.157436   -0.722643  0.000000  1.0
    0.157436   -0.720592  0.000000  1.0
    0.157436   -0.718541  0.000000  1.0
    0.157436   -0.716489  0.000000  1.0
    0.157436   -0.714438  0.000000  1.0
    0.157436   -0.712387  0.000000  1.0
    0.157436   -0.710336  0.000000  1.0
    0.157436   -0.708284  0.000000  1.0
    0.157436   -0.706233  0.000000  1.0
    0.157436   -0.704182  0.000000  1.0
    0.157436   -0.702130  0.000000  1.0
    0.157436   -0.700079  0.000000  1.0
    0.157436   -0.698028  0.000000  1.0
    0.157436   -0.695977  0.000000  1.0
    0.157436   -0.693925  0.000000  1.0
    0.157436   -0.691874  0.000000  1.0
    0.157436   -0.689823  0.000000  1.0
    0.157436   -0.687772  0.000000  1.0
    0.157436   -0.685720  0.000000  1.0
    0.157436   -0.683669  0.000000  1.0
    0.159487   -0.763669  0.000000  1.0
    0.159487   -0.761618  0.000000  1.0
    0.159487   -0.759566  0.000000  1.0
    0.159487   -0.757515  0.000000  1.0
    0.159487   -0.755464  0.000000  1.0
    0.159487   -0.753413  0.000000  1.0
    0.159487   -0.751361  0.000000  1.0
    0.159487   -0.749310  0.000000  1.0
    0.159487   -0.747259  0.000000  1.0
    0.159487   -0.745207  0.000000  1.0
    0.159487   -0.743156  0.000000  1.0
    0.159487   -0.741105  0.000000  1.0
    0.159487   -0.739054  0.000000  1.0
    0.159487   -0.737002  0.000000  1.0
    0.159487   -0.734951  0.000000  1.0
    0.159487   -0.732900  0.000000  1.0
    0.159487   -0.730848  0.000000  1.0
    0.159487   -0.728797  0.000000  1.0
    0.159487   -0.726746  0.000000  1.0
    0.159487   -0.724695  0.000000  1.0
    0.159487   -0.722643  0.000000  1.0
    0.159487   -0.720592  0.000000  1.0
    0.159487   -0.718541  0.000000  1.0
    0.159487   -0.716489  0.000000  1.0
    0.159487   -0.714438  0.000000  1.0
    0.159487   -0.712387  0.000000  1.0
    0.159487   -0.710336  0.000000  1.0
    0.159487   -0.708284  0.000000  1.0
    0.159487   -0.706233  0.000000  1.0
    0.159487   -0.704182  0.000000  1.0
    0.159487   -0.702130  0.000000  1.0
    0.159487   -0.700079  0.000000  1.0
    0.159487   -0.698028  0.000000  1.0
    0.159487   -0.695977  0.000000  1.0
    0.159487   -0.693925  0.000000  1.0
    0.159487   -0.691874  0.000000  1.0
    0.159487   -0.689823  0.000000  1.0
    0.159487   -0.687772  0.000000  1.0
    0.159487   -0.685720  0.000000  1.0
    0.159487   -0.683669  0.000000  1.0
    0.161538   -0.763669  0.000000  1.0
    0.161538   -0.761618  0.000000  1.0
    0.161538   -0.759566  0.000000  1.0
    0.161538   -0.757515  0.000000  1.0
    0.161538   -0.755464  0.000000  1.0
    0.161538   -0.753413  0.000000  1.0
    0.161538   -0.751361  0.000000  1.0
    0.161538   -0.749310  0.000000  1.0
    0.161538   -0.747259  0.000000  1.0
    0.161538   -0.745207  0.000000  1.0
    0.161538   -0.743156  0.000000  1.0
    0.161538   -0.741105  0.000000  1.0
    0.161538   -0.739054  0.000000  1.0
    0.161538   -0.737002  0.000000  1.0
    0.161538   -0.734951  0.000000  1.0
    0.161538   -0.732900  0.000000  1.0
    0.161538   -0.730848  0.000000  1.0
    0.161538   -0.728797  0.000000  1.0
    0.161538   -0.726746  0.000000  1.0
    0.161538   -0.724695  0.000000  1.0
    0.161538   -0.722643  0.000000  1.0
    0.161538   -0.720592  0.000000  1.0
    0.161538   -0.718541  0.000000  1.0
    0.161538   -0.716489  0.000000  1.0
    0.161538   -0.714438  0.000000  1.0
    0.161538   -0.712387  0.000000  1.0
    0.161538   -0.710336  0.000000  1.0
    0.161538   -0.708284  0.000000  1.0
    0.161538   -0.706233  0.000000  1.0
    0.161538   -0.704182  0.000000  1.0
    0.161538   -0.702130  0.000000  1.0
    0.161538   -0.700079  0.000000  1.0
    0.161538   -0.698028  0.000000  1.0
    0.161538   -0.695977  0.000000  1.0
    0.161538   -0.693925  0.000000  1.0
    0.161538   -0.691874  0.000000  1.0
    0.161538   -0.689823  0.000000  1.0
    0.161538   -0.687772  0.000000  1.0
    0.161538   -0.685720  0.000000  1.0
    0.161538   -0.683669  0.000000  1.0
    0.163590   -0.763669  0.000000  1.0
    0.163590   -0.761618  0.000000  1.0
    0.163590   -0.759566  0.000000  1.0
    0.163590   -0.757515  0.000000  1.0
    0.163590   -0.755464  0.000000  1.0
    0.163590   -0.753413  0.000000  1.0
    0.163590   -0.751361  0.000000  1.0
    0.163590   -0.749310  0.000000  1.0
    0.163590   -0.747259  0.000000  1.0
    0.163590   -0.745207  0.000000  1.0
    0.163590   -0.743156  0.000000  1.0
    0.163590   -0.741105  0.000000  1.0
    0.163590   -0.739054  0.000000  1.0
    0.163590   -0.737002  0.000000  1.0
    0.163590   -0.734951  0.000000  1.0
    0.163590   -0.732900  0.000000  1.0
    0.163590   -0.730848  0.000000  1.0
    0.163590   -0.728797  0.000000  1.0
    0.163590   -0.726746  0.000000  1.0
    0.163590   -0.724695  0.000000  1.0
    0.163590   -0.722643  0.000000  1.0
    0.163590   -0.720592  0.000000  1.0
    0.163590   -0.718541  0.000000  1.0
    0.163590   -0.716489  0.000000  1.0
    0.163590   -0.714438  0.000000  1.0
    0.163590   -0.712387  0.000000  1.0
    0.163590   -0.710336  0.000000  1.0
    0.163590   -0.708284  0.000000  1.0
    0.163590   -0.706233  0.000000  1.0
    0.163590   -0.704182  0.000000  1.0
    0.163590   -0.702130  0.000000  1.0
    0.163590   -0.700079  0.000000  1.0
    0.163590   -0.698028  0.000000  1.0
    0.163590   -0.695977  0.000000  1.0
    0.163590   -0.693925  0.000000  1.0
    0.163590   -0.691874  0.000000  1.0
    0.163590   -0.689823  0.000000  1.0
    0.163590   -0.687772  0.000000  1.0
    0.163590   -0.685720  0.000000  1.0
    0.163590   -0.683669  0.000000  1.0
    0.165641   -0.763669  0.000000  1.0
    0.165641   -0.761618  0.000000  1.0
    0.165641   -0.759566  0.000000  1.0
    0.165641   -0.757515  0.000000  1.0
    0.165641   -0.755464  0.000000  1.0
    0.165641   -0.753413  0.000000  1.0
    0.165641   -0.751361  0.000000  1.0
    0.165641   -0.749310  0.000000  1.0
    0.165641   -0.747259  0.000000  1.0
    0.165641   -0.745207  0.000000  1.0
    0.165641   -0.743156  0.000000  1.0
    0.165641   -0.741105  0.000000  1.0
    0.165641   -0.739054  0.000000  1.0
    0.165641   -0.737002  0.000000  1.0
    0.165641   -0.734951  0.000000  1.0
    0.165641   -0.732900  0.000000  1.0
    0.165641   -0.730848  0.000000  1.0
    0.165641   -0.728797  0.000000  1.0
    0.165641   -0.726746  0.000000  1.0
    0.165641   -0.724695  0.000000  1.0
    0.165641   -0.722643  0.000000  1.0
    0.165641   -0.720592  0.000000  1.0
    0.165641   -0.718541  0.000000  1.0
    0.165641   -0.716489  0.000000  1.0
    0.165641   -0.714438  0.000000  1.0
    0.165641   -0.712387  0.000000  1.0
    0.165641   -0.710336  0.000000  1.0
    0.165641   -0.708284  0.000000  1.0
    0.165641   -0.706233  0.000000  1.0
    0.165641   -0.704182  0.000000  1.0
    0.165641   -0.702130  0.000000  1.0
    0.165641   -0.700079  0.000000  1.0
    0.165641   -0.698028  0.000000  1.0
    0.165641   -0.695977  0.000000  1.0
    0.165641   -0.693925  0.000000  1.0
    0.165641   -0.691874  0.000000  1.0
    0.165641   -0.689823  0.000000  1.0
    0.165641   -0.687772  0.000000  1.0
    0.165641   -0.685720  0.000000  1.0
    0.165641   -0.683669  0.000000  1.0
    0.167692   -0.763669  0.000000  1.0
    0.167692   -0.761618  0.000000  1.0
    0.167692   -0.759566  0.000000  1.0
    0.167692   -0.757515  0.000000  1.0
    0.167692   -0.755464  0.000000  1.0
    0.167692   -0.753413  0.000000  1.0
    0.167692   -0.751361  0.000000  1.0
    0.167692   -0.749310  0.000000  1.0
    0.167692   -0.747259  0.000000  1.0
    0.167692   -0.745207  0.000000  1.0
    0.167692   -0.743156  0.000000  1.0
    0.167692   -0.741105  0.000000  1.0
    0.167692   -0.739054  0.000000  1.0
    0.167692   -0.737002  0.000000  1.0
    0.167692   -0.734951  0.000000  1.0
    0.167692   -0.732900  0.000000  1.0
    0.167692   -0.730848  0.000000  1.0
    0.167692   -0.728797  0.000000  1.0
    0.167692   -0.726746  0.000000  1.0
    0.167692   -0.724695  0.000000  1.0
    0.167692   -0.722643  0.000000  1.0
    0.167692   -0.720592  0.000000  1.0
    0.167692   -0.718541  0.000000  1.0
    0.167692   -0.716489  0.000000  1.0
    0.167692   -0.714438  0.000000  1.0
    0.167692   -0.712387  0.000000  1.0
    0.167692   -0.710336  0.000000  1.0
    0.167692   -0.708284  0.000000  1.0
    0.167692   -0.706233  0.000000  1.0
    0.167692   -0.704182  0.000000  1.0
    0.167692   -0.702130  0.000000  1.0
    0.167692   -0.700079  0.000000  1.0
    0.167692   -0.698028  0.000000  1.0
    0.167692   -0.695977  0.000000  1.0
    0.167692   -0.693925  0.000000  1.0
    0.167692   -0.691874  0.000000  1.0
    0.167692   -0.689823  0.000000  1.0
    0.167692   -0.687772  0.000000  1.0
    0.167692   -0.685720  0.000000  1.0
    0.167692   -0.683669  0.000000  1.0
    0.169744   -0.763669  0.000000  1.0
    0.169744   -0.761618  0.000000  1.0
    0.169744   -0.759566  0.000000  1.0
    0.169744   -0.757515  0.000000  1.0
    0.169744   -0.755464  0.000000  1.0
    0.169744   -0.753413  0.000000  1.0
    0.169744   -0.751361  0.000000  1.0
    0.169744   -0.749310  0.000000  1.0
    0.169744   -0.747259  0.000000  1.0
    0.169744   -0.745207  0.000000  1.0
    0.169744   -0.743156  0.000000  1.0
    0.169744   -0.741105  0.000000  1.0
    0.169744   -0.739054  0.000000  1.0
    0.169744   -0.737002  0.000000  1.0
    0.169744   -0.734951  0.000000  1.0
    0.169744   -0.732900  0.000000  1.0
    0.169744   -0.730848  0.000000  1.0
    0.169744   -0.728797  0.000000  1.0
    0.169744   -0.726746  0.000000  1.0
    0.169744   -0.724695  0.000000  1.0
    0.169744   -0.722643  0.000000  1.0
    0.169744   -0.720592  0.000000  1.0
    0.169744   -0.718541  0.000000  1.0
    0.169744   -0.716489  0.000000  1.0
    0.169744   -0.714438  0.000000  1.0
    0.169744   -0.712387  0.000000  1.0
    0.169744   -0.710336  0.000000  1.0
    0.169744   -0.708284  0.000000  1.0
    0.169744   -0.706233  0.000000  1.0
    0.169744   -0.704182  0.000000  1.0
    0.169744   -0.702130  0.000000  1.0
    0.169744   -0.700079  0.000000  1.0
    0.169744   -0.698028  0.000000  1.0
    0.169744   -0.695977  0.000000  1.0
    0.169744   -0.693925  0.000000  1.0
    0.169744   -0.691874  0.000000  1.0
    0.169744   -0.689823  0.000000  1.0
    0.169744   -0.687772  0.000000  1.0
    0.169744   -0.685720  0.000000  1.0
    0.169744   -0.683669  0.000000  1.0
    0.171795   -0.763669  0.000000  1.0
    0.171795   -0.761618  0.000000  1.0
    0.171795   -0.759566  0.000000  1.0
    0.171795   -0.757515  0.000000  1.0
    0.171795   -0.755464  0.000000  1.0
    0.171795   -0.753413  0.000000  1.0
    0.171795   -0.751361  0.000000  1.0
    0.171795   -0.749310  0.000000  1.0
    0.171795   -0.747259  0.000000  1.0
    0.171795   -0.745207  0.000000  1.0
    0.171795   -0.743156  0.000000  1.0
    0.171795   -0.741105  0.000000  1.0
    0.171795   -0.739054  0.000000  1.0
    0.171795   -0.737002  0.000000  1.0
    0.171795   -0.734951  0.000000  1.0
    0.171795   -0.732900  0.000000  1.0
    0.171795   -0.730848  0.000000  1.0
    0.171795   -0.728797  0.000000  1.0
    0.171795   -0.726746  0.000000  1.0
    0.171795   -0.724695  0.000000  1.0
    0.171795   -0.722643  0.000000  1.0
    0.171795   -0.720592  0.000000  1.0
    0.171795   -0.718541  0.000000  1.0
    0.171795   -0.716489  0.000000  1.0
    0.171795   -0.714438  0.000000  1.0
    0.171795   -0.712387  0.000000  1.0
    0.171795   -0.710336  0.000000  1.0
    0.171795   -0.708284  0.000000  1.0
    0.171795   -0.706233  0.000000  1.0
    0.171795   -0.704182  0.000000  1.0
    0.171795   -0.702130  0.000000  1.0
    0.171795   -0.700079  0.000000  1.0
    0.171795   -0.698028  0.000000  1.0
    0.171795   -0.695977  0.000000  1.0
    0.171795   -0.693925  0.000000  1.0
    0.171795   -0.691874  0.000000  1.0
    0.171795   -0.689823  0.000000  1.0
    0.171795   -0.687772  0.000000  1.0
    0.171795   -0.685720  0.000000  1.0
    0.171795   -0.683669  0.000000  1.0
    0.173846   -0.763669  0.000000  1.0
    0.173846   -0.761618  0.000000  1.0
    0.173846   -0.759566  0.000000  1.0
    0.173846   -0.757515  0.000000  1.0
    0.173846   -0.755464  0.000000  1.0
    0.173846   -0.753413  0.000000  1.0
    0.173846   -0.751361  0.000000  1.0
    0.173846   -0.749310  0.000000  1.0
    0.173846   -0.747259  0.000000  1.0
    0.173846   -0.745207  0.000000  1.0
    0.173846   -0.743156  0.000000  1.0
    0.173846   -0.741105  0.000000  1.0
    0.173846   -0.739054  0.000000  1.0
    0.173846   -0.737002  0.000000  1.0
    0.173846   -0.734951  0.000000  1.0
    0.173846   -0.732900  0.000000  1.0
    0.173846   -0.730848  0.000000  1.0
    0.173846   -0.728797  0.000000  1.0
    0.173846   -0.726746  0.000000  1.0
    0.173846   -0.724695  0.000000  1.0
    0.173846   -0.722643  0.000000  1.0
    0.173846   -0.720592  0.000000  1.0
    0.173846   -0.718541  0.000000  1.0
    0.173846   -0.716489  0.000000  1.0
    0.173846   -0.714438  0.000000  1.0
    0.173846   -0.712387  0.000000  1.0
    0.173846   -0.710336  0.000000  1.0
    0.173846   -0.708284  0.000000  1.0
    0.173846   -0.706233  0.000000  1.0
    0.173846   -0.704182  0.000000  1.0
    0.173846   -0.702130  0.000000  1.0
    0.173846   -0.700079  0.000000  1.0
    0.173846   -0.698028  0.000000  1.0
    0.173846   -0.695977  0.000000  1.0
    0.173846   -0.693925  0.000000  1.0
    0.173846   -0.691874  0.000000  1.0
    0.173846   -0.689823  0.000000  1.0
    0.173846   -0.687772  0.000000  1.0
    0.173846   -0.685720  0.000000  1.0
    0.173846   -0.683669  0.000000  1.0
    0.175897   -0.763669  0.000000  1.0
    0.175897   -0.761618  0.000000  1.0
    0.175897   -0.759566  0.000000  1.0
    0.175897   -0.757515  0.000000  1.0
    0.175897   -0.755464  0.000000  1.0
    0.175897   -0.753413  0.000000  1.0
    0.175897   -0.751361  0.000000  1.0
    0.175897   -0.749310  0.000000  1.0
    0.175897   -0.747259  0.000000  1.0
    0.175897   -0.745207  0.000000  1.0
    0.175897   -0.743156  0.000000  1.0
    0.175897   -0.741105  0.000000  1.0
    0.175897   -0.739054  0.000000  1.0
    0.175897   -0.737002  0.000000  1.0
    0.175897   -0.734951  0.000000  1.0
    0.175897   -0.732900  0.000000  1.0
    0.175897   -0.730848  0.000000  1.0
    0.175897   -0.728797  0.000000  1.0
    0.175897   -0.726746  0.000000  1.0
    0.175897   -0.724695  0.000000  1.0
    0.175897   -0.722643  0.000000  1.0
    0.175897   -0.720592  0.000000  1.0
    0.175897   -0.718541  0.000000  1.0
    0.175897   -0.716489  0.000000  1.0
    0.175897   -0.714438  0.000000  1.0
    0.175897   -0.712387  0.000000  1.0
    0.175897   -0.710336  0.000000  1.0
    0.175897   -0.708284  0.000000  1.0
    0.175897   -0.706233  0.000000  1.0
    0.175897   -0.704182  0.000000  1.0
    0.175897   -0.702130  0.000000  1.0
    0.175897   -0.700079  0.000000  1.0
    0.175897   -0.698028  0.000000  1.0
    0.175897   -0.695977  0.000000  1.0
    0.175897   -0.693925  0.000000  1.0
    0.175897   -0.691874  0.000000  1.0
    0.175897   -0.689823  0.000000  1.0
    0.175897   -0.687772  0.000000  1.0
    0.175897   -0.685720  0.000000  1.0
    0.175897   -0.683669  0.000000  1.0
    0.177949   -0.763669  0.000000  1.0
    0.177949   -0.761618  0.000000  1.0
    0.177949   -0.759566  0.000000  1.0
    0.177949   -0.757515  0.000000  1.0
    0.177949   -0.755464  0.000000  1.0
    0.177949   -0.753413  0.000000  1.0
    0.177949   -0.751361  0.000000  1.0
    0.177949   -0.749310  0.000000  1.0
    0.177949   -0.747259  0.000000  1.0
    0.177949   -0.745207  0.000000  1.0
    0.177949   -0.743156  0.000000  1.0
    0.177949   -0.741105  0.000000  1.0
    0.177949   -0.739054  0.000000  1.0
    0.177949   -0.737002  0.000000  1.0
    0.177949   -0.734951  0.000000  1.0
    0.177949   -0.732900  0.000000  1.0
    0.177949   -0.730848  0.000000  1.0
    0.177949   -0.728797  0.000000  1.0
    0.177949   -0.726746  0.000000  1.0
    0.177949   -0.724695  0.000000  1.0
    0.177949   -0.722643  0.000000  1.0
    0.177949   -0.720592  0.000000  1.0
    0.177949   -0.718541  0.000000  1.0
    0.177949   -0.716489  0.000000  1.0
    0.177949   -0.714438  0.000000  1.0
    0.177949   -0.712387  0.000000  1.0
    0.177949   -0.710336  0.000000  1.0
    0.177949   -0.708284  0.000000  1.0
    0.177949   -0.706233  0.000000  1.0
    0.177949   -0.704182  0.000000  1.0
    0.177949   -0.702130  0.000000  1.0
    0.177949   -0.700079  0.000000  1.0
    0.177949   -0.698028  0.000000  1.0
    0.177949   -0.695977  0.000000  1.0
    0.177949   -0.693925  0.000000  1.0
    0.177949   -0.691874  0.000000  1.0
    0.177949   -0.689823  0.000000  1.0
    0.177949   -0.687772  0.000000  1.0
    0.177949   -0.685720  0.000000  1.0
    0.177949   -0.683669  0.000000  1.0
    0.180000   -0.763669  0.000000  1.0
    0.180000   -0.761618  0.000000  1.0
    0.180000   -0.759566  0.000000  1.0
    0.180000   -0.757515  0.000000  1.0
    0.180000   -0.755464  0.000000  1.0
    0.180000   -0.753413  0.000000  1.0
    0.180000   -0.751361  0.000000  1.0
    0.180000   -0.749310  0.000000  1.0
    0.180000   -0.747259  0.000000  1.0
    0.180000   -0.745207  0.000000  1.0
    0.180000   -0.743156  0.000000  1.0
    0.180000   -0.741105  0.000000  1.0
    0.180000   -0.739054  0.000000  1.0
    0.180000   -0.737002  0.000000  1.0
    0.180000   -0.734951  0.000000  1.0
    0.180000   -0.732900  0.000000  1.0
    0.180000   -0.730848  0.000000  1.0
    0.180000   -0.728797  0.000000  1.0
    0.180000   -0.726746  0.000000  1.0
    0.180000   -0.724695  0.000000  1.0
    0.180000   -0.722643  0.000000  1.0
    0.180000   -0.720592  0.000000  1.0
    0.180000   -0.718541  0.000000  1.0
    0.180000   -0.716489  0.000000  1.0
    0.180000   -0.714438  0.000000  1.0
    0.180000   -0.712387  0.000000  1.0
    0.180000   -0.710336  0.000000  1.0
    0.180000   -0.708284  0.000000  1.0
    0.180000   -0.706233  0.000000  1.0
    0.180000   -0.704182  0.000000  1.0
    0.180000   -0.702130  0.000000  1.0
    0.180000   -0.700079  0.000000  1.0
    0.180000   -0.698028  0.000000  1.0
    0.180000   -0.695977  0.000000  1.0
    0.180000   -0.693925  0.000000  1.0
    0.180000   -0.691874  0.000000  1.0
    0.180000   -0.689823  0.000000  1.0
    0.180000   -0.687772  0.000000  1.0
    0.180000   -0.685720  0.000000  1.0
    0.180000   -0.683669  0.000000  1.0
    0.182051   -0.763669  0.000000  1.0
    0.182051   -0.761618  0.000000  1.0
    0.182051   -0.759566  0.000000  1.0
    0.182051   -0.757515  0.000000  1.0
    0.182051   -0.755464  0.000000  1.0
    0.182051   -0.753413  0.000000  1.0
    0.182051   -0.751361  0.000000  1.0
    0.182051   -0.749310  0.000000  1.0
    0.182051   -0.747259  0.000000  1.0
    0.182051   -0.745207  0.000000  1.0
    0.182051   -0.743156  0.000000  1.0
    0.182051   -0.741105  0.000000  1.0
    0.182051   -0.739054  0.000000  1.0
    0.182051   -0.737002  0.000000  1.0
    0.182051   -0.734951  0.000000  1.0
    0.182051   -0.732900  0.000000  1.0
    0.182051   -0.730848  0.000000  1.0
    0.182051   -0.728797  0.000000  1.0
    0.182051   -0.726746  0.000000  1.0
    0.182051   -0.724695  0.000000  1.0
    0.182051   -0.722643  0.000000  1.0
    0.182051   -0.720592  0.000000  1.0
    0.182051   -0.718541  0.000000  1.0
    0.182051   -0.716489  0.000000  1.0
    0.182051   -0.714438  0.000000  1.0
    0.182051   -0.712387  0.000000  1.0
    0.182051   -0.710336  0.000000  1.0
    0.182051   -0.708284  0.000000  1.0
    0.182051   -0.706233  0.000000  1.0
    0.182051   -0.704182  0.000000  1.0
    0.182051   -0.702130  0.000000  1.0
    0.182051   -0.700079  0.000000  1.0
    0.182051   -0.698028  0.000000  1.0
    0.182051   -0.695977  0.000000  1.0
    0.182051   -0.693925  0.000000  1.0
    0.182051   -0.691874  0.000000  1.0
    0.182051   -0.689823  0.000000  1.0
    0.182051   -0.687772  0.000000  1.0
    0.182051   -0.685720  0.000000  1.0
    0.182051   -0.683669  0.000000  1.0
    0.184103   -0.763669  0.000000  1.0
    0.184103   -0.761618  0.000000  1.0
    0.184103   -0.759566  0.000000  1.0
    0.184103   -0.757515  0.000000  1.0
    0.184103   -0.755464  0.000000  1.0
    0.184103   -0.753413  0.000000  1.0
    0.184103   -0.751361  0.000000  1.0
    0.184103   -0.749310  0.000000  1.0
    0.184103   -0.747259  0.000000  1.0
    0.184103   -0.745207  0.000000  1.0
    0.184103   -0.743156  0.000000  1.0
    0.184103   -0.741105  0.000000  1.0
    0.184103   -0.739054  0.000000  1.0
    0.184103   -0.737002  0.000000  1.0
    0.184103   -0.734951  0.000000  1.0
    0.184103   -0.732900  0.000000  1.0
    0.184103   -0.730848  0.000000  1.0
    0.184103   -0.728797  0.000000  1.0
    0.184103   -0.726746  0.000000  1.0
    0.184103   -0.724695  0.000000  1.0
    0.184103   -0.722643  0.000000  1.0
    0.184103   -0.720592  0.000000  1.0
    0.184103   -0.718541  0.000000  1.0
    0.184103   -0.716489  0.000000  1.0
    0.184103   -0.714438  0.000000  1.0
    0.184103   -0.712387  0.000000  1.0
    0.184103   -0.710336  0.000000  1.0
    0.184103   -0.708284  0.000000  1.0
    0.184103   -0.706233  0.000000  1.0
    0.184103   -0.704182  0.000000  1.0
    0.184103   -0.702130  0.000000  1.0
    0.184103   -0.700079  0.000000  1.0
    0.184103   -0.698028  0.000000  1.0
    0.184103   -0.695977  0.000000  1.0
    0.184103   -0.693925  0.000000  1.0
    0.184103   -0.691874  0.000000  1.0
    0.184103   -0.689823  0.000000  1.0
    0.184103   -0.687772  0.000000  1.0
    0.184103   -0.685720  0.000000  1.0
    0.184103   -0.683669  0.000000  1.0
    0.186154   -0.763669  0.000000  1.0
    0.186154   -0.761618  0.000000  1.0
    0.186154   -0.759566  0.000000  1.0
    0.186154   -0.757515  0.000000  1.0
    0.186154   -0.755464  0.000000  1.0
    0.186154   -0.753413  0.000000  1.0
    0.186154   -0.751361  0.000000  1.0
    0.186154   -0.749310  0.000000  1.0
    0.186154   -0.747259  0.000000  1.0
    0.186154   -0.745207  0.000000  1.0
    0.186154   -0.743156  0.000000  1.0
    0.186154   -0.741105  0.000000  1.0
    0.186154   -0.739054  0.000000  1.0
    0.186154   -0.737002  0.000000  1.0
    0.186154   -0.734951  0.000000  1.0
    0.186154   -0.732900  0.000000  1.0
    0.186154   -0.730848  0.000000  1.0
    0.186154   -0.728797  0.000000  1.0
    0.186154   -0.726746  0.000000  1.0
    0.186154   -0.724695  0.000000  1.0
    0.186154   -0.722643  0.000000  1.0
    0.186154   -0.720592  0.000000  1.0
    0.186154   -0.718541  0.000000  1.0
    0.186154   -0.716489  0.000000  1.0
    0.186154   -0.714438  0.000000  1.0
    0.186154   -0.712387  0.000000  1.0
    0.186154   -0.710336  0.000000  1.0
    0.186154   -0.708284  0.000000  1.0
    0.186154   -0.706233  0.000000  1.0
    0.186154   -0.704182  0.000000  1.0
    0.186154   -0.702130  0.000000  1.0
    0.186154   -0.700079  0.000000  1.0
    0.186154   -0.698028  0.000000  1.0
    0.186154   -0.695977  0.000000  1.0
    0.186154   -0.693925  0.000000  1.0
    0.186154   -0.691874  0.000000  1.0
    0.186154   -0.689823  0.000000  1.0
    0.186154   -0.687772  0.000000  1.0
    0.186154   -0.685720  0.000000  1.0
    0.186154   -0.683669  0.000000  1.0
    0.188205   -0.763669  0.000000  1.0
    0.188205   -0.761618  0.000000  1.0
    0.188205   -0.759566  0.000000  1.0
    0.188205   -0.757515  0.000000  1.0
    0.188205   -0.755464  0.000000  1.0
    0.188205   -0.753413  0.000000  1.0
    0.188205   -0.751361  0.000000  1.0
    0.188205   -0.749310  0.000000  1.0
    0.188205   -0.747259  0.000000  1.0
    0.188205   -0.745207  0.000000  1.0
    0.188205   -0.743156  0.000000  1.0
    0.188205   -0.741105  0.000000  1.0
    0.188205   -0.739054  0.000000  1.0
    0.188205   -0.737002  0.000000  1.0
    0.188205   -0.734951  0.000000  1.0
    0.188205   -0.732900  0.000000  1.0
    0.188205   -0.730848  0.000000  1.0
    0.188205   -0.728797  0.000000  1.0
    0.188205   -0.726746  0.000000  1.0
    0.188205   -0.724695  0.000000  1.0
    0.188205   -0.722643  0.000000  1.0
    0.188205   -0.720592  0.000000  1.0
    0.188205   -0.718541  0.000000  1.0
    0.188205   -0.716489  0.000000  1.0
    0.188205   -0.714438  0.000000  1.0
    0.188205   -0.712387  0.000000  1.0
    0.188205   -0.710336  0.000000  1.0
    0.188205   -0.708284  0.000000  1.0
    0.188205   -0.706233  0.000000  1.0
    0.188205   -0.704182  0.000000  1.0
    0.188205   -0.702130  0.000000  1.0
    0.188205   -0.700079  0.000000  1.0
    0.188205   -0.698028  0.000000  1.0
    0.188205   -0.695977  0.000000  1.0
    0.188205   -0.693925  0.000000  1.0
    0.188205   -0.691874  0.000000  1.0
    0.188205   -0.689823  0.000000  1.0
    0.188205   -0.687772  0.000000  1.0
    0.188205   -0.685720  0.000000  1.0
    0.188205   -0.683669  0.000000  1.0
    0.190256   -0.763669  0.000000  1.0
    0.190256   -0.761618  0.000000  1.0
    0.190256   -0.759566  0.000000  1.0
    0.190256   -0.757515  0.000000  1.0
    0.190256   -0.755464  0.000000  1.0
    0.190256   -0.753413  0.000000  1.0
    0.190256   -0.751361  0.000000  1.0
    0.190256   -0.749310  0.000000  1.0
    0.190256   -0.747259  0.000000  1.0
    0.190256   -0.745207  0.000000  1.0
    0.190256   -0.743156  0.000000  1.0
    0.190256   -0.741105  0.000000  1.0
    0.190256   -0.739054  0.000000  1.0
    0.190256   -0.737002  0.000000  1.0
    0.190256   -0.734951  0.000000  1.0
    0.190256   -0.732900  0.000000  1.0
    0.190256   -0.730848  0.000000  1.0
    0.190256   -0.728797  0.000000  1.0
    0.190256   -0.726746  0.000000  1.0
    0.190256   -0.724695  0.000000  1.0
    0.190256   -0.722643  0.000000  1.0
    0.190256   -0.720592  0.000000  1.0
    0.190256   -0.718541  0.000000  1.0
    0.190256   -0.716489  0.000000  1.0
    0.190256   -0.714438  0.000000  1.0
    0.190256   -0.712387  0.000000  1.0
    0.190256   -0.710336  0.000000  1.0
    0.190256   -0.708284  0.000000  1.0
    0.190256   -0.706233  0.000000  1.0
    0.190256   -0.704182  0.000000  1.0
    0.190256   -0.702130  0.000000  1.0
    0.190256   -0.700079  0.000000  1.0
    0.190256   -0.698028  0.000000  1.0
    0.190256   -0.695977  0.000000  1.0
    0.190256   -0.693925  0.000000  1.0
    0.190256   -0.691874  0.000000  1.0
    0.190256   -0.689823  0.000000  1.0
    0.190256   -0.687772  0.000000  1.0
    0.190256   -0.685720  0.000000  1.0
    0.190256   -0.683669  0.000000  1.0
    0.192308   -0.763669  0.000000  1.0
    0.192308   -0.761618  0.000000  1.0
    0.192308   -0.759566  0.000000  1.0
    0.192308   -0.757515  0.000000  1.0
    0.192308   -0.755464  0.000000  1.0
    0.192308   -0.753413  0.000000  1.0
    0.192308   -0.751361  0.000000  1.0
    0.192308   -0.749310  0.000000  1.0
    0.192308   -0.747259  0.000000  1.0
    0.192308   -0.745207  0.000000  1.0
    0.192308   -0.743156  0.000000  1.0
    0.192308   -0.741105  0.000000  1.0
    0.192308   -0.739054  0.000000  1.0
    0.192308   -0.737002  0.000000  1.0
    0.192308   -0.734951  0.000000  1.0
    0.192308   -0.732900  0.000000  1.0
    0.192308   -0.730848  0.000000  1.0
    0.192308   -0.728797  0.000000  1.0
    0.192308   -0.726746  0.000000  1.0
    0.192308   -0.724695  0.000000  1.0
    0.192308   -0.722643  0.000000  1.0
    0.192308   -0.720592  0.000000  1.0
    0.192308   -0.718541  0.000000  1.0
    0.192308   -0.716489  0.000000  1.0
    0.192308   -0.714438  0.000000  1.0
    0.192308   -0.712387  0.000000  1.0
    0.192308   -0.710336  0.000000  1.0
    0.192308   -0.708284  0.000000  1.0
    0.192308   -0.706233  0.000000  1.0
    0.192308   -0.704182  0.000000  1.0
    0.192308   -0.702130  0.000000  1.0
    0.192308   -0.700079  0.000000  1.0
    0.192308   -0.698028  0.000000  1.0
    0.192308   -0.695977  0.000000  1.0
    0.192308   -0.693925  0.000000  1.0
    0.192308   -0.691874  0.000000  1.0
    0.192308   -0.689823  0.000000  1.0
    0.192308   -0.687772  0.000000  1.0
    0.192308   -0.685720  0.000000  1.0
    0.192308   -0.683669  0.000000  1.0
    0.194359   -0.763669  0.000000  1.0
    0.194359   -0.761618  0.000000  1.0
    0.194359   -0.759566  0.000000  1.0
    0.194359   -0.757515  0.000000  1.0
    0.194359   -0.755464  0.000000  1.0
    0.194359   -0.753413  0.000000  1.0
    0.194359   -0.751361  0.000000  1.0
    0.194359   -0.749310  0.000000  1.0
    0.194359   -0.747259  0.000000  1.0
    0.194359   -0.745207  0.000000  1.0
    0.194359   -0.743156  0.000000  1.0
    0.194359   -0.741105  0.000000  1.0
    0.194359   -0.739054  0.000000  1.0
    0.194359   -0.737002  0.000000  1.0
    0.194359   -0.734951  0.000000  1.0
    0.194359   -0.732900  0.000000  1.0
    0.194359   -0.730848  0.000000  1.0
    0.194359   -0.728797  0.000000  1.0
    0.194359   -0.726746  0.000000  1.0
    0.194359   -0.724695  0.000000  1.0
    0.194359   -0.722643  0.000000  1.0
    0.194359   -0.720592  0.000000  1.0
    0.194359   -0.718541  0.000000  1.0
    0.194359   -0.716489  0.000000  1.0
    0.194359   -0.714438  0.000000  1.0
    0.194359   -0.712387  0.000000  1.0
    0.194359   -0.710336  0.000000  1.0
    0.194359   -0.708284  0.000000  1.0
    0.194359   -0.706233  0.000000  1.0
    0.194359   -0.704182  0.000000  1.0
    0.194359   -0.702130  0.000000  1.0
    0.194359   -0.700079  0.000000  1.0
    0.194359   -0.698028  0.000000  1.0
    0.194359   -0.695977  0.000000  1.0
    0.194359   -0.693925  0.000000  1.0
    0.194359   -0.691874  0.000000  1.0
    0.194359   -0.689823  0.000000  1.0
    0.194359   -0.687772  0.000000  1.0
    0.194359   -0.685720  0.000000  1.0
    0.194359   -0.683669  0.000000  1.0
    0.196410   -0.763669  0.000000  1.0
    0.196410   -0.761618  0.000000  1.0
    0.196410   -0.759566  0.000000  1.0
    0.196410   -0.757515  0.000000  1.0
    0.196410   -0.755464  0.000000  1.0
    0.196410   -0.753413  0.000000  1.0
    0.196410   -0.751361  0.000000  1.0
    0.196410   -0.749310  0.000000  1.0
    0.196410   -0.747259  0.000000  1.0
    0.196410   -0.745207  0.000000  1.0
    0.196410   -0.743156  0.000000  1.0
    0.196410   -0.741105  0.000000  1.0
    0.196410   -0.739054  0.000000  1.0
    0.196410   -0.737002  0.000000  1.0
    0.196410   -0.734951  0.000000  1.0
    0.196410   -0.732900  0.000000  1.0
    0.196410   -0.730848  0.000000  1.0
    0.196410   -0.728797  0.000000  1.0
    0.196410   -0.726746  0.000000  1.0
    0.196410   -0.724695  0.000000  1.0
    0.196410   -0.722643  0.000000  1.0
    0.196410   -0.720592  0.000000  1.0
    0.196410   -0.718541  0.000000  1.0
    0.196410   -0.716489  0.000000  1.0
    0.196410   -0.714438  0.000000  1.0
    0.196410   -0.712387  0.000000  1.0
    0.196410   -0.710336  0.000000  1.0
    0.196410   -0.708284  0.000000  1.0
    0.196410   -0.706233  0.000000  1.0
    0.196410   -0.704182  0.000000  1.0
    0.196410   -0.702130  0.000000  1.0
    0.196410   -0.700079  0.000000  1.0
    0.196410   -0.698028  0.000000  1.0
    0.196410   -0.695977  0.000000  1.0
    0.196410   -0.693925  0.000000  1.0
    0.196410   -0.691874  0.000000  1.0
    0.196410   -0.689823  0.000000  1.0
    0.196410   -0.687772  0.000000  1.0
    0.196410   -0.685720  0.000000  1.0
    0.196410   -0.683669  0.000000  1.0
    0.198462   -0.763669  0.000000  1.0
    0.198462   -0.761618  0.000000  1.0
    0.198462   -0.759566  0.000000  1.0
    0.198462   -0.757515  0.000000  1.0
    0.198462   -0.755464  0.000000  1.0
    0.198462   -0.753413  0.000000  1.0
    0.198462   -0.751361  0.000000  1.0
    0.198462   -0.749310  0.000000  1.0
    0.198462   -0.747259  0.000000  1.0
    0.198462   -0.745207  0.000000  1.0
    0.198462   -0.743156  0.000000  1.0
    0.198462   -0.741105  0.000000  1.0
    0.198462   -0.739054  0.000000  1.0
    0.198462   -0.737002  0.000000  1.0
    0.198462   -0.734951  0.000000  1.0
    0.198462   -0.732900  0.000000  1.0
    0.198462   -0.730848  0.000000  1.0
    0.198462   -0.728797  0.000000  1.0
    0.198462   -0.726746  0.000000  1.0
    0.198462   -0.724695  0.000000  1.0
    0.198462   -0.722643  0.000000  1.0
    0.198462   -0.720592  0.000000  1.0
    0.198462   -0.718541  0.000000  1.0
    0.198462   -0.716489  0.000000  1.0
    0.198462   -0.714438  0.000000  1.0
    0.198462   -0.712387  0.000000  1.0
    0.198462   -0.710336  0.000000  1.0
    0.198462   -0.708284  0.000000  1.0
    0.198462   -0.706233  0.000000  1.0
    0.198462   -0.704182  0.000000  1.0
    0.198462   -0.702130  0.000000  1.0
    0.198462   -0.700079  0.000000  1.0
    0.198462   -0.698028  0.000000  1.0
    0.198462   -0.695977  0.000000  1.0
    0.198462   -0.693925  0.000000  1.0
    0.198462   -0.691874  0.000000  1.0
    0.198462   -0.689823  0.000000  1.0
    0.198462   -0.687772  0.000000  1.0
    0.198462   -0.685720  0.000000  1.0
    0.198462   -0.683669  0.000000  1.0
    0.200513   -0.763669  0.000000  1.0
    0.200513   -0.761618  0.000000  1.0
    0.200513   -0.759566  0.000000  1.0
    0.200513   -0.757515  0.000000  1.0
    0.200513   -0.755464  0.000000  1.0
    0.200513   -0.753413  0.000000  1.0
    0.200513   -0.751361  0.000000  1.0
    0.200513   -0.749310  0.000000  1.0
    0.200513   -0.747259  0.000000  1.0
    0.200513   -0.745207  0.000000  1.0
    0.200513   -0.743156  0.000000  1.0
    0.200513   -0.741105  0.000000  1.0
    0.200513   -0.739054  0.000000  1.0
    0.200513   -0.737002  0.000000  1.0
    0.200513   -0.734951  0.000000  1.0
    0.200513   -0.732900  0.000000  1.0
    0.200513   -0.730848  0.000000  1.0
    0.200513   -0.728797  0.000000  1.0
    0.200513   -0.726746  0.000000  1.0
    0.200513   -0.724695  0.000000  1.0
    0.200513   -0.722643  0.000000  1.0
    0.200513   -0.720592  0.000000  1.0
    0.200513   -0.718541  0.000000  1.0
    0.200513   -0.716489  0.000000  1.0
    0.200513   -0.714438  0.000000  1.0
    0.200513   -0.712387  0.000000  1.0
    0.200513   -0.710336  0.000000  1.0
    0.200513   -0.708284  0.000000  1.0
    0.200513   -0.706233  0.000000  1.0
    0.200513   -0.704182  0.000000  1.0
    0.200513   -0.702130  0.000000  1.0
    0.200513   -0.700079  0.000000  1.0
    0.200513   -0.698028  0.000000  1.0
    0.200513   -0.695977  0.000000  1.0
    0.200513   -0.693925  0.000000  1.0
    0.200513   -0.691874  0.000000  1.0
    0.200513   -0.689823  0.000000  1.0
    0.200513   -0.687772  0.000000  1.0
    0.200513   -0.685720  0.000000  1.0
    0.200513   -0.683669  0.000000  1.0
    0.202564   -0.763669  0.000000  1.0
    0.202564   -0.761618  0.000000  1.0
    0.202564   -0.759566  0.000000  1.0
    0.202564   -0.757515  0.000000  1.0
    0.202564   -0.755464  0.000000  1.0
    0.202564   -0.753413  0.000000  1.0
    0.202564   -0.751361  0.000000  1.0
    0.202564   -0.749310  0.000000  1.0
    0.202564   -0.747259  0.000000  1.0
    0.202564   -0.745207  0.000000  1.0
    0.202564   -0.743156  0.000000  1.0
    0.202564   -0.741105  0.000000  1.0
    0.202564   -0.739054  0.000000  1.0
    0.202564   -0.737002  0.000000  1.0
    0.202564   -0.734951  0.000000  1.0
    0.202564   -0.732900  0.000000  1.0
    0.202564   -0.730848  0.000000  1.0
    0.202564   -0.728797  0.000000  1.0
    0.202564   -0.726746  0.000000  1.0
    0.202564   -0.724695  0.000000  1.0
    0.202564   -0.722643  0.000000  1.0
    0.202564   -0.720592  0.000000  1.0
    0.202564   -0.718541  0.000000  1.0
    0.202564   -0.716489  0.000000  1.0
    0.202564   -0.714438  0.000000  1.0
    0.202564   -0.712387  0.000000  1.0
    0.202564   -0.710336  0.000000  1.0
    0.202564   -0.708284  0.000000  1.0
    0.202564   -0.706233  0.000000  1.0
    0.202564   -0.704182  0.000000  1.0
    0.202564   -0.702130  0.000000  1.0
    0.202564   -0.700079  0.000000  1.0
    0.202564   -0.698028  0.000000  1.0
    0.202564   -0.695977  0.000000  1.0
    0.202564   -0.693925  0.000000  1.0
    0.202564   -0.691874  0.000000  1.0
    0.202564   -0.689823  0.000000  1.0
    0.202564   -0.687772  0.000000  1.0
    0.202564   -0.685720  0.000000  1.0
    0.202564   -0.683669  0.000000  1.0
    0.204615   -0.763669  0.000000  1.0
    0.204615   -0.761618  0.000000  1.0
    0.204615   -0.759566  0.000000  1.0
    0.204615   -0.757515  0.000000  1.0
    0.204615   -0.755464  0.000000  1.0
    0.204615   -0.753413  0.000000  1.0
    0.204615   -0.751361  0.000000  1.0
    0.204615   -0.749310  0.000000  1.0
    0.204615   -0.747259  0.000000  1.0
    0.204615   -0.745207  0.000000  1.0
    0.204615   -0.743156  0.000000  1.0
    0.204615   -0.741105  0.000000  1.0
    0.204615   -0.739054  0.000000  1.0
    0.204615   -0.737002  0.000000  1.0
    0.204615   -0.734951  0.000000  1.0
    0.204615   -0.732900  0.000000  1.0
    0.204615   -0.730848  0.000000  1.0
    0.204615   -0.728797  0.000000  1.0
    0.204615   -0.726746  0.000000  1.0
    0.204615   -0.724695  0.000000  1.0
    0.204615   -0.722643  0.000000  1.0
    0.204615   -0.720592  0.000000  1.0
    0.204615   -0.718541  0.000000  1.0
    0.204615   -0.716489  0.000000  1.0
    0.204615   -0.714438  0.000000  1.0
    0.204615   -0.712387  0.000000  1.0
    0.204615   -0.710336  0.000000  1.0
    0.204615   -0.708284  0.000000  1.0
    0.204615   -0.706233  0.000000  1.0
    0.204615   -0.704182  0.000000  1.0
    0.204615   -0.702130  0.000000  1.0
    0.204615   -0.700079  0.000000  1.0
    0.204615   -0.698028  0.000000  1.0
    0.204615   -0.695977  0.000000  1.0
    0.204615   -0.693925  0.000000  1.0
    0.204615   -0.691874  0.000000  1.0
    0.204615   -0.689823  0.000000  1.0
    0.204615   -0.687772  0.000000  1.0
    0.204615   -0.685720  0.000000  1.0
    0.204615   -0.683669  0.000000  1.0
    0.206667   -0.763669  0.000000  1.0
    0.206667   -0.761618  0.000000  1.0
    0.206667   -0.759566  0.000000  1.0
    0.206667   -0.757515  0.000000  1.0
    0.206667   -0.755464  0.000000  1.0
    0.206667   -0.753413  0.000000  1.0
    0.206667   -0.751361  0.000000  1.0
    0.206667   -0.749310  0.000000  1.0
    0.206667   -0.747259  0.000000  1.0
    0.206667   -0.745207  0.000000  1.0
    0.206667   -0.743156  0.000000  1.0
    0.206667   -0.741105  0.000000  1.0
    0.206667   -0.739054  0.000000  1.0
    0.206667   -0.737002  0.000000  1.0
    0.206667   -0.734951  0.000000  1.0
    0.206667   -0.732900  0.000000  1.0
    0.206667   -0.730848  0.000000  1.0
    0.206667   -0.728797  0.000000  1.0
    0.206667   -0.726746  0.000000  1.0
    0.206667   -0.724695  0.000000  1.0
    0.206667   -0.722643  0.000000  1.0
    0.206667   -0.720592  0.000000  1.0
    0.206667   -0.718541  0.000000  1.0
    0.206667   -0.716489  0.000000  1.0
    0.206667   -0.714438  0.000000  1.0
    0.206667   -0.712387  0.000000  1.0
    0.206667   -0.710336  0.000000  1.0
    0.206667   -0.708284  0.000000  1.0
    0.206667   -0.706233  0.000000  1.0
    0.206667   -0.704182  0.000000  1.0
    0.206667   -0.702130  0.000000  1.0
    0.206667   -0.700079  0.000000  1.0
    0.206667   -0.698028  0.000000  1.0
    0.206667   -0.695977  0.000000  1.0
    0.206667   -0.693925  0.000000  1.0
    0.206667   -0.691874  0.000000  1.0
    0.206667   -0.689823  0.000000  1.0
    0.206667   -0.687772  0.000000  1.0
    0.206667   -0.685720  0.000000  1.0
    0.206667   -0.683669  0.000000  1.0
