&CONTROL
  calculation = 'bands'
  prefix = 'graphene20.0zoom'
  outdir = './tmp'
  pseudo_dir = './'
  verbosity = 'high'
/
&SYSTEM
  ibrav = 0
  nat = 2
  ntyp = 1
  ecutwfc = 40.0
  nosym = .true.
  noinv = .true.
  nbnd = 8
/
&ELECTRONS
/
ATOMIC_SPECIES
  C  12.011  C.pbe-n-kjpaw_psl.1.0.0.UPF
CELL_PARAMETERS {bohr}
  5.584800  0.000000  0.000000
  2.792400  3.897476  0.000000
  0.000000  0.000000  30.000000
ATOMIC_POSITIONS {crystal}
  C  -0.000358  0.167483  0.000000
  C  0.333691  0.499184  0.000000
K_POINTS {tpiba}
1600
    0.126667   -0.756464  0.000000  1.0
    0.126667   -0.754412  0.000000  1.0
    0.126667   -0.752361  0.000000  1.0
    0.126667   -0.750310  0.000000  1.0
    0.126667   -0.748259  0.000000  1.0
    0.126667   -0.746207  0.000000  1.0
    0.126667   -0.744156  0.000000  1.0
    0.126667   -0.742105  0.000000  1.0
    0.126667   -0.740053  0.000000  1.0
    0.126667   -0.738002  0.000000  1.0
    0.126667   -0.735951  0.000000  1.0
    0.126667   -0.733900  0.000000  1.0
    0.126667   -0.731848  0.000000  1.0
    0.126667   -0.729797  0.000000  1.0
    0.126667   -0.727746  0.000000  1.0
    0.126667   -0.725694  0.000000  1.0
    0.126667   -0.723643  0.000000  1.0
    0.126667   -0.721592  0.000000  1.0
    0.126667   -0.719541  0.000000  1.0
    0.126667   -0.717489  0.000000  1.0
    0.126667   -0.715438  0.000000  1.0
    0.126667   -0.713387  0.000000  1.0
    0.126667   -0.711335  0.000000  1.0
    0.126667   -0.709284  0.000000  1.0
    0.126667   -0.707233  0.000000  1.0
    0.126667   -0.705182  0.000000  1.0
    0.126667   -0.703130  0.000000  1.0
    0.126667   -0.701079  0.000000  1.0
    0.126667   -0.699028  0.000000  1.0
    0.126667   -0.696977  0.000000  1.0
    0.126667   -0.694925  0.000000  1.0
    0.126667   -0.692874  0.000000  1.0
    0.126667   -0.690823  0.000000  1.0
    0.126667   -0.688771  0.000000  1.0
    0.126667   -0.686720  0.000000  1.0
    0.126667   -0.684669  0.000000  1.0
    0.126667   -0.682618  0.000000  1.0
    0.126667   -0.680566  0.000000  1.0
    0.126667   -0.678515  0.000000  1.0
    0.126667   -0.676464  0.000000  1.0
    0.128718   -0.756464  0.000000  1.0
    0.128718   -0.754412  0.000000  1.0
    0.128718   -0.752361  0.000000  1.0
    0.128718   -0.750310  0.000000  1.0
    0.128718   -0.748259  0.000000  1.0
    0.128718   -0.746207  0.000000  1.0
    0.128718   -0.744156  0.000000  1.0
    0.128718   -0.742105  0.000000  1.0
    0.128718   -0.740053  0.000000  1.0
    0.128718   -0.738002  0.000000  1.0
    0.128718   -0.735951  0.000000  1.0
    0.128718   -0.733900  0.000000  1.0
    0.128718   -0.731848  0.000000  1.0
    0.128718   -0.729797  0.000000  1.0
    0.128718   -0.727746  0.000000  1.0
    0.128718   -0.725694  0.000000  1.0
    0.128718   -0.723643  0.000000  1.0
    0.128718   -0.721592  0.000000  1.0
    0.128718   -0.719541  0.000000  1.0
    0.128718   -0.717489  0.000000  1.0
    0.128718   -0.715438  0.000000  1.0
    0.128718   -0.713387  0.000000  1.0
    0.128718   -0.711335  0.000000  1.0
    0.128718   -0.709284  0.000000  1.0
    0.128718   -0.707233  0.000000  1.0
    0.128718   -0.705182  0.000000  1.0
    0.128718   -0.703130  0.000000  1.0
    0.128718   -0.701079  0.000000  1.0
    0.128718   -0.699028  0.000000  1.0
    0.128718   -0.696977  0.000000  1.0
    0.128718   -0.694925  0.000000  1.0
    0.128718   -0.692874  0.000000  1.0
    0.128718   -0.690823  0.000000  1.0
    0.128718   -0.688771  0.000000  1.0
    0.128718   -0.686720  0.000000  1.0
    0.128718   -0.684669  0.000000  1.0
    0.128718   -0.682618  0.000000  1.0
    0.128718   -0.680566  0.000000  1.0
    0.128718   -0.678515  0.000000  1.0
    0.128718   -0.676464  0.000000  1.0
    0.130769   -0.756464  0.000000  1.0
    0.130769   -0.754412  0.000000  1.0
    0.130769   -0.752361  0.000000  1.0
    0.130769   -0.750310  0.000000  1.0
    0.130769   -0.748259  0.000000  1.0
    0.130769   -0.746207  0.000000  1.0
    0.130769   -0.744156  0.000000  1.0
    0.130769   -0.742105  0.000000  1.0
    0.130769   -0.740053  0.000000  1.0
    0.130769   -0.738002  0.000000  1.0
    0.130769   -0.735951  0.000000  1.0
    0.130769   -0.733900  0.000000  1.0
    0.130769   -0.731848  0.000000  1.0
    0.130769   -0.729797  0.000000  1.0
    0.130769   -0.727746  0.000000  1.0
    0.130769   -0.725694  0.000000  1.0
    0.130769   -0.723643  0.000000  1.0
    0.130769   -0.721592  0.000000  1.0
    0.130769   -0.719541  0.000000  1.0
    0.130769   -0.717489  0.000000  1.0
    0.130769   -0.715438  0.000000  1.0
    0.130769   -0.713387  0.000000  1.0
    0.130769   -0.711335  0.000000  1.0
    0.130769   -0.709284  0.000000  1.0
    0.130769   -0.707233  0.000000  1.0
    0.130769   -0.705182  0.000000  1.0
    0.130769   -0.703130  0.000000  1.0
    0.130769   -0.701079  0.000000  1.0
    0.130769   -0.699028  0.000000  1.0
    0.130769   -0.696977  0.000000  1.0
    0.130769   -0.694925  0.000000  1.0
    0.130769   -0.692874  0.000000  1.0
    0.130769   -0.690823  0.000000  1.0
    0.130769   -0.688771  0.000000  1.0
    0.130769   -0.686720  0.000000  1.0
    0.130769   -0.684669  0.000000  1.0
    0.130769   -0.682618  0.000000  1.0
    0.130769   -0.680566  0.000000  1.0
    0.130769   -0.678515  0.000000  1.0
    0.130769   -0.676464  0.000000  1.0
    0.132821   -0.756464  0.000000  1.0
    0.132821   -0.754412  0.000000  1.0
    0.132821   -0.752361  0.000000  1.0
    0.132821   -0.750310  0.000000  1.0
    0.132821   -0.748259  0.000000  1.0
    0.132821   -0.746207  0.000000  1.0
    0.132821   -0.744156  0.000000  1.0
    0.132821   -0.742105  0.000000  1.0
    0.132821   -0.740053  0.000000  1.0
    0.132821   -0.738002  0.000000  1.0
    0.132821   -0.735951  0.000000  1.0
    0.132821   -0.733900  0.000000  1.0
    0.132821   -0.731848  0.000000  1.0
    0.132821   -0.729797  0.000000  1.0
    0.132821   -0.727746  0.000000  1.0
    0.132821   -0.725694  0.000000  1.0
    0.132821   -0.723643  0.000000  1.0
    0.132821   -0.721592  0.000000  1.0
    0.132821   -0.719541  0.000000  1.0
    0.132821   -0.717489  0.000000  1.0
    0.132821   -0.715438  0.000000  1.0
    0.132821   -0.713387  0.000000  1.0
    0.132821   -0.711335  0.000000  1.0
    0.132821   -0.709284  0.000000  1.0
    0.132821   -0.707233  0.000000  1.0
    0.132821   -0.705182  0.000000  1.0
    0.132821   -0.703130  0.000000  1.0
    0.132821   -0.701079  0.000000  1.0
    0.132821   -0.699028  0.000000  1.0
    0.132821   -0.696977  0.000000  1.0
    0.132821   -0.694925  0.000000  1.0
    0.132821   -0.692874  0.000000  1.0
    0.132821   -0.690823  0.000000  1.0
    0.132821   -0.688771  0.000000  1.0
    0.132821   -0.686720  0.000000  1.0
    0.132821   -0.684669  0.000000  1.0
    0.132821   -0.682618  0.000000  1.0
    0.132821   -0.680566  0.000000  1.0
    0.132821   -0.678515  0.000000  1.0
    0.132821   -0.676464  0.000000  1.0
    0.134872   -0.756464  0.000000  1.0
    0.134872   -0.754412  0.000000  1.0
    0.134872   -0.752361  0.000000  1.0
    0.134872   -0.750310  0.000000  1.0
    0.134872   -0.748259  0.000000  1.0
    0.134872   -0.746207  0.000000  1.0
    0.134872   -0.744156  0.000000  1.0
    0.134872   -0.742105  0.000000  1.0
    0.134872   -0.740053  0.000000  1.0
    0.134872   -0.738002  0.000000  1.0
    0.134872   -0.735951  0.000000  1.0
    0.134872   -0.733900  0.000000  1.0
    0.134872   -0.731848  0.000000  1.0
    0.134872   -0.729797  0.000000  1.0
    0.134872   -0.727746  0.000000  1.0
    0.134872   -0.725694  0.000000  1.0
    0.134872   -0.723643  0.000000  1.0
    0.134872   -0.721592  0.000000  1.0
    0.134872   -0.719541  0.000000  1.0
    0.134872   -0.717489  0.000000  1.0
    0.134872   -0.715438  0.000000  1.0
    0.134872   -0.713387  0.000000  1.0
    0.134872   -0.711335  0.000000  1.0
    0.134872   -0.709284  0.000000  1.0
    0.134872   -0.707233  0.000000  1.0
    0.134872   -0.705182  0.000000  1.0
    0.134872   -0.703130  0.000000  1.0
    0.134872   -0.701079  0.000000  1.0
    0.134872   -0.699028  0.000000  1.0
    0.134872   -0.696977  0.000000  1.0
    0.134872   -0.694925  0.000000  1.0
    0.134872   -0.692874  0.000000  1.0
    0.134872   -0.690823  0.000000  1.0
    0.134872   -0.688771  0.000000  1.0
    0.134872   -0.686720  0.000000  1.0
    0.134872   -0.684669  0.000000  1.0
    0.134872   -0.682618  0.000000  1.0
    0.134872   -0.680566  0.000000  1.0
    0.134872   -0.678515  0.000000  1.0
    0.134872   -0.676464  0.000000  1.0
    0.136923   -0.756464  0.000000  1.0
    0.136923   -0.754412  0.000000  1.0
    0.136923   -0.752361  0.000000  1.0
    0.136923   -0.750310  0.000000  1.0
    0.136923   -0.748259  0.000000  1.0
    0.136923   -0.746207  0.000000  1.0
    0.136923   -0.744156  0.000000  1.0
    0.136923   -0.742105  0.000000  1.0
    0.136923   -0.740053  0.000000  1.0
    0.136923   -0.738002  0.000000  1.0
    0.136923   -0.735951  0.000000  1.0
    0.136923   -0.733900  0.000000  1.0
    0.136923   -0.731848  0.000000  1.0
    0.136923   -0.729797  0.000000  1.0
    0.136923   -0.727746  0.000000  1.0
    0.136923   -0.725694  0.000000  1.0
    0.136923   -0.723643  0.000000  1.0
    0.136923   -0.721592  0.000000  1.0
    0.136923   -0.719541  0.000000  1.0
    0.136923   -0.717489  0.000000  1.0
    0.136923   -0.715438  0.000000  1.0
    0.136923   -0.713387  0.000000  1.0
    0.136923   -0.711335  0.000000  1.0
    0.136923   -0.709284  0.000000  1.0
    0.136923   -0.707233  0.000000  1.0
    0.136923   -0.705182  0.000000  1.0
    0.136923   -0.703130  0.000000  1.0
    0.136923   -0.701079  0.000000  1.0
    0.136923   -0.699028  0.000000  1.0
    0.136923   -0.696977  0.000000  1.0
    0.136923   -0.694925  0.000000  1.0
    0.136923   -0.692874  0.000000  1.0
    0.136923   -0.690823  0.000000  1.0
    0.136923   -0.688771  0.000000  1.0
    0.136923   -0.686720  0.000000  1.0
    0.136923   -0.684669  0.000000  1.0
    0.136923   -0.682618  0.000000  1.0
    0.136923   -0.680566  0.000000  1.0
    0.136923   -0.678515  0.000000  1.0
    0.136923   -0.676464  0.000000  1.0
    0.138974   -0.756464  0.000000  1.0
    0.138974   -0.754412  0.000000  1.0
    0.138974   -0.752361  0.000000  1.0
    0.138974   -0.750310  0.000000  1.0
    0.138974   -0.748259  0.000000  1.0
    0.138974   -0.746207  0.000000  1.0
    0.138974   -0.744156  0.000000  1.0
    0.138974   -0.742105  0.000000  1.0
    0.138974   -0.740053  0.000000  1.0
    0.138974   -0.738002  0.000000  1.0
    0.138974   -0.735951  0.000000  1.0
    0.138974   -0.733900  0.000000  1.0
    0.138974   -0.731848  0.000000  1.0
    0.138974   -0.729797  0.000000  1.0
    0.138974   -0.727746  0.000000  1.0
    0.138974   -0.725694  0.000000  1.0
    0.138974   -0.723643  0.000000  1.0
    0.138974   -0.721592  0.000000  1.0
    0.138974   -0.719541  0.000000  1.0
    0.138974   -0.717489  0.000000  1.0
    0.138974   -0.715438  0.000000  1.0
    0.138974   -0.713387  0.000000  1.0
    0.138974   -0.711335  0.000000  1.0
    0.138974   -0.709284  0.000000  1.0
    0.138974   -0.707233  0.000000  1.0
    0.138974   -0.705182  0.000000  1.0
    0.138974   -0.703130  0.000000  1.0
    0.138974   -0.701079  0.000000  1.0
    0.138974   -0.699028  0.000000  1.0
    0.138974   -0.696977  0.000000  1.0
    0.138974   -0.694925  0.000000  1.0
    0.138974   -0.692874  0.000000  1.0
    0.138974   -0.690823  0.000000  1.0
    0.138974   -0.688771  0.000000  1.0
    0.138974   -0.686720  0.000000  1.0
    0.138974   -0.684669  0.000000  1.0
    0.138974   -0.682618  0.000000  1.0
    0.138974   -0.680566  0.000000  1.0
    0.138974   -0.678515  0.000000  1.0
    0.138974   -0.676464  0.000000  1.0
    0.141026   -0.756464  0.000000  1.0
    0.141026   -0.754412  0.000000  1.0
    0.141026   -0.752361  0.000000  1.0
    0.141026   -0.750310  0.000000  1.0
    0.141026   -0.748259  0.000000  1.0
    0.141026   -0.746207  0.000000  1.0
    0.141026   -0.744156  0.000000  1.0
    0.141026   -0.742105  0.000000  1.0
    0.141026   -0.740053  0.000000  1.0
    0.141026   -0.738002  0.000000  1.0
    0.141026   -0.735951  0.000000  1.0
    0.141026   -0.733900  0.000000  1.0
    0.141026   -0.731848  0.000000  1.0
    0.141026   -0.729797  0.000000  1.0
    0.141026   -0.727746  0.000000  1.0
    0.141026   -0.725694  0.000000  1.0
    0.141026   -0.723643  0.000000  1.0
    0.141026   -0.721592  0.000000  1.0
    0.141026   -0.719541  0.000000  1.0
    0.141026   -0.717489  0.000000  1.0
    0.141026   -0.715438  0.000000  1.0
    0.141026   -0.713387  0.000000  1.0
    0.141026   -0.711335  0.000000  1.0
    0.141026   -0.709284  0.000000  1.0
    0.141026   -0.707233  0.000000  1.0
    0.141026   -0.705182  0.000000  1.0
    0.141026   -0.703130  0.000000  1.0
    0.141026   -0.701079  0.000000  1.0
    0.141026   -0.699028  0.000000  1.0
    0.141026   -0.696977  0.000000  1.0
    0.141026   -0.694925  0.000000  1.0
    0.141026   -0.692874  0.000000  1.0
    0.141026   -0.690823  0.000000  1.0
    0.141026   -0.688771  0.000000  1.0
    0.141026   -0.686720  0.000000  1.0
    0.141026   -0.684669  0.000000  1.0
    0.141026   -0.682618  0.000000  1.0
    0.141026   -0.680566  0.000000  1.0
    0.141026   -0.678515  0.000000  1.0
    0.141026   -0.676464  0.000000  1.0
    0.143077   -0.756464  0.000000  1.0
    0.143077   -0.754412  0.000000  1.0
    0.143077   -0.752361  0.000000  1.0
    0.143077   -0.750310  0.000000  1.0
    0.143077   -0.748259  0.000000  1.0
    0.143077   -0.746207  0.000000  1.0
    0.143077   -0.744156  0.000000  1.0
    0.143077   -0.742105  0.000000  1.0
    0.143077   -0.740053  0.000000  1.0
    0.143077   -0.738002  0.000000  1.0
    0.143077   -0.735951  0.000000  1.0
    0.143077   -0.733900  0.000000  1.0
    0.143077   -0.731848  0.000000  1.0
    0.143077   -0.729797  0.000000  1.0
    0.143077   -0.727746  0.000000  1.0
    0.143077   -0.725694  0.000000  1.0
    0.143077   -0.723643  0.000000  1.0
    0.143077   -0.721592  0.000000  1.0
    0.143077   -0.719541  0.000000  1.0
    0.143077   -0.717489  0.000000  1.0
    0.143077   -0.715438  0.000000  1.0
    0.143077   -0.713387  0.000000  1.0
    0.143077   -0.711335  0.000000  1.0
    0.143077   -0.709284  0.000000  1.0
    0.143077   -0.707233  0.000000  1.0
    0.143077   -0.705182  0.000000  1.0
    0.143077   -0.703130  0.000000  1.0
    0.143077   -0.701079  0.000000  1.0
    0.143077   -0.699028  0.000000  1.0
    0.143077   -0.696977  0.000000  1.0
    0.143077   -0.694925  0.000000  1.0
    0.143077   -0.692874  0.000000  1.0
    0.143077   -0.690823  0.000000  1.0
    0.143077   -0.688771  0.000000  1.0
    0.143077   -0.686720  0.000000  1.0
    0.143077   -0.684669  0.000000  1.0
    0.143077   -0.682618  0.000000  1.0
    0.143077   -0.680566  0.000000  1.0
    0.143077   -0.678515  0.000000  1.0
    0.143077   -0.676464  0.000000  1.0
    0.145128   -0.756464  0.000000  1.0
    0.145128   -0.754412  0.000000  1.0
    0.145128   -0.752361  0.000000  1.0
    0.145128   -0.750310  0.000000  1.0
    0.145128   -0.748259  0.000000  1.0
    0.145128   -0.746207  0.000000  1.0
    0.145128   -0.744156  0.000000  1.0
    0.145128   -0.742105  0.000000  1.0
    0.145128   -0.740053  0.000000  1.0
    0.145128   -0.738002  0.000000  1.0
    0.145128   -0.735951  0.000000  1.0
    0.145128   -0.733900  0.000000  1.0
    0.145128   -0.731848  0.000000  1.0
    0.145128   -0.729797  0.000000  1.0
    0.145128   -0.727746  0.000000  1.0
    0.145128   -0.725694  0.000000  1.0
    0.145128   -0.723643  0.000000  1.0
    0.145128   -0.721592  0.000000  1.0
    0.145128   -0.719541  0.000000  1.0
    0.145128   -0.717489  0.000000  1.0
    0.145128   -0.715438  0.000000  1.0
    0.145128   -0.713387  0.000000  1.0
    0.145128   -0.711335  0.000000  1.0
    0.145128   -0.709284  0.000000  1.0
    0.145128   -0.707233  0.000000  1.0
    0.145128   -0.705182  0.000000  1.0
    0.145128   -0.703130  0.000000  1.0
    0.145128   -0.701079  0.000000  1.0
    0.145128   -0.699028  0.000000  1.0
    0.145128   -0.696977  0.000000  1.0
    0.145128   -0.694925  0.000000  1.0
    0.145128   -0.692874  0.000000  1.0
    0.145128   -0.690823  0.000000  1.0
    0.145128   -0.688771  0.000000  1.0
    0.145128   -0.686720  0.000000  1.0
    0.145128   -0.684669  0.000000  1.0
    0.145128   -0.682618  0.000000  1.0
    0.145128   -0.680566  0.000000  1.0
    0.145128   -0.678515  0.000000  1.0
    0.145128   -0.676464  0.000000  1.0
    0.147179   -0.756464  0.000000  1.0
    0.147179   -0.754412  0.000000  1.0
    0.147179   -0.752361  0.000000  1.0
    0.147179   -0.750310  0.000000  1.0
    0.147179   -0.748259  0.000000  1.0
    0.147179   -0.746207  0.000000  1.0
    0.147179   -0.744156  0.000000  1.0
    0.147179   -0.742105  0.000000  1.0
    0.147179   -0.740053  0.000000  1.0
    0.147179   -0.738002  0.000000  1.0
    0.147179   -0.735951  0.000000  1.0
    0.147179   -0.733900  0.000000  1.0
    0.147179   -0.731848  0.000000  1.0
    0.147179   -0.729797  0.000000  1.0
    0.147179   -0.727746  0.000000  1.0
    0.147179   -0.725694  0.000000  1.0
    0.147179   -0.723643  0.000000  1.0
    0.147179   -0.721592  0.000000  1.0
    0.147179   -0.719541  0.000000  1.0
    0.147179   -0.717489  0.000000  1.0
    0.147179   -0.715438  0.000000  1.0
    0.147179   -0.713387  0.000000  1.0
    0.147179   -0.711335  0.000000  1.0
    0.147179   -0.709284  0.000000  1.0
    0.147179   -0.707233  0.000000  1.0
    0.147179   -0.705182  0.000000  1.0
    0.147179   -0.703130  0.000000  1.0
    0.147179   -0.701079  0.000000  1.0
    0.147179   -0.699028  0.000000  1.0
    0.147179   -0.696977  0.000000  1.0
    0.147179   -0.694925  0.000000  1.0
    0.147179   -0.692874  0.000000  1.0
    0.147179   -0.690823  0.000000  1.0
    0.147179   -0.688771  0.000000  1.0
    0.147179   -0.686720  0.000000  1.0
    0.147179   -0.684669  0.000000  1.0
    0.147179   -0.682618  0.000000  1.0
    0.147179   -0.680566  0.000000  1.0
    0.147179   -0.678515  0.000000  1.0
    0.147179   -0.676464  0.000000  1.0
    0.149231   -0.756464  0.000000  1.0
    0.149231   -0.754412  0.000000  1.0
    0.149231   -0.752361  0.000000  1.0
    0.149231   -0.750310  0.000000  1.0
    0.149231   -0.748259  0.000000  1.0
    0.149231   -0.746207  0.000000  1.0
    0.149231   -0.744156  0.000000  1.0
    0.149231   -0.742105  0.000000  1.0
    0.149231   -0.740053  0.000000  1.0
    0.149231   -0.738002  0.000000  1.0
    0.149231   -0.735951  0.000000  1.0
    0.149231   -0.733900  0.000000  1.0
    0.149231   -0.731848  0.000000  1.0
    0.149231   -0.729797  0.000000  1.0
    0.149231   -0.727746  0.000000  1.0
    0.149231   -0.725694  0.000000  1.0
    0.149231   -0.723643  0.000000  1.0
    0.149231   -0.721592  0.000000  1.0
    0.149231   -0.719541  0.000000  1.0
    0.149231   -0.717489  0.000000  1.0
    0.149231   -0.715438  0.000000  1.0
    0.149231   -0.713387  0.000000  1.0
    0.149231   -0.711335  0.000000  1.0
    0.149231   -0.709284  0.000000  1.0
    0.149231   -0.707233  0.000000  1.0
    0.149231   -0.705182  0.000000  1.0
    0.149231   -0.703130  0.000000  1.0
    0.149231   -0.701079  0.000000  1.0
    0.149231   -0.699028  0.000000  1.0
    0.149231   -0.696977  0.000000  1.0
    0.149231   -0.694925  0.000000  1.0
    0.149231   -0.692874  0.000000  1.0
    0.149231   -0.690823  0.000000  1.0
    0.149231   -0.688771  0.000000  1.0
    0.149231   -0.686720  0.000000  1.0
    0.149231   -0.684669  0.000000  1.0
    0.149231   -0.682618  0.000000  1.0
    0.149231   -0.680566  0.000000  1.0
    0.149231   -0.678515  0.000000  1.0
    0.149231   -0.676464  0.000000  1.0
    0.151282   -0.756464  0.000000  1.0
    0.151282   -0.754412  0.000000  1.0
    0.151282   -0.752361  0.000000  1.0
    0.151282   -0.750310  0.000000  1.0
    0.151282   -0.748259  0.000000  1.0
    0.151282   -0.746207  0.000000  1.0
    0.151282   -0.744156  0.000000  1.0
    0.151282   -0.742105  0.000000  1.0
    0.151282   -0.740053  0.000000  1.0
    0.151282   -0.738002  0.000000  1.0
    0.151282   -0.735951  0.000000  1.0
    0.151282   -0.733900  0.000000  1.0
    0.151282   -0.731848  0.000000  1.0
    0.151282   -0.729797  0.000000  1.0
    0.151282   -0.727746  0.000000  1.0
    0.151282   -0.725694  0.000000  1.0
    0.151282   -0.723643  0.000000  1.0
    0.151282   -0.721592  0.000000  1.0
    0.151282   -0.719541  0.000000  1.0
    0.151282   -0.717489  0.000000  1.0
    0.151282   -0.715438  0.000000  1.0
    0.151282   -0.713387  0.000000  1.0
    0.151282   -0.711335  0.000000  1.0
    0.151282   -0.709284  0.000000  1.0
    0.151282   -0.707233  0.000000  1.0
    0.151282   -0.705182  0.000000  1.0
    0.151282   -0.703130  0.000000  1.0
    0.151282   -0.701079  0.000000  1.0
    0.151282   -0.699028  0.000000  1.0
    0.151282   -0.696977  0.000000  1.0
    0.151282   -0.694925  0.000000  1.0
    0.151282   -0.692874  0.000000  1.0
    0.151282   -0.690823  0.000000  1.0
    0.151282   -0.688771  0.000000  1.0
    0.151282   -0.686720  0.000000  1.0
    0.151282   -0.684669  0.000000  1.0
    0.151282   -0.682618  0.000000  1.0
    0.151282   -0.680566  0.000000  1.0
    0.151282   -0.678515  0.000000  1.0
    0.151282   -0.676464  0.000000  1.0
    0.153333   -0.756464  0.000000  1.0
    0.153333   -0.754412  0.000000  1.0
    0.153333   -0.752361  0.000000  1.0
    0.153333   -0.750310  0.000000  1.0
    0.153333   -0.748259  0.000000  1.0
    0.153333   -0.746207  0.000000  1.0
    0.153333   -0.744156  0.000000  1.0
    0.153333   -0.742105  0.000000  1.0
    0.153333   -0.740053  0.000000  1.0
    0.153333   -0.738002  0.000000  1.0
    0.153333   -0.735951  0.000000  1.0
    0.153333   -0.733900  0.000000  1.0
    0.153333   -0.731848  0.000000  1.0
    0.153333   -0.729797  0.000000  1.0
    0.153333   -0.727746  0.000000  1.0
    0.153333   -0.725694  0.000000  1.0
    0.153333   -0.723643  0.000000  1.0
    0.153333   -0.721592  0.000000  1.0
    0.153333   -0.719541  0.000000  1.0
    0.153333   -0.717489  0.000000  1.0
    0.153333   -0.715438  0.000000  1.0
    0.153333   -0.713387  0.000000  1.0
    0.153333   -0.711335  0.000000  1.0
    0.153333   -0.709284  0.000000  1.0
    0.153333   -0.707233  0.000000  1.0
    0.153333   -0.705182  0.000000  1.0
    0.153333   -0.703130  0.000000  1.0
    0.153333   -0.701079  0.000000  1.0
    0.153333   -0.699028  0.000000  1.0
    0.153333   -0.696977  0.000000  1.0
    0.153333   -0.694925  0.000000  1.0
    0.153333   -0.692874  0.000000  1.0
    0.153333   -0.690823  0.000000  1.0
    0.153333   -0.688771  0.000000  1.0
    0.153333   -0.686720  0.000000  1.0
    0.153333   -0.684669  0.000000  1.0
    0.153333   -0.682618  0.000000  1.0
    0.153333   -0.680566  0.000000  1.0
    0.153333   -0.678515  0.000000  1.0
    0.153333   -0.676464  0.000000  1.0
    0.155385   -0.756464  0.000000  1.0
    0.155385   -0.754412  0.000000  1.0
    0.155385   -0.752361  0.000000  1.0
    0.155385   -0.750310  0.000000  1.0
    0.155385   -0.748259  0.000000  1.0
    0.155385   -0.746207  0.000000  1.0
    0.155385   -0.744156  0.000000  1.0
    0.155385   -0.742105  0.000000  1.0
    0.155385   -0.740053  0.000000  1.0
    0.155385   -0.738002  0.000000  1.0
    0.155385   -0.735951  0.000000  1.0
    0.155385   -0.733900  0.000000  1.0
    0.155385   -0.731848  0.000000  1.0
    0.155385   -0.729797  0.000000  1.0
    0.155385   -0.727746  0.000000  1.0
    0.155385   -0.725694  0.000000  1.0
    0.155385   -0.723643  0.000000  1.0
    0.155385   -0.721592  0.000000  1.0
    0.155385   -0.719541  0.000000  1.0
    0.155385   -0.717489  0.000000  1.0
    0.155385   -0.715438  0.000000  1.0
    0.155385   -0.713387  0.000000  1.0
    0.155385   -0.711335  0.000000  1.0
    0.155385   -0.709284  0.000000  1.0
    0.155385   -0.707233  0.000000  1.0
    0.155385   -0.705182  0.000000  1.0
    0.155385   -0.703130  0.000000  1.0
    0.155385   -0.701079  0.000000  1.0
    0.155385   -0.699028  0.000000  1.0
    0.155385   -0.696977  0.000000  1.0
    0.155385   -0.694925  0.000000  1.0
    0.155385   -0.692874  0.000000  1.0
    0.155385   -0.690823  0.000000  1.0
    0.155385   -0.688771  0.000000  1.0
    0.155385   -0.686720  0.000000  1.0
    0.155385   -0.684669  0.000000  1.0
    0.155385   -0.682618  0.000000  1.0
    0.155385   -0.680566  0.000000  1.0
    0.155385   -0.678515  0.000000  1.0
    0.155385   -0.676464  0.000000  1.0
    0.157436   -0.756464  0.000000  1.0
    0.157436   -0.754412  0.000000  1.0
    0.157436   -0.752361  0.000000  1.0
    0.157436   -0.750310  0.000000  1.0
    0.157436   -0.748259  0.000000  1.0
    0.157436   -0.746207  0.000000  1.0
    0.157436   -0.744156  0.000000  1.0
    0.157436   -0.742105  0.000000  1.0
    0.157436   -0.740053  0.000000  1.0
    0.157436   -0.738002  0.000000  1.0
    0.157436   -0.735951  0.000000  1.0
    0.157436   -0.733900  0.000000  1.0
    0.157436   -0.731848  0.000000  1.0
    0.157436   -0.729797  0.000000  1.0
    0.157436   -0.727746  0.000000  1.0
    0.157436   -0.725694  0.000000  1.0
    0.157436   -0.723643  0.000000  1.0
    0.157436   -0.721592  0.000000  1.0
    0.157436   -0.719541  0.000000  1.0
    0.157436   -0.717489  0.000000  1.0
    0.157436   -0.715438  0.000000  1.0
    0.157436   -0.713387  0.000000  1.0
    0.157436   -0.711335  0.000000  1.0
    0.157436   -0.709284  0.000000  1.0
    0.157436   -0.707233  0.000000  1.0
    0.157436   -0.705182  0.000000  1.0
    0.157436   -0.703130  0.000000  1.0
    0.157436   -0.701079  0.000000  1.0
    0.157436   -0.699028  0.000000  1.0
    0.157436   -0.696977  0.000000  1.0
    0.157436   -0.694925  0.000000  1.0
    0.157436   -0.692874  0.000000  1.0
    0.157436   -0.690823  0.000000  1.0
    0.157436   -0.688771  0.000000  1.0
    0.157436   -0.686720  0.000000  1.0
    0.157436   -0.684669  0.000000  1.0
    0.157436   -0.682618  0.000000  1.0
    0.157436   -0.680566  0.000000  1.0
    0.157436   -0.678515  0.000000  1.0
    0.157436   -0.676464  0.000000  1.0
    0.159487   -0.756464  0.000000  1.0
    0.159487   -0.754412  0.000000  1.0
    0.159487   -0.752361  0.000000  1.0
    0.159487   -0.750310  0.000000  1.0
    0.159487   -0.748259  0.000000  1.0
    0.159487   -0.746207  0.000000  1.0
    0.159487   -0.744156  0.000000  1.0
    0.159487   -0.742105  0.000000  1.0
    0.159487   -0.740053  0.000000  1.0
    0.159487   -0.738002  0.000000  1.0
    0.159487   -0.735951  0.000000  1.0
    0.159487   -0.733900  0.000000  1.0
    0.159487   -0.731848  0.000000  1.0
    0.159487   -0.729797  0.000000  1.0
    0.159487   -0.727746  0.000000  1.0
    0.159487   -0.725694  0.000000  1.0
    0.159487   -0.723643  0.000000  1.0
    0.159487   -0.721592  0.000000  1.0
    0.159487   -0.719541  0.000000  1.0
    0.159487   -0.717489  0.000000  1.0
    0.159487   -0.715438  0.000000  1.0
    0.159487   -0.713387  0.000000  1.0
    0.159487   -0.711335  0.000000  1.0
    0.159487   -0.709284  0.000000  1.0
    0.159487   -0.707233  0.000000  1.0
    0.159487   -0.705182  0.000000  1.0
    0.159487   -0.703130  0.000000  1.0
    0.159487   -0.701079  0.000000  1.0
    0.159487   -0.699028  0.000000  1.0
    0.159487   -0.696977  0.000000  1.0
    0.159487   -0.694925  0.000000  1.0
    0.159487   -0.692874  0.000000  1.0
    0.159487   -0.690823  0.000000  1.0
    0.159487   -0.688771  0.000000  1.0
    0.159487   -0.686720  0.000000  1.0
    0.159487   -0.684669  0.000000  1.0
    0.159487   -0.682618  0.000000  1.0
    0.159487   -0.680566  0.000000  1.0
    0.159487   -0.678515  0.000000  1.0
    0.159487   -0.676464  0.000000  1.0
    0.161538   -0.756464  0.000000  1.0
    0.161538   -0.754412  0.000000  1.0
    0.161538   -0.752361  0.000000  1.0
    0.161538   -0.750310  0.000000  1.0
    0.161538   -0.748259  0.000000  1.0
    0.161538   -0.746207  0.000000  1.0
    0.161538   -0.744156  0.000000  1.0
    0.161538   -0.742105  0.000000  1.0
    0.161538   -0.740053  0.000000  1.0
    0.161538   -0.738002  0.000000  1.0
    0.161538   -0.735951  0.000000  1.0
    0.161538   -0.733900  0.000000  1.0
    0.161538   -0.731848  0.000000  1.0
    0.161538   -0.729797  0.000000  1.0
    0.161538   -0.727746  0.000000  1.0
    0.161538   -0.725694  0.000000  1.0
    0.161538   -0.723643  0.000000  1.0
    0.161538   -0.721592  0.000000  1.0
    0.161538   -0.719541  0.000000  1.0
    0.161538   -0.717489  0.000000  1.0
    0.161538   -0.715438  0.000000  1.0
    0.161538   -0.713387  0.000000  1.0
    0.161538   -0.711335  0.000000  1.0
    0.161538   -0.709284  0.000000  1.0
    0.161538   -0.707233  0.000000  1.0
    0.161538   -0.705182  0.000000  1.0
    0.161538   -0.703130  0.000000  1.0
    0.161538   -0.701079  0.000000  1.0
    0.161538   -0.699028  0.000000  1.0
    0.161538   -0.696977  0.000000  1.0
    0.161538   -0.694925  0.000000  1.0
    0.161538   -0.692874  0.000000  1.0
    0.161538   -0.690823  0.000000  1.0
    0.161538   -0.688771  0.000000  1.0
    0.161538   -0.686720  0.000000  1.0
    0.161538   -0.684669  0.000000  1.0
    0.161538   -0.682618  0.000000  1.0
    0.161538   -0.680566  0.000000  1.0
    0.161538   -0.678515  0.000000  1.0
    0.161538   -0.676464  0.000000  1.0
    0.163590   -0.756464  0.000000  1.0
    0.163590   -0.754412  0.000000  1.0
    0.163590   -0.752361  0.000000  1.0
    0.163590   -0.750310  0.000000  1.0
    0.163590   -0.748259  0.000000  1.0
    0.163590   -0.746207  0.000000  1.0
    0.163590   -0.744156  0.000000  1.0
    0.163590   -0.742105  0.000000  1.0
    0.163590   -0.740053  0.000000  1.0
    0.163590   -0.738002  0.000000  1.0
    0.163590   -0.735951  0.000000  1.0
    0.163590   -0.733900  0.000000  1.0
    0.163590   -0.731848  0.000000  1.0
    0.163590   -0.729797  0.000000  1.0
    0.163590   -0.727746  0.000000  1.0
    0.163590   -0.725694  0.000000  1.0
    0.163590   -0.723643  0.000000  1.0
    0.163590   -0.721592  0.000000  1.0
    0.163590   -0.719541  0.000000  1.0
    0.163590   -0.717489  0.000000  1.0
    0.163590   -0.715438  0.000000  1.0
    0.163590   -0.713387  0.000000  1.0
    0.163590   -0.711335  0.000000  1.0
    0.163590   -0.709284  0.000000  1.0
    0.163590   -0.707233  0.000000  1.0
    0.163590   -0.705182  0.000000  1.0
    0.163590   -0.703130  0.000000  1.0
    0.163590   -0.701079  0.000000  1.0
    0.163590   -0.699028  0.000000  1.0
    0.163590   -0.696977  0.000000  1.0
    0.163590   -0.694925  0.000000  1.0
    0.163590   -0.692874  0.000000  1.0
    0.163590   -0.690823  0.000000  1.0
    0.163590   -0.688771  0.000000  1.0
    0.163590   -0.686720  0.000000  1.0
    0.163590   -0.684669  0.000000  1.0
    0.163590   -0.682618  0.000000  1.0
    0.163590   -0.680566  0.000000  1.0
    0.163590   -0.678515  0.000000  1.0
    0.163590   -0.676464  0.000000  1.0
    0.165641   -0.756464  0.000000  1.0
    0.165641   -0.754412  0.000000  1.0
    0.165641   -0.752361  0.000000  1.0
    0.165641   -0.750310  0.000000  1.0
    0.165641   -0.748259  0.000000  1.0
    0.165641   -0.746207  0.000000  1.0
    0.165641   -0.744156  0.000000  1.0
    0.165641   -0.742105  0.000000  1.0
    0.165641   -0.740053  0.000000  1.0
    0.165641   -0.738002  0.000000  1.0
    0.165641   -0.735951  0.000000  1.0
    0.165641   -0.733900  0.000000  1.0
    0.165641   -0.731848  0.000000  1.0
    0.165641   -0.729797  0.000000  1.0
    0.165641   -0.727746  0.000000  1.0
    0.165641   -0.725694  0.000000  1.0
    0.165641   -0.723643  0.000000  1.0
    0.165641   -0.721592  0.000000  1.0
    0.165641   -0.719541  0.000000  1.0
    0.165641   -0.717489  0.000000  1.0
    0.165641   -0.715438  0.000000  1.0
    0.165641   -0.713387  0.000000  1.0
    0.165641   -0.711335  0.000000  1.0
    0.165641   -0.709284  0.000000  1.0
    0.165641   -0.707233  0.000000  1.0
    0.165641   -0.705182  0.000000  1.0
    0.165641   -0.703130  0.000000  1.0
    0.165641   -0.701079  0.000000  1.0
    0.165641   -0.699028  0.000000  1.0
    0.165641   -0.696977  0.000000  1.0
    0.165641   -0.694925  0.000000  1.0
    0.165641   -0.692874  0.000000  1.0
    0.165641   -0.690823  0.000000  1.0
    0.165641   -0.688771  0.000000  1.0
    0.165641   -0.686720  0.000000  1.0
    0.165641   -0.684669  0.000000  1.0
    0.165641   -0.682618  0.000000  1.0
    0.165641   -0.680566  0.000000  1.0
    0.165641   -0.678515  0.000000  1.0
    0.165641   -0.676464  0.000000  1.0
    0.167692   -0.756464  0.000000  1.0
    0.167692   -0.754412  0.000000  1.0
    0.167692   -0.752361  0.000000  1.0
    0.167692   -0.750310  0.000000  1.0
    0.167692   -0.748259  0.000000  1.0
    0.167692   -0.746207  0.000000  1.0
    0.167692   -0.744156  0.000000  1.0
    0.167692   -0.742105  0.000000  1.0
    0.167692   -0.740053  0.000000  1.0
    0.167692   -0.738002  0.000000  1.0
    0.167692   -0.735951  0.000000  1.0
    0.167692   -0.733900  0.000000  1.0
    0.167692   -0.731848  0.000000  1.0
    0.167692   -0.729797  0.000000  1.0
    0.167692   -0.727746  0.000000  1.0
    0.167692   -0.725694  0.000000  1.0
    0.167692   -0.723643  0.000000  1.0
    0.167692   -0.721592  0.000000  1.0
    0.167692   -0.719541  0.000000  1.0
    0.167692   -0.717489  0.000000  1.0
    0.167692   -0.715438  0.000000  1.0
    0.167692   -0.713387  0.000000  1.0
    0.167692   -0.711335  0.000000  1.0
    0.167692   -0.709284  0.000000  1.0
    0.167692   -0.707233  0.000000  1.0
    0.167692   -0.705182  0.000000  1.0
    0.167692   -0.703130  0.000000  1.0
    0.167692   -0.701079  0.000000  1.0
    0.167692   -0.699028  0.000000  1.0
    0.167692   -0.696977  0.000000  1.0
    0.167692   -0.694925  0.000000  1.0
    0.167692   -0.692874  0.000000  1.0
    0.167692   -0.690823  0.000000  1.0
    0.167692   -0.688771  0.000000  1.0
    0.167692   -0.686720  0.000000  1.0
    0.167692   -0.684669  0.000000  1.0
    0.167692   -0.682618  0.000000  1.0
    0.167692   -0.680566  0.000000  1.0
    0.167692   -0.678515  0.000000  1.0
    0.167692   -0.676464  0.000000  1.0
    0.169744   -0.756464  0.000000  1.0
    0.169744   -0.754412  0.000000  1.0
    0.169744   -0.752361  0.000000  1.0
    0.169744   -0.750310  0.000000  1.0
    0.169744   -0.748259  0.000000  1.0
    0.169744   -0.746207  0.000000  1.0
    0.169744   -0.744156  0.000000  1.0
    0.169744   -0.742105  0.000000  1.0
    0.169744   -0.740053  0.000000  1.0
    0.169744   -0.738002  0.000000  1.0
    0.169744   -0.735951  0.000000  1.0
    0.169744   -0.733900  0.000000  1.0
    0.169744   -0.731848  0.000000  1.0
    0.169744   -0.729797  0.000000  1.0
    0.169744   -0.727746  0.000000  1.0
    0.169744   -0.725694  0.000000  1.0
    0.169744   -0.723643  0.000000  1.0
    0.169744   -0.721592  0.000000  1.0
    0.169744   -0.719541  0.000000  1.0
    0.169744   -0.717489  0.000000  1.0
    0.169744   -0.715438  0.000000  1.0
    0.169744   -0.713387  0.000000  1.0
    0.169744   -0.711335  0.000000  1.0
    0.169744   -0.709284  0.000000  1.0
    0.169744   -0.707233  0.000000  1.0
    0.169744   -0.705182  0.000000  1.0
    0.169744   -0.703130  0.000000  1.0
    0.169744   -0.701079  0.000000  1.0
    0.169744   -0.699028  0.000000  1.0
    0.169744   -0.696977  0.000000  1.0
    0.169744   -0.694925  0.000000  1.0
    0.169744   -0.692874  0.000000  1.0
    0.169744   -0.690823  0.000000  1.0
    0.169744   -0.688771  0.000000  1.0
    0.169744   -0.686720  0.000000  1.0
    0.169744   -0.684669  0.000000  1.0
    0.169744   -0.682618  0.000000  1.0
    0.169744   -0.680566  0.000000  1.0
    0.169744   -0.678515  0.000000  1.0
    0.169744   -0.676464  0.000000  1.0
    0.171795   -0.756464  0.000000  1.0
    0.171795   -0.754412  0.000000  1.0
    0.171795   -0.752361  0.000000  1.0
    0.171795   -0.750310  0.000000  1.0
    0.171795   -0.748259  0.000000  1.0
    0.171795   -0.746207  0.000000  1.0
    0.171795   -0.744156  0.000000  1.0
    0.171795   -0.742105  0.000000  1.0
    0.171795   -0.740053  0.000000  1.0
    0.171795   -0.738002  0.000000  1.0
    0.171795   -0.735951  0.000000  1.0
    0.171795   -0.733900  0.000000  1.0
    0.171795   -0.731848  0.000000  1.0
    0.171795   -0.729797  0.000000  1.0
    0.171795   -0.727746  0.000000  1.0
    0.171795   -0.725694  0.000000  1.0
    0.171795   -0.723643  0.000000  1.0
    0.171795   -0.721592  0.000000  1.0
    0.171795   -0.719541  0.000000  1.0
    0.171795   -0.717489  0.000000  1.0
    0.171795   -0.715438  0.000000  1.0
    0.171795   -0.713387  0.000000  1.0
    0.171795   -0.711335  0.000000  1.0
    0.171795   -0.709284  0.000000  1.0
    0.171795   -0.707233  0.000000  1.0
    0.171795   -0.705182  0.000000  1.0
    0.171795   -0.703130  0.000000  1.0
    0.171795   -0.701079  0.000000  1.0
    0.171795   -0.699028  0.000000  1.0
    0.171795   -0.696977  0.000000  1.0
    0.171795   -0.694925  0.000000  1.0
    0.171795   -0.692874  0.000000  1.0
    0.171795   -0.690823  0.000000  1.0
    0.171795   -0.688771  0.000000  1.0
    0.171795   -0.686720  0.000000  1.0
    0.171795   -0.684669  0.000000  1.0
    0.171795   -0.682618  0.000000  1.0
    0.171795   -0.680566  0.000000  1.0
    0.171795   -0.678515  0.000000  1.0
    0.171795   -0.676464  0.000000  1.0
    0.173846   -0.756464  0.000000  1.0
    0.173846   -0.754412  0.000000  1.0
    0.173846   -0.752361  0.000000  1.0
    0.173846   -0.750310  0.000000  1.0
    0.173846   -0.748259  0.000000  1.0
    0.173846   -0.746207  0.000000  1.0
    0.173846   -0.744156  0.000000  1.0
    0.173846   -0.742105  0.000000  1.0
    0.173846   -0.740053  0.000000  1.0
    0.173846   -0.738002  0.000000  1.0
    0.173846   -0.735951  0.000000  1.0
    0.173846   -0.733900  0.000000  1.0
    0.173846   -0.731848  0.000000  1.0
    0.173846   -0.729797  0.000000  1.0
    0.173846   -0.727746  0.000000  1.0
    0.173846   -0.725694  0.000000  1.0
    0.173846   -0.723643  0.000000  1.0
    0.173846   -0.721592  0.000000  1.0
    0.173846   -0.719541  0.000000  1.0
    0.173846   -0.717489  0.000000  1.0
    0.173846   -0.715438  0.000000  1.0
    0.173846   -0.713387  0.000000  1.0
    0.173846   -0.711335  0.000000  1.0
    0.173846   -0.709284  0.000000  1.0
    0.173846   -0.707233  0.000000  1.0
    0.173846   -0.705182  0.000000  1.0
    0.173846   -0.703130  0.000000  1.0
    0.173846   -0.701079  0.000000  1.0
    0.173846   -0.699028  0.000000  1.0
    0.173846   -0.696977  0.000000  1.0
    0.173846   -0.694925  0.000000  1.0
    0.173846   -0.692874  0.000000  1.0
    0.173846   -0.690823  0.000000  1.0
    0.173846   -0.688771  0.000000  1.0
    0.173846   -0.686720  0.000000  1.0
    0.173846   -0.684669  0.000000  1.0
    0.173846   -0.682618  0.000000  1.0
    0.173846   -0.680566  0.000000  1.0
    0.173846   -0.678515  0.000000  1.0
    0.173846   -0.676464  0.000000  1.0
    0.175897   -0.756464  0.000000  1.0
    0.175897   -0.754412  0.000000  1.0
    0.175897   -0.752361  0.000000  1.0
    0.175897   -0.750310  0.000000  1.0
    0.175897   -0.748259  0.000000  1.0
    0.175897   -0.746207  0.000000  1.0
    0.175897   -0.744156  0.000000  1.0
    0.175897   -0.742105  0.000000  1.0
    0.175897   -0.740053  0.000000  1.0
    0.175897   -0.738002  0.000000  1.0
    0.175897   -0.735951  0.000000  1.0
    0.175897   -0.733900  0.000000  1.0
    0.175897   -0.731848  0.000000  1.0
    0.175897   -0.729797  0.000000  1.0
    0.175897   -0.727746  0.000000  1.0
    0.175897   -0.725694  0.000000  1.0
    0.175897   -0.723643  0.000000  1.0
    0.175897   -0.721592  0.000000  1.0
    0.175897   -0.719541  0.000000  1.0
    0.175897   -0.717489  0.000000  1.0
    0.175897   -0.715438  0.000000  1.0
    0.175897   -0.713387  0.000000  1.0
    0.175897   -0.711335  0.000000  1.0
    0.175897   -0.709284  0.000000  1.0
    0.175897   -0.707233  0.000000  1.0
    0.175897   -0.705182  0.000000  1.0
    0.175897   -0.703130  0.000000  1.0
    0.175897   -0.701079  0.000000  1.0
    0.175897   -0.699028  0.000000  1.0
    0.175897   -0.696977  0.000000  1.0
    0.175897   -0.694925  0.000000  1.0
    0.175897   -0.692874  0.000000  1.0
    0.175897   -0.690823  0.000000  1.0
    0.175897   -0.688771  0.000000  1.0
    0.175897   -0.686720  0.000000  1.0
    0.175897   -0.684669  0.000000  1.0
    0.175897   -0.682618  0.000000  1.0
    0.175897   -0.680566  0.000000  1.0
    0.175897   -0.678515  0.000000  1.0
    0.175897   -0.676464  0.000000  1.0
    0.177949   -0.756464  0.000000  1.0
    0.177949   -0.754412  0.000000  1.0
    0.177949   -0.752361  0.000000  1.0
    0.177949   -0.750310  0.000000  1.0
    0.177949   -0.748259  0.000000  1.0
    0.177949   -0.746207  0.000000  1.0
    0.177949   -0.744156  0.000000  1.0
    0.177949   -0.742105  0.000000  1.0
    0.177949   -0.740053  0.000000  1.0
    0.177949   -0.738002  0.000000  1.0
    0.177949   -0.735951  0.000000  1.0
    0.177949   -0.733900  0.000000  1.0
    0.177949   -0.731848  0.000000  1.0
    0.177949   -0.729797  0.000000  1.0
    0.177949   -0.727746  0.000000  1.0
    0.177949   -0.725694  0.000000  1.0
    0.177949   -0.723643  0.000000  1.0
    0.177949   -0.721592  0.000000  1.0
    0.177949   -0.719541  0.000000  1.0
    0.177949   -0.717489  0.000000  1.0
    0.177949   -0.715438  0.000000  1.0
    0.177949   -0.713387  0.000000  1.0
    0.177949   -0.711335  0.000000  1.0
    0.177949   -0.709284  0.000000  1.0
    0.177949   -0.707233  0.000000  1.0
    0.177949   -0.705182  0.000000  1.0
    0.177949   -0.703130  0.000000  1.0
    0.177949   -0.701079  0.000000  1.0
    0.177949   -0.699028  0.000000  1.0
    0.177949   -0.696977  0.000000  1.0
    0.177949   -0.694925  0.000000  1.0
    0.177949   -0.692874  0.000000  1.0
    0.177949   -0.690823  0.000000  1.0
    0.177949   -0.688771  0.000000  1.0
    0.177949   -0.686720  0.000000  1.0
    0.177949   -0.684669  0.000000  1.0
    0.177949   -0.682618  0.000000  1.0
    0.177949   -0.680566  0.000000  1.0
    0.177949   -0.678515  0.000000  1.0
    0.177949   -0.676464  0.000000  1.0
    0.180000   -0.756464  0.000000  1.0
    0.180000   -0.754412  0.000000  1.0
    0.180000   -0.752361  0.000000  1.0
    0.180000   -0.750310  0.000000  1.0
    0.180000   -0.748259  0.000000  1.0
    0.180000   -0.746207  0.000000  1.0
    0.180000   -0.744156  0.000000  1.0
    0.180000   -0.742105  0.000000  1.0
    0.180000   -0.740053  0.000000  1.0
    0.180000   -0.738002  0.000000  1.0
    0.180000   -0.735951  0.000000  1.0
    0.180000   -0.733900  0.000000  1.0
    0.180000   -0.731848  0.000000  1.0
    0.180000   -0.729797  0.000000  1.0
    0.180000   -0.727746  0.000000  1.0
    0.180000   -0.725694  0.000000  1.0
    0.180000   -0.723643  0.000000  1.0
    0.180000   -0.721592  0.000000  1.0
    0.180000   -0.719541  0.000000  1.0
    0.180000   -0.717489  0.000000  1.0
    0.180000   -0.715438  0.000000  1.0
    0.180000   -0.713387  0.000000  1.0
    0.180000   -0.711335  0.000000  1.0
    0.180000   -0.709284  0.000000  1.0
    0.180000   -0.707233  0.000000  1.0
    0.180000   -0.705182  0.000000  1.0
    0.180000   -0.703130  0.000000  1.0
    0.180000   -0.701079  0.000000  1.0
    0.180000   -0.699028  0.000000  1.0
    0.180000   -0.696977  0.000000  1.0
    0.180000   -0.694925  0.000000  1.0
    0.180000   -0.692874  0.000000  1.0
    0.180000   -0.690823  0.000000  1.0
    0.180000   -0.688771  0.000000  1.0
    0.180000   -0.686720  0.000000  1.0
    0.180000   -0.684669  0.000000  1.0
    0.180000   -0.682618  0.000000  1.0
    0.180000   -0.680566  0.000000  1.0
    0.180000   -0.678515  0.000000  1.0
    0.180000   -0.676464  0.000000  1.0
    0.182051   -0.756464  0.000000  1.0
    0.182051   -0.754412  0.000000  1.0
    0.182051   -0.752361  0.000000  1.0
    0.182051   -0.750310  0.000000  1.0
    0.182051   -0.748259  0.000000  1.0
    0.182051   -0.746207  0.000000  1.0
    0.182051   -0.744156  0.000000  1.0
    0.182051   -0.742105  0.000000  1.0
    0.182051   -0.740053  0.000000  1.0
    0.182051   -0.738002  0.000000  1.0
    0.182051   -0.735951  0.000000  1.0
    0.182051   -0.733900  0.000000  1.0
    0.182051   -0.731848  0.000000  1.0
    0.182051   -0.729797  0.000000  1.0
    0.182051   -0.727746  0.000000  1.0
    0.182051   -0.725694  0.000000  1.0
    0.182051   -0.723643  0.000000  1.0
    0.182051   -0.721592  0.000000  1.0
    0.182051   -0.719541  0.000000  1.0
    0.182051   -0.717489  0.000000  1.0
    0.182051   -0.715438  0.000000  1.0
    0.182051   -0.713387  0.000000  1.0
    0.182051   -0.711335  0.000000  1.0
    0.182051   -0.709284  0.000000  1.0
    0.182051   -0.707233  0.000000  1.0
    0.182051   -0.705182  0.000000  1.0
    0.182051   -0.703130  0.000000  1.0
    0.182051   -0.701079  0.000000  1.0
    0.182051   -0.699028  0.000000  1.0
    0.182051   -0.696977  0.000000  1.0
    0.182051   -0.694925  0.000000  1.0
    0.182051   -0.692874  0.000000  1.0
    0.182051   -0.690823  0.000000  1.0
    0.182051   -0.688771  0.000000  1.0
    0.182051   -0.686720  0.000000  1.0
    0.182051   -0.684669  0.000000  1.0
    0.182051   -0.682618  0.000000  1.0
    0.182051   -0.680566  0.000000  1.0
    0.182051   -0.678515  0.000000  1.0
    0.182051   -0.676464  0.000000  1.0
    0.184103   -0.756464  0.000000  1.0
    0.184103   -0.754412  0.000000  1.0
    0.184103   -0.752361  0.000000  1.0
    0.184103   -0.750310  0.000000  1.0
    0.184103   -0.748259  0.000000  1.0
    0.184103   -0.746207  0.000000  1.0
    0.184103   -0.744156  0.000000  1.0
    0.184103   -0.742105  0.000000  1.0
    0.184103   -0.740053  0.000000  1.0
    0.184103   -0.738002  0.000000  1.0
    0.184103   -0.735951  0.000000  1.0
    0.184103   -0.733900  0.000000  1.0
    0.184103   -0.731848  0.000000  1.0
    0.184103   -0.729797  0.000000  1.0
    0.184103   -0.727746  0.000000  1.0
    0.184103   -0.725694  0.000000  1.0
    0.184103   -0.723643  0.000000  1.0
    0.184103   -0.721592  0.000000  1.0
    0.184103   -0.719541  0.000000  1.0
    0.184103   -0.717489  0.000000  1.0
    0.184103   -0.715438  0.000000  1.0
    0.184103   -0.713387  0.000000  1.0
    0.184103   -0.711335  0.000000  1.0
    0.184103   -0.709284  0.000000  1.0
    0.184103   -0.707233  0.000000  1.0
    0.184103   -0.705182  0.000000  1.0
    0.184103   -0.703130  0.000000  1.0
    0.184103   -0.701079  0.000000  1.0
    0.184103   -0.699028  0.000000  1.0
    0.184103   -0.696977  0.000000  1.0
    0.184103   -0.694925  0.000000  1.0
    0.184103   -0.692874  0.000000  1.0
    0.184103   -0.690823  0.000000  1.0
    0.184103   -0.688771  0.000000  1.0
    0.184103   -0.686720  0.000000  1.0
    0.184103   -0.684669  0.000000  1.0
    0.184103   -0.682618  0.000000  1.0
    0.184103   -0.680566  0.000000  1.0
    0.184103   -0.678515  0.000000  1.0
    0.184103   -0.676464  0.000000  1.0
    0.186154   -0.756464  0.000000  1.0
    0.186154   -0.754412  0.000000  1.0
    0.186154   -0.752361  0.000000  1.0
    0.186154   -0.750310  0.000000  1.0
    0.186154   -0.748259  0.000000  1.0
    0.186154   -0.746207  0.000000  1.0
    0.186154   -0.744156  0.000000  1.0
    0.186154   -0.742105  0.000000  1.0
    0.186154   -0.740053  0.000000  1.0
    0.186154   -0.738002  0.000000  1.0
    0.186154   -0.735951  0.000000  1.0
    0.186154   -0.733900  0.000000  1.0
    0.186154   -0.731848  0.000000  1.0
    0.186154   -0.729797  0.000000  1.0
    0.186154   -0.727746  0.000000  1.0
    0.186154   -0.725694  0.000000  1.0
    0.186154   -0.723643  0.000000  1.0
    0.186154   -0.721592  0.000000  1.0
    0.186154   -0.719541  0.000000  1.0
    0.186154   -0.717489  0.000000  1.0
    0.186154   -0.715438  0.000000  1.0
    0.186154   -0.713387  0.000000  1.0
    0.186154   -0.711335  0.000000  1.0
    0.186154   -0.709284  0.000000  1.0
    0.186154   -0.707233  0.000000  1.0
    0.186154   -0.705182  0.000000  1.0
    0.186154   -0.703130  0.000000  1.0
    0.186154   -0.701079  0.000000  1.0
    0.186154   -0.699028  0.000000  1.0
    0.186154   -0.696977  0.000000  1.0
    0.186154   -0.694925  0.000000  1.0
    0.186154   -0.692874  0.000000  1.0
    0.186154   -0.690823  0.000000  1.0
    0.186154   -0.688771  0.000000  1.0
    0.186154   -0.686720  0.000000  1.0
    0.186154   -0.684669  0.000000  1.0
    0.186154   -0.682618  0.000000  1.0
    0.186154   -0.680566  0.000000  1.0
    0.186154   -0.678515  0.000000  1.0
    0.186154   -0.676464  0.000000  1.0
    0.188205   -0.756464  0.000000  1.0
    0.188205   -0.754412  0.000000  1.0
    0.188205   -0.752361  0.000000  1.0
    0.188205   -0.750310  0.000000  1.0
    0.188205   -0.748259  0.000000  1.0
    0.188205   -0.746207  0.000000  1.0
    0.188205   -0.744156  0.000000  1.0
    0.188205   -0.742105  0.000000  1.0
    0.188205   -0.740053  0.000000  1.0
    0.188205   -0.738002  0.000000  1.0
    0.188205   -0.735951  0.000000  1.0
    0.188205   -0.733900  0.000000  1.0
    0.188205   -0.731848  0.000000  1.0
    0.188205   -0.729797  0.000000  1.0
    0.188205   -0.727746  0.000000  1.0
    0.188205   -0.725694  0.000000  1.0
    0.188205   -0.723643  0.000000  1.0
    0.188205   -0.721592  0.000000  1.0
    0.188205   -0.719541  0.000000  1.0
    0.188205   -0.717489  0.000000  1.0
    0.188205   -0.715438  0.000000  1.0
    0.188205   -0.713387  0.000000  1.0
    0.188205   -0.711335  0.000000  1.0
    0.188205   -0.709284  0.000000  1.0
    0.188205   -0.707233  0.000000  1.0
    0.188205   -0.705182  0.000000  1.0
    0.188205   -0.703130  0.000000  1.0
    0.188205   -0.701079  0.000000  1.0
    0.188205   -0.699028  0.000000  1.0
    0.188205   -0.696977  0.000000  1.0
    0.188205   -0.694925  0.000000  1.0
    0.188205   -0.692874  0.000000  1.0
    0.188205   -0.690823  0.000000  1.0
    0.188205   -0.688771  0.000000  1.0
    0.188205   -0.686720  0.000000  1.0
    0.188205   -0.684669  0.000000  1.0
    0.188205   -0.682618  0.000000  1.0
    0.188205   -0.680566  0.000000  1.0
    0.188205   -0.678515  0.000000  1.0
    0.188205   -0.676464  0.000000  1.0
    0.190256   -0.756464  0.000000  1.0
    0.190256   -0.754412  0.000000  1.0
    0.190256   -0.752361  0.000000  1.0
    0.190256   -0.750310  0.000000  1.0
    0.190256   -0.748259  0.000000  1.0
    0.190256   -0.746207  0.000000  1.0
    0.190256   -0.744156  0.000000  1.0
    0.190256   -0.742105  0.000000  1.0
    0.190256   -0.740053  0.000000  1.0
    0.190256   -0.738002  0.000000  1.0
    0.190256   -0.735951  0.000000  1.0
    0.190256   -0.733900  0.000000  1.0
    0.190256   -0.731848  0.000000  1.0
    0.190256   -0.729797  0.000000  1.0
    0.190256   -0.727746  0.000000  1.0
    0.190256   -0.725694  0.000000  1.0
    0.190256   -0.723643  0.000000  1.0
    0.190256   -0.721592  0.000000  1.0
    0.190256   -0.719541  0.000000  1.0
    0.190256   -0.717489  0.000000  1.0
    0.190256   -0.715438  0.000000  1.0
    0.190256   -0.713387  0.000000  1.0
    0.190256   -0.711335  0.000000  1.0
    0.190256   -0.709284  0.000000  1.0
    0.190256   -0.707233  0.000000  1.0
    0.190256   -0.705182  0.000000  1.0
    0.190256   -0.703130  0.000000  1.0
    0.190256   -0.701079  0.000000  1.0
    0.190256   -0.699028  0.000000  1.0
    0.190256   -0.696977  0.000000  1.0
    0.190256   -0.694925  0.000000  1.0
    0.190256   -0.692874  0.000000  1.0
    0.190256   -0.690823  0.000000  1.0
    0.190256   -0.688771  0.000000  1.0
    0.190256   -0.686720  0.000000  1.0
    0.190256   -0.684669  0.000000  1.0
    0.190256   -0.682618  0.000000  1.0
    0.190256   -0.680566  0.000000  1.0
    0.190256   -0.678515  0.000000  1.0
    0.190256   -0.676464  0.000000  1.0
    0.192308   -0.756464  0.000000  1.0
    0.192308   -0.754412  0.000000  1.0
    0.192308   -0.752361  0.000000  1.0
    0.192308   -0.750310  0.000000  1.0
    0.192308   -0.748259  0.000000  1.0
    0.192308   -0.746207  0.000000  1.0
    0.192308   -0.744156  0.000000  1.0
    0.192308   -0.742105  0.000000  1.0
    0.192308   -0.740053  0.000000  1.0
    0.192308   -0.738002  0.000000  1.0
    0.192308   -0.735951  0.000000  1.0
    0.192308   -0.733900  0.000000  1.0
    0.192308   -0.731848  0.000000  1.0
    0.192308   -0.729797  0.000000  1.0
    0.192308   -0.727746  0.000000  1.0
    0.192308   -0.725694  0.000000  1.0
    0.192308   -0.723643  0.000000  1.0
    0.192308   -0.721592  0.000000  1.0
    0.192308   -0.719541  0.000000  1.0
    0.192308   -0.717489  0.000000  1.0
    0.192308   -0.715438  0.000000  1.0
    0.192308   -0.713387  0.000000  1.0
    0.192308   -0.711335  0.000000  1.0
    0.192308   -0.709284  0.000000  1.0
    0.192308   -0.707233  0.000000  1.0
    0.192308   -0.705182  0.000000  1.0
    0.192308   -0.703130  0.000000  1.0
    0.192308   -0.701079  0.000000  1.0
    0.192308   -0.699028  0.000000  1.0
    0.192308   -0.696977  0.000000  1.0
    0.192308   -0.694925  0.000000  1.0
    0.192308   -0.692874  0.000000  1.0
    0.192308   -0.690823  0.000000  1.0
    0.192308   -0.688771  0.000000  1.0
    0.192308   -0.686720  0.000000  1.0
    0.192308   -0.684669  0.000000  1.0
    0.192308   -0.682618  0.000000  1.0
    0.192308   -0.680566  0.000000  1.0
    0.192308   -0.678515  0.000000  1.0
    0.192308   -0.676464  0.000000  1.0
    0.194359   -0.756464  0.000000  1.0
    0.194359   -0.754412  0.000000  1.0
    0.194359   -0.752361  0.000000  1.0
    0.194359   -0.750310  0.000000  1.0
    0.194359   -0.748259  0.000000  1.0
    0.194359   -0.746207  0.000000  1.0
    0.194359   -0.744156  0.000000  1.0
    0.194359   -0.742105  0.000000  1.0
    0.194359   -0.740053  0.000000  1.0
    0.194359   -0.738002  0.000000  1.0
    0.194359   -0.735951  0.000000  1.0
    0.194359   -0.733900  0.000000  1.0
    0.194359   -0.731848  0.000000  1.0
    0.194359   -0.729797  0.000000  1.0
    0.194359   -0.727746  0.000000  1.0
    0.194359   -0.725694  0.000000  1.0
    0.194359   -0.723643  0.000000  1.0
    0.194359   -0.721592  0.000000  1.0
    0.194359   -0.719541  0.000000  1.0
    0.194359   -0.717489  0.000000  1.0
    0.194359   -0.715438  0.000000  1.0
    0.194359   -0.713387  0.000000  1.0
    0.194359   -0.711335  0.000000  1.0
    0.194359   -0.709284  0.000000  1.0
    0.194359   -0.707233  0.000000  1.0
    0.194359   -0.705182  0.000000  1.0
    0.194359   -0.703130  0.000000  1.0
    0.194359   -0.701079  0.000000  1.0
    0.194359   -0.699028  0.000000  1.0
    0.194359   -0.696977  0.000000  1.0
    0.194359   -0.694925  0.000000  1.0
    0.194359   -0.692874  0.000000  1.0
    0.194359   -0.690823  0.000000  1.0
    0.194359   -0.688771  0.000000  1.0
    0.194359   -0.686720  0.000000  1.0
    0.194359   -0.684669  0.000000  1.0
    0.194359   -0.682618  0.000000  1.0
    0.194359   -0.680566  0.000000  1.0
    0.194359   -0.678515  0.000000  1.0
    0.194359   -0.676464  0.000000  1.0
    0.196410   -0.756464  0.000000  1.0
    0.196410   -0.754412  0.000000  1.0
    0.196410   -0.752361  0.000000  1.0
    0.196410   -0.750310  0.000000  1.0
    0.196410   -0.748259  0.000000  1.0
    0.196410   -0.746207  0.000000  1.0
    0.196410   -0.744156  0.000000  1.0
    0.196410   -0.742105  0.000000  1.0
    0.196410   -0.740053  0.000000  1.0
    0.196410   -0.738002  0.000000  1.0
    0.196410   -0.735951  0.000000  1.0
    0.196410   -0.733900  0.000000  1.0
    0.196410   -0.731848  0.000000  1.0
    0.196410   -0.729797  0.000000  1.0
    0.196410   -0.727746  0.000000  1.0
    0.196410   -0.725694  0.000000  1.0
    0.196410   -0.723643  0.000000  1.0
    0.196410   -0.721592  0.000000  1.0
    0.196410   -0.719541  0.000000  1.0
    0.196410   -0.717489  0.000000  1.0
    0.196410   -0.715438  0.000000  1.0
    0.196410   -0.713387  0.000000  1.0
    0.196410   -0.711335  0.000000  1.0
    0.196410   -0.709284  0.000000  1.0
    0.196410   -0.707233  0.000000  1.0
    0.196410   -0.705182  0.000000  1.0
    0.196410   -0.703130  0.000000  1.0
    0.196410   -0.701079  0.000000  1.0
    0.196410   -0.699028  0.000000  1.0
    0.196410   -0.696977  0.000000  1.0
    0.196410   -0.694925  0.000000  1.0
    0.196410   -0.692874  0.000000  1.0
    0.196410   -0.690823  0.000000  1.0
    0.196410   -0.688771  0.000000  1.0
    0.196410   -0.686720  0.000000  1.0
    0.196410   -0.684669  0.000000  1.0
    0.196410   -0.682618  0.000000  1.0
    0.196410   -0.680566  0.000000  1.0
    0.196410   -0.678515  0.000000  1.0
    0.196410   -0.676464  0.000000  1.0
    0.198462   -0.756464  0.000000  1.0
    0.198462   -0.754412  0.000000  1.0
    0.198462   -0.752361  0.000000  1.0
    0.198462   -0.750310  0.000000  1.0
    0.198462   -0.748259  0.000000  1.0
    0.198462   -0.746207  0.000000  1.0
    0.198462   -0.744156  0.000000  1.0
    0.198462   -0.742105  0.000000  1.0
    0.198462   -0.740053  0.000000  1.0
    0.198462   -0.738002  0.000000  1.0
    0.198462   -0.735951  0.000000  1.0
    0.198462   -0.733900  0.000000  1.0
    0.198462   -0.731848  0.000000  1.0
    0.198462   -0.729797  0.000000  1.0
    0.198462   -0.727746  0.000000  1.0
    0.198462   -0.725694  0.000000  1.0
    0.198462   -0.723643  0.000000  1.0
    0.198462   -0.721592  0.000000  1.0
    0.198462   -0.719541  0.000000  1.0
    0.198462   -0.717489  0.000000  1.0
    0.198462   -0.715438  0.000000  1.0
    0.198462   -0.713387  0.000000  1.0
    0.198462   -0.711335  0.000000  1.0
    0.198462   -0.709284  0.000000  1.0
    0.198462   -0.707233  0.000000  1.0
    0.198462   -0.705182  0.000000  1.0
    0.198462   -0.703130  0.000000  1.0
    0.198462   -0.701079  0.000000  1.0
    0.198462   -0.699028  0.000000  1.0
    0.198462   -0.696977  0.000000  1.0
    0.198462   -0.694925  0.000000  1.0
    0.198462   -0.692874  0.000000  1.0
    0.198462   -0.690823  0.000000  1.0
    0.198462   -0.688771  0.000000  1.0
    0.198462   -0.686720  0.000000  1.0
    0.198462   -0.684669  0.000000  1.0
    0.198462   -0.682618  0.000000  1.0
    0.198462   -0.680566  0.000000  1.0
    0.198462   -0.678515  0.000000  1.0
    0.198462   -0.676464  0.000000  1.0
    0.200513   -0.756464  0.000000  1.0
    0.200513   -0.754412  0.000000  1.0
    0.200513   -0.752361  0.000000  1.0
    0.200513   -0.750310  0.000000  1.0
    0.200513   -0.748259  0.000000  1.0
    0.200513   -0.746207  0.000000  1.0
    0.200513   -0.744156  0.000000  1.0
    0.200513   -0.742105  0.000000  1.0
    0.200513   -0.740053  0.000000  1.0
    0.200513   -0.738002  0.000000  1.0
    0.200513   -0.735951  0.000000  1.0
    0.200513   -0.733900  0.000000  1.0
    0.200513   -0.731848  0.000000  1.0
    0.200513   -0.729797  0.000000  1.0
    0.200513   -0.727746  0.000000  1.0
    0.200513   -0.725694  0.000000  1.0
    0.200513   -0.723643  0.000000  1.0
    0.200513   -0.721592  0.000000  1.0
    0.200513   -0.719541  0.000000  1.0
    0.200513   -0.717489  0.000000  1.0
    0.200513   -0.715438  0.000000  1.0
    0.200513   -0.713387  0.000000  1.0
    0.200513   -0.711335  0.000000  1.0
    0.200513   -0.709284  0.000000  1.0
    0.200513   -0.707233  0.000000  1.0
    0.200513   -0.705182  0.000000  1.0
    0.200513   -0.703130  0.000000  1.0
    0.200513   -0.701079  0.000000  1.0
    0.200513   -0.699028  0.000000  1.0
    0.200513   -0.696977  0.000000  1.0
    0.200513   -0.694925  0.000000  1.0
    0.200513   -0.692874  0.000000  1.0
    0.200513   -0.690823  0.000000  1.0
    0.200513   -0.688771  0.000000  1.0
    0.200513   -0.686720  0.000000  1.0
    0.200513   -0.684669  0.000000  1.0
    0.200513   -0.682618  0.000000  1.0
    0.200513   -0.680566  0.000000  1.0
    0.200513   -0.678515  0.000000  1.0
    0.200513   -0.676464  0.000000  1.0
    0.202564   -0.756464  0.000000  1.0
    0.202564   -0.754412  0.000000  1.0
    0.202564   -0.752361  0.000000  1.0
    0.202564   -0.750310  0.000000  1.0
    0.202564   -0.748259  0.000000  1.0
    0.202564   -0.746207  0.000000  1.0
    0.202564   -0.744156  0.000000  1.0
    0.202564   -0.742105  0.000000  1.0
    0.202564   -0.740053  0.000000  1.0
    0.202564   -0.738002  0.000000  1.0
    0.202564   -0.735951  0.000000  1.0
    0.202564   -0.733900  0.000000  1.0
    0.202564   -0.731848  0.000000  1.0
    0.202564   -0.729797  0.000000  1.0
    0.202564   -0.727746  0.000000  1.0
    0.202564   -0.725694  0.000000  1.0
    0.202564   -0.723643  0.000000  1.0
    0.202564   -0.721592  0.000000  1.0
    0.202564   -0.719541  0.000000  1.0
    0.202564   -0.717489  0.000000  1.0
    0.202564   -0.715438  0.000000  1.0
    0.202564   -0.713387  0.000000  1.0
    0.202564   -0.711335  0.000000  1.0
    0.202564   -0.709284  0.000000  1.0
    0.202564   -0.707233  0.000000  1.0
    0.202564   -0.705182  0.000000  1.0
    0.202564   -0.703130  0.000000  1.0
    0.202564   -0.701079  0.000000  1.0
    0.202564   -0.699028  0.000000  1.0
    0.202564   -0.696977  0.000000  1.0
    0.202564   -0.694925  0.000000  1.0
    0.202564   -0.692874  0.000000  1.0
    0.202564   -0.690823  0.000000  1.0
    0.202564   -0.688771  0.000000  1.0
    0.202564   -0.686720  0.000000  1.0
    0.202564   -0.684669  0.000000  1.0
    0.202564   -0.682618  0.000000  1.0
    0.202564   -0.680566  0.000000  1.0
    0.202564   -0.678515  0.000000  1.0
    0.202564   -0.676464  0.000000  1.0
    0.204615   -0.756464  0.000000  1.0
    0.204615   -0.754412  0.000000  1.0
    0.204615   -0.752361  0.000000  1.0
    0.204615   -0.750310  0.000000  1.0
    0.204615   -0.748259  0.000000  1.0
    0.204615   -0.746207  0.000000  1.0
    0.204615   -0.744156  0.000000  1.0
    0.204615   -0.742105  0.000000  1.0
    0.204615   -0.740053  0.000000  1.0
    0.204615   -0.738002  0.000000  1.0
    0.204615   -0.735951  0.000000  1.0
    0.204615   -0.733900  0.000000  1.0
    0.204615   -0.731848  0.000000  1.0
    0.204615   -0.729797  0.000000  1.0
    0.204615   -0.727746  0.000000  1.0
    0.204615   -0.725694  0.000000  1.0
    0.204615   -0.723643  0.000000  1.0
    0.204615   -0.721592  0.000000  1.0
    0.204615   -0.719541  0.000000  1.0
    0.204615   -0.717489  0.000000  1.0
    0.204615   -0.715438  0.000000  1.0
    0.204615   -0.713387  0.000000  1.0
    0.204615   -0.711335  0.000000  1.0
    0.204615   -0.709284  0.000000  1.0
    0.204615   -0.707233  0.000000  1.0
    0.204615   -0.705182  0.000000  1.0
    0.204615   -0.703130  0.000000  1.0
    0.204615   -0.701079  0.000000  1.0
    0.204615   -0.699028  0.000000  1.0
    0.204615   -0.696977  0.000000  1.0
    0.204615   -0.694925  0.000000  1.0
    0.204615   -0.692874  0.000000  1.0
    0.204615   -0.690823  0.000000  1.0
    0.204615   -0.688771  0.000000  1.0
    0.204615   -0.686720  0.000000  1.0
    0.204615   -0.684669  0.000000  1.0
    0.204615   -0.682618  0.000000  1.0
    0.204615   -0.680566  0.000000  1.0
    0.204615   -0.678515  0.000000  1.0
    0.204615   -0.676464  0.000000  1.0
    0.206667   -0.756464  0.000000  1.0
    0.206667   -0.754412  0.000000  1.0
    0.206667   -0.752361  0.000000  1.0
    0.206667   -0.750310  0.000000  1.0
    0.206667   -0.748259  0.000000  1.0
    0.206667   -0.746207  0.000000  1.0
    0.206667   -0.744156  0.000000  1.0
    0.206667   -0.742105  0.000000  1.0
    0.206667   -0.740053  0.000000  1.0
    0.206667   -0.738002  0.000000  1.0
    0.206667   -0.735951  0.000000  1.0
    0.206667   -0.733900  0.000000  1.0
    0.206667   -0.731848  0.000000  1.0
    0.206667   -0.729797  0.000000  1.0
    0.206667   -0.727746  0.000000  1.0
    0.206667   -0.725694  0.000000  1.0
    0.206667   -0.723643  0.000000  1.0
    0.206667   -0.721592  0.000000  1.0
    0.206667   -0.719541  0.000000  1.0
    0.206667   -0.717489  0.000000  1.0
    0.206667   -0.715438  0.000000  1.0
    0.206667   -0.713387  0.000000  1.0
    0.206667   -0.711335  0.000000  1.0
    0.206667   -0.709284  0.000000  1.0
    0.206667   -0.707233  0.000000  1.0
    0.206667   -0.705182  0.000000  1.0
    0.206667   -0.703130  0.000000  1.0
    0.206667   -0.701079  0.000000  1.0
    0.206667   -0.699028  0.000000  1.0
    0.206667   -0.696977  0.000000  1.0
    0.206667   -0.694925  0.000000  1.0
    0.206667   -0.692874  0.000000  1.0
    0.206667   -0.690823  0.000000  1.0
    0.206667   -0.688771  0.000000  1.0
    0.206667   -0.686720  0.000000  1.0
    0.206667   -0.684669  0.000000  1.0
    0.206667   -0.682618  0.000000  1.0
    0.206667   -0.680566  0.000000  1.0
    0.206667   -0.678515  0.000000  1.0
    0.206667   -0.676464  0.000000  1.0
