&CONTROL
  calculation = 'bands'
  prefix = 'graphene22.0zoom'
  outdir = './tmp'
  pseudo_dir = './'
  verbosity = 'high'
/
&SYSTEM
  ibrav = 0
  nat = 2
  ntyp = 1
  ecutwfc = 40.0
  nosym = .true.
  noinv = .true.
  nbnd = 8
/
&ELECTRONS
/
ATOMIC_SPECIES
  C  12.011  C.pbe-n-kjpaw_psl.1.0.0.UPF
CELL_PARAMETERS {bohr}
  5.677880  0.000000  0.000000
  2.838940  3.884176  0.000000
  0.000000  0.000000  30.000000
ATOMIC_POSITIONS {crystal}
  C  0.000109  0.166544  0.000000
  C  0.333224  0.500123  0.000000
K_POINTS {tpiba}
1600
   -0.173333    0.690899  0.000000  1.0
   -0.173333    0.692950  0.000000  1.0
   -0.173333    0.695001  0.000000  1.0
   -0.173333    0.697053  0.000000  1.0
   -0.173333    0.699104  0.000000  1.0
   -0.173333    0.701155  0.000000  1.0
   -0.173333    0.703207  0.000000  1.0
   -0.173333    0.705258  0.000000  1.0
   -0.173333    0.707309  0.000000  1.0
   -0.173333    0.709360  0.000000  1.0
   -0.173333    0.711412  0.000000  1.0
   -0.173333    0.713463  0.000000  1.0
   -0.173333    0.715514  0.000000  1.0
   -0.173333    0.717566  0.000000  1.0
   -0.173333    0.719617  0.000000  1.0
   -0.173333    0.721668  0.000000  1.0
   -0.173333    0.723719  0.000000  1.0
   -0.173333    0.725771  0.000000  1.0
   -0.173333    0.727822  0.000000  1.0
   -0.173333    0.729873  0.000000  1.0
   -0.173333    0.731925  0.000000  1.0
   -0.173333    0.733976  0.000000  1.0
   -0.173333    0.736027  0.000000  1.0
   -0.173333    0.738078  0.000000  1.0
   -0.173333    0.740130  0.000000  1.0
   -0.173333    0.742181  0.000000  1.0
   -0.173333    0.744232  0.000000  1.0
   -0.173333    0.746284  0.000000  1.0
   -0.173333    0.748335  0.000000  1.0
   -0.173333    0.750386  0.000000  1.0
   -0.173333    0.752437  0.000000  1.0
   -0.173333    0.754489  0.000000  1.0
   -0.173333    0.756540  0.000000  1.0
   -0.173333    0.758591  0.000000  1.0
   -0.173333    0.760642  0.000000  1.0
   -0.173333    0.762694  0.000000  1.0
   -0.173333    0.764745  0.000000  1.0
   -0.173333    0.766796  0.000000  1.0
   -0.173333    0.768848  0.000000  1.0
   -0.173333    0.770899  0.000000  1.0
   -0.171282    0.690899  0.000000  1.0
   -0.171282    0.692950  0.000000  1.0
   -0.171282    0.695001  0.000000  1.0
   -0.171282    0.697053  0.000000  1.0
   -0.171282    0.699104  0.000000  1.0
   -0.171282    0.701155  0.000000  1.0
   -0.171282    0.703207  0.000000  1.0
   -0.171282    0.705258  0.000000  1.0
   -0.171282    0.707309  0.000000  1.0
   -0.171282    0.709360  0.000000  1.0
   -0.171282    0.711412  0.000000  1.0
   -0.171282    0.713463  0.000000  1.0
   -0.171282    0.715514  0.000000  1.0
   -0.171282    0.717566  0.000000  1.0
   -0.171282    0.719617  0.000000  1.0
   -0.171282    0.721668  0.000000  1.0
   -0.171282    0.723719  0.000000  1.0
   -0.171282    0.725771  0.000000  1.0
   -0.171282    0.727822  0.000000  1.0
   -0.171282    0.729873  0.000000  1.0
   -0.171282    0.731925  0.000000  1.0
   -0.171282    0.733976  0.000000  1.0
   -0.171282    0.736027  0.000000  1.0
   -0.171282    0.738078  0.000000  1.0
   -0.171282    0.740130  0.000000  1.0
   -0.171282    0.742181  0.000000  1.0
   -0.171282    0.744232  0.000000  1.0
   -0.171282    0.746284  0.000000  1.0
   -0.171282    0.748335  0.000000  1.0
   -0.171282    0.750386  0.000000  1.0
   -0.171282    0.752437  0.000000  1.0
   -0.171282    0.754489  0.000000  1.0
   -0.171282    0.756540  0.000000  1.0
   -0.171282    0.758591  0.000000  1.0
   -0.171282    0.760642  0.000000  1.0
   -0.171282    0.762694  0.000000  1.0
   -0.171282    0.764745  0.000000  1.0
   -0.171282    0.766796  0.000000  1.0
   -0.171282    0.768848  0.000000  1.0
   -0.171282    0.770899  0.000000  1.0
   -0.169231    0.690899  0.000000  1.0
   -0.169231    0.692950  0.000000  1.0
   -0.169231    0.695001  0.000000  1.0
   -0.169231    0.697053  0.000000  1.0
   -0.169231    0.699104  0.000000  1.0
   -0.169231    0.701155  0.000000  1.0
   -0.169231    0.703207  0.000000  1.0
   -0.169231    0.705258  0.000000  1.0
   -0.169231    0.707309  0.000000  1.0
   -0.169231    0.709360  0.000000  1.0
   -0.169231    0.711412  0.000000  1.0
   -0.169231    0.713463  0.000000  1.0
   -0.169231    0.715514  0.000000  1.0
   -0.169231    0.717566  0.000000  1.0
   -0.169231    0.719617  0.000000  1.0
   -0.169231    0.721668  0.000000  1.0
   -0.169231    0.723719  0.000000  1.0
   -0.169231    0.725771  0.000000  1.0
   -0.169231    0.727822  0.000000  1.0
   -0.169231    0.729873  0.000000  1.0
   -0.169231    0.731925  0.000000  1.0
   -0.169231    0.733976  0.000000  1.0
   -0.169231    0.736027  0.000000  1.0
   -0.169231    0.738078  0.000000  1.0
   -0.169231    0.740130  0.000000  1.0
   -0.169231    0.742181  0.000000  1.0
   -0.169231    0.744232  0.000000  1.0
   -0.169231    0.746284  0.000000  1.0
   -0.169231    0.748335  0.000000  1.0
   -0.169231    0.750386  0.000000  1.0
   -0.169231    0.752437  0.000000  1.0
   -0.169231    0.754489  0.000000  1.0
   -0.169231    0.756540  0.000000  1.0
   -0.169231    0.758591  0.000000  1.0
   -0.169231    0.760642  0.000000  1.0
   -0.169231    0.762694  0.000000  1.0
   -0.169231    0.764745  0.000000  1.0
   -0.169231    0.766796  0.000000  1.0
   -0.169231    0.768848  0.000000  1.0
   -0.169231    0.770899  0.000000  1.0
   -0.167179    0.690899  0.000000  1.0
   -0.167179    0.692950  0.000000  1.0
   -0.167179    0.695001  0.000000  1.0
   -0.167179    0.697053  0.000000  1.0
   -0.167179    0.699104  0.000000  1.0
   -0.167179    0.701155  0.000000  1.0
   -0.167179    0.703207  0.000000  1.0
   -0.167179    0.705258  0.000000  1.0
   -0.167179    0.707309  0.000000  1.0
   -0.167179    0.709360  0.000000  1.0
   -0.167179    0.711412  0.000000  1.0
   -0.167179    0.713463  0.000000  1.0
   -0.167179    0.715514  0.000000  1.0
   -0.167179    0.717566  0.000000  1.0
   -0.167179    0.719617  0.000000  1.0
   -0.167179    0.721668  0.000000  1.0
   -0.167179    0.723719  0.000000  1.0
   -0.167179    0.725771  0.000000  1.0
   -0.167179    0.727822  0.000000  1.0
   -0.167179    0.729873  0.000000  1.0
   -0.167179    0.731925  0.000000  1.0
   -0.167179    0.733976  0.000000  1.0
   -0.167179    0.736027  0.000000  1.0
   -0.167179    0.738078  0.000000  1.0
   -0.167179    0.740130  0.000000  1.0
   -0.167179    0.742181  0.000000  1.0
   -0.167179    0.744232  0.000000  1.0
   -0.167179    0.746284  0.000000  1.0
   -0.167179    0.748335  0.000000  1.0
   -0.167179    0.750386  0.000000  1.0
   -0.167179    0.752437  0.000000  1.0
   -0.167179    0.754489  0.000000  1.0
   -0.167179    0.756540  0.000000  1.0
   -0.167179    0.758591  0.000000  1.0
   -0.167179    0.760642  0.000000  1.0
   -0.167179    0.762694  0.000000  1.0
   -0.167179    0.764745  0.000000  1.0
   -0.167179    0.766796  0.000000  1.0
   -0.167179    0.768848  0.000000  1.0
   -0.167179    0.770899  0.000000  1.0
   -0.165128    0.690899  0.000000  1.0
   -0.165128    0.692950  0.000000  1.0
   -0.165128    0.695001  0.000000  1.0
   -0.165128    0.697053  0.000000  1.0
   -0.165128    0.699104  0.000000  1.0
   -0.165128    0.701155  0.000000  1.0
   -0.165128    0.703207  0.000000  1.0
   -0.165128    0.705258  0.000000  1.0
   -0.165128    0.707309  0.000000  1.0
   -0.165128    0.709360  0.000000  1.0
   -0.165128    0.711412  0.000000  1.0
   -0.165128    0.713463  0.000000  1.0
   -0.165128    0.715514  0.000000  1.0
   -0.165128    0.717566  0.000000  1.0
   -0.165128    0.719617  0.000000  1.0
   -0.165128    0.721668  0.000000  1.0
   -0.165128    0.723719  0.000000  1.0
   -0.165128    0.725771  0.000000  1.0
   -0.165128    0.727822  0.000000  1.0
   -0.165128    0.729873  0.000000  1.0
   -0.165128    0.731925  0.000000  1.0
   -0.165128    0.733976  0.000000  1.0
   -0.165128    0.736027  0.000000  1.0
   -0.165128    0.738078  0.000000  1.0
   -0.165128    0.740130  0.000000  1.0
   -0.165128    0.742181  0.000000  1.0
   -0.165128    0.744232  0.000000  1.0
   -0.165128    0.746284  0.000000  1.0
   -0.165128    0.748335  0.000000  1.0
   -0.165128    0.750386  0.000000  1.0
   -0.165128    0.752437  0.000000  1.0
   -0.165128    0.754489  0.000000  1.0
   -0.165128    0.756540  0.000000  1.0
   -0.165128    0.758591  0.000000  1.0
   -0.165128    0.760642  0.000000  1.0
   -0.165128    0.762694  0.000000  1.0
   -0.165128    0.764745  0.000000  1.0
   -0.165128    0.766796  0.000000  1.0
   -0.165128    0.768848  0.000000  1.0
   -0.165128    0.770899  0.000000  1.0
   -0.163077    0.690899  0.000000  1.0
   -0.163077    0.692950  0.000000  1.0
   -0.163077    0.695001  0.000000  1.0
   -0.163077    0.697053  0.000000  1.0
   -0.163077    0.699104  0.000000  1.0
   -0.163077    0.701155  0.000000  1.0
   -0.163077    0.703207  0.000000  1.0
   -0.163077    0.705258  0.000000  1.0
   -0.163077    0.707309  0.000000  1.0
   -0.163077    0.709360  0.000000  1.0
   -0.163077    0.711412  0.000000  1.0
   -0.163077    0.713463  0.000000  1.0
   -0.163077    0.715514  0.000000  1.0
   -0.163077    0.717566  0.000000  1.0
   -0.163077    0.719617  0.000000  1.0
   -0.163077    0.721668  0.000000  1.0
   -0.163077    0.723719  0.000000  1.0
   -0.163077    0.725771  0.000000  1.0
   -0.163077    0.727822  0.000000  1.0
   -0.163077    0.729873  0.000000  1.0
   -0.163077    0.731925  0.000000  1.0
   -0.163077    0.733976  0.000000  1.0
   -0.163077    0.736027  0.000000  1.0
   -0.163077    0.738078  0.000000  1.0
   -0.163077    0.740130  0.000000  1.0
   -0.163077    0.742181  0.000000  1.0
   -0.163077    0.744232  0.000000  1.0
   -0.163077    0.746284  0.000000  1.0
   -0.163077    0.748335  0.000000  1.0
   -0.163077    0.750386  0.000000  1.0
   -0.163077    0.752437  0.000000  1.0
   -0.163077    0.754489  0.000000  1.0
   -0.163077    0.756540  0.000000  1.0
   -0.163077    0.758591  0.000000  1.0
   -0.163077    0.760642  0.000000  1.0
   -0.163077    0.762694  0.000000  1.0
   -0.163077    0.764745  0.000000  1.0
   -0.163077    0.766796  0.000000  1.0
   -0.163077    0.768848  0.000000  1.0
   -0.163077    0.770899  0.000000  1.0
   -0.161026    0.690899  0.000000  1.0
   -0.161026    0.692950  0.000000  1.0
   -0.161026    0.695001  0.000000  1.0
   -0.161026    0.697053  0.000000  1.0
   -0.161026    0.699104  0.000000  1.0
   -0.161026    0.701155  0.000000  1.0
   -0.161026    0.703207  0.000000  1.0
   -0.161026    0.705258  0.000000  1.0
   -0.161026    0.707309  0.000000  1.0
   -0.161026    0.709360  0.000000  1.0
   -0.161026    0.711412  0.000000  1.0
   -0.161026    0.713463  0.000000  1.0
   -0.161026    0.715514  0.000000  1.0
   -0.161026    0.717566  0.000000  1.0
   -0.161026    0.719617  0.000000  1.0
   -0.161026    0.721668  0.000000  1.0
   -0.161026    0.723719  0.000000  1.0
   -0.161026    0.725771  0.000000  1.0
   -0.161026    0.727822  0.000000  1.0
   -0.161026    0.729873  0.000000  1.0
   -0.161026    0.731925  0.000000  1.0
   -0.161026    0.733976  0.000000  1.0
   -0.161026    0.736027  0.000000  1.0
   -0.161026    0.738078  0.000000  1.0
   -0.161026    0.740130  0.000000  1.0
   -0.161026    0.742181  0.000000  1.0
   -0.161026    0.744232  0.000000  1.0
   -0.161026    0.746284  0.000000  1.0
   -0.161026    0.748335  0.000000  1.0
   -0.161026    0.750386  0.000000  1.0
   -0.161026    0.752437  0.000000  1.0
   -0.161026    0.754489  0.000000  1.0
   -0.161026    0.756540  0.000000  1.0
   -0.161026    0.758591  0.000000  1.0
   -0.161026    0.760642  0.000000  1.0
   -0.161026    0.762694  0.000000  1.0
   -0.161026    0.764745  0.000000  1.0
   -0.161026    0.766796  0.000000  1.0
   -0.161026    0.768848  0.000000  1.0
   -0.161026    0.770899  0.000000  1.0
   -0.158974    0.690899  0.000000  1.0
   -0.158974    0.692950  0.000000  1.0
   -0.158974    0.695001  0.000000  1.0
   -0.158974    0.697053  0.000000  1.0
   -0.158974    0.699104  0.000000  1.0
   -0.158974    0.701155  0.000000  1.0
   -0.158974    0.703207  0.000000  1.0
   -0.158974    0.705258  0.000000  1.0
   -0.158974    0.707309  0.000000  1.0
   -0.158974    0.709360  0.000000  1.0
   -0.158974    0.711412  0.000000  1.0
   -0.158974    0.713463  0.000000  1.0
   -0.158974    0.715514  0.000000  1.0
   -0.158974    0.717566  0.000000  1.0
   -0.158974    0.719617  0.000000  1.0
   -0.158974    0.721668  0.000000  1.0
   -0.158974    0.723719  0.000000  1.0
   -0.158974    0.725771  0.000000  1.0
   -0.158974    0.727822  0.000000  1.0
   -0.158974    0.729873  0.000000  1.0
   -0.158974    0.731925  0.000000  1.0
   -0.158974    0.733976  0.000000  1.0
   -0.158974    0.736027  0.000000  1.0
   -0.158974    0.738078  0.000000  1.0
   -0.158974    0.740130  0.000000  1.0
   -0.158974    0.742181  0.000000  1.0
   -0.158974    0.744232  0.000000  1.0
   -0.158974    0.746284  0.000000  1.0
   -0.158974    0.748335  0.000000  1.0
   -0.158974    0.750386  0.000000  1.0
   -0.158974    0.752437  0.000000  1.0
   -0.158974    0.754489  0.000000  1.0
   -0.158974    0.756540  0.000000  1.0
   -0.158974    0.758591  0.000000  1.0
   -0.158974    0.760642  0.000000  1.0
   -0.158974    0.762694  0.000000  1.0
   -0.158974    0.764745  0.000000  1.0
   -0.158974    0.766796  0.000000  1.0
   -0.158974    0.768848  0.000000  1.0
   -0.158974    0.770899  0.000000  1.0
   -0.156923    0.690899  0.000000  1.0
   -0.156923    0.692950  0.000000  1.0
   -0.156923    0.695001  0.000000  1.0
   -0.156923    0.697053  0.000000  1.0
   -0.156923    0.699104  0.000000  1.0
   -0.156923    0.701155  0.000000  1.0
   -0.156923    0.703207  0.000000  1.0
   -0.156923    0.705258  0.000000  1.0
   -0.156923    0.707309  0.000000  1.0
   -0.156923    0.709360  0.000000  1.0
   -0.156923    0.711412  0.000000  1.0
   -0.156923    0.713463  0.000000  1.0
   -0.156923    0.715514  0.000000  1.0
   -0.156923    0.717566  0.000000  1.0
   -0.156923    0.719617  0.000000  1.0
   -0.156923    0.721668  0.000000  1.0
   -0.156923    0.723719  0.000000  1.0
   -0.156923    0.725771  0.000000  1.0
   -0.156923    0.727822  0.000000  1.0
   -0.156923    0.729873  0.000000  1.0
   -0.156923    0.731925  0.000000  1.0
   -0.156923    0.733976  0.000000  1.0
   -0.156923    0.736027  0.000000  1.0
   -0.156923    0.738078  0.000000  1.0
   -0.156923    0.740130  0.000000  1.0
   -0.156923    0.742181  0.000000  1.0
   -0.156923    0.744232  0.000000  1.0
   -0.156923    0.746284  0.000000  1.0
   -0.156923    0.748335  0.000000  1.0
   -0.156923    0.750386  0.000000  1.0
   -0.156923    0.752437  0.000000  1.0
   -0.156923    0.754489  0.000000  1.0
   -0.156923    0.756540  0.000000  1.0
   -0.156923    0.758591  0.000000  1.0
   -0.156923    0.760642  0.000000  1.0
   -0.156923    0.762694  0.000000  1.0
   -0.156923    0.764745  0.000000  1.0
   -0.156923    0.766796  0.000000  1.0
   -0.156923    0.768848  0.000000  1.0
   -0.156923    0.770899  0.000000  1.0
   -0.154872    0.690899  0.000000  1.0
   -0.154872    0.692950  0.000000  1.0
   -0.154872    0.695001  0.000000  1.0
   -0.154872    0.697053  0.000000  1.0
   -0.154872    0.699104  0.000000  1.0
   -0.154872    0.701155  0.000000  1.0
   -0.154872    0.703207  0.000000  1.0
   -0.154872    0.705258  0.000000  1.0
   -0.154872    0.707309  0.000000  1.0
   -0.154872    0.709360  0.000000  1.0
   -0.154872    0.711412  0.000000  1.0
   -0.154872    0.713463  0.000000  1.0
   -0.154872    0.715514  0.000000  1.0
   -0.154872    0.717566  0.000000  1.0
   -0.154872    0.719617  0.000000  1.0
   -0.154872    0.721668  0.000000  1.0
   -0.154872    0.723719  0.000000  1.0
   -0.154872    0.725771  0.000000  1.0
   -0.154872    0.727822  0.000000  1.0
   -0.154872    0.729873  0.000000  1.0
   -0.154872    0.731925  0.000000  1.0
   -0.154872    0.733976  0.000000  1.0
   -0.154872    0.736027  0.000000  1.0
   -0.154872    0.738078  0.000000  1.0
   -0.154872    0.740130  0.000000  1.0
   -0.154872    0.742181  0.000000  1.0
   -0.154872    0.744232  0.000000  1.0
   -0.154872    0.746284  0.000000  1.0
   -0.154872    0.748335  0.000000  1.0
   -0.154872    0.750386  0.000000  1.0
   -0.154872    0.752437  0.000000  1.0
   -0.154872    0.754489  0.000000  1.0
   -0.154872    0.756540  0.000000  1.0
   -0.154872    0.758591  0.000000  1.0
   -0.154872    0.760642  0.000000  1.0
   -0.154872    0.762694  0.000000  1.0
   -0.154872    0.764745  0.000000  1.0
   -0.154872    0.766796  0.000000  1.0
   -0.154872    0.768848  0.000000  1.0
   -0.154872    0.770899  0.000000  1.0
   -0.152821    0.690899  0.000000  1.0
   -0.152821    0.692950  0.000000  1.0
   -0.152821    0.695001  0.000000  1.0
   -0.152821    0.697053  0.000000  1.0
   -0.152821    0.699104  0.000000  1.0
   -0.152821    0.701155  0.000000  1.0
   -0.152821    0.703207  0.000000  1.0
   -0.152821    0.705258  0.000000  1.0
   -0.152821    0.707309  0.000000  1.0
   -0.152821    0.709360  0.000000  1.0
   -0.152821    0.711412  0.000000  1.0
   -0.152821    0.713463  0.000000  1.0
   -0.152821    0.715514  0.000000  1.0
   -0.152821    0.717566  0.000000  1.0
   -0.152821    0.719617  0.000000  1.0
   -0.152821    0.721668  0.000000  1.0
   -0.152821    0.723719  0.000000  1.0
   -0.152821    0.725771  0.000000  1.0
   -0.152821    0.727822  0.000000  1.0
   -0.152821    0.729873  0.000000  1.0
   -0.152821    0.731925  0.000000  1.0
   -0.152821    0.733976  0.000000  1.0
   -0.152821    0.736027  0.000000  1.0
   -0.152821    0.738078  0.000000  1.0
   -0.152821    0.740130  0.000000  1.0
   -0.152821    0.742181  0.000000  1.0
   -0.152821    0.744232  0.000000  1.0
   -0.152821    0.746284  0.000000  1.0
   -0.152821    0.748335  0.000000  1.0
   -0.152821    0.750386  0.000000  1.0
   -0.152821    0.752437  0.000000  1.0
   -0.152821    0.754489  0.000000  1.0
   -0.152821    0.756540  0.000000  1.0
   -0.152821    0.758591  0.000000  1.0
   -0.152821    0.760642  0.000000  1.0
   -0.152821    0.762694  0.000000  1.0
   -0.152821    0.764745  0.000000  1.0
   -0.152821    0.766796  0.000000  1.0
   -0.152821    0.768848  0.000000  1.0
   -0.152821    0.770899  0.000000  1.0
   -0.150769    0.690899  0.000000  1.0
   -0.150769    0.692950  0.000000  1.0
   -0.150769    0.695001  0.000000  1.0
   -0.150769    0.697053  0.000000  1.0
   -0.150769    0.699104  0.000000  1.0
   -0.150769    0.701155  0.000000  1.0
   -0.150769    0.703207  0.000000  1.0
   -0.150769    0.705258  0.000000  1.0
   -0.150769    0.707309  0.000000  1.0
   -0.150769    0.709360  0.000000  1.0
   -0.150769    0.711412  0.000000  1.0
   -0.150769    0.713463  0.000000  1.0
   -0.150769    0.715514  0.000000  1.0
   -0.150769    0.717566  0.000000  1.0
   -0.150769    0.719617  0.000000  1.0
   -0.150769    0.721668  0.000000  1.0
   -0.150769    0.723719  0.000000  1.0
   -0.150769    0.725771  0.000000  1.0
   -0.150769    0.727822  0.000000  1.0
   -0.150769    0.729873  0.000000  1.0
   -0.150769    0.731925  0.000000  1.0
   -0.150769    0.733976  0.000000  1.0
   -0.150769    0.736027  0.000000  1.0
   -0.150769    0.738078  0.000000  1.0
   -0.150769    0.740130  0.000000  1.0
   -0.150769    0.742181  0.000000  1.0
   -0.150769    0.744232  0.000000  1.0
   -0.150769    0.746284  0.000000  1.0
   -0.150769    0.748335  0.000000  1.0
   -0.150769    0.750386  0.000000  1.0
   -0.150769    0.752437  0.000000  1.0
   -0.150769    0.754489  0.000000  1.0
   -0.150769    0.756540  0.000000  1.0
   -0.150769    0.758591  0.000000  1.0
   -0.150769    0.760642  0.000000  1.0
   -0.150769    0.762694  0.000000  1.0
   -0.150769    0.764745  0.000000  1.0
   -0.150769    0.766796  0.000000  1.0
   -0.150769    0.768848  0.000000  1.0
   -0.150769    0.770899  0.000000  1.0
   -0.148718    0.690899  0.000000  1.0
   -0.148718    0.692950  0.000000  1.0
   -0.148718    0.695001  0.000000  1.0
   -0.148718    0.697053  0.000000  1.0
   -0.148718    0.699104  0.000000  1.0
   -0.148718    0.701155  0.000000  1.0
   -0.148718    0.703207  0.000000  1.0
   -0.148718    0.705258  0.000000  1.0
   -0.148718    0.707309  0.000000  1.0
   -0.148718    0.709360  0.000000  1.0
   -0.148718    0.711412  0.000000  1.0
   -0.148718    0.713463  0.000000  1.0
   -0.148718    0.715514  0.000000  1.0
   -0.148718    0.717566  0.000000  1.0
   -0.148718    0.719617  0.000000  1.0
   -0.148718    0.721668  0.000000  1.0
   -0.148718    0.723719  0.000000  1.0
   -0.148718    0.725771  0.000000  1.0
   -0.148718    0.727822  0.000000  1.0
   -0.148718    0.729873  0.000000  1.0
   -0.148718    0.731925  0.000000  1.0
   -0.148718    0.733976  0.000000  1.0
   -0.148718    0.736027  0.000000  1.0
   -0.148718    0.738078  0.000000  1.0
   -0.148718    0.740130  0.000000  1.0
   -0.148718    0.742181  0.000000  1.0
   -0.148718    0.744232  0.000000  1.0
   -0.148718    0.746284  0.000000  1.0
   -0.148718    0.748335  0.000000  1.0
   -0.148718    0.750386  0.000000  1.0
   -0.148718    0.752437  0.000000  1.0
   -0.148718    0.754489  0.000000  1.0
   -0.148718    0.756540  0.000000  1.0
   -0.148718    0.758591  0.000000  1.0
   -0.148718    0.760642  0.000000  1.0
   -0.148718    0.762694  0.000000  1.0
   -0.148718    0.764745  0.000000  1.0
   -0.148718    0.766796  0.000000  1.0
   -0.148718    0.768848  0.000000  1.0
   -0.148718    0.770899  0.000000  1.0
   -0.146667    0.690899  0.000000  1.0
   -0.146667    0.692950  0.000000  1.0
   -0.146667    0.695001  0.000000  1.0
   -0.146667    0.697053  0.000000  1.0
   -0.146667    0.699104  0.000000  1.0
   -0.146667    0.701155  0.000000  1.0
   -0.146667    0.703207  0.000000  1.0
   -0.146667    0.705258  0.000000  1.0
   -0.146667    0.707309  0.000000  1.0
   -0.146667    0.709360  0.000000  1.0
   -0.146667    0.711412  0.000000  1.0
   -0.146667    0.713463  0.000000  1.0
   -0.146667    0.715514  0.000000  1.0
   -0.146667    0.717566  0.000000  1.0
   -0.146667    0.719617  0.000000  1.0
   -0.146667    0.721668  0.000000  1.0
   -0.146667    0.723719  0.000000  1.0
   -0.146667    0.725771  0.000000  1.0
   -0.146667    0.727822  0.000000  1.0
   -0.146667    0.729873  0.000000  1.0
   -0.146667    0.731925  0.000000  1.0
   -0.146667    0.733976  0.000000  1.0
   -0.146667    0.736027  0.000000  1.0
   -0.146667    0.738078  0.000000  1.0
   -0.146667    0.740130  0.000000  1.0
   -0.146667    0.742181  0.000000  1.0
   -0.146667    0.744232  0.000000  1.0
   -0.146667    0.746284  0.000000  1.0
   -0.146667    0.748335  0.000000  1.0
   -0.146667    0.750386  0.000000  1.0
   -0.146667    0.752437  0.000000  1.0
   -0.146667    0.754489  0.000000  1.0
   -0.146667    0.756540  0.000000  1.0
   -0.146667    0.758591  0.000000  1.0
   -0.146667    0.760642  0.000000  1.0
   -0.146667    0.762694  0.000000  1.0
   -0.146667    0.764745  0.000000  1.0
   -0.146667    0.766796  0.000000  1.0
   -0.146667    0.768848  0.000000  1.0
   -0.146667    0.770899  0.000000  1.0
   -0.144615    0.690899  0.000000  1.0
   -0.144615    0.692950  0.000000  1.0
   -0.144615    0.695001  0.000000  1.0
   -0.144615    0.697053  0.000000  1.0
   -0.144615    0.699104  0.000000  1.0
   -0.144615    0.701155  0.000000  1.0
   -0.144615    0.703207  0.000000  1.0
   -0.144615    0.705258  0.000000  1.0
   -0.144615    0.707309  0.000000  1.0
   -0.144615    0.709360  0.000000  1.0
   -0.144615    0.711412  0.000000  1.0
   -0.144615    0.713463  0.000000  1.0
   -0.144615    0.715514  0.000000  1.0
   -0.144615    0.717566  0.000000  1.0
   -0.144615    0.719617  0.000000  1.0
   -0.144615    0.721668  0.000000  1.0
   -0.144615    0.723719  0.000000  1.0
   -0.144615    0.725771  0.000000  1.0
   -0.144615    0.727822  0.000000  1.0
   -0.144615    0.729873  0.000000  1.0
   -0.144615    0.731925  0.000000  1.0
   -0.144615    0.733976  0.000000  1.0
   -0.144615    0.736027  0.000000  1.0
   -0.144615    0.738078  0.000000  1.0
   -0.144615    0.740130  0.000000  1.0
   -0.144615    0.742181  0.000000  1.0
   -0.144615    0.744232  0.000000  1.0
   -0.144615    0.746284  0.000000  1.0
   -0.144615    0.748335  0.000000  1.0
   -0.144615    0.750386  0.000000  1.0
   -0.144615    0.752437  0.000000  1.0
   -0.144615    0.754489  0.000000  1.0
   -0.144615    0.756540  0.000000  1.0
   -0.144615    0.758591  0.000000  1.0
   -0.144615    0.760642  0.000000  1.0
   -0.144615    0.762694  0.000000  1.0
   -0.144615    0.764745  0.000000  1.0
   -0.144615    0.766796  0.000000  1.0
   -0.144615    0.768848  0.000000  1.0
   -0.144615    0.770899  0.000000  1.0
   -0.142564    0.690899  0.000000  1.0
   -0.142564    0.692950  0.000000  1.0
   -0.142564    0.695001  0.000000  1.0
   -0.142564    0.697053  0.000000  1.0
   -0.142564    0.699104  0.000000  1.0
   -0.142564    0.701155  0.000000  1.0
   -0.142564    0.703207  0.000000  1.0
   -0.142564    0.705258  0.000000  1.0
   -0.142564    0.707309  0.000000  1.0
   -0.142564    0.709360  0.000000  1.0
   -0.142564    0.711412  0.000000  1.0
   -0.142564    0.713463  0.000000  1.0
   -0.142564    0.715514  0.000000  1.0
   -0.142564    0.717566  0.000000  1.0
   -0.142564    0.719617  0.000000  1.0
   -0.142564    0.721668  0.000000  1.0
   -0.142564    0.723719  0.000000  1.0
   -0.142564    0.725771  0.000000  1.0
   -0.142564    0.727822  0.000000  1.0
   -0.142564    0.729873  0.000000  1.0
   -0.142564    0.731925  0.000000  1.0
   -0.142564    0.733976  0.000000  1.0
   -0.142564    0.736027  0.000000  1.0
   -0.142564    0.738078  0.000000  1.0
   -0.142564    0.740130  0.000000  1.0
   -0.142564    0.742181  0.000000  1.0
   -0.142564    0.744232  0.000000  1.0
   -0.142564    0.746284  0.000000  1.0
   -0.142564    0.748335  0.000000  1.0
   -0.142564    0.750386  0.000000  1.0
   -0.142564    0.752437  0.000000  1.0
   -0.142564    0.754489  0.000000  1.0
   -0.142564    0.756540  0.000000  1.0
   -0.142564    0.758591  0.000000  1.0
   -0.142564    0.760642  0.000000  1.0
   -0.142564    0.762694  0.000000  1.0
   -0.142564    0.764745  0.000000  1.0
   -0.142564    0.766796  0.000000  1.0
   -0.142564    0.768848  0.000000  1.0
   -0.142564    0.770899  0.000000  1.0
   -0.140513    0.690899  0.000000  1.0
   -0.140513    0.692950  0.000000  1.0
   -0.140513    0.695001  0.000000  1.0
   -0.140513    0.697053  0.000000  1.0
   -0.140513    0.699104  0.000000  1.0
   -0.140513    0.701155  0.000000  1.0
   -0.140513    0.703207  0.000000  1.0
   -0.140513    0.705258  0.000000  1.0
   -0.140513    0.707309  0.000000  1.0
   -0.140513    0.709360  0.000000  1.0
   -0.140513    0.711412  0.000000  1.0
   -0.140513    0.713463  0.000000  1.0
   -0.140513    0.715514  0.000000  1.0
   -0.140513    0.717566  0.000000  1.0
   -0.140513    0.719617  0.000000  1.0
   -0.140513    0.721668  0.000000  1.0
   -0.140513    0.723719  0.000000  1.0
   -0.140513    0.725771  0.000000  1.0
   -0.140513    0.727822  0.000000  1.0
   -0.140513    0.729873  0.000000  1.0
   -0.140513    0.731925  0.000000  1.0
   -0.140513    0.733976  0.000000  1.0
   -0.140513    0.736027  0.000000  1.0
   -0.140513    0.738078  0.000000  1.0
   -0.140513    0.740130  0.000000  1.0
   -0.140513    0.742181  0.000000  1.0
   -0.140513    0.744232  0.000000  1.0
   -0.140513    0.746284  0.000000  1.0
   -0.140513    0.748335  0.000000  1.0
   -0.140513    0.750386  0.000000  1.0
   -0.140513    0.752437  0.000000  1.0
   -0.140513    0.754489  0.000000  1.0
   -0.140513    0.756540  0.000000  1.0
   -0.140513    0.758591  0.000000  1.0
   -0.140513    0.760642  0.000000  1.0
   -0.140513    0.762694  0.000000  1.0
   -0.140513    0.764745  0.000000  1.0
   -0.140513    0.766796  0.000000  1.0
   -0.140513    0.768848  0.000000  1.0
   -0.140513    0.770899  0.000000  1.0
   -0.138462    0.690899  0.000000  1.0
   -0.138462    0.692950  0.000000  1.0
   -0.138462    0.695001  0.000000  1.0
   -0.138462    0.697053  0.000000  1.0
   -0.138462    0.699104  0.000000  1.0
   -0.138462    0.701155  0.000000  1.0
   -0.138462    0.703207  0.000000  1.0
   -0.138462    0.705258  0.000000  1.0
   -0.138462    0.707309  0.000000  1.0
   -0.138462    0.709360  0.000000  1.0
   -0.138462    0.711412  0.000000  1.0
   -0.138462    0.713463  0.000000  1.0
   -0.138462    0.715514  0.000000  1.0
   -0.138462    0.717566  0.000000  1.0
   -0.138462    0.719617  0.000000  1.0
   -0.138462    0.721668  0.000000  1.0
   -0.138462    0.723719  0.000000  1.0
   -0.138462    0.725771  0.000000  1.0
   -0.138462    0.727822  0.000000  1.0
   -0.138462    0.729873  0.000000  1.0
   -0.138462    0.731925  0.000000  1.0
   -0.138462    0.733976  0.000000  1.0
   -0.138462    0.736027  0.000000  1.0
   -0.138462    0.738078  0.000000  1.0
   -0.138462    0.740130  0.000000  1.0
   -0.138462    0.742181  0.000000  1.0
   -0.138462    0.744232  0.000000  1.0
   -0.138462    0.746284  0.000000  1.0
   -0.138462    0.748335  0.000000  1.0
   -0.138462    0.750386  0.000000  1.0
   -0.138462    0.752437  0.000000  1.0
   -0.138462    0.754489  0.000000  1.0
   -0.138462    0.756540  0.000000  1.0
   -0.138462    0.758591  0.000000  1.0
   -0.138462    0.760642  0.000000  1.0
   -0.138462    0.762694  0.000000  1.0
   -0.138462    0.764745  0.000000  1.0
   -0.138462    0.766796  0.000000  1.0
   -0.138462    0.768848  0.000000  1.0
   -0.138462    0.770899  0.000000  1.0
   -0.136410    0.690899  0.000000  1.0
   -0.136410    0.692950  0.000000  1.0
   -0.136410    0.695001  0.000000  1.0
   -0.136410    0.697053  0.000000  1.0
   -0.136410    0.699104  0.000000  1.0
   -0.136410    0.701155  0.000000  1.0
   -0.136410    0.703207  0.000000  1.0
   -0.136410    0.705258  0.000000  1.0
   -0.136410    0.707309  0.000000  1.0
   -0.136410    0.709360  0.000000  1.0
   -0.136410    0.711412  0.000000  1.0
   -0.136410    0.713463  0.000000  1.0
   -0.136410    0.715514  0.000000  1.0
   -0.136410    0.717566  0.000000  1.0
   -0.136410    0.719617  0.000000  1.0
   -0.136410    0.721668  0.000000  1.0
   -0.136410    0.723719  0.000000  1.0
   -0.136410    0.725771  0.000000  1.0
   -0.136410    0.727822  0.000000  1.0
   -0.136410    0.729873  0.000000  1.0
   -0.136410    0.731925  0.000000  1.0
   -0.136410    0.733976  0.000000  1.0
   -0.136410    0.736027  0.000000  1.0
   -0.136410    0.738078  0.000000  1.0
   -0.136410    0.740130  0.000000  1.0
   -0.136410    0.742181  0.000000  1.0
   -0.136410    0.744232  0.000000  1.0
   -0.136410    0.746284  0.000000  1.0
   -0.136410    0.748335  0.000000  1.0
   -0.136410    0.750386  0.000000  1.0
   -0.136410    0.752437  0.000000  1.0
   -0.136410    0.754489  0.000000  1.0
   -0.136410    0.756540  0.000000  1.0
   -0.136410    0.758591  0.000000  1.0
   -0.136410    0.760642  0.000000  1.0
   -0.136410    0.762694  0.000000  1.0
   -0.136410    0.764745  0.000000  1.0
   -0.136410    0.766796  0.000000  1.0
   -0.136410    0.768848  0.000000  1.0
   -0.136410    0.770899  0.000000  1.0
   -0.134359    0.690899  0.000000  1.0
   -0.134359    0.692950  0.000000  1.0
   -0.134359    0.695001  0.000000  1.0
   -0.134359    0.697053  0.000000  1.0
   -0.134359    0.699104  0.000000  1.0
   -0.134359    0.701155  0.000000  1.0
   -0.134359    0.703207  0.000000  1.0
   -0.134359    0.705258  0.000000  1.0
   -0.134359    0.707309  0.000000  1.0
   -0.134359    0.709360  0.000000  1.0
   -0.134359    0.711412  0.000000  1.0
   -0.134359    0.713463  0.000000  1.0
   -0.134359    0.715514  0.000000  1.0
   -0.134359    0.717566  0.000000  1.0
   -0.134359    0.719617  0.000000  1.0
   -0.134359    0.721668  0.000000  1.0
   -0.134359    0.723719  0.000000  1.0
   -0.134359    0.725771  0.000000  1.0
   -0.134359    0.727822  0.000000  1.0
   -0.134359    0.729873  0.000000  1.0
   -0.134359    0.731925  0.000000  1.0
   -0.134359    0.733976  0.000000  1.0
   -0.134359    0.736027  0.000000  1.0
   -0.134359    0.738078  0.000000  1.0
   -0.134359    0.740130  0.000000  1.0
   -0.134359    0.742181  0.000000  1.0
   -0.134359    0.744232  0.000000  1.0
   -0.134359    0.746284  0.000000  1.0
   -0.134359    0.748335  0.000000  1.0
   -0.134359    0.750386  0.000000  1.0
   -0.134359    0.752437  0.000000  1.0
   -0.134359    0.754489  0.000000  1.0
   -0.134359    0.756540  0.000000  1.0
   -0.134359    0.758591  0.000000  1.0
   -0.134359    0.760642  0.000000  1.0
   -0.134359    0.762694  0.000000  1.0
   -0.134359    0.764745  0.000000  1.0
   -0.134359    0.766796  0.000000  1.0
   -0.134359    0.768848  0.000000  1.0
   -0.134359    0.770899  0.000000  1.0
   -0.132308    0.690899  0.000000  1.0
   -0.132308    0.692950  0.000000  1.0
   -0.132308    0.695001  0.000000  1.0
   -0.132308    0.697053  0.000000  1.0
   -0.132308    0.699104  0.000000  1.0
   -0.132308    0.701155  0.000000  1.0
   -0.132308    0.703207  0.000000  1.0
   -0.132308    0.705258  0.000000  1.0
   -0.132308    0.707309  0.000000  1.0
   -0.132308    0.709360  0.000000  1.0
   -0.132308    0.711412  0.000000  1.0
   -0.132308    0.713463  0.000000  1.0
   -0.132308    0.715514  0.000000  1.0
   -0.132308    0.717566  0.000000  1.0
   -0.132308    0.719617  0.000000  1.0
   -0.132308    0.721668  0.000000  1.0
   -0.132308    0.723719  0.000000  1.0
   -0.132308    0.725771  0.000000  1.0
   -0.132308    0.727822  0.000000  1.0
   -0.132308    0.729873  0.000000  1.0
   -0.132308    0.731925  0.000000  1.0
   -0.132308    0.733976  0.000000  1.0
   -0.132308    0.736027  0.000000  1.0
   -0.132308    0.738078  0.000000  1.0
   -0.132308    0.740130  0.000000  1.0
   -0.132308    0.742181  0.000000  1.0
   -0.132308    0.744232  0.000000  1.0
   -0.132308    0.746284  0.000000  1.0
   -0.132308    0.748335  0.000000  1.0
   -0.132308    0.750386  0.000000  1.0
   -0.132308    0.752437  0.000000  1.0
   -0.132308    0.754489  0.000000  1.0
   -0.132308    0.756540  0.000000  1.0
   -0.132308    0.758591  0.000000  1.0
   -0.132308    0.760642  0.000000  1.0
   -0.132308    0.762694  0.000000  1.0
   -0.132308    0.764745  0.000000  1.0
   -0.132308    0.766796  0.000000  1.0
   -0.132308    0.768848  0.000000  1.0
   -0.132308    0.770899  0.000000  1.0
   -0.130256    0.690899  0.000000  1.0
   -0.130256    0.692950  0.000000  1.0
   -0.130256    0.695001  0.000000  1.0
   -0.130256    0.697053  0.000000  1.0
   -0.130256    0.699104  0.000000  1.0
   -0.130256    0.701155  0.000000  1.0
   -0.130256    0.703207  0.000000  1.0
   -0.130256    0.705258  0.000000  1.0
   -0.130256    0.707309  0.000000  1.0
   -0.130256    0.709360  0.000000  1.0
   -0.130256    0.711412  0.000000  1.0
   -0.130256    0.713463  0.000000  1.0
   -0.130256    0.715514  0.000000  1.0
   -0.130256    0.717566  0.000000  1.0
   -0.130256    0.719617  0.000000  1.0
   -0.130256    0.721668  0.000000  1.0
   -0.130256    0.723719  0.000000  1.0
   -0.130256    0.725771  0.000000  1.0
   -0.130256    0.727822  0.000000  1.0
   -0.130256    0.729873  0.000000  1.0
   -0.130256    0.731925  0.000000  1.0
   -0.130256    0.733976  0.000000  1.0
   -0.130256    0.736027  0.000000  1.0
   -0.130256    0.738078  0.000000  1.0
   -0.130256    0.740130  0.000000  1.0
   -0.130256    0.742181  0.000000  1.0
   -0.130256    0.744232  0.000000  1.0
   -0.130256    0.746284  0.000000  1.0
   -0.130256    0.748335  0.000000  1.0
   -0.130256    0.750386  0.000000  1.0
   -0.130256    0.752437  0.000000  1.0
   -0.130256    0.754489  0.000000  1.0
   -0.130256    0.756540  0.000000  1.0
   -0.130256    0.758591  0.000000  1.0
   -0.130256    0.760642  0.000000  1.0
   -0.130256    0.762694  0.000000  1.0
   -0.130256    0.764745  0.000000  1.0
   -0.130256    0.766796  0.000000  1.0
   -0.130256    0.768848  0.000000  1.0
   -0.130256    0.770899  0.000000  1.0
   -0.128205    0.690899  0.000000  1.0
   -0.128205    0.692950  0.000000  1.0
   -0.128205    0.695001  0.000000  1.0
   -0.128205    0.697053  0.000000  1.0
   -0.128205    0.699104  0.000000  1.0
   -0.128205    0.701155  0.000000  1.0
   -0.128205    0.703207  0.000000  1.0
   -0.128205    0.705258  0.000000  1.0
   -0.128205    0.707309  0.000000  1.0
   -0.128205    0.709360  0.000000  1.0
   -0.128205    0.711412  0.000000  1.0
   -0.128205    0.713463  0.000000  1.0
   -0.128205    0.715514  0.000000  1.0
   -0.128205    0.717566  0.000000  1.0
   -0.128205    0.719617  0.000000  1.0
   -0.128205    0.721668  0.000000  1.0
   -0.128205    0.723719  0.000000  1.0
   -0.128205    0.725771  0.000000  1.0
   -0.128205    0.727822  0.000000  1.0
   -0.128205    0.729873  0.000000  1.0
   -0.128205    0.731925  0.000000  1.0
   -0.128205    0.733976  0.000000  1.0
   -0.128205    0.736027  0.000000  1.0
   -0.128205    0.738078  0.000000  1.0
   -0.128205    0.740130  0.000000  1.0
   -0.128205    0.742181  0.000000  1.0
   -0.128205    0.744232  0.000000  1.0
   -0.128205    0.746284  0.000000  1.0
   -0.128205    0.748335  0.000000  1.0
   -0.128205    0.750386  0.000000  1.0
   -0.128205    0.752437  0.000000  1.0
   -0.128205    0.754489  0.000000  1.0
   -0.128205    0.756540  0.000000  1.0
   -0.128205    0.758591  0.000000  1.0
   -0.128205    0.760642  0.000000  1.0
   -0.128205    0.762694  0.000000  1.0
   -0.128205    0.764745  0.000000  1.0
   -0.128205    0.766796  0.000000  1.0
   -0.128205    0.768848  0.000000  1.0
   -0.128205    0.770899  0.000000  1.0
   -0.126154    0.690899  0.000000  1.0
   -0.126154    0.692950  0.000000  1.0
   -0.126154    0.695001  0.000000  1.0
   -0.126154    0.697053  0.000000  1.0
   -0.126154    0.699104  0.000000  1.0
   -0.126154    0.701155  0.000000  1.0
   -0.126154    0.703207  0.000000  1.0
   -0.126154    0.705258  0.000000  1.0
   -0.126154    0.707309  0.000000  1.0
   -0.126154    0.709360  0.000000  1.0
   -0.126154    0.711412  0.000000  1.0
   -0.126154    0.713463  0.000000  1.0
   -0.126154    0.715514  0.000000  1.0
   -0.126154    0.717566  0.000000  1.0
   -0.126154    0.719617  0.000000  1.0
   -0.126154    0.721668  0.000000  1.0
   -0.126154    0.723719  0.000000  1.0
   -0.126154    0.725771  0.000000  1.0
   -0.126154    0.727822  0.000000  1.0
   -0.126154    0.729873  0.000000  1.0
   -0.126154    0.731925  0.000000  1.0
   -0.126154    0.733976  0.000000  1.0
   -0.126154    0.736027  0.000000  1.0
   -0.126154    0.738078  0.000000  1.0
   -0.126154    0.740130  0.000000  1.0
   -0.126154    0.742181  0.000000  1.0
   -0.126154    0.744232  0.000000  1.0
   -0.126154    0.746284  0.000000  1.0
   -0.126154    0.748335  0.000000  1.0
   -0.126154    0.750386  0.000000  1.0
   -0.126154    0.752437  0.000000  1.0
   -0.126154    0.754489  0.000000  1.0
   -0.126154    0.756540  0.000000  1.0
   -0.126154    0.758591  0.000000  1.0
   -0.126154    0.760642  0.000000  1.0
   -0.126154    0.762694  0.000000  1.0
   -0.126154    0.764745  0.000000  1.0
   -0.126154    0.766796  0.000000  1.0
   -0.126154    0.768848  0.000000  1.0
   -0.126154    0.770899  0.000000  1.0
   -0.124103    0.690899  0.000000  1.0
   -0.124103    0.692950  0.000000  1.0
   -0.124103    0.695001  0.000000  1.0
   -0.124103    0.697053  0.000000  1.0
   -0.124103    0.699104  0.000000  1.0
   -0.124103    0.701155  0.000000  1.0
   -0.124103    0.703207  0.000000  1.0
   -0.124103    0.705258  0.000000  1.0
   -0.124103    0.707309  0.000000  1.0
   -0.124103    0.709360  0.000000  1.0
   -0.124103    0.711412  0.000000  1.0
   -0.124103    0.713463  0.000000  1.0
   -0.124103    0.715514  0.000000  1.0
   -0.124103    0.717566  0.000000  1.0
   -0.124103    0.719617  0.000000  1.0
   -0.124103    0.721668  0.000000  1.0
   -0.124103    0.723719  0.000000  1.0
   -0.124103    0.725771  0.000000  1.0
   -0.124103    0.727822  0.000000  1.0
   -0.124103    0.729873  0.000000  1.0
   -0.124103    0.731925  0.000000  1.0
   -0.124103    0.733976  0.000000  1.0
   -0.124103    0.736027  0.000000  1.0
   -0.124103    0.738078  0.000000  1.0
   -0.124103    0.740130  0.000000  1.0
   -0.124103    0.742181  0.000000  1.0
   -0.124103    0.744232  0.000000  1.0
   -0.124103    0.746284  0.000000  1.0
   -0.124103    0.748335  0.000000  1.0
   -0.124103    0.750386  0.000000  1.0
   -0.124103    0.752437  0.000000  1.0
   -0.124103    0.754489  0.000000  1.0
   -0.124103    0.756540  0.000000  1.0
   -0.124103    0.758591  0.000000  1.0
   -0.124103    0.760642  0.000000  1.0
   -0.124103    0.762694  0.000000  1.0
   -0.124103    0.764745  0.000000  1.0
   -0.124103    0.766796  0.000000  1.0
   -0.124103    0.768848  0.000000  1.0
   -0.124103    0.770899  0.000000  1.0
   -0.122051    0.690899  0.000000  1.0
   -0.122051    0.692950  0.000000  1.0
   -0.122051    0.695001  0.000000  1.0
   -0.122051    0.697053  0.000000  1.0
   -0.122051    0.699104  0.000000  1.0
   -0.122051    0.701155  0.000000  1.0
   -0.122051    0.703207  0.000000  1.0
   -0.122051    0.705258  0.000000  1.0
   -0.122051    0.707309  0.000000  1.0
   -0.122051    0.709360  0.000000  1.0
   -0.122051    0.711412  0.000000  1.0
   -0.122051    0.713463  0.000000  1.0
   -0.122051    0.715514  0.000000  1.0
   -0.122051    0.717566  0.000000  1.0
   -0.122051    0.719617  0.000000  1.0
   -0.122051    0.721668  0.000000  1.0
   -0.122051    0.723719  0.000000  1.0
   -0.122051    0.725771  0.000000  1.0
   -0.122051    0.727822  0.000000  1.0
   -0.122051    0.729873  0.000000  1.0
   -0.122051    0.731925  0.000000  1.0
   -0.122051    0.733976  0.000000  1.0
   -0.122051    0.736027  0.000000  1.0
   -0.122051    0.738078  0.000000  1.0
   -0.122051    0.740130  0.000000  1.0
   -0.122051    0.742181  0.000000  1.0
   -0.122051    0.744232  0.000000  1.0
   -0.122051    0.746284  0.000000  1.0
   -0.122051    0.748335  0.000000  1.0
   -0.122051    0.750386  0.000000  1.0
   -0.122051    0.752437  0.000000  1.0
   -0.122051    0.754489  0.000000  1.0
   -0.122051    0.756540  0.000000  1.0
   -0.122051    0.758591  0.000000  1.0
   -0.122051    0.760642  0.000000  1.0
   -0.122051    0.762694  0.000000  1.0
   -0.122051    0.764745  0.000000  1.0
   -0.122051    0.766796  0.000000  1.0
   -0.122051    0.768848  0.000000  1.0
   -0.122051    0.770899  0.000000  1.0
   -0.120000    0.690899  0.000000  1.0
   -0.120000    0.692950  0.000000  1.0
   -0.120000    0.695001  0.000000  1.0
   -0.120000    0.697053  0.000000  1.0
   -0.120000    0.699104  0.000000  1.0
   -0.120000    0.701155  0.000000  1.0
   -0.120000    0.703207  0.000000  1.0
   -0.120000    0.705258  0.000000  1.0
   -0.120000    0.707309  0.000000  1.0
   -0.120000    0.709360  0.000000  1.0
   -0.120000    0.711412  0.000000  1.0
   -0.120000    0.713463  0.000000  1.0
   -0.120000    0.715514  0.000000  1.0
   -0.120000    0.717566  0.000000  1.0
   -0.120000    0.719617  0.000000  1.0
   -0.120000    0.721668  0.000000  1.0
   -0.120000    0.723719  0.000000  1.0
   -0.120000    0.725771  0.000000  1.0
   -0.120000    0.727822  0.000000  1.0
   -0.120000    0.729873  0.000000  1.0
   -0.120000    0.731925  0.000000  1.0
   -0.120000    0.733976  0.000000  1.0
   -0.120000    0.736027  0.000000  1.0
   -0.120000    0.738078  0.000000  1.0
   -0.120000    0.740130  0.000000  1.0
   -0.120000    0.742181  0.000000  1.0
   -0.120000    0.744232  0.000000  1.0
   -0.120000    0.746284  0.000000  1.0
   -0.120000    0.748335  0.000000  1.0
   -0.120000    0.750386  0.000000  1.0
   -0.120000    0.752437  0.000000  1.0
   -0.120000    0.754489  0.000000  1.0
   -0.120000    0.756540  0.000000  1.0
   -0.120000    0.758591  0.000000  1.0
   -0.120000    0.760642  0.000000  1.0
   -0.120000    0.762694  0.000000  1.0
   -0.120000    0.764745  0.000000  1.0
   -0.120000    0.766796  0.000000  1.0
   -0.120000    0.768848  0.000000  1.0
   -0.120000    0.770899  0.000000  1.0
   -0.117949    0.690899  0.000000  1.0
   -0.117949    0.692950  0.000000  1.0
   -0.117949    0.695001  0.000000  1.0
   -0.117949    0.697053  0.000000  1.0
   -0.117949    0.699104  0.000000  1.0
   -0.117949    0.701155  0.000000  1.0
   -0.117949    0.703207  0.000000  1.0
   -0.117949    0.705258  0.000000  1.0
   -0.117949    0.707309  0.000000  1.0
   -0.117949    0.709360  0.000000  1.0
   -0.117949    0.711412  0.000000  1.0
   -0.117949    0.713463  0.000000  1.0
   -0.117949    0.715514  0.000000  1.0
   -0.117949    0.717566  0.000000  1.0
   -0.117949    0.719617  0.000000  1.0
   -0.117949    0.721668  0.000000  1.0
   -0.117949    0.723719  0.000000  1.0
   -0.117949    0.725771  0.000000  1.0
   -0.117949    0.727822  0.000000  1.0
   -0.117949    0.729873  0.000000  1.0
   -0.117949    0.731925  0.000000  1.0
   -0.117949    0.733976  0.000000  1.0
   -0.117949    0.736027  0.000000  1.0
   -0.117949    0.738078  0.000000  1.0
   -0.117949    0.740130  0.000000  1.0
   -0.117949    0.742181  0.000000  1.0
   -0.117949    0.744232  0.000000  1.0
   -0.117949    0.746284  0.000000  1.0
   -0.117949    0.748335  0.000000  1.0
   -0.117949    0.750386  0.000000  1.0
   -0.117949    0.752437  0.000000  1.0
   -0.117949    0.754489  0.000000  1.0
   -0.117949    0.756540  0.000000  1.0
   -0.117949    0.758591  0.000000  1.0
   -0.117949    0.760642  0.000000  1.0
   -0.117949    0.762694  0.000000  1.0
   -0.117949    0.764745  0.000000  1.0
   -0.117949    0.766796  0.000000  1.0
   -0.117949    0.768848  0.000000  1.0
   -0.117949    0.770899  0.000000  1.0
   -0.115897    0.690899  0.000000  1.0
   -0.115897    0.692950  0.000000  1.0
   -0.115897    0.695001  0.000000  1.0
   -0.115897    0.697053  0.000000  1.0
   -0.115897    0.699104  0.000000  1.0
   -0.115897    0.701155  0.000000  1.0
   -0.115897    0.703207  0.000000  1.0
   -0.115897    0.705258  0.000000  1.0
   -0.115897    0.707309  0.000000  1.0
   -0.115897    0.709360  0.000000  1.0
   -0.115897    0.711412  0.000000  1.0
   -0.115897    0.713463  0.000000  1.0
   -0.115897    0.715514  0.000000  1.0
   -0.115897    0.717566  0.000000  1.0
   -0.115897    0.719617  0.000000  1.0
   -0.115897    0.721668  0.000000  1.0
   -0.115897    0.723719  0.000000  1.0
   -0.115897    0.725771  0.000000  1.0
   -0.115897    0.727822  0.000000  1.0
   -0.115897    0.729873  0.000000  1.0
   -0.115897    0.731925  0.000000  1.0
   -0.115897    0.733976  0.000000  1.0
   -0.115897    0.736027  0.000000  1.0
   -0.115897    0.738078  0.000000  1.0
   -0.115897    0.740130  0.000000  1.0
   -0.115897    0.742181  0.000000  1.0
   -0.115897    0.744232  0.000000  1.0
   -0.115897    0.746284  0.000000  1.0
   -0.115897    0.748335  0.000000  1.0
   -0.115897    0.750386  0.000000  1.0
   -0.115897    0.752437  0.000000  1.0
   -0.115897    0.754489  0.000000  1.0
   -0.115897    0.756540  0.000000  1.0
   -0.115897    0.758591  0.000000  1.0
   -0.115897    0.760642  0.000000  1.0
   -0.115897    0.762694  0.000000  1.0
   -0.115897    0.764745  0.000000  1.0
   -0.115897    0.766796  0.000000  1.0
   -0.115897    0.768848  0.000000  1.0
   -0.115897    0.770899  0.000000  1.0
   -0.113846    0.690899  0.000000  1.0
   -0.113846    0.692950  0.000000  1.0
   -0.113846    0.695001  0.000000  1.0
   -0.113846    0.697053  0.000000  1.0
   -0.113846    0.699104  0.000000  1.0
   -0.113846    0.701155  0.000000  1.0
   -0.113846    0.703207  0.000000  1.0
   -0.113846    0.705258  0.000000  1.0
   -0.113846    0.707309  0.000000  1.0
   -0.113846    0.709360  0.000000  1.0
   -0.113846    0.711412  0.000000  1.0
   -0.113846    0.713463  0.000000  1.0
   -0.113846    0.715514  0.000000  1.0
   -0.113846    0.717566  0.000000  1.0
   -0.113846    0.719617  0.000000  1.0
   -0.113846    0.721668  0.000000  1.0
   -0.113846    0.723719  0.000000  1.0
   -0.113846    0.725771  0.000000  1.0
   -0.113846    0.727822  0.000000  1.0
   -0.113846    0.729873  0.000000  1.0
   -0.113846    0.731925  0.000000  1.0
   -0.113846    0.733976  0.000000  1.0
   -0.113846    0.736027  0.000000  1.0
   -0.113846    0.738078  0.000000  1.0
   -0.113846    0.740130  0.000000  1.0
   -0.113846    0.742181  0.000000  1.0
   -0.113846    0.744232  0.000000  1.0
   -0.113846    0.746284  0.000000  1.0
   -0.113846    0.748335  0.000000  1.0
   -0.113846    0.750386  0.000000  1.0
   -0.113846    0.752437  0.000000  1.0
   -0.113846    0.754489  0.000000  1.0
   -0.113846    0.756540  0.000000  1.0
   -0.113846    0.758591  0.000000  1.0
   -0.113846    0.760642  0.000000  1.0
   -0.113846    0.762694  0.000000  1.0
   -0.113846    0.764745  0.000000  1.0
   -0.113846    0.766796  0.000000  1.0
   -0.113846    0.768848  0.000000  1.0
   -0.113846    0.770899  0.000000  1.0
   -0.111795    0.690899  0.000000  1.0
   -0.111795    0.692950  0.000000  1.0
   -0.111795    0.695001  0.000000  1.0
   -0.111795    0.697053  0.000000  1.0
   -0.111795    0.699104  0.000000  1.0
   -0.111795    0.701155  0.000000  1.0
   -0.111795    0.703207  0.000000  1.0
   -0.111795    0.705258  0.000000  1.0
   -0.111795    0.707309  0.000000  1.0
   -0.111795    0.709360  0.000000  1.0
   -0.111795    0.711412  0.000000  1.0
   -0.111795    0.713463  0.000000  1.0
   -0.111795    0.715514  0.000000  1.0
   -0.111795    0.717566  0.000000  1.0
   -0.111795    0.719617  0.000000  1.0
   -0.111795    0.721668  0.000000  1.0
   -0.111795    0.723719  0.000000  1.0
   -0.111795    0.725771  0.000000  1.0
   -0.111795    0.727822  0.000000  1.0
   -0.111795    0.729873  0.000000  1.0
   -0.111795    0.731925  0.000000  1.0
   -0.111795    0.733976  0.000000  1.0
   -0.111795    0.736027  0.000000  1.0
   -0.111795    0.738078  0.000000  1.0
   -0.111795    0.740130  0.000000  1.0
   -0.111795    0.742181  0.000000  1.0
   -0.111795    0.744232  0.000000  1.0
   -0.111795    0.746284  0.000000  1.0
   -0.111795    0.748335  0.000000  1.0
   -0.111795    0.750386  0.000000  1.0
   -0.111795    0.752437  0.000000  1.0
   -0.111795    0.754489  0.000000  1.0
   -0.111795    0.756540  0.000000  1.0
   -0.111795    0.758591  0.000000  1.0
   -0.111795    0.760642  0.000000  1.0
   -0.111795    0.762694  0.000000  1.0
   -0.111795    0.764745  0.000000  1.0
   -0.111795    0.766796  0.000000  1.0
   -0.111795    0.768848  0.000000  1.0
   -0.111795    0.770899  0.000000  1.0
   -0.109744    0.690899  0.000000  1.0
   -0.109744    0.692950  0.000000  1.0
   -0.109744    0.695001  0.000000  1.0
   -0.109744    0.697053  0.000000  1.0
   -0.109744    0.699104  0.000000  1.0
   -0.109744    0.701155  0.000000  1.0
   -0.109744    0.703207  0.000000  1.0
   -0.109744    0.705258  0.000000  1.0
   -0.109744    0.707309  0.000000  1.0
   -0.109744    0.709360  0.000000  1.0
   -0.109744    0.711412  0.000000  1.0
   -0.109744    0.713463  0.000000  1.0
   -0.109744    0.715514  0.000000  1.0
   -0.109744    0.717566  0.000000  1.0
   -0.109744    0.719617  0.000000  1.0
   -0.109744    0.721668  0.000000  1.0
   -0.109744    0.723719  0.000000  1.0
   -0.109744    0.725771  0.000000  1.0
   -0.109744    0.727822  0.000000  1.0
   -0.109744    0.729873  0.000000  1.0
   -0.109744    0.731925  0.000000  1.0
   -0.109744    0.733976  0.000000  1.0
   -0.109744    0.736027  0.000000  1.0
   -0.109744    0.738078  0.000000  1.0
   -0.109744    0.740130  0.000000  1.0
   -0.109744    0.742181  0.000000  1.0
   -0.109744    0.744232  0.000000  1.0
   -0.109744    0.746284  0.000000  1.0
   -0.109744    0.748335  0.000000  1.0
   -0.109744    0.750386  0.000000  1.0
   -0.109744    0.752437  0.000000  1.0
   -0.109744    0.754489  0.000000  1.0
   -0.109744    0.756540  0.000000  1.0
   -0.109744    0.758591  0.000000  1.0
   -0.109744    0.760642  0.000000  1.0
   -0.109744    0.762694  0.000000  1.0
   -0.109744    0.764745  0.000000  1.0
   -0.109744    0.766796  0.000000  1.0
   -0.109744    0.768848  0.000000  1.0
   -0.109744    0.770899  0.000000  1.0
   -0.107692    0.690899  0.000000  1.0
   -0.107692    0.692950  0.000000  1.0
   -0.107692    0.695001  0.000000  1.0
   -0.107692    0.697053  0.000000  1.0
   -0.107692    0.699104  0.000000  1.0
   -0.107692    0.701155  0.000000  1.0
   -0.107692    0.703207  0.000000  1.0
   -0.107692    0.705258  0.000000  1.0
   -0.107692    0.707309  0.000000  1.0
   -0.107692    0.709360  0.000000  1.0
   -0.107692    0.711412  0.000000  1.0
   -0.107692    0.713463  0.000000  1.0
   -0.107692    0.715514  0.000000  1.0
   -0.107692    0.717566  0.000000  1.0
   -0.107692    0.719617  0.000000  1.0
   -0.107692    0.721668  0.000000  1.0
   -0.107692    0.723719  0.000000  1.0
   -0.107692    0.725771  0.000000  1.0
   -0.107692    0.727822  0.000000  1.0
   -0.107692    0.729873  0.000000  1.0
   -0.107692    0.731925  0.000000  1.0
   -0.107692    0.733976  0.000000  1.0
   -0.107692    0.736027  0.000000  1.0
   -0.107692    0.738078  0.000000  1.0
   -0.107692    0.740130  0.000000  1.0
   -0.107692    0.742181  0.000000  1.0
   -0.107692    0.744232  0.000000  1.0
   -0.107692    0.746284  0.000000  1.0
   -0.107692    0.748335  0.000000  1.0
   -0.107692    0.750386  0.000000  1.0
   -0.107692    0.752437  0.000000  1.0
   -0.107692    0.754489  0.000000  1.0
   -0.107692    0.756540  0.000000  1.0
   -0.107692    0.758591  0.000000  1.0
   -0.107692    0.760642  0.000000  1.0
   -0.107692    0.762694  0.000000  1.0
   -0.107692    0.764745  0.000000  1.0
   -0.107692    0.766796  0.000000  1.0
   -0.107692    0.768848  0.000000  1.0
   -0.107692    0.770899  0.000000  1.0
   -0.105641    0.690899  0.000000  1.0
   -0.105641    0.692950  0.000000  1.0
   -0.105641    0.695001  0.000000  1.0
   -0.105641    0.697053  0.000000  1.0
   -0.105641    0.699104  0.000000  1.0
   -0.105641    0.701155  0.000000  1.0
   -0.105641    0.703207  0.000000  1.0
   -0.105641    0.705258  0.000000  1.0
   -0.105641    0.707309  0.000000  1.0
   -0.105641    0.709360  0.000000  1.0
   -0.105641    0.711412  0.000000  1.0
   -0.105641    0.713463  0.000000  1.0
   -0.105641    0.715514  0.000000  1.0
   -0.105641    0.717566  0.000000  1.0
   -0.105641    0.719617  0.000000  1.0
   -0.105641    0.721668  0.000000  1.0
   -0.105641    0.723719  0.000000  1.0
   -0.105641    0.725771  0.000000  1.0
   -0.105641    0.727822  0.000000  1.0
   -0.105641    0.729873  0.000000  1.0
   -0.105641    0.731925  0.000000  1.0
   -0.105641    0.733976  0.000000  1.0
   -0.105641    0.736027  0.000000  1.0
   -0.105641    0.738078  0.000000  1.0
   -0.105641    0.740130  0.000000  1.0
   -0.105641    0.742181  0.000000  1.0
   -0.105641    0.744232  0.000000  1.0
   -0.105641    0.746284  0.000000  1.0
   -0.105641    0.748335  0.000000  1.0
   -0.105641    0.750386  0.000000  1.0
   -0.105641    0.752437  0.000000  1.0
   -0.105641    0.754489  0.000000  1.0
   -0.105641    0.756540  0.000000  1.0
   -0.105641    0.758591  0.000000  1.0
   -0.105641    0.760642  0.000000  1.0
   -0.105641    0.762694  0.000000  1.0
   -0.105641    0.764745  0.000000  1.0
   -0.105641    0.766796  0.000000  1.0
   -0.105641    0.768848  0.000000  1.0
   -0.105641    0.770899  0.000000  1.0
   -0.103590    0.690899  0.000000  1.0
   -0.103590    0.692950  0.000000  1.0
   -0.103590    0.695001  0.000000  1.0
   -0.103590    0.697053  0.000000  1.0
   -0.103590    0.699104  0.000000  1.0
   -0.103590    0.701155  0.000000  1.0
   -0.103590    0.703207  0.000000  1.0
   -0.103590    0.705258  0.000000  1.0
   -0.103590    0.707309  0.000000  1.0
   -0.103590    0.709360  0.000000  1.0
   -0.103590    0.711412  0.000000  1.0
   -0.103590    0.713463  0.000000  1.0
   -0.103590    0.715514  0.000000  1.0
   -0.103590    0.717566  0.000000  1.0
   -0.103590    0.719617  0.000000  1.0
   -0.103590    0.721668  0.000000  1.0
   -0.103590    0.723719  0.000000  1.0
   -0.103590    0.725771  0.000000  1.0
   -0.103590    0.727822  0.000000  1.0
   -0.103590    0.729873  0.000000  1.0
   -0.103590    0.731925  0.000000  1.0
   -0.103590    0.733976  0.000000  1.0
   -0.103590    0.736027  0.000000  1.0
   -0.103590    0.738078  0.000000  1.0
   -0.103590    0.740130  0.000000  1.0
   -0.103590    0.742181  0.000000  1.0
   -0.103590    0.744232  0.000000  1.0
   -0.103590    0.746284  0.000000  1.0
   -0.103590    0.748335  0.000000  1.0
   -0.103590    0.750386  0.000000  1.0
   -0.103590    0.752437  0.000000  1.0
   -0.103590    0.754489  0.000000  1.0
   -0.103590    0.756540  0.000000  1.0
   -0.103590    0.758591  0.000000  1.0
   -0.103590    0.760642  0.000000  1.0
   -0.103590    0.762694  0.000000  1.0
   -0.103590    0.764745  0.000000  1.0
   -0.103590    0.766796  0.000000  1.0
   -0.103590    0.768848  0.000000  1.0
   -0.103590    0.770899  0.000000  1.0
   -0.101538    0.690899  0.000000  1.0
   -0.101538    0.692950  0.000000  1.0
   -0.101538    0.695001  0.000000  1.0
   -0.101538    0.697053  0.000000  1.0
   -0.101538    0.699104  0.000000  1.0
   -0.101538    0.701155  0.000000  1.0
   -0.101538    0.703207  0.000000  1.0
   -0.101538    0.705258  0.000000  1.0
   -0.101538    0.707309  0.000000  1.0
   -0.101538    0.709360  0.000000  1.0
   -0.101538    0.711412  0.000000  1.0
   -0.101538    0.713463  0.000000  1.0
   -0.101538    0.715514  0.000000  1.0
   -0.101538    0.717566  0.000000  1.0
   -0.101538    0.719617  0.000000  1.0
   -0.101538    0.721668  0.000000  1.0
   -0.101538    0.723719  0.000000  1.0
   -0.101538    0.725771  0.000000  1.0
   -0.101538    0.727822  0.000000  1.0
   -0.101538    0.729873  0.000000  1.0
   -0.101538    0.731925  0.000000  1.0
   -0.101538    0.733976  0.000000  1.0
   -0.101538    0.736027  0.000000  1.0
   -0.101538    0.738078  0.000000  1.0
   -0.101538    0.740130  0.000000  1.0
   -0.101538    0.742181  0.000000  1.0
   -0.101538    0.744232  0.000000  1.0
   -0.101538    0.746284  0.000000  1.0
   -0.101538    0.748335  0.000000  1.0
   -0.101538    0.750386  0.000000  1.0
   -0.101538    0.752437  0.000000  1.0
   -0.101538    0.754489  0.000000  1.0
   -0.101538    0.756540  0.000000  1.0
   -0.101538    0.758591  0.000000  1.0
   -0.101538    0.760642  0.000000  1.0
   -0.101538    0.762694  0.000000  1.0
   -0.101538    0.764745  0.000000  1.0
   -0.101538    0.766796  0.000000  1.0
   -0.101538    0.768848  0.000000  1.0
   -0.101538    0.770899  0.000000  1.0
   -0.099487    0.690899  0.000000  1.0
   -0.099487    0.692950  0.000000  1.0
   -0.099487    0.695001  0.000000  1.0
   -0.099487    0.697053  0.000000  1.0
   -0.099487    0.699104  0.000000  1.0
   -0.099487    0.701155  0.000000  1.0
   -0.099487    0.703207  0.000000  1.0
   -0.099487    0.705258  0.000000  1.0
   -0.099487    0.707309  0.000000  1.0
   -0.099487    0.709360  0.000000  1.0
   -0.099487    0.711412  0.000000  1.0
   -0.099487    0.713463  0.000000  1.0
   -0.099487    0.715514  0.000000  1.0
   -0.099487    0.717566  0.000000  1.0
   -0.099487    0.719617  0.000000  1.0
   -0.099487    0.721668  0.000000  1.0
   -0.099487    0.723719  0.000000  1.0
   -0.099487    0.725771  0.000000  1.0
   -0.099487    0.727822  0.000000  1.0
   -0.099487    0.729873  0.000000  1.0
   -0.099487    0.731925  0.000000  1.0
   -0.099487    0.733976  0.000000  1.0
   -0.099487    0.736027  0.000000  1.0
   -0.099487    0.738078  0.000000  1.0
   -0.099487    0.740130  0.000000  1.0
   -0.099487    0.742181  0.000000  1.0
   -0.099487    0.744232  0.000000  1.0
   -0.099487    0.746284  0.000000  1.0
   -0.099487    0.748335  0.000000  1.0
   -0.099487    0.750386  0.000000  1.0
   -0.099487    0.752437  0.000000  1.0
   -0.099487    0.754489  0.000000  1.0
   -0.099487    0.756540  0.000000  1.0
   -0.099487    0.758591  0.000000  1.0
   -0.099487    0.760642  0.000000  1.0
   -0.099487    0.762694  0.000000  1.0
   -0.099487    0.764745  0.000000  1.0
   -0.099487    0.766796  0.000000  1.0
   -0.099487    0.768848  0.000000  1.0
   -0.099487    0.770899  0.000000  1.0
   -0.097436    0.690899  0.000000  1.0
   -0.097436    0.692950  0.000000  1.0
   -0.097436    0.695001  0.000000  1.0
   -0.097436    0.697053  0.000000  1.0
   -0.097436    0.699104  0.000000  1.0
   -0.097436    0.701155  0.000000  1.0
   -0.097436    0.703207  0.000000  1.0
   -0.097436    0.705258  0.000000  1.0
   -0.097436    0.707309  0.000000  1.0
   -0.097436    0.709360  0.000000  1.0
   -0.097436    0.711412  0.000000  1.0
   -0.097436    0.713463  0.000000  1.0
   -0.097436    0.715514  0.000000  1.0
   -0.097436    0.717566  0.000000  1.0
   -0.097436    0.719617  0.000000  1.0
   -0.097436    0.721668  0.000000  1.0
   -0.097436    0.723719  0.000000  1.0
   -0.097436    0.725771  0.000000  1.0
   -0.097436    0.727822  0.000000  1.0
   -0.097436    0.729873  0.000000  1.0
   -0.097436    0.731925  0.000000  1.0
   -0.097436    0.733976  0.000000  1.0
   -0.097436    0.736027  0.000000  1.0
   -0.097436    0.738078  0.000000  1.0
   -0.097436    0.740130  0.000000  1.0
   -0.097436    0.742181  0.000000  1.0
   -0.097436    0.744232  0.000000  1.0
   -0.097436    0.746284  0.000000  1.0
   -0.097436    0.748335  0.000000  1.0
   -0.097436    0.750386  0.000000  1.0
   -0.097436    0.752437  0.000000  1.0
   -0.097436    0.754489  0.000000  1.0
   -0.097436    0.756540  0.000000  1.0
   -0.097436    0.758591  0.000000  1.0
   -0.097436    0.760642  0.000000  1.0
   -0.097436    0.762694  0.000000  1.0
   -0.097436    0.764745  0.000000  1.0
   -0.097436    0.766796  0.000000  1.0
   -0.097436    0.768848  0.000000  1.0
   -0.097436    0.770899  0.000000  1.0
   -0.095385    0.690899  0.000000  1.0
   -0.095385    0.692950  0.000000  1.0
   -0.095385    0.695001  0.000000  1.0
   -0.095385    0.697053  0.000000  1.0
   -0.095385    0.699104  0.000000  1.0
   -0.095385    0.701155  0.000000  1.0
   -0.095385    0.703207  0.000000  1.0
   -0.095385    0.705258  0.000000  1.0
   -0.095385    0.707309  0.000000  1.0
   -0.095385    0.709360  0.000000  1.0
   -0.095385    0.711412  0.000000  1.0
   -0.095385    0.713463  0.000000  1.0
   -0.095385    0.715514  0.000000  1.0
   -0.095385    0.717566  0.000000  1.0
   -0.095385    0.719617  0.000000  1.0
   -0.095385    0.721668  0.000000  1.0
   -0.095385    0.723719  0.000000  1.0
   -0.095385    0.725771  0.000000  1.0
   -0.095385    0.727822  0.000000  1.0
   -0.095385    0.729873  0.000000  1.0
   -0.095385    0.731925  0.000000  1.0
   -0.095385    0.733976  0.000000  1.0
   -0.095385    0.736027  0.000000  1.0
   -0.095385    0.738078  0.000000  1.0
   -0.095385    0.740130  0.000000  1.0
   -0.095385    0.742181  0.000000  1.0
   -0.095385    0.744232  0.000000  1.0
   -0.095385    0.746284  0.000000  1.0
   -0.095385    0.748335  0.000000  1.0
   -0.095385    0.750386  0.000000  1.0
   -0.095385    0.752437  0.000000  1.0
   -0.095385    0.754489  0.000000  1.0
   -0.095385    0.756540  0.000000  1.0
   -0.095385    0.758591  0.000000  1.0
   -0.095385    0.760642  0.000000  1.0
   -0.095385    0.762694  0.000000  1.0
   -0.095385    0.764745  0.000000  1.0
   -0.095385    0.766796  0.000000  1.0
   -0.095385    0.768848  0.000000  1.0
   -0.095385    0.770899  0.000000  1.0
   -0.093333    0.690899  0.000000  1.0
   -0.093333    0.692950  0.000000  1.0
   -0.093333    0.695001  0.000000  1.0
   -0.093333    0.697053  0.000000  1.0
   -0.093333    0.699104  0.000000  1.0
   -0.093333    0.701155  0.000000  1.0
   -0.093333    0.703207  0.000000  1.0
   -0.093333    0.705258  0.000000  1.0
   -0.093333    0.707309  0.000000  1.0
   -0.093333    0.709360  0.000000  1.0
   -0.093333    0.711412  0.000000  1.0
   -0.093333    0.713463  0.000000  1.0
   -0.093333    0.715514  0.000000  1.0
   -0.093333    0.717566  0.000000  1.0
   -0.093333    0.719617  0.000000  1.0
   -0.093333    0.721668  0.000000  1.0
   -0.093333    0.723719  0.000000  1.0
   -0.093333    0.725771  0.000000  1.0
   -0.093333    0.727822  0.000000  1.0
   -0.093333    0.729873  0.000000  1.0
   -0.093333    0.731925  0.000000  1.0
   -0.093333    0.733976  0.000000  1.0
   -0.093333    0.736027  0.000000  1.0
   -0.093333    0.738078  0.000000  1.0
   -0.093333    0.740130  0.000000  1.0
   -0.093333    0.742181  0.000000  1.0
   -0.093333    0.744232  0.000000  1.0
   -0.093333    0.746284  0.000000  1.0
   -0.093333    0.748335  0.000000  1.0
   -0.093333    0.750386  0.000000  1.0
   -0.093333    0.752437  0.000000  1.0
   -0.093333    0.754489  0.000000  1.0
   -0.093333    0.756540  0.000000  1.0
   -0.093333    0.758591  0.000000  1.0
   -0.093333    0.760642  0.000000  1.0
   -0.093333    0.762694  0.000000  1.0
   -0.093333    0.764745  0.000000  1.0
   -0.093333    0.766796  0.000000  1.0
   -0.093333    0.768848  0.000000  1.0
   -0.093333    0.770899  0.000000  1.0
