    1.721954633052659       -0.2912246081072672        9.3656159197864654E-006 
   5.0631875854108646E-004   -1.282869198629103       -9.9845547286351004E-006 
  -8.9527248191533079E-004    1.207344475921461        1.6699437830688019E-002 
   3.6082001765698536E-007   1.6710317306032905E-004   0.2312771540360791      
   2.2069413034128395E-007  -7.7243677917221456E-005  -0.2007460424150938      
    2.876591311544146       -5.1963018999853178E-007  -2.1804027177931141E-006 
   -3.106040036839417        1.5706505282359774E-006   4.9551796970790273E-006 
    5.124560656839112        2.6107369095599840E-003  -4.3809330507975742E-008 
   -7.495993916839883       -2.3173775878811177E-003    6.663939245518339      
   3.4599661394586607E-006  -2.3014487321880031E-003   -9.630942779583849      
   0.8705203814474488       -5.0511809362374821E-007  -4.6845481813214041E-006 
    2.799012695653252        1.8914892542447731E-003    3.605117068921551      
    1.721813738715195       -0.2909922644936692        7.9377272416931528E-006 
  -4.5844589470020062E-004    1.282777803132308       -7.7834381917733886E-006 
   2.7043152118279794E-004   -1.207647606144960        1.6678480642910491E-002 
   2.2138889283102085E-007   1.3526394828751611E-004  -0.2308003879325491      
   1.7554489939633940E-007  -9.6846723748757134E-005   0.2004358425319640      
    2.876492070199391        4.0632438515934217E-007   1.8609966248743261E-006 
   -3.105915151991078       -1.2327129357215803E-006  -3.2383612270923849E-006 
    5.123883772469314        2.0658188882144365E-003  -3.6045785101762146E-008 
   -7.494178039554439       -1.4786598320421633E-003    6.664448981863233      
  -4.2123126987394365E-006  -1.3495292022563251E-003   -9.631903514641003      
   0.8704803441966467        4.0099193819731048E-007   4.0856308772364996E-006 
    2.798082325715238        9.8152421062933678E-004    3.605582688873192     
