    1.731010591646006       -0.3197604658433211       -1.8569101252028654E-006 
   1.3295505209172951E-003  -0.8186500149752338        1.4116720157744369E-006 
  -1.6297102692053101E-003   0.7639755670685924        1.8706516415682172E-002 
   1.9567918908835667E-007  -2.4455360985424848E-004   0.1515392219465835      
  -1.7413034876090394E-007   2.3711121380113638E-004  -0.1332216490969861      
    2.991922445884152       -3.2041356157379669E-006   3.9684270514159412E-007 
   -3.340820847861751        5.1448825254094071E-006  -7.9089832247089883E-007 
    6.108223238785023        3.1044945391650266E-003   2.3165362463148707E-006 
   -9.124533355156418       -2.7203113759240970E-003    6.860284840616012      
  -4.2077840264252946E-007  -2.6352236135916735E-003   -10.02861793602210      
   0.9679635311959534       -3.1521424916844720E-006   8.1665056436169766E-007 
    3.471570659150696        2.2035918522765696E-003    3.778914434473219      
    1.730699349262677       -0.3193961499180209       -1.9460389724007770E-006 
  -8.0711332566179943E-004   0.8185116086083015        1.6490993229752082E-006 
   6.6960676994631298E-004  -0.7639326398921522        1.8675728349685207E-002 
   3.9877080315954651E-007   1.1114641755668134E-005  -0.1512406444897559      
  -3.1355364290802094E-007  -2.2419282893731139E-005   0.1330048650779672      
    2.992034953809788        1.2678320182720401E-006  -2.4633878354848290E-007 
   -3.340979438449271       -1.8550818869819545E-006   6.6984962636437753E-007 
    6.107918741902559        2.9771294099760052E-003  -1.1816173985100354E-006 
   -9.123666669985271       -2.3831262174845683E-003    6.860593854229487      
   9.7248305226342824E-007  -2.2945267130447251E-003   -10.02905862755915      
   0.9680189036447465        1.4610979801302635E-006  -1.0116702023241611E-006 
    3.471124732791351        1.8259111390821526E-003    3.779101254435738     
